deal	5.124458	5.1249385	5.25815
study	7.0204954	4.2835994	6.081262
afford	6.471621	4.5455775	5.5449677
service	6.4452314	4.8585515	6.061019
height	5.645066	4.6333	5.59161
prospect	7.1807084	5.1658363	6.398634
pleasant	7.3608003	3.5946708	4.411335
shade	5.6182733	3.405489	4.2874336
listen	5.800043	4.8025837	4.7801023
mighty	5.7949276	5.3898907	6.1384754
country	6.192347	4.8942823	6.200054
title	6.676776	4.2835355	5.9891887
choose	5.8169875	4.2967415	5.397094
village	5.667012	4.094507	4.7737684
acquire	7.0295935	4.8323407	6.6460896
rank	5.8300133	5.790778	6.5078197
bow	5.860407	4.1897	5.075176
doctor	4.4968514	4.7554626	4.718572
talent	7.4182506	5.5904193	7.109766
source	6.368991	4.420104	5.661231
lead	5.4939017	5.363655	5.538258
question	5.511256	4.867751	5.8812513
publish	6.415957	4.8321495	6.5721684
interest	6.5546927	5.0936127	6.373819
serve	5.83028	4.5466175	5.1131086
divine	6.378331	5.0768833	6.3192296
put	5.181527	4.380286	4.6594863
shadow	5.0761228	3.6537044	4.33821
practical	6.265218	4.3111587	6.1860394
surface	5.600427	3.254407	4.4396634
account	5.4652114	4.9985757	5.4034934
loss	4.453892	5.032613	4.386919
indian	5.255859	4.6177044	5.322263
vine	5.8989615	3.9728045	4.72125
certain	5.5681596	4.7411633	5.4658747
sin	3.6244445	5.235097	4.358734
necessity	5.219473	5.3300633	5.695415
lose	5.1272473	4.7313395	4.6575146
private	5.5962076	5.0167823	5.82179
gentleman	6.627169	4.817634	5.878832
daughter	6.761972	4.655542	5.6177893
drive	4.117726	5.941796	5.02318
strange	5.006279	5.0362554	4.609051
journey	6.4220243	3.965898	4.6987505
uncle	5.7770066	5.1123443	5.54894
species	5.700263	4.109783	5.191212
think	5.685525	4.7048063	4.989822
bed	5.1869364	3.5334218	3.9279816
wind	4.697818	5.0952196	4.9263015
bless	6.7858396	4.1016064	5.2645597
destroy	3.597231	5.522605	4.5939994
author	6.08805	4.9472656	5.851722
sustain	5.8045616	4.886566	5.971982
black	4.1908016	3.9621596	4.053601
event	6.0872955	5.457463	6.500874
liberty	6.3014145	5.1704803	6.4897594
negro	5.438406	5.008402	4.8414583
little	6.091429	4.195082	4.6634107
fortune	6.4429727	5.4080567	6.2701845
touch	5.636674	4.5219	4.561179
kill	3.765853	6.1190224	4.5219097
feature	6.407239	4.3079653	5.8052316
happiness	7.1696296	4.8147173	6.0913053
assume	5.3745728	4.5372634	5.432115
notion	4.842942	5.3081355	5.3767195
purchase	6.3614955	4.80824	5.908404
faithful	6.223736	4.9680476	6.2739487
soldier	5.5000052	5.4802384	6.249318
father	5.965211	4.438764	5.3628807
narrow	4.0258555	4.1378365	4.2219296
great	6.3601675	4.9953394	6.2922306
tear	4.171521	4.8723702	3.6579762
honorable	5.8837442	5.3853273	6.411601
previous	5.581751	4.554223	5.1811123
good	6.373704	4.6030207	5.343506
domestic	6.0345535	4.036616	5.2415686
glory	7.65567	5.326745	7.0376635
lay	5.416323	4.0452824	4.6637287
occasion	5.7532945	5.3314295	5.743808
guard	5.279328	5.604641	6.2402
whole	6.2044773	4.4205117	5.703678
mouth	5.132182	4.8591866	4.585993
receive	6.414125	4.8132844	5.8588343
take	5.5440516	4.436141	4.821019
simple	6.7718277	3.9402075	5.3236876
error	3.6570296	5.3405285	4.81491
wisdom	7.490346	4.152752	6.686782
rock	5.320071	4.414508	5.0732574
decide	5.5913353	5.0774264	5.8167524
exclaim	5.7980404	5.789833	5.3866873
assure	6.5525713	5.3174343	5.9977627
sign	5.519247	4.7367797	5.222483
preserve	6.41731	4.190687	5.742606
commerce	6.3610396	4.4576344	6.4186873
plant	5.544517	4.1591268	5.0565867
walk	5.932959	4.2918887	4.4818597
difference	5.532967	3.8832858	4.9852
hang	4.4813027	4.5087757	3.9914904
following	6.5029354	4.374094	5.546624
employ	5.9631867	4.498422	5.7186465
