deal	5.0576143	5.0963717	5.215032
study	6.911067	4.320072	6.0510674
afford	6.485901	4.471217	5.630188
service	6.234679	4.7282753	6.015202
height	5.6933002	4.6347923	5.6870403
prospect	7.1359496	5.045814	6.309816
pleasant	7.180276	3.672012	4.3261223
shade	5.578628	3.4908435	4.4647884
listen	5.7766223	4.853345	4.8162036
mighty	5.735353	5.273886	6.0595336
country	6.1141324	4.870164	6.189081
title	6.8214993	4.117246	6.0837317
choose	5.859466	4.338644	5.50608
village	5.655512	4.1483645	4.8430595
acquire	7.026456	4.827822	6.688939
rank	6.034614	5.601686	6.442361
bow	5.891577	4.0417776	5.0798683
doctor	4.779128	4.7776566	4.8727746
talent	7.367247	5.6747317	7.233156
source	6.3097863	4.6737103	5.789775
lead	5.587422	5.3680925	5.5552335
question	5.4479103	4.951783	5.9403033
publish	6.339015	4.745036	6.431169
interest	6.509856	5.1406965	6.3942595
serve	5.572643	4.506704	5.086376
divine	6.4086986	4.967008	6.217738
put	5.214628	4.3499565	4.6023064
shadow	5.006787	3.6403542	4.4124494
practical	6.3319645	4.2206335	6.199645
surface	5.551666	3.314612	4.5214086
account	5.342934	5.0304556	5.348622
loss	4.3984966	5.0563583	4.449131
indian	5.17347	4.6310897	5.2982454
vine	5.7331657	3.963025	4.4428277
certain	5.6478415	4.7198215	5.52907
sin	3.7180548	5.149696	4.3487244
necessity	5.2232294	5.2991843	5.699545
lose	5.1038337	4.6844506	4.6399655
private	5.6091332	4.8767548	5.7456803
gentleman	6.6010213	4.8591485	5.8798556
daughter	6.666499	4.673432	5.6282024
drive	4.0960574	5.9028883	4.9392343
strange	4.898033	5.052944	4.52607
journey	6.173775	4.0201683	4.686099
uncle	5.592793	5.199636	5.6537404
species	5.786821	4.0198936	5.1150875
think	5.5990357	4.713578	4.9234257
bed	5.0944433	3.5613394	3.8057237
wind	4.636218	5.009065	4.829955
bless	6.7102404	3.9776847	5.212235
destroy	3.542394	5.450844	4.4704885
author	6.1127176	4.9813604	5.912332
sustain	5.868702	5.0531135	6.1320066
black	4.2385283	3.9035523	4.0329595
event	6.0334606	5.4157586	6.4845743
liberty	6.2096615	5.109003	6.4513245
negro	5.26145	5.0575647	4.911548
little	6.0636477	4.1115823	4.5788884
fortune	6.409322	5.3652034	6.312589
touch	5.634725	4.476024	4.623449
kill	3.7484992	6.1874304	4.4984484
feature	6.4800167	4.5623693	6.0175724
happiness	7.1338844	4.786223	5.926956
assume	5.5711946	4.539105	5.608198
notion	4.8482704	5.160804	5.447068
purchase	6.12277	4.6951733	5.9463387
faithful	6.222516	5.00736	6.3540363
soldier	5.4256516	5.401785	6.193357
father	6.046793	4.405357	5.465568
narrow	3.933043	4.1647797	4.2377033
great	6.2828746	5.0286846	6.2567782
tear	4.1242332	4.8141303	3.6114502
honorable	6.0266786	5.3759346	6.5067177
previous	5.4555383	4.6119967	5.255134
good	6.3938622	4.612689	5.335678
domestic	6.157294	4.015198	5.3507557
glory	7.447118	5.2866955	6.960557
lay	5.4282365	3.9454484	4.5633492
occasion	5.762862	5.3559575	5.784712
guard	5.3950367	5.6330385	6.3796144
whole	6.0912123	4.3972845	5.6220827
mouth	5.114674	4.7180357	4.527345
receive	6.420818	4.644037	5.8110247
take	5.518356	4.325775	4.811274
simple	6.811522	3.9181783	5.4855247
error	3.4829943	5.366362	4.78994
wisdom	7.598074	4.069267	6.694783
rock	5.2632456	4.404967	4.985191
decide	5.680671	4.9949865	5.8597283
exclaim	5.918201	5.903221	5.5469074
assure	6.561399	5.210639	6.0808125
sign	5.600984	4.7948236	5.270008
preserve	6.286125	4.2006903	5.7003636
commerce	6.4164233	4.4745207	6.3389406
plant	5.387778	4.1237226	4.9290066
walk	5.8127556	4.4151564	4.556121
difference	5.4697843	3.9363644	5.0162487
hang	4.4961114	4.434754	4.0102067
following	6.5394254	4.329453	5.6113358
employ	5.9888043	4.4957724	5.7186155
