deal	5.11191	4.996313	5.157803
study	6.9289966	4.2587686	6.041535
afford	6.6301756	4.5219393	5.7680674
service	6.376582	4.809533	6.06126
height	5.722801	4.5980096	5.4780445
prospect	7.141782	5.18099	6.4923425
pleasant	7.2063713	3.6818361	4.391378
shade	5.8033643	3.4489646	4.4793754
listen	5.635393	4.846717	4.6433554
mighty	5.893312	5.3907595	6.2916765
country	6.151116	4.8504996	6.178357
title	6.671735	4.1324735	6.014061
choose	5.96496	4.2038884	5.4158688
village	5.695495	4.098015	4.8061543
acquire	7.062566	4.9687304	6.7834277
rank	5.920688	5.749464	6.4520407
bow	5.845362	3.9841094	4.98234
doctor	4.754181	4.7674656	4.8174405
talent	7.480611	5.6929464	7.252734
source	6.4909062	4.497764	5.7515707
lead	5.4572453	5.369906	5.466037
question	5.4387393	4.9291744	5.8812857
publish	6.3176417	4.785343	6.543167
interest	6.555715	5.17952	6.4000525
serve	5.79937	4.5745897	5.2209725
divine	6.512617	4.9844637	6.3331194
put	5.1813903	4.299826	4.532905
shadow	5.1699758	3.5616825	4.3923645
practical	6.43304	4.21538	6.235776
surface	5.654684	3.279719	4.5629654
account	5.4615836	4.986459	5.3995504
loss	4.551712	4.9692607	4.3334384
indian	5.203394	4.6905074	5.239442
vine	5.784626	3.96132	4.615289
certain	5.6968675	4.755003	5.5220094
sin	3.6970148	5.0687714	4.2270255
necessity	5.2351375	5.2421427	5.5920095
lose	5.214387	4.719043	4.707774
private	5.495179	5.062417	5.76241
gentleman	6.516848	4.8904624	5.7488394
daughter	6.6397333	4.743225	5.460323
drive	4.098979	5.982435	4.967036
strange	4.858448	5.1204653	4.448102
journey	6.189434	4.07164	4.719193
uncle	5.536908	5.16116	5.444272
species	5.9336534	3.8465216	5.1445785
think	5.6437907	4.7410936	4.9468102
bed	5.085357	3.514417	3.7574153
wind	4.6376166	4.9679813	4.810354
bless	6.694156	3.9895484	5.2353253
destroy	3.659083	5.4398966	4.50651
author	6.0883956	4.844964	5.776691
sustain	5.9382877	4.907057	6.0894933
black	4.284895	4.004935	4.1260595
event	6.0627494	5.4056463	6.4499326
liberty	6.2250986	5.1141095	6.461257
negro	5.2865257	5.3502507	4.959834
little	6.095846	4.1923385	4.644658
fortune	6.5334253	5.40492	6.3374357
touch	5.704481	4.482116	4.5353928
kill	3.743894	6.035463	4.422581
feature	6.5197444	4.4373655	5.890147
happiness	7.211922	4.7552476	5.963961
assume	5.5102954	4.5335073	5.491665
notion	4.796569	5.3160324	5.335431
purchase	6.0907493	4.8778186	5.8066416
faithful	6.2449794	4.870479	6.2058096
soldier	5.4004254	5.464392	6.1710196
father	5.8180265	4.486972	5.2617874
narrow	3.9841275	4.1596785	4.157182
great	6.394425	5.014385	6.275229
tear	4.156349	4.7822385	3.5895836
honorable	6.1278396	5.3752484	6.62152
previous	5.362911	4.738733	5.1358633
good	6.3532844	4.6258097	5.3195953
domestic	6.178833	3.9431467	5.2895703
glory	7.4937096	5.249788	6.936982
lay	5.461219	3.945559	4.5917697
occasion	5.7485595	5.3514347	5.727302
guard	5.2485166	5.576624	6.2721367
whole	6.1208415	4.4470377	5.676771
mouth	5.0618334	4.770827	4.459449
receive	6.5034666	4.6767125	5.892302
take	5.567813	4.4094386	4.813211
simple	6.93572	3.9718356	5.472121
error	3.6940773	5.2681093	4.709505
wisdom	7.537397	4.059628	6.75216
rock	5.3995504	4.348715	5.0688086
decide	5.62463	5.084849	5.914378
exclaim	5.8594394	5.832198	5.454018
assure	6.525086	5.1896834	6.0230865
sign	5.52009	4.8651576	5.3434834
preserve	6.4315834	4.098355	5.6838884
commerce	6.500236	4.6298633	6.455926
plant	5.400593	4.039067	4.8513327
walk	5.7625074	4.319559	4.4546146
difference	5.487142	4.0053983	5.0282407
hang	4.483774	4.476009	3.9515514
following	6.490967	4.3372545	5.5135903
employ	5.9061766	4.507752	5.8311987
