deal	5.0348496	5.1207967	5.1327205
study	6.899049	4.252676	6.0995703
afford	6.573008	4.4805703	5.5826235
service	6.3493514	4.7803254	6.047716
height	5.6085443	4.6397114	5.6562204
prospect	7.1856894	5.255698	6.36471
pleasant	7.2729273	3.518544	4.469234
shade	5.6776347	3.5144813	4.3947973
listen	5.6249685	4.8365293	4.742035
mighty	5.7551727	5.316568	6.0952497
country	6.164239	4.9178767	6.12114
title	6.7572546	4.1675043	6.0604362
choose	5.7978945	4.2546763	5.3975987
village	5.7598963	4.056387	4.7132196
acquire	6.991581	4.9328737	6.7344437
rank	5.9578533	5.681458	6.403306
bow	5.902217	4.0666614	5.179161
doctor	4.656235	4.732194	4.6804056
talent	7.3940387	5.641267	7.1225615
source	6.35301	4.468272	5.6998844
lead	5.474338	5.3318763	5.538173
question	5.4307227	4.8839912	5.785204
publish	6.36458	4.8387823	6.598609
interest	6.549651	5.0597234	6.3030515
serve	5.6122565	4.4926467	5.0781555
divine	6.454214	4.953932	6.232987
put	5.136933	4.384453	4.619133
shadow	5.111119	3.6178586	4.293897
practical	6.191944	4.18871	6.148796
surface	5.6084023	3.176973	4.484079
account	5.4881535	5.0182476	5.3303227
loss	4.4677196	4.822958	4.1958103
indian	5.286201	4.726419	5.334462
vine	5.8855095	4.2030077	4.789859
certain	5.6838593	4.755487	5.4886103
sin	3.5484326	5.0126395	4.1861014
necessity	5.221178	5.456702	5.813834
lose	5.232975	4.624011	4.603122
private	5.4655833	5.053415	5.7199206
gentleman	6.524536	4.8837833	5.823343
daughter	6.5474596	4.629474	5.4803677
drive	4.0172424	6.026107	5.0108542
strange	4.9619055	5.0965033	4.53137
journey	6.263697	3.936885	4.6303625
uncle	5.762442	5.1913896	5.5621853
species	5.8531394	4.110656	5.281486
think	5.6220784	4.729685	4.9254594
bed	5.195393	3.586291	3.953127
wind	4.6222763	5.0716696	4.891835
bless	6.705709	3.9134579	5.1234026
destroy	3.5984519	5.3146143	4.4464874
author	6.0603666	5.082567	5.8478823
sustain	5.907123	4.9611855	6.177642
black	4.331139	4.0966163	4.126834
event	6.1093736	5.340504	6.482564
liberty	6.216607	5.2148285	6.4954834
negro	5.211171	5.17978	4.8028946
little	6.101533	4.1090093	4.5930967
fortune	6.405966	5.4900446	6.234278
touch	5.648561	4.52074	4.5677085
kill	3.7680607	5.981122	4.498606
feature	6.399795	4.4806395	5.8420463
happiness	7.1995125	4.7848063	6.027996
assume	5.3733215	4.602805	5.4739995
notion	4.7350507	5.315877	5.292719
purchase	6.1871033	4.8679676	5.8619957
faithful	6.122698	5.017938	6.2012024
soldier	5.404701	5.478157	6.1859365
father	5.8446226	4.4423018	5.3438025
narrow	3.867468	4.133788	4.1487985
great	6.39137	4.97924	6.237615
tear	4.0599413	4.7991943	3.6288433
honorable	6.1260867	5.3391047	6.532177
previous	5.4883094	4.5992355	5.280924
good	6.3993635	4.5616045	5.344536
domestic	6.027806	3.990462	5.245671
glory	7.459407	5.3793144	6.9564734
lay	5.423519	4.0358686	4.6433897
occasion	5.827981	5.239911	5.701559
guard	5.2976613	5.593824	6.296742
whole	6.1711535	4.3631325	5.5652285
mouth	4.976152	4.791258	4.542009
receive	6.4792776	4.6696754	5.8463144
take	5.4980173	4.3972545	4.817632
simple	6.8758655	4.0596566	5.5767674
error	3.596983	5.372225	4.814362
wisdom	7.549628	4.157419	6.659343
rock	5.2109823	4.5194464	5.1048493
decide	5.716792	5.0831537	5.922484
exclaim	5.8617253	5.664393	5.398254
assure	6.5589933	5.2395344	6.062499
sign	5.4995923	4.7665915	5.186236
preserve	6.5227222	4.043963	5.7104173
commerce	6.4803677	4.3250313	6.2004805
plant	5.455347	4.264623	5.026694
walk	5.764397	4.2743177	4.4460745
difference	5.4586306	3.913726	4.9322557
hang	4.5778084	4.370916	4.088321
following	6.6451473	4.367136	5.594806
employ	5.9692	4.4478397	5.6870775
