deal	5.0412035	5.0756226	5.164984
study	6.9153824	4.2080274	5.968707
afford	6.658959	4.4912024	5.7543263
service	6.2632856	4.882001	6.0580883
height	5.7411523	4.6297297	5.568637
prospect	7.1105742	5.198864	6.400774
pleasant	7.2756443	3.6389718	4.5257583
shade	5.5841184	3.6212766	4.3841057
listen	5.740785	4.8342443	4.8094826
mighty	5.7468476	5.481459	6.2061186
country	6.155298	4.87896	6.156338
title	6.696576	4.124238	6.0733438
choose	5.7379217	4.4028773	5.448144
village	5.725833	4.1852746	4.8320255
acquire	7.136257	4.757656	6.772817
rank	5.9618464	5.723235	6.401082
bow	5.8437357	4.126419	5.0639477
doctor	4.6589355	4.7479486	4.828282
talent	7.5419574	5.655444	7.179779
source	6.2961535	4.4445744	5.727693
lead	5.5226154	5.4029574	5.5673394
question	5.370096	4.9540734	5.8322644
publish	6.5244493	4.7882185	6.654167
interest	6.590918	5.1416845	6.3692074
serve	5.492784	4.62839	5.088109
divine	6.462944	4.9018435	6.3051243
put	5.1391377	4.3885984	4.5888095
shadow	5.166824	3.726951	4.453886
practical	6.252265	4.295167	6.1881895
surface	5.4892936	3.3572085	4.4769177
account	5.4087276	5.0343013	5.4460373
loss	4.4227915	4.951597	4.332624
indian	5.1406035	4.7053227	5.3438935
vine	6.07513	4.040547	4.881892
certain	5.5418043	4.8424044	5.542015
sin	3.626891	5.121638	4.385125
necessity	5.3160257	5.232052	5.72345
lose	5.1485868	4.6728544	4.621553
private	5.565571	5.078247	5.803743
gentleman	6.564022	4.837366	5.819381
daughter	6.7139335	4.765752	5.6367493
drive	4.01926	6.0300746	5.039674
strange	4.9261436	5.083208	4.5890565
journey	6.177723	3.8597014	4.701347
uncle	5.815282	5.070014	5.5232534
species	5.724752	4.1892753	5.168027
think	5.6275015	4.7451196	4.9621935
bed	5.1570554	3.5398078	3.9132009
wind	4.69917	5.108164	4.919321
bless	6.767315	4.019568	5.2821965
destroy	3.630358	5.486685	4.5644636
author	5.9786143	5.006585	5.7959247
sustain	5.9274273	4.96141	6.1540046
black	4.298102	4.0103035	4.1566234
event	5.9745827	5.368587	6.394408
liberty	6.1739116	5.105879	6.498938
negro	5.2401905	5.115507	4.7883463
little	6.0409484	4.1577606	4.5868225
fortune	6.3911543	5.4074507	6.257012
touch	5.6041856	4.4496155	4.5114636
kill	3.6777902	6.083	4.4328423
feature	6.44323	4.433773	5.932166
happiness	7.078352	4.8884687	6.0655026
assume	5.442817	4.6411595	5.607141
notion	4.765148	5.1911354	5.262067
purchase	6.114493	4.8485956	5.860621
faithful	6.2436786	4.8766727	6.2940183
soldier	5.379559	5.402434	6.186861
father	5.9739785	4.463714	5.401048
narrow	4.0927315	4.169732	4.2536793
great	6.3129716	4.990765	6.2523856
tear	4.1813135	4.8174734	3.6788402
honorable	6.023306	5.479227	6.584221
previous	5.5566864	4.6029296	5.3682556
good	6.3815684	4.6618567	5.4016275
domestic	6.1246877	3.975019	5.2425795
glory	7.382595	5.2998505	6.9368906
lay	5.3666286	3.975658	4.6357594
occasion	5.720603	5.3374953	5.740077
guard	5.31222	5.542337	6.234414
whole	6.0814233	4.424687	5.620187
mouth	5.2413335	4.631039	4.5059233
receive	6.5165777	4.6833596	5.905381
take	5.49777	4.409882	4.781947
simple	6.828642	4.0636353	5.4603634
error	3.582914	5.35032	4.815806
wisdom	7.5715456	4.259874	6.775477
rock	5.186686	4.459465	5.0376425
decide	5.6113315	5.1380157	5.9065514
exclaim	5.945704	5.8655124	5.4489326
assure	6.6198945	5.210966	6.0462713
sign	5.394222	4.901166	5.2519994
preserve	6.360592	4.1642504	5.673934
commerce	6.270781	4.479424	6.239291
plant	5.374506	4.1525326	4.919223
walk	5.7405505	4.2846093	4.47423
difference	5.4407125	3.9445004	4.9916983
hang	4.526799	4.4827623	4.0654116
following	6.5695763	4.3547926	5.653061
employ	5.8970513	4.504509	5.6535225
