deal	5.1165237	5.157706	5.3181767
study	6.922487	4.2997904	5.9998984
afford	6.5831685	4.5551867	5.592971
service	6.4286423	4.785828	6.0252867
height	5.693093	4.6333766	5.5461674
prospect	7.2007837	5.2425814	6.467316
pleasant	7.4843674	3.712731	4.618562
shade	5.5711164	3.4278884	4.331219
listen	5.791042	4.8647203	4.787857
mighty	5.6295686	5.310861	6.1545014
country	6.1479077	4.8792267	6.1887207
title	6.680845	4.1729307	6.06176
choose	5.878364	4.2146115	5.3057513
village	5.75753	4.2005887	4.8249846
acquire	7.0650635	4.8420663	6.6721134
rank	5.9189672	5.6854143	6.3998523
bow	5.9076624	4.1967235	5.2647524
doctor	4.670647	4.7302694	4.7987785
talent	7.3925295	5.711689	7.191846
source	6.3397512	4.5558777	5.794262
lead	5.494766	5.300194	5.4701943
question	5.388775	4.828119	5.814712
publish	6.453861	4.828499	6.6302137
interest	6.4802427	5.1181297	6.3663936
serve	5.7790766	4.5260797	5.032949
divine	6.386378	4.94858	6.1893106
put	5.166419	4.432833	4.6128173
shadow	4.9486027	3.622603	4.3543677
practical	6.4219794	4.2556124	6.2925773
surface	5.3976254	3.2243028	4.428197
account	5.4561143	5.0714664	5.421029
loss	4.319161	4.8488207	3.989229
indian	5.2115393	4.6723814	5.25156
vine	5.9013815	4.069513	4.576777
certain	5.6529245	4.688683	5.4916515
sin	3.5034645	5.1102886	4.2423263
necessity	5.185351	5.452637	5.7658496
lose	4.993097	4.662132	4.4620337
private	5.526637	5.021097	5.766695
gentleman	6.542839	4.9130077	5.909123
daughter	6.704797	4.6864266	5.5597663
drive	3.9839108	6.098378	5.018366
strange	4.883587	5.0229235	4.447477
journey	6.2733574	4.0493455	4.69187
uncle	5.739209	5.1320834	5.582652
species	5.799389	3.9490643	5.207844
think	5.7025123	4.721806	4.9671288
bed	5.2201734	3.5270607	3.7635338
wind	4.5717735	5.0820413	4.8042603
bless	6.88152	3.954105	5.23752
destroy	3.496022	5.581127	4.430526
author	6.072323	4.9339724	5.8232274
sustain	5.8943605	4.90124	6.0099716
black	4.2417736	4.005496	4.011427
event	6.0199704	5.4094462	6.48451
liberty	6.3231454	5.182818	6.5433607
negro	5.1414394	5.1779265	4.729432
little	6.088082	4.156125	4.632193
fortune	6.3896427	5.4822874	6.31426
touch	5.6753197	4.5028324	4.607091
kill	3.8345711	5.992178	4.3746233
feature	6.4340043	4.452794	5.8520355
happiness	7.064602	4.8733506	5.98533
assume	5.4776034	4.620336	5.4995317
notion	4.7845488	5.2201824	5.3568625
purchase	6.0503583	4.8097467	5.791865
faithful	6.164116	4.8686314	6.2228665
soldier	5.4714613	5.454895	6.17725
father	5.9821153	4.4441123	5.3517475
narrow	4.0109906	4.1857796	4.2126493
great	6.316453	4.9855413	6.248448
tear	4.27534	4.856587	3.712089
honorable	6.1686883	5.5122423	6.7216883
previous	5.5808597	4.5500607	5.2313104
good	6.378428	4.6387343	5.3072224
domestic	5.8619757	4.055294	5.1326647
glory	7.420563	5.240625	6.874127
lay	5.4988804	4.054052	4.675496
occasion	5.8359847	5.204222	5.7067413
guard	5.24924	5.4752607	6.2923746
whole	6.0875373	4.4433594	5.583521
mouth	5.06798	4.9495425	4.6197634
receive	6.5191474	4.662587	5.8708076
take	5.4981346	4.4201536	4.8066626
simple	7.0463676	4.0167384	5.524924
error	3.6326818	5.35542	4.8394346
wisdom	7.458178	4.226811	6.6730814
rock	5.3223248	4.4168506	4.9899073
decide	5.504873	5.113715	5.8923006
exclaim	5.8383594	5.7468414	5.441907
assure	6.5649133	5.25542	6.1218643
sign	5.5288744	4.809645	5.3319955
preserve	6.277548	4.169785	5.5698023
commerce	6.412828	4.3793497	6.3509007
plant	5.474626	4.317088	4.961568
walk	5.7809176	4.351096	4.500587
difference	5.3489237	3.8344297	4.9411793
hang	4.538301	4.422443	3.9433088
following	6.6743665	4.327946	5.6191306
employ	5.9020467	4.4902263	5.707363
