deal	5.145006	5.122294	5.1924314
study	6.885755	4.212928	5.963216
afford	6.7049255	4.5175543	5.7343187
service	6.3922296	4.7388325	6.067108
height	5.781612	4.5505004	5.594837
prospect	7.180969	5.1095204	6.355286
pleasant	7.22585	3.7093987	4.371859
shade	5.7398787	3.499361	4.510258
listen	5.7494307	4.8277993	4.8189273
mighty	5.6901875	5.3931103	6.1699886
country	6.2085786	4.840778	6.1724815
title	6.7309847	4.151313	6.1123805
choose	5.693808	4.237383	5.3202267
village	5.713773	4.1255965	4.722245
acquire	7.001655	4.9678364	6.6870775
rank	5.933034	5.7926245	6.5294514
bow	5.7308764	4.147219	5.110628
doctor	4.732288	4.748535	4.73152
talent	7.483942	5.821124	7.168615
source	6.432772	4.541362	5.848045
lead	5.533975	5.369398	5.490564
question	5.3666987	4.935526	5.825937
publish	6.3680944	4.7254496	6.5870667
interest	6.5054874	5.1918874	6.3771906
serve	5.7375956	4.4579625	5.125856
divine	6.3739104	5.1115956	6.252206
put	5.024322	4.412631	4.5501337
shadow	5.049364	3.4852054	4.274781
practical	6.3494806	4.364045	6.2744102
surface	5.5971074	3.3076117	4.545704
account	5.4969034	4.994947	5.4408054
loss	4.359144	5.0129294	4.2996497
indian	5.175172	4.6865463	5.281658
vine	5.984902	4.060023	4.610178
certain	5.5965257	4.771069	5.532849
sin	3.5342743	5.196692	4.235226
necessity	5.2796583	5.377001	5.750574
lose	5.108202	4.6857557	4.599705
private	5.5287023	5.050947	5.721653
gentleman	6.543783	4.8759594	5.8516417
daughter	6.6633816	4.700832	5.533607
drive	3.8913689	6.077219	4.898536
strange	4.97797	5.04247	4.5535383
journey	6.1315794	3.9821873	4.7288065
uncle	5.758701	4.9431944	5.456827
species	5.770259	4.1204605	5.146529
think	5.6089478	4.693588	4.9271183
bed	5.1520824	3.5746298	3.852354
wind	4.5938344	5.040988	4.773933
bless	6.7944555	3.9130802	5.244761
destroy	3.5329332	5.4119215	4.4478345
author	5.964035	4.9312954	5.841655
sustain	5.9175596	5.0226145	6.2003393
black	4.17282	4.084107	4.2384295
event	6.039509	5.4006476	6.459141
liberty	6.260871	5.190782	6.528739
negro	5.229039	5.170242	5.016557
little	6.080449	4.1319065	4.636932
fortune	6.4404526	5.436675	6.347952
touch	5.610963	4.5059257	4.6520953
kill	3.6924033	6.12663	4.4729147
feature	6.5000896	4.480332	5.9752803
happiness	7.192507	4.813312	6.056573
assume	5.3408127	4.7741413	5.6108623
notion	4.745145	5.231896	5.305134
purchase	6.184348	4.8113947	5.8353295
faithful	6.1520576	4.9084196	6.300473
soldier	5.626086	5.417488	6.3416033
father	5.869507	4.464079	5.302818
narrow	4.03808	4.0963063	4.244531
great	6.3165407	5.0567856	6.2384496
tear	4.0542765	4.852141	3.6579533
honorable	6.0949054	5.440322	6.568887
previous	5.473454	4.6372623	5.292983
good	6.4195914	4.6342273	5.3369474
domestic	5.9954357	3.998655	5.1764174
glory	7.572141	5.3371816	6.986476
lay	5.4427805	3.9488883	4.641988
occasion	5.79305	5.29691	5.7040153
guard	5.237127	5.6075115	6.3101892
whole	6.098762	4.3953667	5.6069922
mouth	5.132819	4.7178783	4.466225
receive	6.441928	4.6931124	5.858367
take	5.4662642	4.409872	4.7670856
simple	6.922027	4.0842867	5.576812
error	3.6824274	5.2652435	4.8688593
wisdom	7.650028	4.344249	6.8656034
rock	5.2408466	4.3683805	4.982903
decide	5.545278	5.0403004	5.871313
exclaim	5.900418	5.7180576	5.3710885
assure	6.65982	5.1333337	6.0828533
sign	5.5291724	4.734883	5.227681
preserve	6.439988	4.0003514	5.703539
commerce	6.409601	4.462064	6.3795447
plant	5.5016084	4.164369	5.0022206
walk	5.696696	4.2865844	4.4251137
difference	5.516304	3.9055235	4.96313
hang	4.412392	4.415778	3.876143
following	6.6714697	4.1849303	5.62214
employ	5.9983864	4.350043	5.6354346
