deal	4.989906	5.09457	5.2032123
study	6.855513	4.3911257	6.061828
afford	6.545851	4.3813376	5.5778356
service	6.3114767	4.9251337	6.1439667
height	5.6309247	4.6108027	5.4476066
prospect	7.1630416	5.1073256	6.4703965
pleasant	7.3161874	3.8108776	4.5618644
shade	5.6319084	3.4544518	4.462585
listen	5.8408103	4.890129	4.780494
mighty	5.65637	5.4007115	6.1375556
country	6.109121	4.853762	6.124837
title	6.757443	4.2254124	6.17154
choose	5.752626	4.338118	5.353079
village	5.5746536	4.1336145	4.7740564
acquire	7.055744	5.005186	6.773712
rank	5.9965777	5.681428	6.422689
bow	5.791231	4.0960336	5.145832
doctor	4.4545383	4.909477	4.778388
talent	7.4011793	5.7096424	7.153544
source	6.3461437	4.517743	5.656567
lead	5.38841	5.4260244	5.519309
question	5.4098988	4.862056	5.85236
publish	6.3472147	4.78799	6.5442767
interest	6.5406733	5.1458735	6.3446593
serve	5.602153	4.601993	5.107396
divine	6.270156	4.9612975	6.1491723
put	5.1326833	4.3262763	4.587087
shadow	5.1521306	3.5070913	4.449681
practical	6.297799	4.3114953	6.074501
surface	5.547599	3.2929645	4.475999
account	5.4039025	5.1003184	5.4417334
loss	4.458102	4.9220767	4.3025513
indian	5.204204	4.623027	5.207013
vine	5.857247	4.034819	4.599862
certain	5.671926	4.663863	5.4867697
sin	3.5052495	5.07174	4.2639046
necessity	5.3901353	5.2241964	5.7648377
lose	5.1399775	4.761418	4.6770887
private	5.561907	5.073773	5.8106227
gentleman	6.551414	4.854363	5.838319
daughter	6.5006576	4.763934	5.5344124
drive	3.9208465	6.0991063	5.0001655
strange	4.9402447	5.027773	4.464418
journey	6.175133	4.084557	4.740841
uncle	5.7693577	5.046616	5.5198083
species	5.787056	3.9391227	5.1557136
think	5.666249	4.73697	4.9803543
bed	5.069726	3.5061882	3.85317
wind	4.6017265	5.0146775	4.9083443
bless	6.650533	3.8605864	5.1374626
destroy	3.4983044	5.524043	4.5323076
author	6.155528	4.950231	5.8911514
sustain	5.9245753	4.869458	6.078863
black	4.185508	3.9344728	4.0469475
event	6.1695976	5.4152274	6.509042
liberty	6.351336	5.077251	6.4457116
negro	5.428328	5.071164	4.9793215
little	6.034034	4.1787634	4.593575
fortune	6.450095	5.5289574	6.397307
touch	5.611959	4.4728994	4.5475955
kill	3.766647	5.9727736	4.4497514
feature	6.50189	4.467165	5.895803
happiness	7.0927286	4.869357	5.9919186
assume	5.520158	4.6176143	5.571435
notion	4.78321	5.2678776	5.3722167
purchase	6.254706	4.789029	5.955305
faithful	6.0707593	5.0208664	6.304327
soldier	5.484723	5.535189	6.2386312
father	5.871765	4.4789834	5.3348927
narrow	3.8611948	4.238843	4.219257
great	6.323084	4.973314	6.2288365
tear	4.1671786	4.76285	3.638146
honorable	6.105973	5.4829416	6.6870823
previous	5.503088	4.6459413	5.3676615
good	6.2798223	4.6374083	5.3172092
domestic	6.132972	3.996157	5.2824802
glory	7.498229	5.264412	6.9343777
lay	5.329786	4.0231214	4.6086097
occasion	5.8292556	5.2380733	5.6888003
guard	5.315408	5.5359764	6.282355
whole	6.0824585	4.4101086	5.604594
mouth	4.9209833	4.719163	4.3934917
receive	6.427331	4.654965	5.8482275
take	5.5295753	4.3993535	4.8128343
simple	6.835001	4.0321026	5.467194
error	3.6093707	5.283792	4.797208
wisdom	7.575387	4.219302	6.700987
rock	5.013974	4.5690804	4.979956
decide	5.571143	5.14644	5.9313483
exclaim	5.7826614	5.845857	5.348055
assure	6.4586306	5.2479343	5.993243
sign	5.522097	4.944497	5.381101
preserve	6.329234	4.0041957	5.5671997
commerce	6.311864	4.3998146	6.2897234
plant	5.33493	4.157227	4.854669
walk	5.7792344	4.403427	4.5448966
difference	5.4832287	3.81607	4.927118
hang	4.5167685	4.310604	3.9386997
following	6.5657287	4.3180757	5.6193004
employ	5.853933	4.5094485	5.7066035
