deal	5.0634847	5.1503363	5.2658963
study	6.8537655	4.3187537	6.0380845
afford	6.6063595	4.339904	5.6374297
service	6.328096	4.907863	6.07346
height	5.702869	4.6529465	5.6126227
prospect	7.1976843	5.0814962	6.401127
pleasant	7.235056	3.7176619	4.496851
shade	5.613034	3.455746	4.3144913
listen	5.6814165	4.854871	4.7873673
mighty	5.6546397	5.3886666	6.0823345
country	6.15355	4.8430834	6.1762304
title	6.8183875	4.1754313	6.0650797
choose	5.8306894	4.2840595	5.3424015
village	5.7470803	4.1805105	4.7887187
acquire	6.9263616	4.8706446	6.6565094
rank	5.9028497	5.7255106	6.3902187
bow	5.577943	4.086122	4.948686
doctor	4.7235336	4.855039	4.8355293
talent	7.2759776	5.7535777	7.0397463
source	6.278343	4.415768	5.68894
lead	5.5308194	5.3550997	5.4865956
question	5.4820433	4.8737664	5.918805
publish	6.521342	4.8149514	6.6514916
interest	6.532043	5.051377	6.358046
serve	5.541079	4.5548344	5.008759
divine	6.489792	4.9615707	6.323893
put	5.184841	4.3445325	4.5565143
shadow	5.1421943	3.6890655	4.3959827
practical	6.360151	4.29756	6.1408815
surface	5.4756937	3.2783258	4.4394975
account	5.441071	4.9694443	5.4241247
loss	4.609201	4.8114104	4.222658
indian	5.2863746	4.6499753	5.2505016
vine	5.7824726	4.081499	4.7365713
certain	5.7192	4.743738	5.5841866
sin	3.5166018	5.0325594	4.22097
necessity	5.2355776	5.306503	5.751623
lose	5.187149	4.637621	4.5669456
private	5.514998	5.0487814	5.7355566
gentleman	6.5231204	4.8519764	5.8178434
daughter	6.65056	4.656494	5.465623
drive	3.9547687	6.0411067	4.9729958
strange	4.927522	4.987484	4.561849
journey	6.184424	4.0257583	4.751394
uncle	5.600821	4.8903255	5.3168535
species	5.648313	4.079992	5.0899253
think	5.647473	4.706815	4.9630775
bed	5.2371416	3.5449228	3.9494638
wind	4.6392727	5.035474	4.9226904
bless	6.772087	3.9208784	5.136093
destroy	3.5967996	5.530808	4.4469686
author	6.1361294	4.985217	5.917587
sustain	5.9728274	4.883264	6.1049547
black	4.138578	3.8911645	3.9607537
event	6.059331	5.392281	6.3943033
liberty	6.2199864	5.1140327	6.4345083
negro	5.1841373	4.9677067	4.8451414
little	6.1158977	4.137097	4.6288695
fortune	6.3925476	5.4267154	6.2557836
touch	5.734272	4.4171386	4.630261
kill	3.870068	5.980698	4.502547
feature	6.5347013	4.3285966	5.8617935
happiness	7.08655	4.7842197	5.961753
assume	5.3845563	4.6483636	5.494621
notion	4.8713512	5.3223324	5.443341
purchase	6.30826	4.9277472	6.0791216
faithful	6.122601	5.0546722	6.2781825
soldier	5.5027323	5.526034	6.298348
father	5.867825	4.468332	5.2772627
narrow	4.098686	4.115846	4.247687
great	6.3457494	4.9446735	6.204556
tear	4.0926495	4.7353067	3.5707855
honorable	6.2180676	5.4033394	6.6126356
previous	5.4869957	4.619851	5.2232065
good	6.3904757	4.592427	5.3214073
domestic	6.1571717	3.996772	5.2780957
glory	7.469634	5.2652855	6.9627438
lay	5.338581	3.9733279	4.5959024
occasion	5.834721	5.2702055	5.7792387
guard	5.263797	5.559469	6.2277393
whole	6.2318473	4.339873	5.631422
mouth	5.118272	4.6714764	4.469102
receive	6.469306	4.5876346	5.860989
take	5.518656	4.38194	4.771456
simple	6.8651743	3.9300659	5.4377546
error	3.5616848	5.2599554	4.684788
wisdom	7.4860644	4.17475	6.6283193
rock	5.1282334	4.4642444	4.8441215
decide	5.5932007	5.061448	5.827052
exclaim	5.8391347	5.6726947	5.341258
assure	6.5023255	5.233797	6.061028
sign	5.524365	4.8326473	5.3136168
preserve	6.3820615	4.1492996	5.715741
commerce	6.405055	4.416158	6.3108664
plant	5.456024	4.0761576	4.9641438
walk	5.7488055	4.2745314	4.449197
difference	5.3977504	3.8219159	4.9270554
hang	4.4639816	4.411391	3.980381
following	6.6335826	4.169478	5.5718966
employ	5.9127235	4.469013	5.6965976
