deal	5.011265	5.1990366	5.0933585
study	6.8921523	4.260094	5.9539557
afford	6.625791	4.470367	5.648042
service	6.335769	4.8397493	6.0971303
height	5.6076865	4.567284	5.5080094
prospect	7.0267735	5.1249094	6.4238567
pleasant	7.285893	3.809256	4.620015
shade	5.576847	3.42815	4.268133
listen	5.772789	4.818821	4.8068957
mighty	5.891211	5.415038	6.136695
country	6.1165457	4.8688273	6.1495304
title	6.6944847	4.1298313	6.0579133
choose	5.800701	4.3034577	5.433523
village	5.6352925	4.076262	4.7670603
acquire	7.064369	4.9281774	6.7655716
rank	5.978942	5.6707487	6.4376974
bow	5.735101	4.1143694	5.154955
doctor	4.5790124	4.8331633	4.703316
talent	7.39772	5.7067604	7.132376
source	6.3185396	4.4068956	5.624361
lead	5.465336	5.4138875	5.4734054
question	5.296125	4.9684215	5.821909
publish	6.616717	4.7069874	6.5250306
interest	6.4382305	5.166055	6.303013
serve	5.6282525	4.541329	5.08929
divine	6.4555016	5.0008683	6.2381315
put	5.128999	4.3726215	4.564244
shadow	5.0520916	3.6443472	4.336668
practical	6.252694	4.403941	6.144263
surface	5.6533713	3.2898865	4.4859004
account	5.3899403	4.976478	5.336189
loss	4.3635607	4.901211	4.236211
indian	5.179518	4.639062	5.1906495
vine	6.0546165	3.974001	4.745687
certain	5.614333	4.8247337	5.481486
sin	3.6478214	5.1361403	4.385117
necessity	5.2651296	5.3267508	5.77118
lose	5.061249	4.7402353	4.595394
private	5.405143	5.080105	5.6761694
gentleman	6.485304	4.8920913	5.8536615
daughter	6.664946	4.8119626	5.660856
drive	4.027865	6.024124	4.983166
strange	4.9996715	5.155776	4.596388
journey	6.4338474	4.007209	4.804906
uncle	5.5431743	5.1113167	5.4775205
species	5.8688	3.9710329	5.130438
think	5.6319523	4.7854967	4.9646053
bed	5.130062	3.6459064	4.0134616
wind	4.483549	5.0330377	4.824508
bless	6.6391087	3.9335878	5.1913524
destroy	3.4476066	5.530345	4.4892497
author	6.068761	4.8945417	5.867118
sustain	6.006628	4.9259233	6.12444
black	4.191947	4.0508003	4.11704
event	6.1394663	5.362298	6.490899
liberty	6.22169	5.1271386	6.5636706
negro	5.2205667	5.1112547	5.06721
little	6.0099387	4.1586413	4.5647893
fortune	6.5415177	5.3994694	6.3375196
touch	5.5435724	4.516912	4.6169834
kill	3.5666974	5.9861097	4.351876
feature	6.477925	4.4044323	5.8645687
happiness	7.0885825	4.76419	6.053892
assume	5.3353734	4.6526766	5.5044065
notion	4.771374	5.2689724	5.2840247
purchase	6.2601213	4.9007263	5.9726734
faithful	5.9935737	5.176326	6.289195
soldier	5.4508505	5.4608855	6.180708
father	5.883084	4.5156384	5.38483
narrow	3.989195	4.1363163	4.201577
great	6.2817454	5.0330796	6.2470493
tear	4.1508064	4.8545666	3.6818354
honorable	6.1827054	5.446163	6.600673
previous	5.504891	4.6447325	5.2306027
good	6.3685822	4.6455846	5.344216
domestic	5.9393115	3.9728246	5.2464175
glory	7.386898	5.256998	6.9179583
lay	5.3961945	4.022926	4.6205006
occasion	5.7971425	5.2779927	5.6634693
guard	5.2685533	5.5998197	6.282835
whole	6.066534	4.397226	5.550655
mouth	4.99172	4.76328	4.470691
receive	6.425767	4.695752	5.847245
take	5.439308	4.454319	4.7690363
simple	6.808644	3.9725668	5.448866
error	3.6130786	5.3604574	4.7907457
wisdom	7.5911098	4.1233015	6.731616
rock	5.357982	4.4341655	5.110062
decide	5.5295286	5.186329	5.908926
exclaim	5.7270136	5.8004665	5.441495
assure	6.4879723	5.2399673	5.9978323
sign	5.5181346	4.7444706	5.2592287
preserve	6.296445	4.121865	5.686273
commerce	6.2971926	4.458878	6.1680017
plant	5.5105658	4.203957	5.0406494
walk	5.6621747	4.331894	4.4165125
difference	5.493553	3.8797863	4.879345
hang	4.5247483	4.3608403	3.9560504
following	6.503961	4.3379955	5.5739183
employ	5.8970504	4.474729	5.694645
