deal	5.0325384	5.216833	5.245162
study	6.8428135	4.3281136	6.0731106
afford	6.5229554	4.454621	5.6383777
service	6.366224	4.8281083	6.0267067
height	5.730608	4.6629667	5.5852222
prospect	7.31958	5.047483	6.458934
pleasant	7.46201	3.6179023	4.5561447
shade	5.6401863	3.545912	4.4489913
listen	5.865954	4.792742	4.793887
mighty	5.7924824	5.1966014	6.13942
country	6.1783447	4.808793	6.1657968
title	6.8143916	4.243865	6.0946436
choose	5.9508266	4.330817	5.421247
village	5.7186627	4.1291	4.800518
acquire	6.958282	4.9522724	6.6936445
rank	5.972535	5.742029	6.435832
bow	5.9043922	4.0407615	5.199648
doctor	4.731175	4.7659187	4.949048
talent	7.448994	5.659577	7.135312
source	6.4341936	4.4167223	5.742984
lead	5.4681683	5.362981	5.5323405
question	5.463395	4.8391557	5.8564634
publish	6.3369937	4.7393847	6.607544
interest	6.520299	5.075758	6.3258343
serve	5.703161	4.4958797	5.0411515
divine	6.40923	4.864273	6.18904
put	5.091745	4.403431	4.575073
shadow	5.0221777	3.5597959	4.3114815
practical	6.2886505	4.335001	6.3149214
surface	5.720534	3.2916784	4.572477
account	5.483548	4.9965897	5.422823
loss	4.4351463	5.0614934	4.3647223
indian	5.2679033	4.7621737	5.3361216
vine	6.0321527	3.885881	4.548112
certain	5.654276	4.6824503	5.546267
sin	3.6139536	5.1235027	4.341071
necessity	5.2202744	5.3109035	5.7973814
lose	5.19492	4.7306805	4.6463366
private	5.564355	4.9998064	5.676121
gentleman	6.5867915	4.893546	5.8462896
daughter	6.7462826	4.7068567	5.685994
drive	4.056035	6.0751023	5.047247
strange	4.9745417	5.023784	4.5828223
journey	6.1323113	3.8547032	4.674496
uncle	5.68878	5.1227303	5.600088
species	5.812886	4.078698	5.426951
think	5.7102876	4.677212	4.9627247
bed	5.2444577	3.4505858	3.9878848
wind	4.552759	5.128129	4.908057
bless	6.7097507	3.885194	5.129186
destroy	3.452193	5.534499	4.4839587
author	6.1268215	4.952321	5.9008512
sustain	5.791029	4.9936433	6.067561
black	4.3127384	3.9962475	4.1496778
event	6.0609884	5.289484	6.3592825
liberty	6.1748743	5.173312	6.5004373
negro	5.256269	5.0775576	4.961733
little	6.0794053	4.1497827	4.641917
fortune	6.4677095	5.501645	6.336274
touch	5.642645	4.4953604	4.5715485
kill	3.6912878	6.1608987	4.5399165
feature	6.3344636	4.3603835	5.7816167
happiness	7.142441	4.8099694	5.9833136
assume	5.4616385	4.665367	5.5367384
notion	4.7619433	5.325032	5.352463
purchase	6.3094325	4.818064	5.9384565
faithful	6.01508	4.6751795	6.0795035
soldier	5.383084	5.3240566	6.1386485
father	5.9077888	4.4331684	5.418671
narrow	4.0942144	4.0647125	4.189033
great	6.3251615	4.9931097	6.278829
tear	4.157168	4.702319	3.6297536
honorable	6.241047	5.3833385	6.6271687
previous	5.46602	4.606305	5.2744646
good	6.406375	4.611246	5.367857
domestic	6.133482	3.9921951	5.2351527
glory	7.552637	5.233959	6.9502707
lay	5.3908215	3.9445138	4.618947
occasion	5.8053	5.310934	5.802094
guard	5.2821026	5.5073276	6.233287
whole	6.1137466	4.4209833	5.6070833
mouth	4.9370623	4.801498	4.4739003
receive	6.473151	4.6161804	5.8295517
take	5.527473	4.433715	4.8226023
simple	6.9704103	3.9064908	5.5380898
error	3.6955357	5.2687564	4.8594995
wisdom	7.7287903	4.0667253	6.7031803
rock	5.13958	4.467115	4.942693
decide	5.5046697	5.0430646	5.8306456
exclaim	5.9646354	5.7375813	5.4206467
assure	6.573905	5.109554	5.9894757
sign	5.508086	4.88804	5.334235
preserve	6.2568	4.1322656	5.630213
commerce	6.5427136	4.507443	6.475082
plant	5.481603	4.2161465	5.0338464
walk	5.8087444	4.266704	4.488456
difference	5.423531	3.8531516	4.8399315
hang	4.465893	4.482189	4.0284805
following	6.5848594	4.239508	5.6090097
employ	5.988694	4.460343	5.727155
