deal	5.0162573	5.0776176	5.1791983
study	6.8989787	4.2022424	5.9780807
afford	6.593922	4.4177074	5.608016
service	6.2746415	4.8883047	6.058375
height	5.6121874	4.5744557	5.5177064
prospect	7.1784153	5.1910253	6.4423227
pleasant	7.4332714	3.7402506	4.538129
shade	5.6198053	3.568082	4.3773484
listen	5.814507	4.785424	4.8049483
mighty	5.754627	5.3778605	6.1644535
country	6.196857	4.871402	6.1889024
title	6.768983	4.1239696	6.0907755
choose	5.6797957	4.310475	5.3926115
village	5.7529964	4.186746	4.90982
acquire	6.9974422	4.6858997	6.6397433
rank	5.9118304	5.790488	6.48388
bow	5.9182773	4.1123133	5.0732126
doctor	4.6536493	4.7754827	4.883205
talent	7.372919	5.64827	7.100638
source	6.311665	4.532362	5.784293
lead	5.4323716	5.395895	5.527198
question	5.403409	4.922695	5.9005775
publish	6.520191	4.7103596	6.564941
interest	6.568371	5.090523	6.408922
serve	5.7238173	4.478771	5.124115
divine	6.369945	5.023732	6.2291656
put	5.1605935	4.377869	4.6080494
shadow	5.010497	3.665015	4.3302846
practical	6.4046803	4.2664266	6.202282
surface	5.5623426	3.2713108	4.502926
account	5.453627	4.991641	5.38952
loss	4.380252	4.893117	4.21898
indian	5.2066784	4.6896844	5.364423
vine	5.7326884	3.9778464	4.537884
certain	5.5479093	4.778331	5.524499
sin	3.4472775	5.182235	4.1886168
necessity	5.2785397	5.2819066	5.7012706
lose	5.141826	4.6963387	4.6377983
private	5.4513016	4.9887977	5.721109
gentleman	6.6093283	4.8735094	5.8697047
daughter	6.666134	4.786465	5.606504
drive	3.9952378	5.995348	4.9801607
strange	5.0489635	5.04056	4.6370974
journey	6.139374	3.914602	4.656901
uncle	5.6179876	5.10434	5.575516
species	5.7817593	4.1159854	5.2294555
think	5.639666	4.725864	4.952415
bed	5.1676364	3.7067728	3.9768047
wind	4.580401	4.971526	4.8200507
bless	6.819305	3.9879465	5.2399616
destroy	3.6165829	5.392013	4.506324
author	6.1276703	4.948401	5.89793
sustain	5.84385	4.972936	6.0995207
black	4.369543	4.02428	4.1853933
event	6.091065	5.3922772	6.4552917
liberty	6.3173347	5.1544356	6.5177755
negro	5.1831284	5.047493	4.828515
little	6.0970087	4.1519475	4.6407294
fortune	6.545363	5.369232	6.3973293
touch	5.63501	4.4745154	4.5744743
kill	3.6285872	6.040178	4.3550997
feature	6.5312657	4.4246106	5.8529625
happiness	7.1355624	4.8147926	6.062738
assume	5.357154	4.6359763	5.5248747
notion	4.7447157	5.2537594	5.4501643
purchase	6.092758	4.6860905	5.8770905
faithful	6.1917367	4.9479513	6.297352
soldier	5.432591	5.533401	6.1908755
father	5.9340806	4.4814997	5.4041343
narrow	4.0366945	4.20108	4.2844467
great	6.301116	4.9628386	6.2758913
tear	4.1383224	4.876518	3.6525922
honorable	6.155824	5.347309	6.5978613
previous	5.4999375	4.598776	5.1933265
good	6.351245	4.6372213	5.361749
domestic	6.267716	3.9652193	5.30056
glory	7.4371233	5.2894573	6.9012375
lay	5.4289336	4.0441465	4.6436486
occasion	5.773306	5.2119074	5.7213964
guard	5.4316554	5.5838714	6.321498
whole	6.183757	4.447159	5.68523
mouth	5.1395154	4.7938094	4.464816
receive	6.4922376	4.694706	5.8886766
take	5.521101	4.4270873	4.840748
simple	6.953116	3.968326	5.5148993
error	3.6398058	5.374783	4.909061
wisdom	7.645918	4.2190137	6.805827
rock	5.1923413	4.4594746	5.040888
decide	5.568969	5.061372	5.9260325
exclaim	5.8633432	5.8413877	5.50673
assure	6.490957	5.0529537	5.910551
sign	5.4302583	4.7082944	5.16673
preserve	6.458156	4.1410213	5.7301297
commerce	6.4057746	4.449134	6.3511534
plant	5.5210958	4.1441746	5.0092683
walk	5.803863	4.292269	4.4954276
difference	5.379574	3.9270077	4.956808
hang	4.3803797	4.4102883	3.9410424
following	6.6502113	4.299947	5.6121187
employ	5.959184	4.4539304	5.7799706
