deal	5.037456	5.1937685	5.2270856
study	6.9711027	4.2152343	6.052446
afford	6.643585	4.368809	5.6267924
service	6.281818	4.8450255	6.0161953
height	5.486607	4.6645803	5.464572
prospect	7.284156	5.0481825	6.454365
pleasant	7.208592	3.628666	4.4227443
shade	5.682508	3.5739822	4.509849
listen	5.612283	4.846317	4.6881256
mighty	5.715535	5.297217	6.101181
country	6.126344	4.880767	6.184889
title	6.7655363	4.0812984	5.9398537
choose	5.7438865	4.3193955	5.361479
village	5.7108893	4.121356	4.876331
acquire	7.0175285	4.905363	6.756719
rank	5.908849	5.7499695	6.4604006
bow	5.8427515	4.110213	5.0910344
doctor	4.6714206	4.9722123	4.8942523
talent	7.4188347	5.733428	7.2352257
source	6.531437	4.4621663	5.797691
lead	5.4225726	5.465228	5.5303407
question	5.401381	4.9016447	5.868661
publish	6.571847	4.6914334	6.633172
interest	6.4570994	5.177773	6.4134107
serve	5.5455937	4.550049	4.96093
divine	6.421876	4.9767556	6.3875227
put	5.120741	4.2818623	4.586096
shadow	5.131157	3.6785011	4.430835
practical	6.491545	4.1254425	6.178277
surface	5.5277596	3.2881188	4.4924603
account	5.427378	4.984799	5.3515477
loss	4.362547	4.9467487	4.295206
indian	5.237856	4.7186203	5.336627
vine	5.7409663	4.149782	4.669614
certain	5.638162	4.7359405	5.5073967
sin	3.512205	5.0632553	4.285825
necessity	5.4017334	5.218552	5.880203
lose	5.1049376	4.709139	4.601772
private	5.4022055	5.0874777	5.7351513
gentleman	6.6027727	4.891058	5.890135
daughter	6.4911447	4.722844	5.4734054
drive	4.0845346	5.8892293	4.9198356
strange	4.9557295	5.0632563	4.5129986
journey	6.3028636	3.8200736	4.656795
uncle	5.6698294	5.0418634	5.4791117
species	5.74207	4.0063963	5.196549
think	5.560257	4.696709	4.9108486
bed	5.007328	3.7285028	3.8901608
wind	4.608877	5.0116715	4.8789062
bless	6.679829	3.9631016	5.1574674
destroy	3.3800888	5.5588303	4.435276
author	6.1807976	4.853337	5.895622
sustain	5.9293647	4.920234	6.1274757
black	4.3416824	4.0396852	4.245246
event	6.106016	5.3832755	6.4249825
liberty	6.215949	5.183908	6.5002003
negro	5.351878	5.0749245	5.044358
little	6.0230746	4.163984	4.6048455
fortune	6.504974	5.4071655	6.4354067
touch	5.603256	4.535272	4.5850744
kill	3.6770215	6.1181307	4.442013
feature	6.4931545	4.498029	5.965804
happiness	7.0466995	4.8376646	6.0870237
assume	5.3057356	4.7329774	5.5619144
notion	4.800664	5.2438135	5.391025
purchase	6.202577	4.90869	5.9089766
faithful	6.1321263	4.9761977	6.302152
soldier	5.3898773	5.596632	6.2508907
father	5.7446213	4.5443225	5.2895694
narrow	3.9895353	4.128723	4.096522
great	6.2826424	4.9824953	6.2543154
tear	4.1604805	4.7327952	3.5822861
honorable	6.040976	5.302316	6.5146694
previous	5.472765	4.570167	5.229479
good	6.342687	4.5801883	5.32333
domestic	5.955528	4.0297523	5.194174
glory	7.4372835	5.3599606	6.967909
lay	5.3670106	4.0149245	4.625172
occasion	5.8185563	5.2789884	5.738008
guard	5.3520184	5.637451	6.308737
whole	6.0371428	4.468188	5.6167154
mouth	5.074332	4.832088	4.54238
receive	6.369776	4.6883965	5.8295374
take	5.495318	4.4264207	4.793028
simple	6.8381658	3.9474247	5.527994
error	3.5461752	5.313511	4.818737
wisdom	7.524994	4.2224026	6.789527
rock	5.1537414	4.4546247	5.0977445
decide	5.5276303	5.210363	5.8910728
exclaim	5.7668514	5.793589	5.38866
assure	6.587429	5.0726027	5.9910493
sign	5.577792	4.790161	5.3517065
preserve	6.396982	4.1396217	5.69199
commerce	6.262728	4.446618	6.287556
plant	5.2783523	4.2150273	4.8791566
walk	5.7141385	4.370074	4.4670672
difference	5.369146	4.054963	4.928396
hang	4.4104943	4.5048957	4.0340996
following	6.473714	4.317415	5.5516825
employ	5.908018	4.500374	5.6873255
