deal	5.063493	5.046446	5.2084756
study	6.7596626	4.3510036	6.014447
afford	6.4521036	4.4312778	5.6090055
service	6.387142	4.7374363	6.122007
height	5.6786685	4.616451	5.6097345
prospect	7.162353	5.1422653	6.439975
pleasant	7.3132877	3.680118	4.429637
shade	5.650905	3.3595867	4.3869963
listen	5.6888027	4.8742166	4.720216
mighty	5.7134905	5.2820797	6.0517874
country	6.110437	4.884233	6.153072
title	6.859868	4.3050303	6.1261606
choose	5.8960137	4.228906	5.468678
village	5.737474	4.1198626	4.745551
acquire	6.893502	4.9146624	6.7359324
rank	5.861809	5.774864	6.449293
bow	5.6665077	4.2126374	5.111349
doctor	4.671454	4.6638155	4.7115555
talent	7.33707	5.6999097	7.134811
source	6.256744	4.6781545	5.8638625
lead	5.5817866	5.360528	5.5485687
question	5.442961	4.822342	5.719256
publish	6.3714175	4.871933	6.474694
interest	6.4861484	5.174891	6.3316364
serve	5.7227087	4.4611607	5.1311026
divine	6.4180865	5.101406	6.309693
put	5.101256	4.382776	4.5865474
shadow	5.048495	3.61531	4.363148
practical	6.3316245	4.362912	6.250394
surface	5.471369	3.350031	4.4378467
account	5.366483	5.0767927	5.37204
loss	4.444203	4.9673204	4.3099103
indian	5.2432823	4.7968154	5.3247004
vine	5.994395	4.067661	4.7104855
certain	5.656811	4.7323	5.5011253
sin	3.6040084	5.149187	4.286823
necessity	5.077159	5.395778	5.6576085
lose	5.186188	4.733681	4.6627727
private	5.4715858	5.1155806	5.803732
gentleman	6.3947167	4.92469	5.77594
daughter	6.6119866	4.7193995	5.529538
drive	3.9195666	6.086722	5.029486
strange	5.04232	5.050152	4.567415
journey	6.218974	3.9386287	4.660673
uncle	5.544305	5.07444	5.5659757
species	5.705646	4.0616403	5.1296124
think	5.6314154	4.71967	4.882262
bed	5.1071434	3.476862	3.785455
wind	4.557474	5.10261	4.9300523
bless	6.665861	4.0621715	5.18851
destroy	3.5574923	5.5081835	4.4495683
author	6.0663557	5.105314	5.877083
sustain	5.8303766	4.9550953	6.085958
black	4.099348	4.009696	4.016017
event	6.062173	5.3134604	6.413308
liberty	6.140313	5.2552752	6.473432
negro	5.1458983	5.202726	4.9569497
little	6.0758443	4.162777	4.5881047
fortune	6.4508686	5.4396124	6.318551
touch	5.6676607	4.5135865	4.601694
kill	3.7078676	5.947242	4.5041194
feature	6.4539995	4.437311	5.9099097
happiness	7.1624	4.824912	6.0472093
assume	5.3846793	4.759266	5.5788293
notion	4.8877745	5.2754364	5.4270234
purchase	6.0954943	4.835393	5.885465
faithful	6.1128983	4.896131	6.211825
soldier	5.32971	5.465643	6.2843704
father	5.825983	4.485958	5.3471065
narrow	3.9967961	4.178265	4.048459
great	6.2741866	4.9967504	6.2218275
tear	4.0804768	4.90141	3.7070131
honorable	6.133648	5.467533	6.5604067
previous	5.3401604	4.7038627	5.142499
good	6.427914	4.5879173	5.3230343
domestic	5.9874125	4.042789	5.267681
glory	7.394089	5.364547	6.8887615
lay	5.3834043	3.9856918	4.56286
occasion	5.838234	5.1856866	5.6691494
guard	5.2516465	5.5140567	6.27781
whole	6.0765905	4.4013824	5.596649
mouth	5.0216627	4.8464637	4.4198713
receive	6.3836527	4.7683096	5.901727
take	5.4629803	4.389539	4.7768817
simple	6.8420086	3.9242709	5.3578434
error	3.689731	5.407406	4.7528653
wisdom	7.534541	4.236424	6.7082157
rock	5.127604	4.4080954	4.9680123
decide	5.537446	4.8843055	5.783384
exclaim	5.800414	5.8449545	5.355189
assure	6.559596	5.18462	6.023891
sign	5.3662667	4.9181905	5.269172
preserve	6.3523736	4.0459514	5.6046
commerce	6.3976583	4.358483	6.329469
plant	5.508747	4.1617103	4.9932847
walk	5.697583	4.2807336	4.3963623
difference	5.455399	3.8621905	4.962175
hang	4.4657917	4.4216704	4.0585966
following	6.4969134	4.305572	5.5362325
employ	5.9602246	4.4187217	5.6348996
