deal	5.062781	5.1234875	5.1393986
study	6.986176	4.3280144	6.0931125
afford	6.5258923	4.62448	5.73627
service	6.320357	4.915153	6.072181
height	5.657637	4.611832	5.534824
prospect	7.167015	5.2910295	6.5217843
pleasant	7.352163	3.787614	4.5264063
shade	5.6464453	3.5350854	4.503942
listen	5.7699175	4.8497086	4.804675
mighty	5.855454	5.4121037	6.176147
country	6.1738453	4.952952	6.1956263
title	6.6327596	4.156227	6.041547
choose	5.7617598	4.280958	5.412612
village	5.657415	4.2086926	4.840178
acquire	6.9062734	4.947562	6.56789
rank	5.947714	5.676697	6.3779626
bow	5.7373796	4.047284	5.0483007
doctor	4.774732	4.845415	4.881863
talent	7.4210434	5.7442036	7.1918755
source	6.342224	4.446926	5.75637
lead	5.5564456	5.4061456	5.5566483
question	5.4327526	4.985313	5.911133
publish	6.646189	4.6716447	6.5251274
interest	6.5496783	5.185504	6.410372
serve	5.643435	4.4559374	5.110973
divine	6.4305787	4.92041	6.180967
put	5.1747293	4.310039	4.5657644
shadow	5.1368537	3.6303322	4.425338
practical	6.2822914	4.252367	6.2032914
surface	5.6431713	3.1765008	4.453969
account	5.385904	5.025728	5.403329
loss	4.37718	4.904526	4.220523
indian	5.049864	4.755184	5.302006
vine	5.847125	3.8909278	4.5492377
certain	5.5676756	4.7866125	5.531154
sin	3.5303133	5.126383	4.2755327
necessity	5.2331057	5.2818856	5.7197576
lose	5.08626	4.6892653	4.547769
private	5.384899	5.055216	5.654912
gentleman	6.5817614	4.8544383	5.871815
daughter	6.573311	4.6642694	5.4755034
drive	4.059537	5.972959	4.9583993
strange	4.8474455	5.143599	4.5549583
journey	6.468182	3.9298544	4.762465
uncle	5.770359	4.9812875	5.4474845
species	5.771358	3.9450502	5.125139
think	5.6178365	4.768103	4.9715137
bed	5.230211	3.4612722	3.887248
wind	4.562414	5.0308533	4.879034
bless	6.8655753	3.9201102	5.2043653
destroy	3.4695768	5.480212	4.4203258
author	6.189605	4.933572	5.882758
sustain	5.8580117	4.884863	6.080637
black	4.195022	3.977028	4.0182705
event	6.119954	5.4370136	6.5129795
liberty	6.2855043	5.1931443	6.44979
negro	5.233733	5.1261687	4.9497123
little	5.987213	4.209079	4.6110964
fortune	6.4036307	5.4842196	6.2670527
touch	5.6291356	4.463486	4.632349
kill	3.6040783	6.0972853	4.419228
feature	6.467407	4.4544334	5.9546876
happiness	7.094096	4.869388	5.970255
assume	5.3887753	4.6203046	5.5342298
notion	4.879889	5.316264	5.398999
purchase	6.093853	4.8572865	5.8084383
faithful	6.273401	4.961213	6.3890705
soldier	5.4835362	5.5482593	6.2694464
father	5.8667426	4.4486485	5.34212
narrow	4.006688	4.2506623	4.2281
great	6.319381	5.015701	6.243186
tear	4.190467	4.7875447	3.653334
honorable	6.050298	5.452362	6.5413785
previous	5.411035	4.617518	5.180351
good	6.4025636	4.6480002	5.348083
domestic	6.015562	4.0010347	5.2255726
glory	7.514734	5.336909	6.9300013
lay	5.5059657	3.9978147	4.6170354
occasion	5.7809367	5.2463164	5.78597
guard	5.402234	5.649559	6.3994164
whole	6.0883884	4.416837	5.6171775
mouth	5.1980295	4.702175	4.4396043
receive	6.5009723	4.662487	5.8983493
take	5.5091476	4.3511367	4.7908983
simple	6.7505136	4.0838747	5.598127
error	3.5679574	5.279307	4.7679725
wisdom	7.561444	4.0711327	6.7624435
rock	5.24384	4.5394588	5.0643473
decide	5.5244446	5.1280026	5.785241
exclaim	5.9932184	5.774707	5.426873
assure	6.6530833	5.0862565	5.981519
sign	5.452197	4.920488	5.3687468
preserve	6.3212085	4.1058636	5.7192593
commerce	6.3575773	4.604207	6.43063
plant	5.4760957	4.069396	4.9243307
walk	5.866521	4.301018	4.5407944
difference	5.3975525	3.8270688	4.833883
hang	4.415971	4.4058876	3.9295492
following	6.601015	4.326075	5.6098804
employ	5.9371457	4.554623	5.760674
