deal	4.9755263	5.2048345	5.162899
study	6.798257	4.287941	6.0122137
afford	6.5626874	4.4591174	5.666339
service	6.316815	4.9159274	6.072769
height	5.690434	4.6982627	5.652386
prospect	7.0616913	5.2181997	6.4152346
pleasant	7.335807	3.6552477	4.6372457
shade	5.6096706	3.5637195	4.521066
listen	5.8568187	4.849965	4.8421783
mighty	5.7457857	5.43137	6.158448
country	6.1631193	4.8980803	6.1923814
title	6.791015	4.2128925	6.104277
choose	5.8137608	4.2976747	5.3833427
village	5.553833	4.1336737	4.7741265
acquire	7.132959	4.98843	6.8365016
rank	6.0555887	5.728768	6.434732
bow	5.7023706	3.9110951	4.8853474
doctor	4.47241	4.820916	4.750382
talent	7.476615	5.7194715	7.254471
source	6.311854	4.4616294	5.683077
lead	5.521019	5.364883	5.511855
question	5.327105	4.92566	5.785441
publish	6.4498005	4.760199	6.64744
interest	6.459008	5.2204866	6.4185667
serve	5.5403237	4.594695	5.070569
divine	6.3375387	4.872407	6.117948
put	5.2145276	4.3065834	4.538478
shadow	5.0763483	3.648641	4.4246287
practical	6.299576	4.202465	6.148194
surface	5.490285	3.2992382	4.4871163
account	5.422704	5.041296	5.4583416
loss	4.2588863	4.9774675	4.2503133
indian	5.163809	4.6517725	5.2337184
vine	5.935468	4.0263186	4.6337395
certain	5.6507163	4.7382903	5.4880695
sin	3.57553	5.0508757	4.2456226
necessity	5.2620206	5.242476	5.7105227
lose	5.204196	4.648061	4.658181
private	5.392435	5.0158525	5.7858925
gentleman	6.5429816	4.8056097	5.814837
daughter	6.6722183	4.7078342	5.53554
drive	4.0054374	5.915868	4.9401402
strange	4.9892826	5.048711	4.5572777
journey	6.318752	3.973368	4.8176565
uncle	5.5560937	4.9832077	5.4430413
species	5.5811043	4.1606936	5.1546206
think	5.645468	4.684023	4.9432354
bed	5.1471996	3.5912857	3.9108696
wind	4.5579834	5.0787635	4.79179
bless	6.7645593	3.9795115	5.2560005
destroy	3.554644	5.5132775	4.495791
author	6.1268272	4.8874106	5.8302445
sustain	5.8228974	4.888229	6.1018806
black	4.132039	4.0358486	4.1226697
event	6.077052	5.3963904	6.4312873
liberty	6.089308	5.284912	6.462368
negro	5.2154126	5.1423693	4.749129
little	6.0454516	4.1133447	4.5679207
fortune	6.4197063	5.4430785	6.207384
touch	5.656077	4.497344	4.659786
kill	3.7022758	6.096591	4.4549885
feature	6.4064784	4.4749823	5.972924
happiness	7.0744505	4.8337407	6.0153728
assume	5.5629563	4.571722	5.61836
notion	4.9205294	5.283863	5.438526
purchase	6.080274	4.809887	5.8055286
faithful	6.203049	4.87609	6.2482386
soldier	5.3651347	5.435841	6.138711
father	5.8847346	4.4271035	5.414518
narrow	4.058084	4.0828776	4.1064844
great	6.282898	5.0143137	6.215754
tear	4.1151705	4.870518	3.6883957
honorable	5.960885	5.4748497	6.5598726
previous	5.4778523	4.536296	5.2606277
good	6.416893	4.6210456	5.2883286
domestic	6.0277476	3.9975955	5.408518
glory	7.550004	5.3742266	6.999998
lay	5.3770566	4.032044	4.636296
occasion	5.804488	5.3342447	5.763012
guard	5.2128363	5.4768844	6.1691227
whole	6.05054	4.502529	5.6398478
mouth	5.0272007	4.786744	4.487978
receive	6.473508	4.66778	5.8937883
take	5.512425	4.35349	4.7744503
simple	6.9170113	3.9723089	5.5416393
error	3.549758	5.288007	4.7575264
wisdom	7.469214	4.1493926	6.673333
rock	5.0421195	4.4525137	4.9924884
decide	5.4515643	5.1556973	5.8069253
exclaim	5.835724	5.732646	5.3576183
assure	6.4918866	5.212926	6.016845
sign	5.4056315	4.870612	5.222883
preserve	6.5531297	4.118294	5.807687
commerce	6.437764	4.5774755	6.5072975
plant	5.5670047	4.1392627	4.9912815
walk	5.7430153	4.260016	4.4582424
difference	5.3626804	4.019337	4.939241
hang	4.440225	4.5530934	4.032076
following	6.530423	4.286134	5.602776
employ	5.820911	4.4863715	5.659102
