deal	5.1160073	5.2206197	5.264461
study	6.921488	4.298362	6.1232452
afford	6.6565084	4.6669517	5.781937
service	6.3130245	4.83618	6.134969
height	5.628891	4.5912075	5.556834
prospect	7.1689124	5.049087	6.3257117
pleasant	7.340625	3.7730496	4.5493813
shade	5.496533	3.5457804	4.3757563
listen	5.7750206	4.911053	4.8442683
mighty	5.6759377	5.3597217	6.1410027
country	6.1168194	4.884074	6.1479287
title	6.843864	4.2392054	6.174122
choose	5.6839232	4.2236485	5.240342
village	5.726054	4.1150136	4.8115406
acquire	7.0809746	4.97803	6.794867
rank	5.9409447	5.6469617	6.3952236
bow	5.652602	4.069537	5.0971775
doctor	4.8447466	4.7357087	4.948181
talent	7.361542	5.6753693	7.1895013
source	6.349371	4.5305705	5.740342
lead	5.494005	5.37638	5.5064855
question	5.4232273	4.867139	5.812918
publish	6.6149445	4.7850018	6.664727
interest	6.4532967	5.163364	6.3499126
serve	5.650356	4.603093	5.084548
divine	6.475072	4.9741154	6.2436852
put	5.1250753	4.3965864	4.5962687
shadow	4.9283705	3.6442134	4.295387
practical	6.3981147	4.188051	6.1648254
surface	5.294941	3.3256776	4.4486203
account	5.45697	5.06707	5.477531
loss	4.429151	4.939338	4.2836785
indian	5.2523575	4.7319703	5.342452
vine	6.022271	3.9061766	4.6474037
certain	5.5911508	4.784425	5.4838977
sin	3.401386	5.1839013	4.2732916
necessity	5.1798286	5.397606	5.7081785
lose	5.162785	4.745167	4.6950455
private	5.497392	5.099066	5.7564535
gentleman	6.5056295	4.8823967	5.8285365
daughter	6.635452	4.664364	5.5394835
drive	4.033288	6.0421343	5.0332284
strange	4.994793	5.1585546	4.5982747
journey	6.302773	3.990175	4.7547336
uncle	5.6736655	5.0328107	5.4056435
species	5.682765	3.958005	5.200433
think	5.59649	4.709524	4.9323425
bed	5.103755	3.5705214	3.8441043
wind	4.6505175	5.035151	4.9072795
bless	6.858425	3.934512	5.2332525
destroy	3.429657	5.4597297	4.4619484
author	6.1636057	4.951758	5.9658213
sustain	5.9594574	4.9255543	6.199733
black	4.135542	3.9329064	4.071004
event	6.1235046	5.3557067	6.512253
liberty	6.164459	5.1396008	6.4546156
negro	5.1993895	5.083053	4.9255705
little	6.013372	4.1946774	4.59621
fortune	6.3640647	5.3719215	6.2474275
touch	5.711424	4.561044	4.6806426
kill	3.710319	6.025299	4.4120774
feature	6.4132657	4.3974032	5.8093963
happiness	7.090965	4.81803	6.000394
assume	5.371991	4.563256	5.498621
notion	4.7887506	5.280161	5.3393955
purchase	6.142419	4.8728104	5.9496026
faithful	6.086798	4.933165	6.121707
soldier	5.5154023	5.4670415	6.254324
father	5.841045	4.434765	5.353307
narrow	3.9394927	4.103323	4.127188
great	6.2553325	5.0036235	6.20733
tear	4.1546946	4.892895	3.6682687
honorable	6.143828	5.465318	6.5601654
previous	5.5074787	4.685013	5.2582145
good	6.383611	4.658914	5.4042244
domestic	6.1315417	4.0980897	5.3024974
glory	7.467561	5.341439	7.0137157
lay	5.444834	4.0629354	4.686533
occasion	5.7260036	5.324529	5.7314124
guard	5.394314	5.494301	6.345882
whole	6.078607	4.408738	5.610093
mouth	5.1160583	4.832632	4.441491
receive	6.5486503	4.7114477	5.9217734
take	5.495295	4.4426556	4.82905
simple	7.0091043	4.0777264	5.6621523
error	3.592051	5.3789377	4.7244635
wisdom	7.4617524	4.025651	6.723942
rock	5.199332	4.5567527	5.058567
decide	5.567425	4.9905953	5.83388
exclaim	5.7008796	5.7921495	5.3400407
assure	6.6405144	5.1273994	6.04075
sign	5.3857064	4.888985	5.2095346
preserve	6.3462424	4.1120872	5.738238
commerce	6.277432	4.3953524	6.190551
plant	5.4674664	4.257776	4.9205365
walk	5.7066894	4.3425803	4.438056
difference	5.4267235	3.8680706	4.9042153
hang	4.452263	4.491257	4.052402
following	6.638973	4.3001537	5.6130877
employ	6.026174	4.5258985	5.7948995
