deal	5.142516	4.976535	5.1488924
study	6.9494176	4.257577	6.016304
afford	6.6049986	4.4882774	5.71352
service	6.372215	4.7817245	6.103893
height	5.831929	4.5354	5.562034
prospect	7.1581306	5.2054367	6.506001
pleasant	7.2607813	3.5664806	4.431416
shade	5.7144723	3.4992952	4.4308195
listen	5.8041797	4.846353	4.820718
mighty	5.703762	5.379531	6.154355
country	6.184929	4.924425	6.2118516
title	6.6726685	4.096301	5.951652
choose	5.777041	4.222389	5.311185
village	5.6203303	4.092524	4.771511
acquire	6.943568	4.8127418	6.5406237
rank	5.919086	5.816362	6.4920225
bow	5.983958	4.069563	5.1721425
doctor	4.511222	4.936138	4.711913
talent	7.535692	5.639947	7.142374
source	6.471224	4.382097	5.6865916
lead	5.46915	5.349577	5.4851036
question	5.307688	4.899646	5.760161
publish	6.426601	4.7776537	6.520618
interest	6.4780645	5.184197	6.3396273
serve	5.622885	4.4322505	5.1271462
divine	6.5123887	4.911274	6.314765
put	5.142809	4.3501205	4.534767
shadow	5.147166	3.624288	4.343909
practical	6.3510437	4.2546873	6.2598658
surface	5.758707	3.2873228	4.7008553
account	5.401184	5.0690804	5.3738747
loss	4.4692717	4.9681935	4.2291923
indian	5.150343	4.69662	5.1992617
vine	6.1704226	3.9806561	4.7478333
certain	5.62138	4.767287	5.478902
sin	3.5815752	5.0856595	4.4421115
necessity	5.283941	5.2836876	5.7341714
lose	5.1651926	4.717865	4.604907
private	5.517825	5.0802727	5.78494
gentleman	6.4934406	4.897542	5.820365
daughter	6.5763373	4.76723	5.575103
drive	4.06472	5.9613256	5.058938
strange	4.9000473	5.1616526	4.616572
journey	6.2259917	3.9538183	4.570974
uncle	5.7601123	5.1746864	5.438542
species	5.6259427	4.0982795	5.160462
think	5.6602707	4.6898108	4.9176507
bed	5.174958	3.6391535	3.8655138
wind	4.6364727	5.184127	4.9043646
bless	6.8698416	3.9843547	5.2635536
destroy	3.520109	5.483306	4.4800105
author	6.1285467	5.0114174	5.903488
sustain	5.8873987	4.8902535	6.0224
black	4.159304	4.059091	4.1724377
event	6.125358	5.398419	6.4104104
liberty	6.246856	5.158234	6.539661
negro	5.102389	5.349907	5.0025096
little	6.0366917	4.1537876	4.5852494
fortune	6.409142	5.4767504	6.2871675
touch	5.6866994	4.498538	4.624111
kill	3.618768	5.989877	4.258674
feature	6.4945693	4.474344	5.961443
happiness	7.0379095	4.881259	5.96717
assume	5.523617	4.672729	5.623828
notion	4.8052654	5.3521347	5.4504194
purchase	6.1506124	4.8385334	5.845067
faithful	6.1514378	4.8932376	6.2021284
soldier	5.6328926	5.3537135	6.3094287
father	5.9015474	4.478408	5.3701935
narrow	4.001768	4.1104875	4.2131467
great	6.3072124	5.00304	6.238623
tear	4.047467	4.9075923	3.6014588
honorable	6.0950828	5.3699813	6.5958786
previous	5.5424213	4.6506896	5.219924
good	6.3135586	4.598293	5.285755
domestic	6.1315503	3.8992584	5.36092
glory	7.57148	5.376091	7.025666
lay	5.462559	4.034117	4.657319
occasion	5.779805	5.2627454	5.7057424
guard	5.3539205	5.4018183	6.1919575
whole	6.138676	4.494585	5.6875005
mouth	5.1012926	4.7055397	4.4712367
receive	6.5156918	4.753869	5.922462
take	5.558122	4.4129148	4.8278637
simple	6.837707	3.959119	5.4361377
error	3.5734508	5.3738637	4.8967447
wisdom	7.67887	4.181384	6.6990147
rock	5.133194	4.5293236	5.0707564
decide	5.5281997	5.134007	5.7869797
exclaim	5.795017	5.7906227	5.376132
assure	6.4785714	5.212549	6.0391665
sign	5.528759	4.9520793	5.352723
preserve	6.4002275	4.0205417	5.6553946
commerce	6.3933954	4.438603	6.4075527
plant	5.632393	4.1173916	5.0199294
walk	5.831732	4.296897	4.4997525
difference	5.52081	3.9539008	4.9206133
hang	4.541369	4.591343	4.0924597
following	6.63404	4.4308834	5.7062454
employ	5.887938	4.523892	5.7284875
