deal	5.0833097	5.005167	5.090234
study	6.8556542	4.2497807	6.071312
afford	6.4986553	4.4260464	5.5522466
service	6.4539638	4.7547584	6.091215
height	5.563354	4.671399	5.4837704
prospect	7.106927	5.211942	6.3952
pleasant	7.374785	3.7152002	4.60263
shade	5.7095838	3.470205	4.4946547
listen	5.6466327	4.802763	4.7848806
mighty	5.7363315	5.286455	6.062272
country	6.1408453	4.8720646	6.1341753
title	6.5899043	4.299766	6.0516663
choose	5.768793	4.3234863	5.4258966
village	5.70209	4.2125654	4.8286266
acquire	7.120203	4.9020915	6.894137
rank	5.939898	5.71997	6.40788
bow	5.8531575	4.127037	5.0450597
doctor	4.767158	4.6919627	4.780537
talent	7.353149	5.5886464	7.0492306
source	6.2380323	4.508818	5.717864
lead	5.419585	5.4130406	5.5039763
question	5.404286	4.8343124	5.822319
publish	6.4057455	4.703032	6.5192037
interest	6.393448	5.128701	6.285474
serve	5.5681934	4.5460815	5.0679975
divine	6.3545475	4.9260726	6.1630206
put	5.1886425	4.2824817	4.5537195
shadow	5.100559	3.3986387	4.2878647
practical	6.2164545	4.313437	6.1934032
surface	5.531905	3.2343378	4.446355
account	5.4622035	5.046796	5.3746405
loss	4.4359236	4.9472785	4.251414
indian	5.318918	4.7514286	5.366653
vine	5.8065095	4.1877756	4.540081
certain	5.6088934	4.7119036	5.4184103
sin	3.6044037	5.035962	4.2435308
necessity	5.228874	5.3064103	5.7009926
lose	5.157135	4.7923007	4.653378
private	5.498596	4.9909277	5.7268496
gentleman	6.5971494	4.85794	5.8219995
daughter	6.66015	4.695462	5.5433993
drive	3.9565403	5.9384856	4.979233
strange	4.9605293	5.0469894	4.5112295
journey	6.3062725	3.93783	4.703643
uncle	5.6593475	5.2058387	5.548836
species	5.6883807	3.894897	5.0614767
think	5.6704884	4.73968	4.934923
bed	5.2029176	3.46903	3.8936956
wind	4.681522	5.1083536	4.8624783
bless	6.6561	3.9728951	5.178278
destroy	3.675804	5.4386373	4.4517484
author	6.1892505	4.903681	5.8941646
sustain	5.817745	4.868045	6.1175394
black	4.190698	3.985462	4.0483394
event	6.0696435	5.43508	6.522943
liberty	6.2091675	5.213531	6.5793524
negro	5.28153	4.9656153	4.872246
little	6.1184134	4.1469154	4.6121707
fortune	6.482705	5.4644146	6.2838736
touch	5.730763	4.460458	4.661527
kill	3.7847106	6.09666	4.556069
feature	6.41716	4.4205256	5.8839917
happiness	7.117351	4.8584013	6.0590916
assume	5.338536	4.563078	5.500891
notion	4.8680263	5.283147	5.402731
purchase	6.301903	4.840169	6.014582
faithful	6.242271	4.946227	6.221608
soldier	5.451353	5.5099564	6.272797
father	5.8510666	4.4647	5.3526993
narrow	4.1704464	4.1356816	4.2083592
great	6.337449	4.9817963	6.2532873
tear	4.1076217	4.794443	3.6629357
honorable	6.1695232	5.304595	6.576007
previous	5.432645	4.6985164	5.2121687
good	6.399134	4.554912	5.2661014
domestic	6.0789847	3.9207675	5.288677
glory	7.554043	5.2618723	7.0137954
lay	5.4428043	3.9384942	4.625243
occasion	5.7672396	5.217255	5.650061
guard	5.394741	5.520918	6.3651433
whole	6.086468	4.4089713	5.5835075
mouth	5.0655193	4.7350554	4.3989253
receive	6.4381766	4.6331396	5.8380637
take	5.5119705	4.361422	4.777491
simple	6.8565726	3.9624724	5.460697
error	3.6182818	5.3863297	4.77049
wisdom	7.505338	4.14775	6.6654515
rock	5.137118	4.428173	5.00938
decide	5.5290475	5.109241	5.9062686
exclaim	5.8234982	5.7374177	5.296979
assure	6.360973	5.219816	5.926196
sign	5.3595695	4.880603	5.2092843
preserve	6.4149485	4.224583	5.6808677
commerce	6.3622646	4.4803596	6.2576017
plant	5.475947	4.2222166	4.976929
walk	5.817914	4.304363	4.501178
difference	5.3969655	3.8294144	4.875696
hang	4.4598465	4.4967885	3.9510376
following	6.5493717	4.2767057	5.503165
employ	6.006728	4.4237485	5.7124505
