deal	5.2271056	5.055562	5.2957983
study	6.9155025	4.256543	6.0278144
afford	6.638833	4.485018	5.689349
service	6.281169	4.829817	5.9880533
height	5.6634197	4.540577	5.4602466
prospect	7.050588	5.2571535	6.3632936
pleasant	7.256049	3.6737149	4.4175696
shade	5.714397	3.5049171	4.3644433
listen	5.7630568	4.873286	4.777707
mighty	5.6297436	5.5449305	6.1258817
country	6.1328225	4.8538322	6.13809
title	6.6228347	4.25345	6.0166793
choose	5.80005	4.2695746	5.340888
village	5.782688	4.1622367	4.871008
acquire	7.0120792	4.9175553	6.669003
rank	5.8474946	5.7872486	6.368247
bow	5.7916946	4.0972238	5.0730753
doctor	4.7907314	4.8685017	4.93503
talent	7.417821	5.7706223	7.243279
source	6.437289	4.5153184	5.7836103
lead	5.5094714	5.3423696	5.443786
question	5.4549503	4.8653374	5.794797
publish	6.306328	4.8839674	6.5773053
interest	6.475666	5.2064705	6.4022036
serve	5.564794	4.5200787	5.0163608
divine	6.2960315	5.0848293	6.2328954
put	5.211157	4.366213	4.59367
shadow	5.115815	3.6998897	4.428089
practical	6.4040284	4.2998977	6.3935304
surface	5.4826455	3.3166134	4.514194
account	5.3775573	5.040773	5.367362
loss	4.4226594	4.9585557	4.2557445
indian	5.2318463	4.6106224	5.1879625
vine	5.881581	3.9232721	4.6426253
certain	5.5799665	4.7582364	5.544779
sin	3.5114903	5.13014	4.2566586
necessity	5.2334747	5.30203	5.741732
lose	5.1258283	4.7228346	4.587917
private	5.4876776	5.083385	5.7906027
gentleman	6.5737095	4.872415	5.786591
daughter	6.5784903	4.789106	5.505413
drive	3.9956548	5.983855	4.8926377
strange	4.8960037	5.073269	4.4571023
journey	6.2212634	3.9139638	4.691391
uncle	5.6183567	5.174409	5.482361
species	5.806709	4.0381813	5.2487273
think	5.617557	4.729683	4.9225426
bed	5.213378	3.6377864	3.989541
wind	4.6692953	5.0104227	4.8174696
bless	6.7896647	4.0470967	5.2590733
destroy	3.5355763	5.564583	4.403362
author	6.158779	4.9065695	5.9179354
sustain	5.8420434	4.8974924	6.0567455
black	4.1759024	3.922979	4.043733
event	6.0793242	5.3750544	6.4662495
liberty	6.2741795	5.137346	6.459593
negro	5.2241125	5.1359653	4.7503657
little	6.0698895	4.197447	4.643566
fortune	6.3992176	5.4705553	6.2000437
touch	5.6673765	4.6196947	4.7008753
kill	3.7932427	6.116066	4.459616
feature	6.39433	4.531142	5.8419333
happiness	7.241123	4.8812885	6.0466337
assume	5.3812695	4.615643	5.524497
notion	4.7441597	5.3319435	5.282656
purchase	6.211627	4.8676825	5.881216
faithful	5.991885	4.9255524	6.222395
soldier	5.3832006	5.4181943	6.1736975
father	5.898888	4.512337	5.4337506
narrow	3.7855988	4.0979795	4.0624275
great	6.278105	5.0497975	6.2192707
tear	4.15229	4.840192	3.651439
honorable	6.0621176	5.3836718	6.5677423
previous	5.4689393	4.584929	5.1740384
good	6.40839	4.627976	5.325957
domestic	6.184349	3.975498	5.3219676
glory	7.47125	5.325724	6.927027
lay	5.3412848	4.049167	4.594036
occasion	5.696683	5.2579975	5.7049527
guard	5.2079163	5.4580336	6.233922
whole	6.0705895	4.46233	5.578549
mouth	5.149802	4.785132	4.5555415
receive	6.4238343	4.7256556	5.87304
take	5.494016	4.411308	4.7763934
simple	6.957869	3.97918	5.5323057
error	3.6084793	5.261099	4.634047
wisdom	7.639388	4.144991	6.862071
rock	5.1299834	4.494305	4.9189467
decide	5.581219	5.086808	5.8703837
exclaim	5.6583233	5.8113513	5.184937
assure	6.508651	5.188817	6.001159
sign	5.4892445	4.8908114	5.285511
preserve	6.4496374	4.0460243	5.6033034
commerce	6.373003	4.5425024	6.2872133
plant	5.3488955	4.107587	4.818427
walk	5.699188	4.3420014	4.3895645
difference	5.4274344	3.999459	4.977719
hang	4.426229	4.511538	3.998505
following	6.531081	4.340293	5.651517
employ	5.83763	4.5449452	5.6379237
