deal	5.001357	5.128868	5.179861
study	6.911773	4.2516704	6.168688
afford	6.6271286	4.4154196	5.6435595
service	6.33832	4.8614492	6.1333256
height	5.661468	4.6673136	5.709422
prospect	7.2813783	5.1410227	6.5381064
pleasant	7.2407255	3.5964816	4.392448
shade	5.700577	3.5423112	4.485272
listen	5.6952353	4.7660336	4.8069687
mighty	5.9454956	5.4330163	6.248191
country	6.151841	4.9125786	6.188951
title	6.6478176	4.149569	6.113493
choose	5.7777476	4.228408	5.3435907
village	5.786164	4.166432	4.8719535
acquire	6.940414	5.115644	6.7953897
rank	5.976018	5.604842	6.505805
bow	5.693493	4.159264	5.0929785
doctor	4.6473246	4.8397317	4.760133
talent	7.5267806	5.6077514	7.1804156
source	6.2573075	4.591027	5.789981
lead	5.4881377	5.351601	5.518704
question	5.3725758	4.9729705	5.8417964
publish	6.3872976	4.7555985	6.5881133
interest	6.4824486	5.1730595	6.362848
serve	5.627093	4.510572	5.150845
divine	6.3326497	5.0156293	6.258489
put	5.1382213	4.340705	4.6088
shadow	5.250967	3.5855694	4.4633703
practical	6.407243	4.304573	6.316241
surface	5.5603676	3.305022	4.513541
account	5.417648	5.029888	5.3405666
loss	4.4590063	4.9964113	4.257214
indian	5.1776953	4.759173	5.3052406
vine	5.877687	4.141791	4.824178
certain	5.6167917	4.7037573	5.4159493
sin	3.539204	5.183125	4.314857
necessity	5.2605968	5.2804265	5.6604652
lose	5.142971	4.7481117	4.6424346
private	5.5963087	5.0188417	5.839899
gentleman	6.535227	4.913843	5.932099
daughter	6.5849047	4.750791	5.549141
drive	3.9793828	6.091424	5.063125
strange	4.8417635	5.1279836	4.5018425
journey	6.3230114	3.9717207	4.731445
uncle	5.625989	5.1524053	5.5038953
species	5.6507187	4.0371	5.07052
think	5.617541	4.6776376	4.9412603
bed	5.09616	3.4704492	3.8069894
wind	4.668234	5.0639567	4.896361
bless	6.8278565	4.056214	5.3381324
destroy	3.5561986	5.562695	4.522359
author	5.9340563	5.0491776	5.835219
sustain	5.828511	4.87656	6.07951
black	4.201328	4.1532354	4.1258135
event	6.165539	5.3458304	6.456248
liberty	6.158294	5.222092	6.521794
negro	5.3575983	5.046891	5.012256
little	6.091929	4.1092525	4.6290445
fortune	6.561061	5.480454	6.3788786
touch	5.476313	4.53019	4.4764495
kill	3.7735944	6.003605	4.5236316
feature	6.3687797	4.516501	5.938744
happiness	7.1650767	4.794018	6.0870266
assume	5.310153	4.578026	5.488463
notion	4.660604	5.32612	5.3855767
purchase	6.288663	4.877222	5.982518
faithful	6.0913453	4.95523	6.2973638
soldier	5.5218816	5.469138	6.318604
father	5.840824	4.504979	5.3511553
narrow	3.8832486	4.159484	4.037067
great	6.3430166	5.00199	6.2798433
tear	4.0882096	4.7921357	3.58162
honorable	6.142494	5.311938	6.5318847
previous	5.4267907	4.5795083	5.190059
good	6.4493756	4.6080966	5.392391
domestic	6.093757	3.9504519	5.2351127
glory	7.3982196	5.3325634	7.019801
lay	5.357698	3.9670851	4.5686574
occasion	5.832549	5.2863994	5.747587
guard	5.2829065	5.6405463	6.3751974
whole	6.1423483	4.446447	5.676881
mouth	4.9892554	4.8292294	4.4874287
receive	6.3602786	4.663229	5.788101
take	5.4512396	4.4544616	4.792714
simple	6.804136	4.0003614	5.491854
error	3.4536786	5.4373336	4.732721
wisdom	7.4812784	4.132324	6.7565646
rock	5.2149363	4.5494466	5.109988
decide	5.4910913	5.2166886	5.8559256
exclaim	5.774999	5.782214	5.41384
assure	6.4897504	5.0889263	5.9855785
sign	5.4053893	4.9500976	5.339736
preserve	6.3904915	4.106933	5.735429
commerce	6.578177	4.405893	6.3633537
plant	5.415721	4.2314305	5.0352063
walk	5.7743177	4.2931705	4.498181
difference	5.373348	3.9627583	4.9397354
hang	4.417918	4.5196733	4.03938
following	6.458227	4.2752233	5.540671
employ	5.9402323	4.513783	5.696465
