deal	5.0465474	5.085704	5.047462
study	7.0005865	4.1894693	6.028966
afford	6.5987253	4.44837	5.705972
service	6.434094	4.737847	6.063074
height	5.783127	4.553418	5.5578704
prospect	7.1599617	5.240465	6.5978136
pleasant	7.1654787	3.6450517	4.318852
shade	5.686963	3.5223951	4.4943266
listen	5.6551557	4.7837186	4.7235613
mighty	5.679287	5.3010902	6.1248765
country	6.1144037	4.911358	6.1379576
title	6.7559204	4.175667	6.158102
choose	5.6348677	4.2782497	5.1876097
village	5.5053687	4.0507927	4.610573
acquire	7.1591854	4.90344	6.7710686
rank	5.935423	5.668181	6.443945
bow	5.6555114	4.1559253	5.1024013
doctor	4.670249	4.8796005	4.8932576
talent	7.454096	5.649726	7.2077355
source	6.3282275	4.5101094	5.813063
lead	5.449226	5.374684	5.494066
question	5.3699145	4.9165044	5.807964
publish	6.478088	4.723755	6.52345
interest	6.457397	5.19068	6.3020086
serve	5.5897155	4.55048	5.0616665
divine	6.36698	4.9249206	6.167845
put	5.164022	4.356331	4.6024885
shadow	5.1017838	3.5909438	4.445051
practical	6.2622395	4.2584105	6.2046237
surface	5.5079603	3.2020154	4.4791317
account	5.3669105	5.1190434	5.426069
loss	4.432145	4.966422	4.309726
indian	5.227459	4.7306943	5.229639
vine	5.9690742	3.90439	4.5873146
certain	5.5768385	4.8067546	5.4359055
sin	3.609541	5.051529	4.3038607
necessity	5.1961584	5.41475	5.800748
lose	5.140565	4.651526	4.6413617
private	5.5803933	5.0277524	5.7722583
gentleman	6.5971136	4.836231	5.7653832
daughter	6.556594	4.6931033	5.516243
drive	4.081247	6.005496	5.038553
strange	4.8890195	5.0200486	4.5052624
journey	6.244614	3.8010824	4.6110296
uncle	5.8222647	5.090919	5.5075107
species	5.736687	4.014313	5.113016
think	5.590246	4.6833353	4.8895764
bed	5.0847273	3.5962024	3.8653336
wind	4.5833993	5.126111	4.886342
bless	6.768828	3.889886	5.175924
destroy	3.4821815	5.4505033	4.351988
author	6.0561805	4.9350734	5.8149104
sustain	5.8017716	4.996051	6.0967894
black	4.117503	4.0103326	3.9930797
event	6.041486	5.4192657	6.462378
liberty	6.2017927	5.176515	6.4193616
negro	5.3765097	4.9639487	4.918474
little	6.040614	4.1100917	4.5429773
fortune	6.4461045	5.4831276	6.3506927
touch	5.6022143	4.4895887	4.575575
kill	3.6701822	6.027057	4.398444
feature	6.4347386	4.485785	5.9160514
happiness	6.9687047	4.894669	5.9720154
assume	5.3494835	4.60592	5.546685
notion	4.7973123	5.3675847	5.4389405
purchase	6.418925	4.7532845	5.989375
faithful	6.04763	5.1763535	6.361762
soldier	5.5268784	5.3832154	6.295954
father	5.860287	4.334804	5.2188416
narrow	4.0117645	3.9872808	4.0628405
great	6.270958	4.998992	6.2028403
tear	4.0207624	4.715127	3.5197148
honorable	6.196757	5.331144	6.628433
previous	5.5493503	4.586686	5.289046
good	6.3239694	4.588164	5.2832255
domestic	6.071511	4.1315846	5.343652
glory	7.438962	5.344597	6.97908
lay	5.355542	3.9914541	4.588663
occasion	5.7624664	5.2877126	5.673651
guard	5.2662954	5.544506	6.3586783
whole	6.1136055	4.4472103	5.6149383
mouth	5.070325	4.729838	4.3960204
receive	6.473232	4.658914	5.849508
take	5.496983	4.4065123	4.777792
simple	6.8353634	3.9875367	5.4881945
error	3.622622	5.3808694	4.810099
wisdom	7.4541306	4.087784	6.696808
rock	5.1974106	4.421835	4.913193
decide	5.6661334	5.104613	5.824788
exclaim	5.79037	5.8363886	5.3396244
assure	6.5714626	5.1188602	6.012001
sign	5.529812	4.895299	5.392325
preserve	6.317545	4.2075253	5.6098804
commerce	6.3923917	4.5016446	6.2822733
plant	5.567714	4.166569	5.007068
walk	5.7382693	4.3067927	4.4322743
difference	5.56989	4.020183	4.9662614
hang	4.4194584	4.4982266	3.9441028
following	6.432329	4.382391	5.5215063
employ	5.8879037	4.534923	5.700818
