deal	4.9617386	5.0865397	5.1911707
study	6.837825	4.251145	6.0507565
afford	6.571096	4.43538	5.6254396
service	6.3345914	4.808393	6.0687056
height	5.888894	4.5113115	5.681218
prospect	7.292019	5.1495705	6.4500985
pleasant	7.200926	3.6630251	4.4701104
shade	5.625225	3.34769	4.2373395
listen	5.7347326	4.8714786	4.846832
mighty	5.7483573	5.3369145	6.0554237
country	6.1172886	4.923749	6.225314
title	6.6547437	4.1853538	5.9129753
choose	5.652369	4.1719804	5.2438784
village	5.7523746	4.06398	4.9340754
acquire	6.9973154	4.850281	6.6810718
rank	5.822987	5.7699747	6.37049
bow	5.8868814	4.133214	5.148761
doctor	4.828744	4.8301444	4.8712792
talent	7.2380686	5.6787944	7.09748
source	6.253214	4.484388	5.658566
lead	5.492789	5.4119353	5.475671
question	5.3933854	4.92683	5.8405795
publish	6.4180684	4.6777935	6.550618
interest	6.4434648	5.148283	6.339719
serve	5.5820785	4.44764	4.93159
divine	6.460014	4.940332	6.2501364
put	5.1743884	4.29302	4.544259
shadow	5.0342793	3.500536	4.2518377
practical	6.4238153	4.278651	6.3608685
surface	5.5516806	3.1970367	4.5430512
account	5.418794	4.9627514	5.3952413
loss	4.5574293	4.814867	4.260762
indian	5.1562657	4.676154	5.2679996
vine	5.6267595	4.00505	4.5948076
certain	5.5964403	4.804128	5.4861975
sin	3.731127	4.942261	4.342309
necessity	5.288454	5.2606196	5.7053137
lose	5.1892285	4.61741	4.555753
private	5.4953213	5.1118736	5.7611017
gentleman	6.635466	4.801676	5.8758445
daughter	6.663035	4.741789	5.577406
drive	4.079748	6.0059958	5.0316477
strange	4.921032	5.082757	4.4816966
journey	6.3614054	3.8588066	4.725292
uncle	5.784217	5.149645	5.686205
species	5.6809444	4.136866	5.1906056
think	5.6312623	4.6850195	4.921922
bed	5.041744	3.5543566	3.828739
wind	4.664195	5.0901093	4.8773217
bless	6.8225217	3.9611905	5.1780553
destroy	3.5106797	5.4438725	4.4950366
author	5.9282765	4.9716015	5.8847637
sustain	5.9143405	5.0079074	6.1872673
black	4.219805	3.9989927	4.0473795
event	6.047672	5.425323	6.44906
liberty	6.286437	5.264231	6.6214457
negro	5.2064614	5.1266174	4.8889527
little	6.00433	4.1119785	4.5450864
fortune	6.4492016	5.433864	6.3427334
touch	5.5798426	4.5087776	4.571854
kill	3.7606592	5.9889126	4.4259243
feature	6.427409	4.5149555	5.8635426
happiness	7.0131392	4.822783	5.9543815
assume	5.5129266	4.7196474	5.5997176
notion	4.840388	5.2383595	5.3237596
purchase	6.158581	4.8388786	5.8548803
faithful	6.00579	5.095217	6.248602
soldier	5.441748	5.507602	6.3375187
father	5.9198966	4.453887	5.380551
narrow	3.994749	4.1474714	4.110234
great	6.316466	5.0270157	6.2714906
tear	4.085464	4.854754	3.6711116
honorable	6.1082973	5.4243975	6.484896
previous	5.5217724	4.5503635	5.191813
good	6.423496	4.590801	5.3198166
domestic	6.021035	4.170028	5.3040304
glory	7.481197	5.2651033	6.9393816
lay	5.2637067	4.0238833	4.5279307
occasion	5.803756	5.213388	5.69642
guard	5.29883	5.6045785	6.249063
whole	6.063291	4.446776	5.6066127
mouth	5.148936	4.7364044	4.432545
receive	6.4873652	4.6893024	5.859071
take	5.493502	4.395881	4.806809
simple	6.887832	4.0194697	5.5284357
error	3.6625621	5.417703	4.840576
wisdom	7.6001086	4.12729	6.713723
rock	5.1667514	4.3155794	4.9307547
decide	5.490671	5.057336	5.771086
exclaim	5.8417134	5.8160887	5.3889637
assure	6.5261297	5.2084646	6.0177155
sign	5.513531	4.929198	5.335233
preserve	6.401666	4.0367274	5.663919
commerce	6.4024906	4.4446783	6.3101597
plant	5.4524426	4.2161145	4.9359455
walk	5.72556	4.1776767	4.4475927
difference	5.328632	3.927981	4.8455358
hang	4.474733	4.4697757	3.9029708
following	6.5505757	4.341357	5.661868
employ	5.984747	4.4861994	5.7339845
