deal	5.0485754	5.149751	5.1273613
study	6.8593073	4.3402467	6.1226435
afford	6.632259	4.475751	5.6540947
service	6.497177	4.8398457	6.215243
height	5.726619	4.6112995	5.5579205
prospect	6.980863	5.2249384	6.2953477
pleasant	7.276152	3.6834679	4.443015
shade	5.7323112	3.6212716	4.4704432
listen	5.870651	4.760117	4.804579
mighty	5.6323824	5.306554	6.138488
country	6.1318507	4.893769	6.1532354
title	6.6545258	4.140151	5.938212
choose	5.8129387	4.266053	5.3867283
village	5.6690664	4.0988007	4.7195697
acquire	7.0642986	4.9376965	6.810948
rank	5.9992695	5.67019	6.533636
bow	5.745838	4.0773535	5.098159
doctor	4.5949407	4.760237	4.7564144
talent	7.429283	5.699954	7.1864657
source	6.5798464	4.4860644	5.9498734
lead	5.4734235	5.4043555	5.561211
question	5.384474	4.846656	5.760436
publish	6.351804	4.734254	6.4729414
interest	6.4582257	5.220596	6.3889856
serve	5.691502	4.509803	5.1347632
divine	6.4050407	4.9239273	6.2245507
put	5.172309	4.3986487	4.636621
shadow	5.1465693	3.6744158	4.4517426
practical	6.3585477	4.206836	6.206024
surface	5.4184785	3.2458663	4.4705224
account	5.4745135	5.0210395	5.382324
loss	4.4999304	4.925946	4.320012
indian	5.2297397	4.724778	5.276059
vine	5.9883184	3.8569567	4.686567
certain	5.533727	4.7620983	5.4383473
sin	3.6462364	5.1854143	4.3641305
necessity	5.3063564	5.3746443	5.7991633
lose	5.0706544	4.7055926	4.617091
private	5.6476884	5.0301223	5.8949423
gentleman	6.5915966	4.864647	5.795077
daughter	6.6971607	4.6878357	5.6078596
drive	4.093589	6.036439	5.0872736
strange	4.900595	5.1135726	4.5108128
journey	6.364111	3.9560807	4.83611
uncle	5.7132597	5.1535473	5.497416
species	5.720671	4.0631185	5.1220236
think	5.624189	4.7286415	4.9297667
bed	5.208123	3.5115147	3.9169974
wind	4.484109	5.016411	4.7098017
bless	6.823849	3.9687486	5.249269
destroy	3.555956	5.501614	4.5662503
author	6.243633	4.9415703	5.950261
sustain	5.90212	4.93565	6.219417
black	4.3077374	3.911905	4.091457
event	5.9993668	5.4197216	6.3789735
liberty	6.2386007	5.193632	6.538348
negro	5.1886587	5.1372795	4.749764
little	6.053987	4.1312923	4.6088076
fortune	6.4659185	5.4393044	6.3065367
touch	5.612154	4.4975157	4.643462
kill	3.6394246	6.0292225	4.4491863
feature	6.380904	4.53307	5.8317866
happiness	7.301231	4.861997	6.1669025
assume	5.386707	4.5879235	5.479943
notion	4.906875	5.312832	5.420237
purchase	6.168909	4.8952208	5.8616886
faithful	6.323457	4.9666147	6.45423
soldier	5.507335	5.4248843	6.264673
father	5.9621053	4.444464	5.425809
narrow	4.0715055	3.9911354	4.1895423
great	6.347345	5.0126424	6.2431126
tear	4.230726	4.70707	3.640564
honorable	6.010524	5.444688	6.536107
previous	5.450859	4.692183	5.1986365
good	6.4033403	4.6194186	5.3719206
domestic	6.2013693	4.0978284	5.4640083
glory	7.670828	5.3117933	7.0359917
lay	5.454025	4.005663	4.661507
occasion	5.76721	5.2425036	5.6234045
guard	5.394572	5.513196	6.355731
whole	6.069431	4.4223356	5.569941
mouth	5.1672134	4.836316	4.468084
receive	6.4156733	4.7270455	5.84196
take	5.5098343	4.3909826	4.7823863
simple	6.910639	3.994583	5.5119185
error	3.7184997	5.309986	4.783108
wisdom	7.62838	4.192931	6.7232075
rock	5.24219	4.4482737	5.02361
decide	5.4295135	4.9869146	5.7012467
exclaim	5.8084826	5.8251934	5.28969
assure	6.492447	5.2342477	5.977936
sign	5.359861	4.8824496	5.1657495
preserve	6.477791	4.1315513	5.7470884
commerce	6.288594	4.447167	6.2503605
plant	5.525976	4.2522545	4.973674
walk	5.868621	4.3066154	4.5671473
difference	5.453038	3.8662107	4.9293947
hang	4.4314213	4.447327	4.021713
following	6.587343	4.2261095	5.5373564
employ	5.857461	4.403279	5.5764484
