deal	5.978125	3.726875	5.93
study	5.6643750000000015	4.16125	5.741249999999999
afford	5.87375	3.8118749999999997	5.988749999999999
service	5.613749999999999	4.1525	5.705
height	5.259375	3.74625	5.555
prospect	5.371250000000001	4.2124999999999995	5.3774999999999995
pleasant	6.82625	4.0825	6.415
shade	5.6918750000000005	3.79375	5.602499999999999
listen	6.20125	3.8474999999999997	6.1575
mighty	5.426875000000001	4.593125	5.336250000000001
country	5.505625	3.9543749999999998	5.566875
title	5.654375000000001	4.10125	5.48
choose	5.79375	3.851875	5.7725
village	5.394374999999999	4.0375	5.2787500000000005
acquire	6.050625	4.044375	6.231875
rank	5.718125000000001	4.579999999999999	5.706875
bow	5.998125000000001	4.045624999999999	5.82125
doctor	5.79625	4.177499999999999	5.74375
talent	6.010624999999999	4.451875	5.725625
source	5.803125	3.8325	5.874375000000001
lead	5.640000000000001	3.923125	5.620624999999999
question	5.686875000000001	3.734375	5.911875
publish	5.324375	3.575625	5.278750000000001
interest	5.93125	3.7799999999999994	5.7
serve	6.080000000000001	3.7212500000000004	6.0131250000000005
divine	6.529375000000001	4.146875	5.679375
put	5.876875	3.8106249999999995	5.810624999999999
shadow	5.215000000000001	3.930625	5.314375
practical	5.36125	4.170625	5.534375000000001
surface	5.202500000000001	3.7743749999999996	5.081875000000001
account	5.89625	3.7143750000000004	5.60375
loss	4.6825	4.8518750000000015	4.773125
indian	5.491875	4.485625	5.03125
vine	5.2250000000000005	3.7687500000000003	5.133124999999999
certain	5.843125	3.7975	5.826875
sin	4.673125	4.621875	4.793749999999999
necessity	5.288125	3.988125	5.535
lose	5.733750000000001	3.961875	5.584375
private	5.8568750000000005	3.941875	5.543125
gentleman	5.967499999999999	3.5599999999999996	5.795
daughter	6.37625	4.536250000000001	5.950625
drive	5.264374999999999	4.266875000000001	5.278124999999999
strange	5.57	4.17625	5.41875
journey	5.394375	3.7281250000000004	5.283125000000001
uncle	6.074375000000001	3.9106249999999996	5.715
species	4.8525	3.8931249999999995	5.1274999999999995
think	5.9856250000000015	3.929375	5.815
bed	5.438125000000001	3.978125000000001	5.479375
wind	5.495000000000001	4.13	5.070625000000001
bless	6.2475	4.238125	6.068124999999999
destroy	4.538749999999999	4.636875	5.1575
author	6.0775	3.8531249999999995	5.95625
sustain	5.59125	3.75375	5.82625
black	5.534375	3.8593749999999996	5.490625
event	5.236250000000001	4.0912500000000005	5.323125
liberty	5.528750000000001	4.115	5.389375
negro	4.983125000000001	4.195	4.749375
little	6.151875	3.7756249999999993	5.969375
fortune	6.246250000000001	4.575	5.925
touch	6.158750000000001	3.913125	6.0225
kill	4.64625	4.734375	4.9
feature	5.71125	4.086875000000001	5.64375
happiness	6.674375	4.265624999999999	6.059375
assume	5.637499999999998	3.6556249999999992	5.813124999999999
notion	6.023125	3.6443749999999997	5.801249999999999
purchase	5.559375	4.049375	5.54875
faithful	6.340625	4.301249999999999	6.184375
soldier	5.066875000000001	4.583125	5.428125
father	6.175625000000001	4.249375	5.65
narrow	5.248125000000001	3.7025	5.196875
great	5.77625	3.78375	5.705625
tear	5.7231250000000005	4.12375	5.545000000000001
honorable	6.00375	4.04	5.9331249999999995
previous	5.6375	3.8325	5.8975
good	6.2387500000000005	3.7087499999999993	5.988125
domestic	5.325000000000001	3.9299999999999997	5.284999999999999
glory	6.631875000000002	4.9025	6.0237500000000015
lay	5.557499999999999	3.739375000000001	5.476875000000001
occasion	6.105	3.7831250000000005	5.925625
guard	4.899375000000001	4.139375	5.203125
whole	5.586875000000001	3.7618750000000007	5.5043750000000005
mouth	5.364374999999999	3.9187499999999997	5.5093749999999995
receive	5.765000000000001	3.9175	5.778125
take	6.195000000000001	3.8049999999999997	6.109375000000001
simple	5.730625	3.91125	5.6850000000000005
error	4.905625000000001	4.1775	5.3500000000000005
wisdom	6.1675	4.384375	5.961875000000001
rock	5.80625	3.6931250000000007	5.436249999999999
decide	5.91125	3.894375	5.836875000000001
exclaim	6.044999999999999	4.065	6.0675
assure	6.007499999999999	3.975624999999999	5.938750000000001
sign	5.959375	3.9475	5.908125000000001
preserve	6.202500000000001	4.018125	6.073125
commerce	5.116250000000001	3.96625	5.288124999999999
plant	5.44875	3.7943749999999996	4.984375
walk	5.761875	3.7243749999999993	6.068125
difference	5.23375	3.7243749999999998	5.686875
hang	5.42875	4.0375000000000005	5.234375000000001
following	5.90125	3.55625	5.807499999999999
employ	5.079999999999999	4.1125	5.5406249999999995
