deal	5.857499999999999	3.8687500000000004	5.849375
study	5.895	4.1362499999999995	5.925625
afford	6.06625	3.9187499999999997	6.007499999999999
service	5.8393749999999995	4.1375	5.81
height	5.459375000000001	3.689375	5.56875
prospect	5.57875	4.438749999999999	5.698125
pleasant	6.4556249999999995	4.503125000000001	6.0843750000000005
shade	6.087499999999999	4.08625	5.54375
listen	6.251250000000001	4.016249999999999	6.051875
mighty	5.48375	4.320625	5.1187499999999995
country	4.975624999999999	4.091875	5.1425
title	5.519375000000002	3.9250000000000003	5.3931249999999995
choose	5.68375	4.192500000000001	5.629375
village	5.5600000000000005	3.7162500000000005	5.505000000000001
acquire	6.079375	3.868125	6.2775
rank	5.785625	4.556875	5.663124999999999
bow	6.196874999999999	4.250625	5.8425
doctor	5.4625	3.9862499999999996	5.483124999999999
talent	6.27125	4.178125	6.1425
source	5.895625	4.13875	6.088125
lead	5.561875000000001	4.093125000000001	5.379999999999999
question	5.306875	3.86875	5.391249999999999
publish	5.374999999999999	3.411875	5.270625
interest	5.431875	3.9562500000000003	5.367500000000001
serve	6.0424999999999995	3.7793750000000004	5.8081249999999995
divine	6.175625	4.224375	5.538749999999999
put	5.355625	3.9875000000000007	5.437499999999999
shadow	6.071875	3.9712499999999995	5.430000000000001
practical	5.98625	3.8468750000000003	5.683125
surface	5.53375	3.7981249999999998	5.204375000000001
account	5.450625	3.945625	5.504375
loss	4.6625000000000005	4.4975000000000005	4.9125
indian	5.563750000000001	3.9656249999999993	5.260625000000001
vine	5.359375	3.785	5.141249999999999
certain	5.445625	3.8656250000000005	5.5024999999999995
sin	4.793749999999999	4.7681249999999995	4.80875
necessity	5.394375	4.057500000000001	5.7212499999999995
lose	5.738125	4.117499999999999	5.5562499999999995
private	5.793125	3.775625	5.590000000000001
gentleman	6.038124999999998	4.00125	5.76625
daughter	6.45625	4.25	6.131249999999999
drive	5.758124999999999	4.3412500000000005	5.318125
strange	5.4693749999999985	4.356875	5.334375
journey	5.6656249999999995	3.9018749999999995	5.604375
uncle	5.846875	4.086875	5.618124999999999
species	5.234375	4.08	5.2625
think	5.96125	4.0443750000000005	5.684375
bed	5.03875	3.8556250000000003	5.182499999999999
wind	5.64625	4.11125	5.200625
bless	6.274375000000001	4.305625	6.0687500000000005
destroy	4.3625	4.65375	4.9174999999999995
author	5.645624999999999	3.4968749999999993	5.76875
sustain	5.2775	3.805	5.426875
black	5.312499999999999	4.07375	5.460000000000001
event	5.77375	4.019374999999999	5.673749999999999
liberty	4.66625	4.318125	5.12875
negro	4.766875000000001	4.080625	5.201249999999999
little	6.02	3.830625	5.718750000000001
fortune	5.938749999999999	4.557499999999999	5.86625
touch	6.43875	4.050000000000001	6.058125
kill	4.58125	4.598125	5.022500000000001
feature	5.7612499999999995	3.860625	5.7318750000000005
happiness	6.349375	4.441249999999999	5.96375
assume	5.208749999999999	3.845	5.61875
notion	5.711875000000001	3.8200000000000003	5.793749999999999
purchase	5.632499999999999	4.1025	5.611875
faithful	6.280625000000001	4.232500000000001	5.994999999999998
soldier	5.147499999999998	4.36125	5.33125
father	6.1587499999999995	4.253749999999999	5.639374999999999
narrow	5.1137500000000005	3.4518750000000002	5.2631250000000005
great	5.818125	3.885625	5.8168750000000005
tear	6.19125	4.686875	5.74625
honorable	5.6975	3.9875	5.975625000000001
previous	5.326874999999999	3.713125	5.803750000000001
good	5.978750000000001	4.0443750000000005	5.791874999999999
domestic	5.69125	4.248749999999999	5.750624999999999
glory	6.753124999999999	4.458125	6.03
lay	5.2675	3.8324999999999996	5.106875
occasion	5.935625	3.7100000000000004	5.698125000000001
guard	5.5337499999999995	4.38875	5.67875
whole	5.331249999999999	3.7643750000000002	5.331250000000001
mouth	5.5200000000000005	4.181875	5.52
receive	5.711875000000001	3.9675	5.6762500000000005
take	5.82875	3.82375	5.7006250000000005
simple	6.064999999999999	3.7206250000000005	6.1187499999999995
error	4.484375000000001	4.177499999999999	4.8793750000000005
wisdom	6.092500000000001	4.285	6.137499999999999
rock	6.18875	3.9006250000000002	5.630000000000001
decide	5.636875	4.060625	5.673749999999999
exclaim	5.9593750000000005	3.9462500000000005	5.886875
assure	5.953125000000001	4.16125	5.7275
sign	5.64625	4.059375	5.693125
preserve	6.26	3.70375	5.750624999999999
commerce	4.999375000000001	4.249375000000001	5.205000000000001
plant	5.460624999999999	3.8412500000000005	5.125624999999999
walk	5.661250000000001	3.8456250000000005	5.725
difference	5.3825	3.764375	5.545625
hang	5.384999999999999	3.98	5.221875000000001
following	5.576874999999999	3.844375	5.50125
employ	5.606874999999999	3.9831250000000002	5.438124999999999
