deal	5.609375	3.7287500000000007	5.5962499999999995
study	5.952500000000001	4.059375	5.941249999999999
afford	5.688750000000001	3.6587499999999995	5.776249999999999
service	5.495	3.9243749999999995	6.0075
height	5.2162500000000005	3.6331249999999997	5.45375
prospect	6.063125	4.30375	5.878750000000001
pleasant	6.483749999999999	4.02625	6.0775
shade	5.8462499999999995	3.7981249999999998	5.241874999999999
listen	6.017500000000001	3.469375	5.890625
mighty	6.048125000000001	4.471875	5.791875
country	5.6175	3.903125	5.577500000000001
title	5.728125	3.99	5.952499999999999
choose	5.727500000000001	4.070625	6.041874999999999
village	5.6725	3.6543749999999995	5.398124999999999
acquire	6.064375	4.194999999999999	6.18875
rank	5.751874999999999	4.191875	5.871875
bow	5.659375	3.8425000000000007	5.855625
doctor	5.679375	4.02875	5.309375
talent	6.7837499999999995	4.50625	6.2787500000000005
source	6.183749999999999	3.7337499999999997	5.899999999999999
lead	5.665000000000001	3.6762499999999996	5.7825
question	5.6362499999999995	3.7	5.7543750000000005
publish	5.498750000000001	3.980625	5.635
interest	6.119999999999999	3.7950000000000004	5.965
serve	5.765000000000001	3.835	5.87875
divine	6.524375	4.0200000000000005	5.989375
put	5.391874999999999	3.851875	5.474374999999999
shadow	6.0406249999999995	3.775625	5.425625
practical	5.9375	3.965	5.77875
surface	5.510000000000001	3.8612500000000005	5.093125
account	5.8	3.6943749999999995	5.823124999999999
loss	5.1137500000000005	4.244375	5.414375000000001
indian	4.825625	4.295624999999999	5.0200000000000005
vine	5.646249999999999	3.8231250000000006	5.173125
certain	5.6175	3.8468750000000007	5.6431249999999995
sin	4.95625	4.210625	4.975625
necessity	5.32	4.3149999999999995	5.4075
lose	6.0687500000000005	4.043125	5.963125
private	5.449374999999999	3.9031249999999993	5.483124999999999
gentleman	5.687499999999999	3.6912499999999997	5.56875
daughter	6.03125	4.097499999999999	5.361249999999999
drive	5.816875000000001	3.9949999999999997	5.536874999999999
strange	5.6918750000000005	3.8781249999999994	5.516875
journey	5.919375	3.9706250000000005	5.415
uncle	6.067500000000002	3.9131249999999995	5.734374999999999
species	5.403125	4.14125	5.32625
think	5.918750000000001	3.7899999999999996	5.81125
bed	5.645	3.7075	5.609374999999999
wind	5.990625000000001	4.17375	5.152499999999999
bless	6.202499999999999	3.8374999999999995	6.020625
destroy	4.781875	4.144375	5.1049999999999995
author	5.742500000000001	4.13	6.015625
sustain	5.35125	3.911249999999999	5.494374999999999
black	5.395	3.90375	5.331875
event	5.705625	4.318124999999999	5.576874999999999
liberty	5.190000000000001	4.281874999999999	5.3149999999999995
negro	4.64375	4.101875	4.976875
little	5.599375	3.8406250000000006	5.668125000000001
fortune	5.9487499999999995	4.20125	5.583125
touch	6.182499999999999	3.6999999999999997	5.9262500000000005
kill	4.595	5.039374999999999	4.921875
feature	5.236875	3.8812499999999996	5.465625
happiness	5.280625000000001	4.255000000000001	5.371874999999999
assume	5.680624999999998	3.8743749999999997	6.03
notion	5.3775	3.86625	5.591875
purchase	5.660000000000001	4.366874999999999	6.018750000000001
faithful	6.171875000000001	4.065625	6.159999999999999
soldier	4.74625	4.5337499999999995	5.3575
father	6.236875	3.9000000000000004	5.80125
narrow	5.1625000000000005	3.8712500000000003	5.226875000000001
great	5.944374999999999	3.8181249999999998	5.6831249999999995
tear	5.514375	4.06375	5.423124999999999
honorable	5.71875	4.261875000000001	6.055625000000001
previous	5.595	4.059375	5.548750000000001
good	5.6643750000000015	3.6287499999999997	5.588125
domestic	5.26375	4.059374999999999	5.352499999999999
glory	6.1431249999999995	4.544375	5.685625
lay	5.7325	3.9056249999999997	5.7175
occasion	5.654375	3.6581249999999996	5.857500000000001
guard	5.3081249999999995	3.9974999999999996	5.478125
whole	5.646875	3.6774999999999998	5.6175
mouth	5.45625	3.6831250000000004	5.45
receive	5.908124999999999	3.805625	5.667500000000001
take	5.923125	3.6843750000000006	5.8325
simple	5.866874999999999	3.6537500000000005	6.051249999999999
error	5.1049999999999995	3.76125	5.4575
wisdom	5.936875000000001	4.13125	5.81125
rock	5.590625	3.99375	5.400625000000001
decide	5.512499999999999	3.7462499999999994	5.817500000000001
exclaim	5.880000000000001	3.9999999999999996	5.793125
assure	5.126250000000001	4.180624999999999	5.375625
sign	5.655625000000001	3.720625	5.72875
preserve	6.135000000000001	4.066875	5.813750000000001
commerce	5.176875000000001	4.235625	5.333125
plant	5.594375	3.931249999999999	5.216249999999999
walk	5.623125	3.694375	5.744999999999999
difference	5.560625	3.753125	5.53125
hang	5.428125000000001	3.7137499999999997	5.395000000000001
following	5.720000000000001	3.585	5.757499999999999
employ	5.4087499999999995	3.8212500000000005	5.585
