deal	6.04875	3.8850000000000002	5.8100000000000005
study	5.75375	4.213125	5.665625
afford	5.753750000000001	4.145625	5.776875
service	5.7143749999999995	4.135	5.93125
height	5.396875	3.37	5.307499999999999
prospect	6.136875	4.42875	5.921875
pleasant	6.656875	4.15875	6.139374999999999
shade	5.897499999999999	3.8949999999999996	5.378749999999999
listen	6.006250000000001	4.313750000000001	5.755624999999999
mighty	5.79875	4.448125	5.357499999999999
country	5.529375	3.7125000000000004	5.335624999999999
title	5.882500000000001	3.9050000000000002	5.848749999999999
choose	6.159375	3.7356249999999998	5.9775
village	5.428749999999999	3.7812500000000004	5.213749999999999
acquire	5.552499999999999	4.051875	5.7575
rank	5.530000000000001	4.567500000000001	5.8462499999999995
bow	5.686875000000001	4.23	5.936875000000001
doctor	5.7225	3.928125	5.275
talent	5.95875	4.38375	6.04625
source	5.624375	3.8775	5.620625
lead	5.519375000000001	4.223125	5.3531249999999995
question	5.475625000000001	3.8868749999999994	5.705
publish	5.378124999999999	3.65375	5.471250000000001
interest	6.365624999999999	4.273125	6.165625000000002
serve	5.961875	4.235625	5.656875
divine	6.208125	4.202500000000001	5.218125000000001
put	5.794375	3.979375	5.68625
shadow	5.721249999999999	4.0268749999999995	5.2125
practical	5.61125	3.9343749999999997	5.630624999999999
surface	5.418749999999999	3.669374999999999	5.07125
account	5.500625	3.8325000000000005	5.516250000000001
loss	5.10875	4.64375	4.8275
indian	5.121875	4.2475000000000005	5.005625
vine	5.525	3.5343749999999994	5.29625
certain	5.544375	3.8862500000000004	5.3218749999999995
sin	5.043125	4.456875	5.0024999999999995
necessity	5.195625	4.154375	5.304375
lose	5.84375	4.439374999999999	5.386875000000001
private	5.838125	4.038125000000001	5.920625
gentleman	6.215624999999999	3.74875	5.966875
daughter	6.166875000000001	4.77125	5.5024999999999995
drive	5.518750000000001	4.4243749999999995	5.50125
strange	5.80125	4.6875	5.335
journey	6.010625	4.095	5.33
uncle	6.008125000000001	4.066875	5.31875
species	5.6587499999999995	3.9168750000000006	5.426875
think	5.478125	4.325625	5.196250000000001
bed	5.51875	3.5325	5.3875
wind	5.23375	4.265625	5.013749999999999
bless	6.5649999999999995	4.4425	5.970000000000001
destroy	4.57375	4.7906249999999995	4.897500000000001
author	5.548125	3.825625	5.796875
sustain	5.358750000000001	4.40375	5.498749999999999
black	5.423125	4.01625	5.253125
event	5.5249999999999995	4.00625	5.780625
liberty	5.741875	4.193125	5.833125
negro	5.167500000000001	4.3875	5.378125000000001
little	5.855625000000002	4.073125	5.474374999999999
fortune	6.676875	4.684375000000001	5.8625
touch	6.1762500000000005	3.9787500000000002	5.736875
kill	4.19375	4.992500000000001	4.90375
feature	5.329375	4.050625	5.253125
happiness	6.62375	4.654374999999999	5.795625
assume	5.349375	3.9674999999999994	5.6425
notion	5.576875	4.01	5.624375000000001
purchase	5.945625	4.315625	5.806875
faithful	6.561249999999999	4.53625	6.048125
soldier	4.788124999999999	4.771875	5.54125
father	6.380625000000001	4.528125	5.706875
narrow	5.175625	3.748125	5.274375
great	5.636875000000001	3.9006250000000002	5.381874999999999
tear	5.5075	4.617500000000001	5.369375
honorable	5.5856249999999985	4.215625	5.9925
previous	5.234374999999999	3.6212499999999994	5.586250000000001
good	5.657500000000001	4.400625	5.354374999999999
domestic	5.3031250000000005	4.032500000000001	5.131874999999999
glory	6.500625	4.648124999999999	5.901874999999999
lay	5.533125	3.9093750000000003	5.279374999999999
occasion	6.241250000000001	4.0062500000000005	5.838750000000001
guard	4.5125	4.41	5.191875
whole	5.536875	3.8981250000000007	5.180625
mouth	5.319999999999999	4.334375	5.518750000000002
receive	6.068125000000001	3.673749999999999	5.838749999999999
take	5.774374999999999	3.881875	5.8075
simple	5.765625	3.9556250000000004	5.55375
error	4.834375	4.282500000000001	5.45375
wisdom	6.0806249999999995	4.14875	5.611250000000002
rock	5.0825000000000005	4.38875	4.989375
decide	5.474375	4.047499999999999	5.799375
exclaim	5.73125	4.241874999999999	5.583124999999999
assure	6.1156250000000005	4.2	5.8187500000000005
sign	5.248749999999999	4.051875	5.390625
preserve	6.090625000000001	3.9925	5.562500000000001
commerce	5.18125	4.15375	5.420625
plant	5.46625	3.7381249999999997	5.311874999999999
walk	5.66875	3.61125	5.368125
difference	5.481875	3.82	5.26875
hang	5.29125	4.137499999999999	5.38875
following	6.056874999999999	3.7174999999999994	5.626250000000001
employ	5.508125000000001	4.165	5.601249999999999
