deal	5.9425	3.82875	5.7375
study	6.093750000000001	4.046875	6.045625
afford	6.01875	3.7506249999999994	5.9506250000000005
service	5.527499999999999	4.085625	5.7543750000000005
height	5.368125000000001	3.7418750000000003	5.52125
prospect	5.786250000000001	3.8549999999999995	5.61625
pleasant	6.504375	3.9	6.2025
shade	6.44375	3.8131250000000003	5.648750000000001
listen	5.745	3.9806250000000003	5.735625
mighty	5.7943750000000005	4.32	5.451875
country	5.51125	3.805	5.734375
title	5.999375	3.9062500000000004	5.826250000000001
choose	5.618125	3.655	5.7250000000000005
village	5.6425	3.81375	5.315625000000001
acquire	5.8475	4.03	5.956875
rank	5.4312499999999995	4.519375	5.444374999999999
bow	5.53125	4.19375	5.538749999999999
doctor	5.523125	3.833125	5.355625
talent	6.069375	4.078749999999999	5.86625
source	5.838750000000001	4.00625	5.845625000000001
lead	5.7575	3.8343749999999996	5.94
question	5.415	3.8074999999999997	5.7906249999999995
publish	5.549999999999999	3.86375	5.649375
interest	5.742499999999999	3.9487499999999995	5.795625000000002
serve	5.820625000000001	3.5331249999999996	5.833749999999999
divine	6.699999999999999	4.34625	5.3412500000000005
put	5.5737499999999995	3.7868749999999993	5.659374999999999
shadow	6.6175	3.98625	5.576875
practical	5.43	3.92375	5.479374999999999
surface	5.476875	3.96625	5.271875
account	5.631875	3.7731250000000003	5.788125
loss	4.750625	4.356250000000001	5.140625
indian	5.16125	4.341874999999999	5.0525
vine	5.603125	3.74	5.491875
certain	6.1125	3.6937499999999996	6.18375
sin	4.913125000000001	4.216875	4.963749999999999
necessity	5.345000000000001	3.963125	5.555000000000001
lose	5.220625	4.1431249999999995	5.161250000000001
private	5.44625	3.905625	5.7425
gentleman	6.148124999999999	4.050625	5.891875000000001
daughter	5.54375	4.297499999999999	5.27625
drive	5.234374999999999	4.618125000000001	5.187499999999999
strange	5.65625	4.099375000000001	5.3412500000000005
journey	5.968125	3.7500000000000004	5.489375
uncle	5.6781250000000005	4.104375	5.3343750000000005
species	5.597500000000001	4.3481250000000005	5.781250000000001
think	5.893750000000001	3.73625	5.70875
bed	5.63625	4.055	5.357500000000001
wind	5.563124999999999	4.3675	5.285000000000001
bless	6.244999999999999	4.368125	5.859375000000001
destroy	3.8012499999999996	4.665	4.534375000000001
author	5.949374999999999	3.96125	5.8812500000000005
sustain	4.955625	4.0843750000000005	5.248749999999999
black	5.855625000000001	3.60875	5.596875
event	5.18625	3.935	5.488124999999999
liberty	5.71375	4.488124999999999	5.529375000000001
negro	4.806875000000001	4.330625	4.998125
little	5.7406250000000005	3.976875	5.5075
fortune	5.601249999999999	4.278124999999998	5.41625
touch	6.176249999999999	4.0287500000000005	5.9025
kill	4.61625	4.4174999999999995	4.968125
feature	5.68625	3.950625	5.4906250000000005
happiness	6.91	4.158124999999999	6.1625000000000005
assume	5.245	3.93125	5.6937500000000005
notion	5.820625	4.2775	5.746875
purchase	5.738125	4.1175	5.409374999999999
faithful	6.054375	3.96	5.98875
soldier	4.84375	4.870625	5.0875
father	5.759375	4.1975	5.338125
narrow	5.570625000000001	3.711875	5.633125000000001
great	5.723125000000001	3.8756250000000003	5.810625
tear	5.881874999999999	4.495	5.4875
honorable	5.8625	4.5668750000000005	5.828750000000001
previous	5.739374999999999	3.9581250000000003	5.878125
good	5.860625	3.57	5.614375
domestic	5.765	4.0625	5.693124999999999
glory	6.794374999999999	4.406874999999999	5.52
lay	5.6274999999999995	3.9650000000000003	5.7524999999999995
occasion	5.625625000000001	4.02	5.838749999999999
guard	5.17	4.1000000000000005	5.594374999999999
whole	5.74	3.979375	5.741249999999998
mouth	5.539375	4.2718750000000005	5.364375000000001
receive	5.603750000000001	3.57625	5.825625
take	6.0425	3.7331249999999994	5.9331249999999995
simple	6.078125000000001	3.817500000000001	5.960625000000001
error	4.364375000000001	4.43125	4.754374999999999
wisdom	6.3481250000000005	4.385625	5.888750000000001
rock	6.2825	4.005	5.41875
decide	5.541250000000001	4.144375	5.88875
exclaim	5.7093750000000005	4.005625	5.48875
assure	5.848750000000001	3.8875	5.846250000000001
sign	5.483750000000001	3.81375	5.5725
preserve	5.954375000000001	4.003125	5.803125
commerce	5.14375	3.9825	5.39625
plant	5.563125	3.8350000000000004	5.27375
walk	5.581250000000001	3.6675	5.729375000000001
difference	5.56125	3.7925	5.655000000000001
hang	5.632499999999999	4.110625	5.43
following	5.488125	3.726875	5.608124999999999
employ	5.5062500000000005	3.895625	5.699375
