deal	5.425625	4.29	5.587499999999999
study	5.777499999999999	4.04	5.832500000000001
afford	5.846875000000001	3.7224999999999997	6.054375
service	5.947499999999999	4.2768749999999995	5.873749999999999
height	5.2525	3.8062500000000004	5.49125
prospect	5.81875	4.438750000000001	5.578749999999999
pleasant	6.643749999999999	4.335	6.050624999999998
shade	5.7837499999999995	3.6487499999999997	5.3999999999999995
listen	5.843125000000001	4.11125	5.759375
mighty	5.61125	4.5287500000000005	5.271875
country	5.275624999999999	3.898125	5.157500000000001
title	5.560625	4.107499999999999	5.3931249999999995
choose	5.296874999999999	3.9331249999999995	5.483750000000001
village	5.829375000000001	3.8106250000000004	5.360625000000001
acquire	6.128749999999999	3.9899999999999993	6.2725
rank	5.74	4.416874999999999	5.740624999999999
bow	5.64125	3.705625	5.522500000000001
doctor	5.9087499999999995	4.131875	5.634375
talent	6.283124999999999	4.223125	6.249375
source	5.543750000000001	3.80125	5.628749999999999
lead	5.3618749999999995	4.119999999999999	5.62125
question	5.38625	3.8431249999999997	5.46875
publish	5.453125	3.584375	5.711875
interest	5.67875	4.27375	5.718125000000001
serve	5.568125	4.050624999999999	5.6850000000000005
divine	6.06375	4.353750000000001	5.76625
put	5.046875	3.841875	5.076875
shadow	6.034374999999999	3.9331250000000004	5.4887500000000005
practical	5.378124999999999	3.8224999999999993	5.49375
surface	5.468125000000001	4.279375	5.33
account	5.67875	3.889375	6.0287500000000005
loss	4.624375	4.600624999999999	4.931875000000001
indian	5.41	4.495625	4.895
vine	5.677499999999999	3.8993750000000005	5.486249999999998
certain	5.33	3.8637500000000005	5.490625
sin	4.35125	4.6431249999999995	4.894374999999999
necessity	5.165000000000001	3.87625	5.421874999999999
lose	5.388125	3.9418749999999996	5.306875000000001
private	5.671875	4.2162500000000005	5.835000000000001
gentleman	6.0912500000000005	4.124375	5.789375
daughter	6.407500000000001	4.585624999999999	5.803750000000001
drive	5.48	4.071875	5.091875
strange	5.6899999999999995	4.32875	5.4425
journey	5.568124999999999	4.255	5.34875
uncle	6.010625000000002	4.07	5.3237499999999995
species	5.4331249999999995	3.8643750000000003	5.445625
think	5.744999999999999	4.151249999999999	5.43
bed	5.941249999999999	4.0225	5.569374999999999
wind	5.22125	4.5875	5.096875000000001
bless	6.494374999999999	4.155625000000001	5.984375
destroy	4.528125	4.605625000000001	4.88
author	5.938750000000001	4.236250000000001	5.956250000000001
sustain	5.249375000000001	4.1118749999999995	5.360625
black	5.639375	3.735	5.321875
event	5.488124999999999	3.930625	5.455625
liberty	5.1312500000000005	4.269375	4.984375
negro	5.144999999999999	3.8599999999999994	5.5043750000000005
little	5.695	3.869999999999999	5.393749999999999
fortune	6.0075	4.788124999999999	5.725000000000001
touch	5.753125000000001	4.168125	5.656250000000001
kill	4.843125000000001	4.28125	4.8374999999999995
feature	5.08875	4.288125	5.47375
happiness	6.0200000000000005	4.5356250000000005	5.514375
assume	5.2675	3.900625	5.520625
notion	5.545	4.055	5.3774999999999995
purchase	5.45875	4.125	5.60875
faithful	6.338125	4.347499999999999	6.126875
soldier	5.11375	4.399374999999999	5.451874999999999
father	6.026875	4.366249999999999	5.562500000000001
narrow	5.139374999999999	3.6606250000000005	5.1850000000000005
great	5.45875	3.9675	5.556875
tear	5.234375000000001	4.333125	5.088125
honorable	6.219999999999999	4.36125	6.130625
previous	5.5024999999999995	3.945	5.983125
good	5.485000000000001	4.250624999999999	5.286250000000001
domestic	5.705	4.13	5.831249999999999
glory	6.59	4.87125	6.09
lay	5.035625	3.7725	5.193125
occasion	5.460625000000001	4.246249999999999	5.688125000000001
guard	5.283124999999999	4.059375	5.569999999999999
whole	5.342500000000001	3.49875	5.4418750000000005
mouth	4.993124999999999	3.72875	5.086250000000001
receive	6.009375	3.8125	5.9725
take	5.778125	3.7093750000000005	5.864374999999999
simple	5.4275	3.738125	5.75625
error	4.2787500000000005	4.196875	5.183750000000001
wisdom	5.939375000000002	4.33375	5.878749999999999
rock	5.462500000000001	4.2875	5.15875
decide	5.125625	4.011875	5.67375
exclaim	6.070000000000001	4.256875	5.888125
assure	5.54375	4.190625000000001	5.698125000000001
sign	5.400624999999999	3.9831250000000002	5.408750000000001
preserve	5.35875	3.9381250000000003	5.585
commerce	5.05875	3.900625	5.1325
plant	5.98125	3.6318750000000004	5.491875
walk	5.821875	3.7818750000000003	5.503125000000001
difference	5.285625	3.8218750000000004	5.5075
hang	5.317500000000001	3.7993749999999995	5.369375
following	5.661250000000001	3.7112499999999997	5.883750000000001
employ	5.56375	3.898125	5.882499999999999
