deal	5.92625	3.7506250000000003	6.093749999999999
study	5.939374999999999	3.943125	5.914375000000001
afford	5.964374999999999	3.8831249999999997	5.816249999999999
service	5.7456249999999995	3.9343749999999993	5.898125
height	5.324375000000001	3.918125	5.3950000000000005
prospect	5.780625	4.445625	5.8950000000000005
pleasant	6.766250000000001	4.305000000000001	5.919999999999999
shade	6.2375	4.0287500000000005	5.63875
listen	6.388125	3.9631250000000002	6.085
mighty	6.163124999999998	4.420625	5.696875
country	5.9275	4.005000000000001	6.051249999999999
title	6.265	4.1312500000000005	5.8275
choose	5.99625	3.8156250000000003	5.889375
village	5.445	4.087500000000001	5.295624999999999
acquire	6.115625	4.046250000000001	6.3062499999999995
rank	5.82375	4.1625000000000005	5.98375
bow	5.818125000000001	3.92125	5.75875
doctor	5.5175	3.9231250000000006	5.345624999999999
talent	6.380625000000001	4.339375	6.206250000000001
source	5.878124999999999	4.209375	5.68375
lead	6.170000000000001	3.844375	5.776249999999999
question	6.051249999999999	3.9812499999999997	6.269375
publish	5.598125	3.9693750000000003	5.719375
interest	6.1068750000000005	4.2299999999999995	6.296250000000001
serve	6.196249999999999	3.561875	6.064374999999999
divine	6.1918750000000005	4.181875	5.581875000000001
put	6.195	3.696875	5.6987499999999995
shadow	5.82125	3.876875	5.46625
practical	5.60625	4.1274999999999995	5.7125
surface	5.341249999999999	3.74875	5.1381250000000005
account	5.980625000000001	3.8675	5.975625
loss	4.376250000000001	4.506875000000001	4.706875
indian	4.570625	4.3531249999999995	4.769375
vine	5.392500000000001	3.7150000000000003	5.278125
certain	6.1775	3.8331250000000003	6.175624999999999
sin	4.521249999999999	4.534375	4.8375
necessity	5.758125	4.201875000000001	5.535000000000001
lose	6.18	3.929375	5.741249999999999
private	5.275	4.315	5.508750000000001
gentleman	6.109999999999999	3.795625	5.76
daughter	6.034375000000001	4.2575	5.750624999999999
drive	5.985	4.081875	5.514999999999999
strange	6.1656249999999995	4.219375	5.85625
journey	5.8062499999999995	4.085000000000001	5.585
uncle	6.351875000000001	4.01125	5.895624999999999
species	5.634375	3.986875	5.6275
think	6.233750000000001	3.6781249999999996	5.889999999999999
bed	5.256875	3.9512500000000004	5.24875
wind	5.820625	4.105	5.148124999999999
bless	5.738125000000001	4.2318750000000005	5.556250000000001
destroy	4.6625000000000005	4.551875	4.9475
author	5.64125	4.0475	5.847499999999999
sustain	5.87125	4.01625	5.905625
black	5.478125	3.6925000000000003	5.513750000000001
event	5.774375	4.2525	5.859375
liberty	5.551875000000002	4.295	5.491875
negro	5.085	4.2437499999999995	5.244375
little	6.243125000000001	3.6518750000000004	5.8168750000000005
fortune	6.1949999999999985	4.364375	5.770625
touch	6.262500000000001	3.8925	5.92
kill	5.386875000000001	4.608124999999999	5.529375
feature	5.70375	4.101875000000001	5.425
happiness	6.420625	4.435	5.750624999999999
assume	5.804374999999999	3.930625	6.01125
notion	5.919999999999999	3.8218750000000004	6.010624999999999
purchase	5.90375	4.0756250000000005	5.82625
faithful	5.78375	4.339375	5.711875000000001
soldier	4.797499999999999	4.748750000000001	5.305624999999999
father	6.083125000000001	4.273125	5.657500000000001
narrow	5.245625	3.7681250000000004	5.304375
great	6.28125	3.9206250000000002	6.248124999999999
tear	5.186875	4.585624999999999	5.068124999999998
honorable	5.86875	3.88125	6.148125
previous	5.819999999999999	3.9775	5.760624999999998
good	6.335625	3.63	5.903124999999999
domestic	5.746250000000001	4.08375	5.766874999999999
glory	6.670625	4.784375	6.150625000000001
lay	6.01	3.9256249999999997	5.666874999999999
occasion	5.9325	3.744375	5.961874999999999
guard	5.348750000000001	3.9981250000000004	5.522499999999999
whole	6.111875	3.8375000000000004	5.806875
mouth	5.1918750000000005	3.8212499999999996	5.36125
receive	6.014374999999999	3.8531250000000004	5.999999999999999
take	6.286875	3.6775	5.878124999999999
simple	6.05125	3.9793749999999997	5.860625
error	4.985	4.00875	5.5
wisdom	6.019374999999999	4.2425	5.548750000000001
rock	5.775625	3.9325000000000006	5.28125
decide	6.1556250000000015	4.102500000000001	6.078125
exclaim	6.109375	4.124375000000001	5.864999999999999
assure	6.179375	3.8931250000000004	6.01
sign	6.125624999999999	3.6681250000000003	6.006875
preserve	6.300625000000002	4.059375	5.815625000000001
commerce	5.134999999999999	4.056875	5.4075
plant	5.1743749999999995	3.716875	5.034999999999999
walk	5.982500000000001	3.521875	5.864375
difference	6.023749999999999	3.885624999999999	5.86375
hang	5.51625	3.8812500000000005	5.695625
following	5.946875	3.8237500000000004	5.843124999999999
employ	5.726874999999999	3.9406250000000007	6.121874999999999
