deal	6.138125	4.39875	5.7675
study	5.866874999999999	4.181875000000001	5.800625000000001
afford	5.563749999999999	3.7150000000000003	5.6425
service	5.489375000000001	4.133125	5.438125
height	5.494374999999999	3.535	5.685625
prospect	5.729375	4.59	5.40375
pleasant	6.7887499999999985	4.015	6.401874999999999
shade	6.135624999999999	3.9293749999999994	5.77
listen	5.9750000000000005	4.364375	5.719374999999999
mighty	5.8775	4.52	5.51375
country	5.301875	3.9999999999999996	5.40375
title	5.79125	4.237500000000001	5.783125
choose	5.9925	3.79125	5.835624999999999
village	5.909375000000001	3.940625	5.695
acquire	5.970625	4.1899999999999995	6.054375
rank	5.768125000000001	4.45375	5.6293750000000005
bow	5.336249999999999	4.325	5.2825
doctor	5.813750000000001	4.0475	5.4675
talent	6.118749999999999	4.4712499999999995	6.009375000000001
source	6.014375	4.11375	5.913749999999999
lead	6.049999999999999	4.075625	6.0337499999999995
question	5.685624999999999	4.1537500000000005	5.765624999999998
publish	5.445625000000001	3.588125	5.679375
interest	5.8075	4.031249999999999	5.725625000000001
serve	5.943124999999999	3.7768749999999995	6.016875000000001
divine	6.451250000000001	4.491875	5.67375
put	5.858124999999999	3.8924999999999996	5.63
shadow	5.550625	3.875625	5.454374999999999
practical	5.711250000000001	4.05125	5.78125
surface	5.467499999999999	3.5112499999999995	5.220625000000001
account	5.89375	3.8500000000000005	5.844374999999999
loss	4.9275	4.237500000000001	5.054375
indian	4.6606250000000005	4.414375000000001	4.8187500000000005
vine	5.272500000000001	3.8287499999999994	5.196875
certain	5.94	3.7812499999999996	5.858125
sin	5.25875	4.3500000000000005	5.154375
necessity	5.135	4.14875	5.14375
lose	5.749375000000001	3.8712500000000003	5.699375
private	5.752500000000001	4.100625000000001	5.751875
gentleman	5.97	3.71125	5.785625
daughter	6.3999999999999995	4.404375000000001	5.726875
drive	5.11625	4.593125000000001	5.185
strange	6.09625	4.598125	5.713750000000001
journey	5.897499999999999	3.96375	5.748749999999999
uncle	5.525	4.314375	5.4174999999999995
species	5.49625	4.3725000000000005	5.447500000000001
think	6.001250000000001	3.933125	5.6475
bed	6.128750000000002	3.8024999999999998	5.691875
wind	5.461874999999999	4.521250000000001	5.22875
bless	6.515	4.104375	5.8843749999999995
destroy	4.249375	4.706874999999998	4.898124999999999
author	5.951874999999999	4.2212499999999995	5.789374999999999
sustain	5.010000000000001	4.185625	5.290625
black	5.17125	4.110625	5.16
event	5.315	4.186875	5.4075
liberty	4.878125	4.831875	4.971875
negro	4.8475	4.00625	5.07375
little	6.065	3.8237499999999995	5.693125000000001
fortune	5.70625	4.590624999999999	5.55375
touch	6.213125	3.7606250000000006	5.746249999999999
kill	4.978750000000001	4.796875	5.2162500000000005
feature	5.570625	3.9537499999999994	5.706874999999999
happiness	6.804375	4.494375	6.2631250000000005
assume	5.791874999999999	3.8087500000000007	5.777499999999999
notion	6.033125000000001	4.63	5.803125
purchase	5.52625	4.770625	5.644374999999999
faithful	6.418750000000001	4.303750000000001	5.93625
soldier	5.585624999999999	4.310625	5.510000000000001
father	6.231249999999999	4.2075	5.599374999999999
narrow	5.616875000000001	3.606875	5.345625000000001
great	5.675624999999998	3.80625	5.878125000000001
tear	5.499375	4.374375	5.135624999999999
honorable	5.363124999999999	4.278124999999999	5.819999999999999
previous	5.66625	3.9387499999999998	5.7056249999999995
good	6.175000000000002	3.771875	5.835000000000001
domestic	5.6	4.230625	5.459374999999999
glory	6.5875	4.530625000000001	5.808750000000001
lay	5.791250000000001	3.8662500000000004	5.621250000000002
occasion	5.8343750000000005	4.00875	5.6381250000000005
guard	5.208749999999999	4.398125	5.883125000000001
whole	5.7125	3.7387499999999996	5.383125
mouth	5.445625	3.961875	5.193125
receive	5.714375	3.9537500000000003	5.70375
take	6.076875000000001	3.825624999999999	5.978750000000001
simple	5.890625000000001	3.9643750000000004	6.018750000000001
error	4.9125000000000005	4.570625000000001	5.306875
wisdom	6.503749999999999	4.5875	6.234375
rock	6.074375	3.8525	5.45
decide	6.180625000000001	3.9875	6.215
exclaim	6.066875	4.370000000000001	5.653125
assure	6.123125	4.1137500000000005	5.845
sign	5.82625	3.9493750000000003	5.723750000000001
preserve	6.290625	3.966875	5.938125
commerce	4.999375	4.53125	5.337499999999999
plant	5.654999999999999	3.844375	5.329375
walk	6.088750000000001	3.9293750000000003	5.948124999999999
difference	5.684374999999999	3.6987499999999995	5.86875
hang	5.410625	4.184375	5.26375
following	5.594375000000001	3.7425000000000006	5.711875
employ	5.37125	4.1937500000000005	5.625
