deal	5.9575	4.147500000000001	5.7456249999999995
study	5.681875000000001	4.116874999999999	5.489375000000001
afford	5.65125	3.830625	5.730625
service	5.66125	4.204375	5.5337499999999995
height	5.255625	3.6893750000000005	5.660625
prospect	6.030000000000001	4.6518749999999995	5.7675
pleasant	6.818125000000001	4.053750000000001	6.125
shade	5.989374999999998	3.6231250000000004	5.791875
listen	6.156874999999999	4.19875	5.889374999999999
mighty	5.9275	4.413125	5.564375
country	5.581874999999999	3.674375	5.731875000000001
title	5.588125	4.009375	5.526249999999999
choose	5.936250000000001	3.5175	5.902499999999999
village	5.795	3.6712500000000006	5.501875
acquire	6.033124999999999	3.8249999999999993	6.006875
rank	5.743749999999999	4.4156249999999995	5.580624999999999
bow	5.845	4.1475	5.8100000000000005
doctor	5.227500000000001	4.005625	5.19625
talent	5.897499999999999	4.2875000000000005	5.777499999999999
source	5.633125	3.978749999999999	5.638749999999999
lead	5.7093750000000005	4.08875	5.785625
question	5.32625	3.9518750000000002	5.794375
publish	5.357500000000001	3.7368749999999995	5.3625
interest	5.834374999999999	4.218125	5.87
serve	6.045625	3.4962499999999994	5.791875
divine	6.00625	4.3175	5.715
put	5.7250000000000005	3.715	5.513125
shadow	6.0825000000000005	3.8137499999999998	5.76625
practical	5.4906250000000005	3.875625	5.3431250000000015
surface	5.26875	3.55375	4.97875
account	5.761875000000002	3.4949999999999997	5.73
loss	4.074375	4.489375000000001	4.914375000000001
indian	4.995625000000001	4.23375	5.119375000000001
vine	5.626249999999999	3.8250000000000006	5.321875
certain	5.58	3.936875	5.844999999999999
sin	4.35875	4.6525	4.555625000000001
necessity	5.141875	4.151875	5.413749999999999
lose	5.840000000000001	3.8193749999999995	5.8187500000000005
private	5.458125	4.149375	5.535625
gentleman	5.909999999999999	4.159999999999999	5.750000000000001
daughter	6.484375000000001	4.440625	5.623125
drive	5.28875	4.309375	5.510625
strange	5.6918750000000005	4.436249999999999	5.46875
journey	6.149374999999999	4.045625	5.83
uncle	5.698125000000001	4.19	5.486249999999999
species	5.594375	4.015625000000001	5.5081250000000015
think	6.030625000000001	4.063124999999999	5.7125
bed	5.861875	3.725	5.61
wind	5.7856250000000005	3.9199999999999995	5.181875000000001
bless	6.068749999999999	4.069375	5.866250000000001
destroy	3.6437499999999994	4.943125	4.47375
author	5.406875	3.7249999999999996	5.484375
sustain	5.515000000000001	4.214375	5.686249999999999
black	5.39875	3.8962499999999998	5.3637500000000005
event	5.5562499999999995	4.15625	5.6187499999999995
liberty	5.391875000000001	4.356249999999999	5.675000000000001
negro	4.5062500000000005	4.216875	4.585
little	6.039375000000001	3.97	5.655
fortune	5.5249999999999995	4.6175	5.2681249999999995
touch	5.779375000000001	3.9574999999999996	5.635000000000001
kill	5.028750000000001	4.713125	5.019374999999999
feature	5.633750000000001	4.3575	5.559375
happiness	5.923125000000001	4.60125	5.483125
assume	5.584999999999999	3.87	5.9243749999999995
notion	5.922500000000001	4.296250000000001	5.699999999999999
purchase	5.500000000000001	4.184374999999999	5.54625
faithful	5.524375	4.28	5.389375
soldier	4.92125	4.610625	5.4731250000000005
father	6.215000000000002	4.26375	5.58625
narrow	5.296875	3.4700000000000006	5.430625000000001
great	5.6312500000000005	3.838125	5.560625000000001
tear	5.659375	4.4468749999999995	5.481249999999999
honorable	5.7143749999999995	4.441875	5.508125
previous	5.324375	3.501875	5.423125
good	5.9281250000000005	3.75625	5.669375
domestic	5.996875	4.15875	5.840624999999999
glory	5.97625	4.818125	5.6937500000000005
lay	5.618750000000001	3.8162499999999997	5.605
occasion	5.465000000000001	3.9087499999999995	5.503125
guard	5.543125	4.17	5.714375
whole	5.74875	3.4987499999999994	5.796875
mouth	5.40625	3.8668749999999994	5.146875
receive	5.798750000000001	3.6218749999999997	5.804374999999999
take	5.775624999999999	3.6181249999999996	5.58625
simple	5.686249999999999	3.7037499999999994	5.958125
error	4.233750000000001	4.139374999999999	5.005625
wisdom	5.7768749999999995	4.528124999999999	5.8825
rock	5.653125	3.63875	5.400625
decide	5.382499999999999	4.178125	5.765000000000001
exclaim	6.09125	4.04	5.888749999999999
assure	5.543749999999999	3.8637500000000005	5.505000000000001
sign	5.924375	3.8006250000000006	5.743125
preserve	5.648125	3.6550000000000007	5.3256250000000005
commerce	4.814374999999999	3.9943749999999993	5.258125
plant	5.748749999999999	3.71	5.258124999999999
walk	5.791875	3.7425000000000006	5.694375000000001
difference	5.5406249999999995	3.5506249999999997	5.805625
hang	5.6325	3.8868750000000003	5.45125
following	5.566875000000001	3.46625	5.574375
employ	5.42125	3.9337500000000003	5.718125
