deal	6.158125	3.924375	5.978750000000001
study	5.89875	3.9293750000000007	6.182499999999999
afford	5.5512500000000005	3.7399999999999998	5.74875
service	5.6362499999999995	4.0493749999999995	5.513125
height	5.32125	3.5631250000000003	5.50625
prospect	6.226874999999999	4.043125	5.855625
pleasant	6.638125	4.194375	6.160625
shade	6.072499999999999	3.8812500000000005	5.53125
listen	6.157500000000001	3.9099999999999993	6.003125
mighty	5.155625	4.6937500000000005	5.1987499999999995
country	5.8675	3.6950000000000003	5.868125
title	5.8149999999999995	3.9018749999999995	5.716875
choose	5.761249999999999	3.935625000000001	5.766875000000001
village	5.836875	4.059375	5.664999999999999
acquire	5.883750000000001	3.8018750000000003	6.135624999999999
rank	5.969999999999999	4.110625000000001	5.585
bow	5.708125	4.076249999999999	5.835625
doctor	5.6762500000000005	4.26375	5.6025
talent	6.18	4.421249999999999	6.160624999999999
source	5.64125	3.5018750000000005	5.756875000000001
lead	5.961875000000001	3.761875	5.679375
question	5.528125	3.7225000000000006	5.774375
publish	5.5531250000000005	3.599375	5.567499999999999
interest	5.85	3.9331250000000004	6.04125
serve	5.8862499999999995	3.6812499999999995	5.831875
divine	5.983750000000001	4.176875	5.309374999999999
put	6.0375	3.7856249999999996	5.808125
shadow	5.985625	4.060625	5.389375
practical	5.63625	4.015625	5.6325
surface	5.3	3.49125	5.01625
account	5.6775	3.558125	5.631874999999999
loss	5.354375000000001	4.6156250000000005	5.291250000000001
indian	4.920625	4.4781249999999995	4.902500000000001
vine	5.018750000000001	4.051875000000001	4.961875
certain	5.694999999999999	3.4218750000000004	6.003749999999998
sin	4.694375000000001	4.1625000000000005	4.90125
necessity	5.313750000000001	3.9181250000000003	5.446875
lose	5.700625	3.79	5.59
private	5.856875	4.2856250000000005	5.696875
gentleman	6.0493749999999995	3.6956249999999997	5.724374999999999
daughter	6.143125	4.177499999999999	5.660625
drive	5.273125	4.201874999999999	5.344374999999999
strange	5.8618749999999995	4.395625000000001	5.3462499999999995
journey	6.067499999999999	3.8600000000000003	5.663125
uncle	6.17875	3.925	5.621875
species	5.444375	4.0131250000000005	5.536875
think	6.000000000000001	3.595	5.784375000000001
bed	5.313125000000001	4.0425	5.176875
wind	5.495	4.041250000000001	4.996875000000001
bless	6.039375000000001	3.9737500000000003	5.853125
destroy	4.070625	4.396875	4.748124999999999
author	6.14375	3.9993749999999997	5.971875
sustain	5.707500000000001	4.246874999999999	5.84625
black	5.4037500000000005	3.9312499999999995	5.198125
event	5.4875	3.9800000000000004	5.639375
liberty	5.124375000000001	4.880625	5.051875000000001
negro	4.860624999999999	4.135625000000001	4.931875000000001
little	6.043125	3.71125	5.801875000000001
fortune	6.220000000000001	4.175625	5.605
touch	5.89625	3.9231249999999998	5.845625
kill	4.668125000000001	4.73875	5.05375
feature	5.609375	3.9581250000000003	5.625625
happiness	6.29625	4.438750000000001	5.9
assume	5.6518749999999995	3.8218750000000004	5.740625
notion	5.856249999999999	3.8356250000000003	5.773749999999999
purchase	5.940625000000001	4.493125	5.7325
faithful	6.128125	4.434375	5.94125
soldier	4.99	4.596875	5.16625
father	6.075000000000001	4.144375	5.606249999999999
narrow	5.328749999999999	3.801875	5.46
great	5.5475	3.61375	5.78625
tear	5.154375000000001	4.394375	5.257499999999999
honorable	6.141874999999999	4.3149999999999995	5.966875
previous	5.666874999999999	3.7975000000000003	5.7525
good	6.121875000000001	3.5862499999999997	5.923125
domestic	6.08125	3.9350000000000005	5.900625
glory	6.0125	4.2475000000000005	5.501875000000001
lay	5.500624999999999	3.9406250000000003	5.64
occasion	5.8825	3.423125	5.871875000000001
guard	5.161249999999999	3.955625	5.321250000000001
whole	5.593749999999999	3.7412500000000004	5.7375
mouth	5.374999999999999	4.091874999999999	5.31625
receive	5.923749999999999	3.8024999999999998	5.920624999999999
take	5.965625000000001	3.6756249999999997	5.741875000000001
simple	5.491875000000001	4.04	5.667500000000001
error	4.6000000000000005	4.015000000000001	5.199375000000001
wisdom	6.146875	4.686249999999999	6.13625
rock	5.404375	3.7537499999999997	5.2906249999999995
decide	5.404375000000001	3.8912499999999994	5.830625
exclaim	6.116249999999999	4.170624999999999	5.964375
assure	5.99625	3.9643749999999995	5.873750000000001
sign	5.925624999999999	3.73375	5.7250000000000005
preserve	5.694375	3.735625	5.61375
commerce	5.209999999999999	4.545625	5.370000000000001
plant	5.202500000000001	3.72875	5.00625
walk	5.668749999999999	3.6649999999999996	5.800625
difference	5.5475	3.92875	5.82
hang	5.585000000000001	3.9525	5.62875
following	5.629375	3.7818750000000003	5.767499999999999
employ	5.55375	3.9556250000000004	5.674375
