deal	5.661249999999999	4.431249999999999	5.742500000000001
study	5.9125000000000005	4.1975	6.194375000000001
afford	5.576875	3.8599999999999994	5.540000000000001
service	5.726875000000001	4.088125	5.914375
height	5.25875	3.493125	5.249375
prospect	5.671250000000001	4.393749999999999	5.77375
pleasant	6.695624999999998	4.170000000000001	5.779375
shade	5.7543750000000005	3.65125	5.181875
listen	5.830000000000001	3.9549999999999996	5.88
mighty	5.614375000000001	4.331874999999999	5.307500000000001
country	5.286874999999999	3.975	5.80125
title	5.628125	4.036875	6.0287500000000005
choose	5.626249999999999	3.973749999999999	5.92
village	4.99625	4.0275	5.053749999999999
acquire	5.96125	4.354375	6.05625
rank	5.822500000000001	4.364999999999999	5.9174999999999995
bow	5.275625	3.9962499999999994	5.499375000000001
doctor	5.660625000000001	3.9906250000000005	5.680625
talent	6.246874999999999	4.436875000000001	6.1868750000000015
source	5.7825	3.9025	5.895625
lead	5.405625	4.149375	5.6425
question	5.403749999999999	3.8018749999999994	5.514375
publish	5.26875	3.7600000000000002	5.894375000000001
interest	5.759999999999999	4.28125	6.085000000000001
serve	5.658125	3.93	5.680000000000001
divine	5.83	3.994375	5.59625
put	4.996249999999999	4.144375	5.506875
shadow	5.5093749999999995	3.864375	4.88875
practical	5.432499999999999	3.9624999999999995	5.8475
surface	5.46125	3.8318749999999993	5.206875000000001
account	5.410625	3.6606249999999996	5.6468750000000005
loss	4.788749999999999	4.725625000000001	5.0562499999999995
indian	4.631875	4.674375	4.648124999999999
vine	5.307499999999999	3.58875	4.989375
certain	5.341875000000001	4.008125	5.6825
sin	4.38125	4.676249999999999	4.7993749999999995
necessity	5.365000000000001	4.150625000000001	5.769375
lose	5.665	4.001875	5.741874999999999
private	5.833750000000001	4.1518749999999995	6.011875
gentleman	5.866249999999999	3.7787499999999996	5.9425
daughter	5.565624999999999	4.130625	5.6656249999999995
drive	5.261875000000001	4.284375	5.4675
strange	5.858125	4.219374999999999	5.519374999999999
journey	5.713749999999999	3.9443750000000004	5.2093750000000005
uncle	5.902500000000001	3.8243750000000007	5.671249999999999
species	5.5687500000000005	4.0981250000000005	5.588750000000001
think	5.931875000000001	3.9775	5.76875
bed	5.232499999999999	3.669375	5.557499999999999
wind	5.536875	4.065	4.9918749999999985
bless	5.435624999999998	4.181875000000001	5.685625000000001
destroy	4.00375	4.6274999999999995	4.977500000000001
author	5.366874999999999	4.015625	6.027500000000001
sustain	5.545625	4.18	5.805000000000001
black	4.96875	3.968125	5.004375
event	5.3500000000000005	4.165	5.524375000000001
liberty	5.524375	4.203749999999999	5.751250000000001
negro	4.41375	4.243125	4.4825
little	5.724375	3.498125	5.713125000000002
fortune	5.904374999999999	4.479375	5.986249999999999
touch	5.821249999999999	3.832499999999999	5.900625
kill	4.353749999999999	4.686250000000001	4.774375
feature	5.621875	4.0625	5.290000000000001
happiness	6.44375	4.543125000000001	5.976875
assume	4.973125	4.170625	5.430625000000001
notion	5.343125	4.155625000000001	5.618125
purchase	5.708125000000001	4.4712499999999995	5.774374999999999
faithful	6.100625	3.9443749999999995	6.0218750000000005
soldier	5.1137500000000005	4.375	5.294375
father	5.9125000000000005	4.130624999999999	5.95875
narrow	5.358750000000001	3.5675000000000003	5.4075
great	5.411250000000001	3.9699999999999993	5.686875
tear	4.903125	4.213749999999999	5.171875
honorable	6.079374999999998	4.355625	5.891875000000001
previous	5.302499999999999	3.8150000000000004	5.621250000000001
good	5.65875	3.9037499999999996	5.6693750000000005
domestic	5.168125000000001	3.79	5.189375
glory	6.2475000000000005	4.989375	5.931875000000001
lay	4.650624999999999	4.109999999999999	5.06625
occasion	5.32	4.11375	5.7006250000000005
guard	5.110625	3.807499999999999	5.390625
whole	5.23875	3.7662499999999994	5.503125
mouth	4.736250000000001	4.046250000000001	5.27875
receive	5.4593750000000005	3.7600000000000002	5.798750000000002
take	5.792499999999999	3.8556250000000007	5.880624999999999
simple	5.23625	4.110625	5.3062499999999995
error	4.375	4.12875	5.078749999999999
wisdom	5.56125	4.838125000000001	5.672499999999999
rock	5.614375	4.22	5.156249999999999
decide	5.39	3.9474999999999993	5.80875
exclaim	5.732500000000001	4.10125	5.721875
assure	5.932500000000001	4.1175	5.989375
sign	5.509375000000001	3.839375	5.624375000000001
preserve	5.194375000000001	3.948125	5.49375
commerce	5.12	4.41	5.392499999999999
plant	5.776250000000001	3.455	5.248125
walk	5.57125	3.8699999999999997	5.61875
difference	5.3	3.9725	5.5131250000000005
hang	5.4025	3.8450000000000006	5.318125000000001
following	5.52	3.6287499999999997	5.90125
employ	5.104999999999999	4.2681249999999995	5.37375
