deal	6.0649999999999995	4.0356250000000005	5.9425
study	5.687500000000001	4.033125	5.644375
afford	5.354374999999998	3.72375	5.765000000000001
service	5.376874999999999	4.325625	5.348750000000001
height	5.295625	3.5	5.1075
prospect	5.816249999999999	4.2299999999999995	5.637500000000001
pleasant	6.449375	4.399375	5.976249999999999
shade	5.879375	4.14	5.553125
listen	6.285	4.256875	6.068124999999999
mighty	5.694375000000001	4.608749999999999	5.456250000000001
country	5.559374999999999	3.698125	5.32375
title	5.706875	3.86875	5.509375
choose	5.7837499999999995	3.7150000000000003	5.70625
village	5.4781249999999995	4.101875	5.281875
acquire	6.236875	3.909375	6.265625
rank	5.879375000000001	4.125625	5.835000000000001
bow	5.5925	3.847500000000001	5.705625
doctor	5.2075000000000005	3.9587499999999998	5.189374999999999
talent	5.673749999999999	4.324375000000001	5.715624999999999
source	5.9775	3.71625	5.995
lead	5.92375	3.9562500000000003	5.85625
question	5.605625000000001	3.9506250000000005	5.6625
publish	5.352500000000001	3.7462499999999994	5.6606250000000005
interest	6.118125	4.236875	5.809374999999999
serve	5.837500000000001	3.720625	5.966875
divine	6.0062500000000005	4.2562500000000005	5.451875
put	5.379374999999999	3.6843749999999997	5.58875
shadow	5.4225	4.141875000000001	5.065624999999999
practical	5.625000000000001	4.176875	5.414375
surface	5.0512500000000005	3.7368749999999995	5.040624999999999
account	5.7575	3.6075	5.78
loss	4.8999999999999995	4.374375000000001	5.069999999999999
indian	5.0600000000000005	4.553125	4.906875
vine	5.458749999999999	3.780625	5.0893749999999995
certain	5.748125	3.705625	5.75125
sin	4.5525	4.5725	4.986250000000001
necessity	5.02125	4.005	5.104375
lose	5.923125000000001	4.119375	5.885625
private	5.355	4.007500000000001	5.045
gentleman	5.8843749999999995	3.685	5.6475
daughter	5.868125000000002	4.56375	5.51875
drive	5.555	4.109375	5.391875000000001
strange	5.812499999999999	3.9175000000000004	5.563750000000001
journey	5.40875	4.134375	5.0893749999999995
uncle	5.414375000000001	3.86875	5.3637500000000005
species	5.188750000000001	3.6956250000000006	5.156875
think	6.389375	3.8293749999999998	6.108125
bed	5.091874999999999	3.5825000000000005	5.233750000000001
wind	5.549375	4.340625000000001	5.208749999999999
bless	5.733125	4.288749999999999	5.736875
destroy	5.291874999999999	4.04125	5.445625
author	5.615000000000001	3.8350000000000004	5.7875
sustain	5.6187499999999995	3.935625	5.606249999999999
black	5.139374999999999	3.991250000000001	5.3374999999999995
event	5.120625	4.02125	5.170625
liberty	5.60625	4.52375	5.459375
negro	4.940625	4.64125	5.109999999999999
little	5.851875	3.7624999999999997	5.810625
fortune	5.49875	4.2056249999999995	5.520000000000001
touch	6.119375	3.596875	5.90125
kill	4.519375	5.075	4.89375
feature	5.27625	4.008125	5.330625
happiness	6.70625	4.763750000000001	6.26625
assume	5.949375	3.8700000000000006	5.834999999999999
notion	5.908125	4.277500000000001	5.528125
purchase	5.503125000000001	4.3425	5.678749999999999
faithful	5.661874999999999	4.190625	5.694999999999999
soldier	4.79375	4.375625	5.2056249999999995
father	5.530625000000001	4.033125	5.469375
narrow	5.376250000000001	3.621875	5.3706249999999995
great	5.486249999999999	3.575625	5.489999999999999
tear	5.41125	4.368124999999999	5.2225
honorable	5.873749999999999	4.03	5.90375
previous	5.6781250000000005	3.590625	5.407499999999999
good	6.256250000000001	3.759375	6.096875000000001
domestic	5.981875	4.0075	5.691875
glory	6.783125000000001	4.98125	6.039375000000001
lay	5.512499999999999	3.6875	5.406875000000001
occasion	5.5649999999999995	3.6368750000000003	5.484375
guard	5.299999999999999	3.8681250000000005	5.464375
whole	5.473749999999999	3.615625	5.39625
mouth	5.4625	4.3225	5.739375
receive	5.614374999999999	3.6075000000000004	5.556875
take	5.827499999999999	3.579375	5.941249999999999
simple	6.233750000000001	3.7787500000000005	6.1812499999999995
error	4.982500000000001	4.1137500000000005	5.418749999999999
wisdom	6.088125	4.64875	5.933125
rock	5.764374999999999	4.013125	5.4075
decide	5.255624999999999	4.029375	5.590000000000001
exclaim	5.486250000000001	4.318125	5.469375
assure	6.229375	4.540625	6.0618750000000015
sign	5.869375000000001	3.454375	5.8843749999999995
preserve	5.9506250000000005	3.82875	5.750624999999999
commerce	5.108124999999999	4.2	5.224374999999999
plant	5.324999999999999	3.9237499999999996	5.114999999999999
walk	5.771875	3.7968750000000013	5.733125000000001
difference	5.512499999999999	3.6681249999999994	5.605625000000001
hang	5.355625	4.068124999999999	5.556875
following	5.463125	3.5725000000000002	5.4837500000000015
employ	5.469375	3.8187500000000005	5.6031249999999995
