deal	5.516249999999999	4.03125	5.809375
study	5.6637499999999985	3.994375	5.6125
afford	5.961250000000001	3.7775	5.998125000000001
service	5.398125	4.248749999999999	5.643125
height	5.381875000000001	3.63375	5.529375000000001
prospect	5.99	4.409999999999999	5.699375
pleasant	6.5649999999999995	4.31875	5.939375
shade	6.21375	3.6118750000000004	5.428124999999999
listen	5.961250000000001	3.8856250000000006	5.99125
mighty	5.168125	4.57875	5.45125
country	5.280624999999999	3.8074999999999997	5.3725000000000005
title	5.414375	3.9481249999999997	5.567500000000001
choose	5.615625	3.9200000000000004	5.886875
village	5.529375	3.9718750000000007	5.495
acquire	5.65875	3.846875	5.95875
rank	5.570625	4.420625	5.830625
bow	5.14	4.3100000000000005	5.72875
doctor	5.025	4.215625	5.161875
talent	6.319999999999999	4.604374999999999	6.279999999999999
source	5.818125	3.728125	5.821875
lead	5.22875	3.89	5.594375
question	5.191250000000001	4.193124999999999	5.665625
publish	5.5925	3.7499999999999996	5.624375
interest	5.293125	4.323125	5.4375
serve	5.62875	3.7537499999999997	5.984375000000001
divine	6.148125000000001	4.18375	5.748125
put	5.753125	3.8062500000000004	5.858124999999998
shadow	5.7924999999999995	3.645	5.145624999999999
practical	5.528125000000001	3.9468749999999995	5.44375
surface	5.323125	3.6725000000000003	5.23
account	5.536875	3.721875	5.56625
loss	4.7318750000000005	4.149375	5.043125
indian	4.858750000000001	4.346875000000001	4.710000000000001
vine	5.9125	3.403125	5.286875
certain	5.08	4.00375	5.626250000000001
sin	4.13	4.67125	4.57
necessity	4.72375	4.403125	5.228125000000001
lose	5.733125	3.7924999999999995	5.654999999999999
private	5.624375	4.15	5.5825
gentleman	6.134999999999999	3.9293750000000007	5.827499999999999
daughter	6.0425	4.555	5.513125
drive	5.758125	4.2524999999999995	5.581875
strange	5.855625	4.336875	5.340625000000001
journey	6.0125	3.9325	5.7906249999999995
uncle	5.4525	3.9656249999999997	5.425
species	5.4425	3.654375000000001	5.539999999999999
think	5.567499999999999	3.859375	5.443125000000001
bed	5.573125	4.00625	5.47125
wind	5.963125	4.171874999999999	5.0425
bless	6.234375	4.420000000000001	5.965625000000001
destroy	4.189374999999999	4.363124999999999	4.9593750000000005
author	5.501250000000001	3.8993749999999996	5.726250000000001
sustain	5.343125000000001	4.354375	5.60625
black	5.614999999999999	3.7925	5.6225
event	5.536875	4.435624999999999	5.528124999999999
liberty	5.195000000000001	4.5225	5.2700000000000005
negro	5.159375	3.9968749999999997	5.398125
little	5.624375	3.8443750000000003	5.63875
fortune	6.068124999999999	4.590625	5.740625
touch	6.071875	3.9243749999999995	5.801875
kill	4.300625	4.661875	4.860625000000001
feature	5.568124999999999	3.970625	5.59
happiness	6.320625	4.430000000000001	5.675
assume	5.3425	4.03875	5.725624999999999
notion	5.595625000000001	3.9925	5.4825
purchase	5.481875	3.724375	5.930000000000001
faithful	5.817499999999999	4.6031249999999995	5.684374999999999
soldier	4.8325	4.758125	5.001250000000001
father	5.936250000000001	4.37875	5.530625000000001
narrow	5.3481250000000005	3.4643750000000004	5.418125000000001
great	5.3812500000000005	3.985625	5.782500000000001
tear	5.24875	4.6381250000000005	5.036874999999999
honorable	5.6293750000000005	4.308125	5.987500000000002
previous	5.697499999999999	3.8493749999999998	5.693125000000001
good	5.407500000000001	3.845625	5.3325000000000005
domestic	6.16125	4.33	5.666874999999999
glory	6.229999999999999	4.68125	5.593125
lay	5.984999999999999	3.9718750000000003	5.514999999999999
occasion	5.746875000000001	4.306875	5.749375000000001
guard	5.343125000000001	4.254375	5.376250000000001
whole	5.576250000000001	3.5925000000000002	5.786250000000001
mouth	5.15375	4.06875	5.565
receive	5.66	3.8031249999999996	5.7475
take	5.6256249999999985	3.7743750000000005	5.779375000000001
simple	5.904375	3.758125	5.896250000000001
error	4.390625000000001	4.4037500000000005	5.163125
wisdom	5.969375	4.374375	5.94
rock	5.296875	3.9493750000000003	5.23375
decide	5.680625	4.241875	5.943125000000001
exclaim	5.644375	4.43	5.453749999999999
assure	5.301875	4.0181249999999995	5.340625
sign	5.39125	3.87875	5.636875
preserve	5.759375000000001	3.888125	5.80875
commerce	5.053125	3.8525000000000005	5.24875
plant	5.935625	3.60625	5.567499999999999
walk	6.161249999999999	3.8131250000000003	5.769999999999999
difference	5.4243749999999995	3.7543749999999996	5.590625
hang	5.635	3.80625	5.634375
following	5.791874999999999	3.6506250000000002	5.700625
employ	5.205	3.7193750000000003	5.801875
