deal	6.175625	4.135	6.085
study	5.890625000000001	3.8662500000000004	5.800624999999999
afford	5.93125	3.919375	5.985625
service	5.935	4.185625	6.001249999999999
height	5.279375	3.62	5.701874999999999
prospect	6.167499999999999	4.234999999999999	5.765625
pleasant	6.5962499999999995	4.578125	5.810625
shade	5.639374999999999	3.6568750000000003	5.4975
listen	5.9368750000000015	3.888749999999999	5.98625
mighty	5.481249999999999	4.69	5.466875
country	5.846875	3.8618749999999995	5.784375
title	5.905625000000001	3.828125	6.023125
choose	5.650625	3.955625	5.828124999999999
village	5.991249999999999	3.354375	5.4625
acquire	6.38625	4.214375000000001	6.07
rank	5.819999999999999	4.39875	5.798125
bow	5.6743749999999995	4.33125	5.79
doctor	5.261875000000001	3.9106249999999996	5.522499999999999
talent	6.307499999999998	4.268125	6.12375
source	5.586875	3.89625	5.808124999999999
lead	5.73375	4.102499999999999	5.6518749999999995
question	5.064375	4.33	5.644375
publish	5.4025	3.8287500000000003	5.708750000000001
interest	5.764999999999999	4.08	5.944375
serve	5.706875	3.771875	5.674375000000002
divine	5.5775	4.495	5.555625000000001
put	5.7718750000000005	3.7750000000000004	5.856874999999999
shadow	5.845000000000001	3.5468749999999996	5.62375
practical	5.610625000000001	4.0687500000000005	5.898124999999999
surface	5.450625	3.511875	5.171875
account	5.7387500000000005	3.896874999999999	5.69625
loss	4.94375	4.235625000000001	5.104374999999999
indian	4.910625	4.4725	4.9818750000000005
vine	5.695	3.9918750000000003	5.310625
certain	5.94875	4.065	6.07625
sin	4.929375	4.7124999999999995	4.85625
necessity	5.516249999999999	4.3374999999999995	5.688124999999999
lose	6.088749999999999	3.863749999999999	5.7875000000000005
private	5.708749999999999	4.048125	5.866875
gentleman	6.191249999999999	3.958125	5.9156249999999995
daughter	6.030625	4.184375	5.729375
drive	4.819375000000001	4.3149999999999995	4.924375
strange	5.604374999999999	4.12875	5.505
journey	5.99875	3.9699999999999998	5.683750000000001
uncle	5.628125	3.8949999999999996	5.430625
species	5.351875	3.9050000000000002	5.426875
think	5.97625	4.08625	5.634375
bed	5.606250000000001	3.3899999999999992	5.445625
wind	5.579375000000001	4.26875	5.564375000000001
bless	6.2825	4.201875	6.0075
destroy	4.358124999999999	4.3656250000000005	5.065625
author	5.47875	4.136875000000001	6.01
sustain	5.4193750000000005	4.508750000000001	5.945625000000001
black	5.588125	4.068124999999999	5.456250000000001
event	5.810625	4.338125	5.9262500000000005
liberty	5.576875	4.371875	5.656875000000001
negro	5.171249999999998	3.99625	5.473750000000001
little	5.899375000000001	3.8362499999999993	5.778124999999999
fortune	6.060625000000001	4.203125	5.5874999999999995
touch	5.9125000000000005	4.034375000000001	5.85
kill	4.219999999999999	4.524374999999999	4.933125
feature	5.130000000000001	4.279375	5.195624999999999
happiness	6.063125000000001	4.4375	5.779375
assume	5.586250000000001	3.983125	6.001875
notion	5.685	4.253124999999999	5.899375
purchase	5.42125	4.250625	5.464999999999999
faithful	6.2281249999999995	4.17125	6.038125
soldier	5.472500000000001	4.7631250000000005	5.591875
father	6.297500000000001	4.1206249999999995	5.766249999999999
narrow	5.1625	3.5662499999999997	5.34375
great	5.95125	4.03625	5.8475
tear	5.659375000000001	4.269375	5.50125
honorable	6.69125	4.433125	6.214375
previous	5.69125	3.9412499999999997	6.060624999999999
good	5.9475	4.133125	5.593125000000001
domestic	5.3931249999999995	4.205	5.3062499999999995
glory	6.13	4.3462499999999995	5.61
lay	5.835624999999999	4.203125	5.772499999999999
occasion	5.748125	4.1187499999999995	5.9625
guard	5.687499999999999	4.118124999999999	5.9262500000000005
whole	5.7375	3.6574999999999998	5.905625000000001
mouth	5.254999999999999	4.015000000000001	5.5962499999999995
receive	5.981875	4.1499999999999995	6.086875
take	5.6925	3.8918749999999998	5.738124999999999
simple	5.885	3.931875	5.911875
error	4.556875000000001	3.99875	5.280625000000001
wisdom	5.909375000000001	4.625624999999999	5.8237499999999995
rock	5.845625	3.735624999999999	5.412499999999999
decide	5.2162500000000005	4.376875000000001	5.716875000000001
exclaim	5.665	3.964375	5.87
assure	5.82125	3.856875	5.86875
sign	5.45875	4.036875	5.499999999999999
preserve	5.795625000000001	3.6287499999999997	5.7575
commerce	5.444999999999999	4.032500000000001	5.548125000000001
plant	5.92125	4.116875	5.453124999999999
walk	5.7543750000000005	3.5424999999999995	5.749375
difference	5.7575	3.965	6.028124999999999
hang	5.4825	3.9612499999999997	5.4475
following	5.580000000000001	3.669375	5.858750000000001
employ	5.396249999999999	4.194999999999999	5.750624999999999
