deal	5.994999999999999	4.390000000000001	5.760625
study	5.851249999999999	3.994375	5.790625
afford	5.968749999999999	3.719375	6.09625
service	5.805624999999999	4.1075	5.6274999999999995
height	5.21	3.6756249999999997	5.437499999999999
prospect	5.84	4.0093749999999995	5.686250000000001
pleasant	6.338749999999999	4.170625	5.75625
shade	5.537500000000001	3.5362500000000003	5.6625000000000005
listen	5.655625	4.214375	5.595
mighty	5.769375	4.50375	5.548125
country	5.593125000000001	4.01	5.9075
title	5.871250000000002	4.20375	6.056874999999999
choose	5.911875	3.8806249999999998	6.0275
village	5.545625	3.779375000000001	5.4125
acquire	5.9087499999999995	4.008125000000001	6.243125
rank	5.735624999999999	4.39625	5.69125
bow	5.601249999999999	3.8975000000000004	5.684374999999999
doctor	5.57625	4.04125	5.439374999999999
talent	6.453749999999999	4.21375	5.9593750000000005
source	6.0443750000000005	3.87	6.1256249999999985
lead	5.524375	3.86	5.359999999999999
question	5.4781249999999995	3.8212499999999996	5.723125
publish	5.4643749999999995	3.7175	5.533749999999999
interest	5.753125000000001	4.136875	5.736249999999999
serve	5.965624999999999	3.806875	5.851875000000001
divine	6.2775	4.3793750000000005	5.617500000000001
put	5.667499999999999	4.075	5.545625
shadow	5.105625	3.724375	5.2124999999999995
practical	5.563124999999999	3.888124999999999	5.635625000000001
surface	5.221875	3.77875	5.22875
account	5.7593749999999995	3.896875	5.819375
loss	5.324999999999998	4.651875	5.316875
indian	4.495625	4.381875	4.6025
vine	5.188124999999999	3.58625	5.284375
certain	5.58625	3.9631250000000002	5.63125
sin	4.68375	4.84	4.816874999999999
necessity	5.091875	4.023125	5.521875
lose	5.871250000000002	4.35375	5.561875
private	5.592499999999999	4.389375	5.886875
gentleman	6.173125	4.39875	5.8149999999999995
daughter	6.24125	4.526249999999999	5.806875000000001
drive	5.585624999999999	4.335625	5.432499999999998
strange	5.9425	4.648125	5.715625
journey	6.038124999999999	4.194375000000001	5.38625
uncle	6.480625	4.1425	5.72125
species	5.041874999999999	4.37625	5.157500000000001
think	5.46375	4.2825	5.376250000000001
bed	5.420000000000001	3.6975	5.481249999999999
wind	5.588125000000001	4.47125	5.4037500000000005
bless	5.945625000000001	4.12875	5.8287499999999985
destroy	4.35125	4.65375	4.635000000000001
author	5.704375000000001	4.201875	5.863125000000001
sustain	5.574999999999999	4.2212499999999995	5.761875
black	5.755	4.150625	5.46
event	5.84625	4.010624999999999	5.85
liberty	5.0981250000000005	4.166874999999999	5.4425
negro	4.952500000000001	3.71	5.32125
little	5.959999999999999	3.949375	5.728125
fortune	6.223125	4.631875	5.888124999999999
touch	6.12875	3.9606250000000003	5.85375
kill	4.890625	4.7162500000000005	5.119375000000001
feature	5.3825	3.9512500000000004	5.409374999999999
happiness	5.99875	4.521875	5.5275
assume	5.8725	3.9737499999999994	6.164375
notion	5.675624999999999	3.933125	5.592499999999999
purchase	5.875624999999999	4.382499999999999	6.046875
faithful	5.338124999999999	4.200625	5.4
soldier	5.015625000000001	4.1525	5.1525
father	6.471875000000001	4.284375	5.8
narrow	5.30875	3.81625	5.429375
great	5.6975	3.96125	5.79125
tear	5.125000000000001	4.309374999999999	5.010624999999999
honorable	5.195000000000001	4.001249999999999	5.606250000000001
previous	5.886875	3.7837499999999995	6.067500000000001
good	5.8412500000000005	3.9931249999999996	5.718749999999999
domestic	5.636875	4.255	5.789375
glory	6.935625000000001	4.7775	5.938125000000001
lay	5.925624999999998	3.883125	5.642499999999999
occasion	5.835	4.1137500000000005	5.86875
guard	5.09375	4.00625	5.352500000000001
whole	6.0543749999999985	3.663125	5.850624999999999
mouth	5.016875	3.88875	5.6743749999999995
receive	5.92125	3.8987499999999997	6.007499999999999
take	5.86125	3.965625	5.7093750000000005
simple	5.66125	4.076875	5.865625
error	5.2437499999999995	3.8318749999999997	5.488125
wisdom	5.796249999999999	4.434375000000001	5.58625
rock	5.6031249999999995	4.0531250000000005	5.27375
decide	5.59375	4.054375	5.761875
exclaim	5.952500000000001	3.9118749999999998	5.8187500000000005
assure	5.6850000000000005	4.2906249999999995	5.728749999999999
sign	5.67375	3.8131250000000003	5.744375
preserve	5.904375	4.282500000000001	5.643125
commerce	4.939375	4.526250000000001	5.350624999999999
plant	5.28875	3.7800000000000002	5.474374999999999
walk	5.890625	3.745625000000001	5.731875
difference	5.825624999999999	3.710625	5.750624999999999
hang	5.835	3.7649999999999997	5.726875
following	5.64625	3.7825	5.63
employ	5.598750000000001	4.328125	5.7006250000000005
