deal	5.9025	3.9187499999999997	6.0375
study	5.833124999999999	4.143749999999999	5.839375000000001
afford	5.95125	3.683749999999999	6.231250000000001
service	5.6531249999999975	3.9106250000000005	5.739375
height	5.155	3.6200000000000006	5.611875
prospect	5.977499999999999	4.355625	5.7325
pleasant	6.874999999999999	4.467500000000001	6.3118750000000015
shade	5.591874999999999	3.8874999999999997	5.34875
listen	6.491249999999999	3.93375	6.190625
mighty	5.650625	4.210000000000001	5.23125
country	5.63	3.8368750000000005	5.726875
title	5.515625000000002	3.8456249999999996	5.654999999999999
choose	5.570625000000001	3.8474999999999993	5.861875000000001
village	5.58375	3.92125	5.5600000000000005
acquire	5.930625000000001	4.033124999999999	6.17375
rank	5.968125000000001	4.326875	6.061249999999999
bow	5.92125	4.105625	5.840624999999999
doctor	5.435625	3.9412499999999993	5.418749999999999
talent	6.2700000000000005	4.286874999999999	6.381875
source	5.714375000000001	3.700625	5.821250000000001
lead	6.15125	3.9175	6.1468750000000005
question	5.280625	4.028125	5.595000000000001
publish	5.3706249999999995	3.9631250000000002	5.588125
interest	5.80125	4.08375	6.163124999999999
serve	6.123749999999999	4.113125	6.121874999999999
divine	6.293124999999999	4.189375	5.706875
put	5.5218750000000005	3.710625	5.634999999999999
shadow	5.456250000000002	4.109375	5.116874999999999
practical	5.7387500000000005	3.9431249999999998	5.776250000000001
surface	4.904375	3.6187499999999995	5.164375000000001
account	5.691250000000001	4.0131250000000005	6.01875
loss	5.279375	4.7562500000000005	5.1343749999999995
indian	5.08625	4.151875	5.2275
vine	4.68625	3.893125	5.125625
certain	5.792499999999999	3.9081249999999996	6.0493749999999995
sin	5.4175	4.35125	5.489375000000001
necessity	5.235625	4.040625	5.5318749999999985
lose	6.246875	3.7687499999999994	5.881875000000001
private	5.6475	4.1743749999999995	5.873125000000001
gentleman	6.07625	3.8325	5.903125
daughter	6.649375000000001	4.46	5.9925
drive	5.37375	4.45375	5.445
strange	6.296249999999999	4.145625000000001	5.733124999999999
journey	5.924375	3.9793750000000006	5.64875
uncle	5.9350000000000005	4.015	5.509375
species	5.638125	3.848125	5.405625000000001
think	6.1675	3.99375	6.03375
bed	5.786250000000001	3.7712499999999998	5.547499999999999
wind	5.768750000000001	4.428749999999999	5.53
bless	6.491875	4.405	6.014375
destroy	5.28875	3.9187499999999997	5.555625000000001
author	5.69625	4.1675	5.9175
sustain	5.7675	4.2125	5.826874999999999
black	5.391875000000001	4.07875	5.290625
event	5.679374999999999	3.9362500000000002	5.770625000000001
liberty	5.520000000000001	4.25375	5.4556249999999995
negro	4.7906249999999995	4.774375	4.8425
little	6.1175	3.771874999999999	5.958125000000001
fortune	5.774374999999999	4.4975	5.7725
touch	6.453124999999999	3.9356250000000004	6.1675
kill	4.713750000000001	4.895625000000001	4.985
feature	5.856874999999999	4.2075	6.02625
happiness	6.396875	4.636875	5.8125
assume	5.730624999999998	3.9637500000000006	5.95
notion	5.768749999999999	3.8662500000000004	6.091875
purchase	5.955	4.21125	5.59
faithful	6.1262500000000015	4.036875	6.0493749999999995
soldier	5.311875	4.3412500000000005	5.251875
father	6.295000000000001	4.081875	5.769374999999999
narrow	5.413125000000001	3.488125	5.5443750000000005
great	5.697499999999999	3.9050000000000002	6.073125
tear	6.1137500000000005	4.596875	5.703749999999999
honorable	5.76	4.495625	5.828125000000001
previous	5.465000000000001	3.7143749999999995	5.758749999999999
good	6.253125	3.945	6.040625
domestic	6.030625	4.209375	6.07375
glory	6.746249999999999	4.809375	5.798125
lay	5.74625	3.738750000000001	5.73375
occasion	5.865625	4.014375	6.273749999999999
guard	5.33375	3.84375	5.395625
whole	5.19375	3.79625	5.640625
mouth	5.1899999999999995	4.000625	5.370000000000001
receive	5.823125000000001	3.904375	5.874375
take	6.1031249999999995	3.6125000000000003	6.018750000000001
simple	5.988749999999999	4.08125	6.150000000000001
error	5.24875	3.9887500000000005	5.679374999999999
wisdom	6.270625	4.414375	6.201875000000001
rock	5.61875	3.860625	5.328125
decide	5.4331249999999995	4.015	5.8
exclaim	6.3062499999999995	4.173125	6.019375
assure	5.9575000000000005	4.1225000000000005	6.014375
sign	5.77625	3.9562500000000007	5.7025
preserve	6.015000000000001	4.16375	5.952500000000001
commerce	5.224374999999999	3.9381250000000003	5.52375
plant	4.813750000000001	4.028125	4.9593750000000005
walk	5.908125	3.5306250000000006	5.9725
difference	5.7456249999999995	4.022500000000001	6.241250000000001
hang	5.555	3.9262500000000005	5.347499999999999
following	5.650625000000001	3.48875	5.765000000000001
employ	5.525625	4.108125	5.918749999999999
