deal	6.091874999999999	3.925	6.045625000000001
study	5.900625	4.175625	5.7681249999999995
afford	6.030625	3.8456249999999996	5.890625
service	5.48	4.06125	5.495625
height	5.067499999999999	3.6125000000000003	5.250625
prospect	6.29125	4.4275	6.027499999999999
pleasant	6.565625	4.449375	5.868125000000001
shade	6.015	4.046250000000001	5.535625
listen	5.728750000000001	3.9812499999999997	5.851875
mighty	5.860625	4.78625	5.60125
country	5.83	3.988125	5.956874999999999
title	6.1781250000000005	3.9781249999999995	5.8625
choose	5.486249999999999	3.8162499999999997	5.618125
village	5.414375	3.9575000000000005	5.164374999999999
acquire	5.820000000000001	4.031875	6.113124999999999
rank	5.870624999999999	4.446875	5.7768749999999995
bow	5.2875	4.375625	5.460625
doctor	5.063125	3.841875	5.000000000000001
talent	6.16875	4.1025	5.848750000000001
source	5.991875	3.829375	5.942500000000001
lead	5.64125	3.8474999999999997	5.689375000000001
question	5.635625	4.025	5.6475
publish	5.520000000000001	3.9293750000000003	5.885625
interest	5.887499999999999	4.123125	6.041875000000001
serve	6.08	3.763125	5.89875
divine	6.598125	4.121250000000001	5.6937500000000005
put	5.7825	3.6062499999999997	5.8075
shadow	5.317499999999999	4.19	5.21375
practical	5.720625000000001	4.146875	5.873125
surface	5.484999999999999	3.6137500000000005	5.149374999999999
account	5.834375	3.923125	5.687499999999999
loss	4.801875	4.059375	5.015624999999999
indian	5.213125	4.018125	5.013749999999999
vine	5.592500000000001	3.915625	5.1450000000000005
certain	5.955	4.15375	5.953125000000001
sin	4.1975	4.632499999999999	4.36375
necessity	5.07625	4.441875	5.2787500000000005
lose	5.361875	3.7449999999999997	5.321875
private	5.35875	4.175625	5.425000000000001
gentleman	6.026875	4.06875	5.79
daughter	6.254375000000001	4.1325	5.796875
drive	5.2406250000000005	4.331875	5.298125
strange	6.0649999999999995	4.266875000000001	5.5912500000000005
journey	5.380624999999999	3.74125	5.179375
uncle	5.945625000000001	3.7943749999999996	5.588125
species	5.57	4.08625	5.795
think	5.795000000000001	3.6837499999999994	5.646250000000001
bed	5.456875	4.009375	5.2725
wind	5.784375000000001	4.2125	5.2993749999999995
bless	5.988124999999999	3.9699999999999998	5.736250000000001
destroy	4.399375000000001	4.609375	5.06
author	5.868125	3.9931250000000005	5.65625
sustain	5.76875	4.25125	5.8475
black	5.560625	3.959999999999999	5.364375000000001
event	5.616249999999999	4.312500000000001	5.380625
liberty	5.805625	4.27875	5.700000000000001
negro	4.5825	4.679375000000001	5.04125
little	6.071875000000001	3.5962499999999995	5.901250000000001
fortune	6.564375	4.30875	6.0512500000000005
touch	6.00875	3.80875	5.863125
kill	5.05625	4.18	5.307500000000001
feature	5.390625	4.180625	5.3425
happiness	6.47375	4.78	5.896875
assume	5.550624999999999	4.175625	5.79625
notion	6.078125000000001	4.216875	5.899375
purchase	5.670000000000001	4.019375	5.695625
faithful	5.5356250000000005	4.1431249999999995	5.47125
soldier	5.596874999999999	4.333749999999999	5.945625000000001
father	5.76125	4.2681249999999995	5.505625
narrow	5.3237499999999995	3.7218750000000003	5.307499999999999
great	5.751249999999999	3.9931250000000005	5.818125
tear	5.120625	4.261249999999999	5.15625
honorable	6.209999999999998	4.22625	5.96875
previous	5.7143749999999995	4.0093749999999995	5.803750000000001
good	5.794375	3.7312499999999997	5.726249999999999
domestic	5.443750000000001	4.109999999999999	5.5225
glory	6.814375000000001	4.520625	5.793125000000001
lay	5.555625000000001	3.6281250000000003	5.66875
occasion	5.750624999999999	3.855	5.576874999999999
guard	5.383749999999999	4.194999999999999	5.586875
whole	5.586250000000001	3.955625	5.863125
mouth	5.560625000000001	3.7975	5.514374999999999
receive	5.7575	3.8700000000000006	5.751874999999999
take	5.839375	3.5281249999999997	5.6875
simple	6.240625	3.980625	6.114375000000001
error	5.186250000000001	4.13875	5.157499999999999
wisdom	6.260624999999999	4.235625	5.690625000000001
rock	5.681875	3.7325000000000004	5.339999999999999
decide	5.349375	4.3	5.591875
exclaim	5.99375	4.148124999999999	5.96375
assure	5.9887500000000005	3.9562500000000003	5.868125
sign	5.863750000000001	3.665625	5.991874999999999
preserve	5.971875000000001	3.7449999999999997	6.0406249999999995
commerce	5.805625	4.149375	5.836875000000001
plant	5.397500000000001	3.91375	5.198125000000001
walk	5.7625	3.476875	5.732500000000001
difference	5.369375	3.859374999999999	5.684375
hang	5.195000000000001	4.20375	5.3100000000000005
following	5.560625000000001	3.845625000000001	5.78125
employ	5.83125	3.8125000000000004	5.5424999999999995
