deal	6.261875000000001	3.888125	6.017500000000001
study	5.393125000000001	4.035625	5.738124999999999
afford	5.87875	3.7781249999999997	5.968125000000001
service	5.44875	4.084375	5.605624999999999
height	5.175000000000001	3.81875	5.3275
prospect	6.031875	4.436249999999999	5.612499999999998
pleasant	6.604374999999999	4.476875000000001	6.163125
shade	6.152499999999999	4.0531250000000005	5.61875
listen	6.230625000000001	4.385000000000001	6.06375
mighty	5.9425	4.343125000000001	5.6325
country	5.62625	3.8299999999999996	5.545625
title	5.702499999999999	3.9224999999999994	5.645625
choose	5.699375000000001	4.016249999999999	5.847499999999999
village	5.71125	3.911875	5.295625
acquire	6.496250000000001	4.177499999999999	6.145625
rank	6.020000000000001	4.315	5.864375
bow	5.766249999999999	4.1068750000000005	5.79125
doctor	6.005625	3.9524999999999997	5.639374999999999
talent	6.420625	4.566875	6.168750000000001
source	6.0175	3.92875	5.9418750000000005
lead	5.632500000000001	3.8674999999999993	5.765625000000001
question	5.504375	3.891875	5.711250000000001
publish	4.98375	3.931875	5.64625
interest	5.6556250000000015	3.7850000000000006	5.713125
serve	5.885624999999999	3.7506250000000003	6.177499999999999
divine	6.217499999999999	4.136874999999999	5.582499999999999
put	5.733749999999998	3.9881249999999997	5.551875
shadow	6.09875	4.156874999999999	5.28125
practical	5.36875	3.7356249999999998	5.422499999999999
surface	5.307499999999999	3.8637499999999996	5.1381250000000005
account	5.943125000000001	3.6425000000000005	5.698125000000001
loss	4.055625	4.3412500000000005	4.576250000000001
indian	5.4468749999999995	4.233750000000001	5.085
vine	5.814374999999999	3.752500000000001	5.508125000000001
certain	5.78375	3.7775000000000007	6.05
sin	4.7787500000000005	4.2524999999999995	4.78
necessity	4.88625	3.8975	5.125
lose	5.7025	3.8875	5.596874999999999
private	5.5356250000000005	3.9549999999999996	5.596875000000001
gentleman	6.317500000000001	3.88375	5.846875000000002
daughter	6.7212499999999995	4.61125	5.880625
drive	5.693749999999999	4.558750000000001	5.3637500000000005
strange	5.784375000000001	4.06625	5.499375000000001
journey	5.7825	4.048749999999999	5.425625
uncle	5.925625	3.9231249999999998	5.465000000000001
species	5.81375	3.791875	5.511875000000001
think	6.151250000000001	3.7218750000000003	5.758125000000001
bed	5.673750000000001	3.741250000000001	5.416875
wind	5.390000000000001	4.4025	5.02375
bless	6.208749999999999	4.368125	6.02
destroy	4.0668750000000005	4.55875	4.77
author	5.6175	4.065625	6.010624999999999
sustain	5.406874999999999	4.14125	5.569375
black	5.49375	3.873125	5.399375000000001
event	5.658125	3.90625	5.529375
liberty	5.645625000000001	4.315625	5.590625000000001
negro	5.091875000000001	4.3875	5.100625
little	6.160000000000001	3.734374999999999	5.746874999999999
fortune	5.98625	4.38125	5.561875
touch	6.1225	3.96625	5.793125
kill	5.129375	4.60625	4.934374999999999
feature	5.685624999999999	4.1000000000000005	5.685
happiness	6.083750000000001	4.583124999999999	5.545
assume	6.046250000000001	3.935	5.891249999999999
notion	5.645625000000001	4.25	5.624374999999999
purchase	5.588124999999999	3.875625	5.33125
faithful	6.398750000000001	4.160625	6.30375
soldier	5.4075	4.350625000000001	5.308750000000001
father	6.11875	4.205	5.5649999999999995
narrow	5.278124999999999	4.034999999999999	5.4375
great	5.773125	3.7725	5.724375
tear	5.694374999999999	4.253749999999999	5.376874999999999
honorable	5.597499999999999	4.24375	5.774375
previous	5.56375	3.9068750000000003	5.598125
good	5.813125000000001	3.85625	5.715625
domestic	6.187500000000001	3.9575	5.8025
glory	6.544374999999999	4.644374999999999	5.955
lay	5.645624999999999	4.180625000000001	5.626875
occasion	5.868125000000001	3.9062500000000004	5.976875
guard	5.4281250000000005	3.890624999999999	5.81625
whole	5.534375000000001	3.8506250000000004	5.259375
mouth	5.06625	4.379375	5.541874999999999
receive	6.0443750000000005	3.683749999999999	5.86125
take	5.809374999999999	3.8456250000000005	5.720625000000001
simple	5.970624999999999	3.631875	5.920625
error	5.199375000000001	3.9043750000000004	5.313125
wisdom	6.135	4.0175	5.643125
rock	5.853125	4.221874999999999	5.336874999999999
decide	5.635000000000001	4.12375	5.75375
exclaim	6.015625	4.220624999999999	6.063124999999999
assure	5.588125000000001	4.02625	5.531250000000001
sign	5.433125000000001	4.016875000000001	5.584375
preserve	6.293125	3.940625	5.93375
commerce	5.01875	4.04875	5.130624999999999
plant	5.540625	3.71875	5.1575
walk	5.818125000000001	4.056875	5.766875000000001
difference	5.73625	3.875625	5.7787500000000005
hang	5.6875	4.030625000000001	5.598750000000001
following	5.63375	3.855625	5.556250000000001
employ	5.512499999999998	4.170625	5.87375
