deal	5.940625	3.9043750000000004	5.727499999999999
study	6.055624999999999	4.2125	5.7093750000000005
afford	6.107499999999999	4.11625	5.794375
service	5.616875	4.1362499999999995	5.753125
height	5.3075	3.645625000000001	5.696875
prospect	5.778125	4.0543749999999985	5.758124999999999
pleasant	6.0225	3.8425	5.784375
shade	6.191875	3.608125	5.675
listen	5.964375	4.07875	5.793125
mighty	5.393750000000001	4.554375000000001	5.032500000000001
country	5.790625	3.9393749999999996	5.646249999999998
title	5.875	3.755625	5.684375000000001
choose	6.053125	3.8999999999999995	6.066249999999998
village	5.46125	3.7462500000000003	5.119999999999999
acquire	6.121875	4.13375	5.938125
rank	5.77875	4.48125	5.86125
bow	5.844374999999999	4.280000000000001	5.851875
doctor	5.618125	4.175	5.612500000000001
talent	5.935	4.211875000000001	5.7281249999999995
source	5.888125	3.92875	5.6556250000000015
lead	5.77625	3.838125	5.924999999999999
question	5.775624999999999	4.018125	5.755625
publish	5.34625	3.9450000000000003	5.571250000000001
interest	5.961875	3.9112500000000003	5.954375000000001
serve	6.220624999999999	3.8587499999999997	6.098750000000001
divine	5.743125	4.166250000000001	5.423125000000001
put	5.560625	3.8325	5.53875
shadow	5.77625	3.6537500000000005	5.380000000000001
practical	5.405625	4.316875	5.504375
surface	4.998125	3.8093749999999997	5.154375
account	5.762499999999999	3.8012500000000005	5.794999999999999
loss	4.598125	4.304375	5.240625
indian	5.137500000000001	4.333125	4.924999999999999
vine	5.5425	3.7624999999999997	5.235625
certain	6.045000000000001	3.7556249999999998	5.7725
sin	4.554374999999999	4.331875	4.998124999999999
necessity	5.711875	4.029375000000001	5.633750000000001
lose	5.803125	4.006875	5.4575
private	5.6525	4.19375	5.779999999999999
gentleman	6.123749999999999	4.24875	5.91625
daughter	6.263750000000001	4.46125	5.7162500000000005
drive	4.976249999999999	4.530625	4.91125
strange	5.6724999999999985	3.82125	5.5218750000000005
journey	5.9799999999999995	4.25875	5.36875
uncle	5.336875	4.1275	5.364374999999999
species	5.52875	3.978125	5.375
think	5.9775	3.7675	5.67875
bed	5.260000000000001	3.763125	5.274375
wind	5.689375	3.9475000000000002	4.846875000000001
bless	6.186874999999999	4.154375	5.968749999999999
destroy	4.30125	4.6918750000000005	4.909999999999999
author	5.642499999999999	4.123125	5.865625
sustain	5.631874999999999	4.093749999999999	5.855
black	5.261875000000001	3.87375	5.176874999999999
event	5.81625	4.15125	5.845624999999998
liberty	5.609375000000001	4.423125	5.50625
negro	5.46	4.0625	5.400625
little	5.8481250000000005	3.7331250000000002	5.51375
fortune	5.925	4.449375000000001	5.540625
touch	5.97	3.8893750000000002	5.8
kill	4.925625	4.476875000000001	4.88
feature	5.621250000000001	3.9400000000000004	5.564375
happiness	5.858750000000001	4.203124999999999	5.564374999999999
assume	5.819999999999999	3.93625	5.776249999999999
notion	6.0093749999999995	3.98125	5.894375
purchase	5.749375000000001	4.041875	5.62125
faithful	6.06125	3.955625	5.955625
soldier	5.189375	4.109999999999999	5.332499999999999
father	6.131875	4.194999999999999	5.700625
narrow	5.343125	4.014375	5.515
great	5.9	3.8375	5.68625
tear	5.38625	4.171875	5.3149999999999995
honorable	5.930000000000001	4.08875	6.069999999999999
previous	5.7025	3.7656249999999996	5.70875
good	6.0112499999999995	3.8537500000000002	5.693125
domestic	5.7837499999999995	3.845	5.700625
glory	6.658125000000002	4.62625	5.826250000000001
lay	5.28125	3.966875	5.427499999999999
occasion	5.880000000000001	4.014375	5.918125
guard	5.395625000000001	3.7424999999999997	5.829375
whole	5.750625	3.6356250000000006	5.458125
mouth	5.1381250000000005	3.985	5.288125
receive	5.83875	3.85125	5.800625
take	6.088125	3.8043749999999994	5.827500000000001
simple	5.932499999999999	3.7562500000000005	5.8462499999999995
error	5.17875	4.15625	5.524374999999999
wisdom	5.977499999999999	4.04625	5.760625
rock	5.75625	4.0	5.29625
decide	5.578125	4.190625	5.76875
exclaim	5.77125	3.8593750000000004	5.786249999999999
assure	6.149375	3.8756250000000003	5.87875
sign	5.758125	3.893125000000001	5.6925
preserve	6.036875	4.1606250000000005	5.656250000000001
commerce	5.265625	3.9137500000000003	5.328124999999999
plant	5.895000000000001	3.7575000000000003	5.619374999999999
walk	5.5975	3.87	5.601250000000001
difference	6.09875	3.796875	5.913125
hang	5.251250000000001	4.199375	5.368125
following	6.011875000000001	3.7787500000000005	5.756875000000001
employ	5.629374999999999	3.9593750000000005	6.025625
