deal	5.306875	3.9512500000000004	5.646875
study	5.9556249999999995	4.254375	5.8637500000000005
afford	5.656249999999999	3.9856249999999998	5.788125000000001
service	5.136249999999999	3.978125	5.50875
height	5.4331249999999995	3.543750000000001	5.551875000000001
prospect	5.87	4.03125	5.9725
pleasant	6.433125	4.344375	5.9937499999999995
shade	6.556875	4.204375	5.6000000000000005
listen	5.946875	3.999375	5.86
mighty	5.748125000000001	4.42	5.536875
country	5.6875	3.721875	5.796875
title	5.485624999999999	4.013125	5.504375
choose	5.625000000000001	3.7118749999999996	5.998750000000001
village	5.774375000000001	3.94	5.383124999999999
acquire	6.181249999999999	4.02875	6.239374999999998
rank	5.781249999999999	4.524375000000001	5.749375000000001
bow	5.536874999999999	4.043750000000001	5.524374999999999
doctor	5.22125	3.9218750000000004	5.264374999999999
talent	6.27875	4.53	6.131875
source	5.623125	4.038125	5.878125
lead	5.6375	3.9293749999999994	5.83375
question	5.60375	4.023125	5.740625
publish	5.43125	3.69	5.43625
interest	5.894375	4.125625	6.048125000000001
serve	5.91125	3.8087500000000003	5.913124999999999
divine	6.005624999999999	4.121875	5.799375000000001
put	5.475625	3.7987500000000005	5.4956249999999995
shadow	6.389375	4.20875	5.415625000000001
practical	5.879375	3.9699999999999993	5.720625000000001
surface	6.025	3.5900000000000003	5.39125
account	5.452500000000001	3.8037500000000004	5.5981250000000005
loss	5.53875	4.5668750000000005	5.378750000000001
indian	5.338125	3.7425	5.169999999999999
vine	6.015000000000001	3.941875	5.244375000000001
certain	5.33125	3.8000000000000003	5.5975
sin	5.000625000000001	4.445625000000001	5.223125
necessity	4.739375	4.1293750000000005	5.16375
lose	6.053750000000001	3.98375	5.97125
private	5.767500000000001	4.108124999999999	5.87875
gentleman	5.99125	3.8874999999999993	5.766875000000001
daughter	6.165625000000001	4.434375	5.616875
drive	5.561875	4.327500000000001	5.3075
strange	5.96875	3.962500000000001	5.675624999999999
journey	6.070624999999999	4.24875	5.53625
uncle	5.740625	4.00375	5.2325
species	5.35	4.145625	5.251875
think	5.65125	4.18625	5.609375000000001
bed	5.216875000000001	3.9268750000000003	5.2768749999999995
wind	6.045	4.242500000000001	5.144374999999999
bless	6.280625	4.1781250000000005	6.067499999999999
destroy	4.631874999999999	4.425000000000001	5.029375
author	5.601875	4.034999999999999	5.749375000000001
sustain	5.501875	4.173125000000001	5.675
black	5.139375	3.8431249999999997	5.180625
event	5.806875	4.034375	5.574375
liberty	4.926875000000002	4.423125	5.1431249999999995
negro	5.11875	4.208749999999999	5.327500000000001
little	5.415625	3.6537500000000005	5.477500000000001
fortune	5.933125	4.724375000000001	5.848124999999999
touch	6.21	3.8918750000000006	5.96125
kill	4.57625	4.682500000000001	4.8706249999999995
feature	5.81125	4.265625	5.601874999999999
happiness	6.1312500000000005	4.52375	6.064374999999999
assume	5.822500000000001	3.77375	5.980625000000001
notion	5.989375000000001	3.798125	6.10875
purchase	5.70125	4.308125	5.82125
faithful	5.808750000000001	4.318125	5.927500000000001
soldier	4.883750000000001	4.44	5.398124999999999
father	6.183750000000001	4.17	5.717499999999999
narrow	5.456874999999999	3.5793749999999998	5.4906250000000005
great	5.406874999999999	3.80125	5.6781250000000005
tear	5.645625000000001	4.5181249999999995	5.465
honorable	6.194375000000001	4.279375	6.095
previous	5.445	3.6524999999999994	5.8325
good	5.510625000000001	3.9562500000000003	5.546250000000001
domestic	5.930000000000001	4.5806249999999995	5.750625
glory	6.8687499999999995	4.713125	6.00875
lay	5.458125000000001	3.755000000000001	5.671875
occasion	5.7368749999999995	4.0131250000000005	5.729375
guard	5.244375	4.548125	5.585
whole	5.635625	3.499375	5.62375
mouth	5.375	3.96375	5.369375
receive	5.368125000000001	3.69875	5.605625
take	5.523125	3.805	5.760625000000001
simple	6.0625	3.661875	6.1225
error	5.140625	3.8525	5.676875
wisdom	6.32	4.37875	6.186875000000001
rock	6.239375	3.80875	5.69875
decide	5.311875000000001	4.2375	5.656875000000001
exclaim	5.3687499999999995	4.2375	5.3975
assure	5.719374999999999	4.020625	5.856875
sign	5.72375	3.800625000000001	5.75375
preserve	5.841875000000001	4.046875	5.595
commerce	5.4037500000000005	4.2625	5.55875
plant	6.217499999999999	4.19125	5.539999999999999
walk	5.61125	3.5812500000000007	5.762499999999999
difference	5.575	3.8831249999999997	5.745
hang	5.533749999999999	3.5768750000000002	5.316875
following	5.774374999999999	3.5849999999999995	5.74625
employ	4.990624999999999	4.035	5.523124999999999
