deal	5.970000000000001	3.5862500000000006	6.055000000000001
study	6.114375	4.395625	5.966875
afford	6.064375	3.8150000000000004	6.055000000000001
service	5.51625	4.31875	5.615
height	5.273125	3.3343750000000005	5.789999999999999
prospect	5.713750000000001	4.10125	5.666874999999999
pleasant	6.2631250000000005	4.20375	5.646875
shade	5.8393749999999995	3.8781250000000003	5.341250000000001
listen	6.124375000000001	4.109999999999999	5.83375
mighty	5.438124999999999	4.501875	5.335
country	5.7475	3.9762500000000003	5.524375
title	5.944375	4.010625	5.6274999999999995
choose	5.57625	3.836875	5.881875000000001
village	5.715625	3.9931250000000005	5.544375
acquire	5.970624999999999	4.033125	6.24625
rank	5.683125000000001	4.347499999999999	5.57875
bow	5.444374999999999	3.8524999999999996	5.538125
doctor	5.13125	3.781875	5.1775
talent	5.971875	4.3062499999999995	6.0424999999999995
source	5.62375	4.02125	5.975625
lead	5.445	3.9999999999999996	5.540625
question	5.7475	4.2425	5.830625
publish	5.4712499999999995	3.9543749999999993	6.204375000000001
interest	5.738124999999999	4.35625	6.028125000000001
serve	5.695625	3.843125	5.820625000000001
divine	6.285625	4.2075000000000005	5.854375000000001
put	5.315624999999999	3.6599999999999997	5.391875
shadow	5.97125	4.2525	5.254999999999999
practical	5.555625	4.130625	5.757499999999999
surface	5.535625	3.6287499999999997	5.183125
account	5.7525	3.99875	6.043125000000001
loss	4.42375	4.414375000000001	4.705
indian	4.71375	4.68125	4.59125
vine	5.566875	3.7649999999999997	5.2162500000000005
certain	5.64375	4.09125	5.868124999999999
sin	4.836875	4.345000000000001	4.87
necessity	5.012499999999999	4.228750000000001	5.476249999999999
lose	5.5975	4.215625	5.418125000000001
private	5.328124999999999	4.301875	5.630625
gentleman	6.033750000000001	4.104375	5.812499999999998
daughter	6.49	4.380625000000001	5.691249999999999
drive	5.441875	4.0975	5.52125
strange	5.761875000000001	4.1175	5.597499999999999
journey	5.9868749999999995	4.189375	5.715625
uncle	5.526875	4.2387500000000005	5.329375000000001
species	5.405	3.8268750000000002	5.336875
think	5.830000000000002	4.069375	5.64125
bed	5.518749999999999	3.7250000000000005	5.5493749999999995
wind	5.36125	4.271875	5.0181249999999995
bless	6.203750000000001	4.326250000000001	5.994999999999999
destroy	4.521875	4.72125	5.208749999999999
author	5.896249999999999	4.015000000000001	6.068124999999999
sustain	5.798750000000001	3.99375	5.787499999999999
black	5.1225	3.9025	5.354375
event	6.04	4.4125	6.176875000000001
liberty	5.932500000000001	4.38375	6.134999999999999
negro	5.1606250000000005	4.361875	5.458749999999999
little	5.442500000000001	3.6950000000000003	5.55125
fortune	5.691250000000001	4.483125	5.518750000000001
touch	6.05125	3.696250000000001	5.78875
kill	4.8325000000000005	4.779375000000001	5.09375
feature	5.738124999999999	3.87	5.780625
happiness	5.928124999999998	4.635000000000001	5.680625
assume	5.675000000000001	3.7162500000000005	5.870625
notion	5.274375	4.471875	5.688125
purchase	6.0512500000000005	4.324375000000001	5.972499999999999
faithful	6.339999999999998	4.38	6.079375000000001
soldier	4.918125000000001	4.375625000000001	5.100624999999999
father	6.208125	4.27125	5.444375
narrow	5.0975	3.279375000000001	5.441875
great	5.8	3.851875	6.07125
tear	5.2625	4.53375	5.1587499999999995
honorable	5.230625	4.471875000000001	5.585
previous	5.67625	3.9943750000000002	5.789375
good	5.95	3.8924999999999996	5.824999999999999
domestic	6.123125	3.8575	6.28875
glory	6.645	4.751874999999999	6.0375
lay	5.47625	3.7012500000000004	5.484999999999999
occasion	5.873125000000001	4.1274999999999995	6.1575
guard	5.03625	4.043125	5.315625
whole	5.963749999999999	3.8137499999999998	5.891875000000001
mouth	5.235625	3.8743749999999997	5.413124999999999
receive	5.841875	4.10625	5.9799999999999995
take	5.5325	3.7843750000000007	5.5912500000000005
simple	6.040000000000001	4.1049999999999995	6.161874999999999
error	4.64375	4.05375	5.2625
wisdom	6.3618749999999995	4.68625	5.990000000000001
rock	5.486874999999999	4.135625	5.423125000000001
decide	5.970625	4.35375	5.81375
exclaim	5.703125	3.8787499999999997	5.67625
assure	5.786250000000001	4.358750000000001	5.636875000000001
sign	5.378749999999999	3.96875	5.586874999999999
preserve	6.191875	3.6050000000000004	5.8481250000000005
commerce	5.061249999999999	3.964375	5.538125
plant	5.9624999999999995	3.8143750000000005	5.548125
walk	5.5231249999999985	3.7350000000000003	5.6031249999999995
difference	5.545000000000001	3.95	5.944375
hang	5.24375	3.7775000000000003	5.4556249999999995
following	5.769375	3.93625	6.048125
employ	5.460625	4.249375000000001	5.73125
