deal	5.636875	3.905625	5.747499999999999
study	6.265000000000001	4.365625	6.061875
afford	5.915	3.819375	6.035
service	5.665	4.036250000000001	5.978125
height	5.4875	3.744375	5.409375
prospect	6.303749999999999	4.604375	5.9674999999999985
pleasant	6.966875	4.4125	6.381249999999999
shade	5.9956249999999995	3.8518749999999997	5.595
listen	5.9506250000000005	4.28625	5.8425
mighty	5.86625	4.706875	5.734999999999999
country	5.633749999999999	3.9625	5.82375
title	5.970624999999999	3.7825	5.865
choose	5.499375000000001	3.860625	5.749375
village	5.7775	3.7987500000000005	5.47875
acquire	6.239375000000001	4.1068750000000005	6.046874999999999
rank	5.997500000000001	4.548125000000001	6.060625
bow	5.566875	4.27	5.741249999999999
doctor	4.824375	4.0531250000000005	5.315625
talent	6.690625000000001	4.43125	6.349375
source	5.921875	4.0649999999999995	5.941875
lead	5.4606249999999985	3.7475000000000005	5.705
question	5.780625000000001	3.9799999999999995	5.78875
publish	5.368750000000001	3.6868750000000006	5.595625000000001
interest	5.84	3.9543749999999998	5.818125
serve	6.14	3.87	6.1850000000000005
divine	6.164374999999999	4.25625	5.583124999999999
put	5.503750000000001	3.8156250000000003	5.692499999999999
shadow	5.758124999999999	3.96375	5.180000000000001
practical	5.706874999999999	4.124375	5.695625
surface	5.4725	3.6775	5.098125
account	5.869375000000001	3.7981249999999998	5.873125
loss	4.7575	4.2093750000000005	5.163124999999999
indian	5.540000000000001	4.485625000000001	5.132499999999999
vine	5.1625	3.899375	5.173125
certain	5.80625	3.7106250000000007	5.898125
sin	4.496875000000001	4.404375	4.9525
necessity	5.255000000000001	4.0268749999999995	5.434375
lose	5.7962500000000015	4.01	5.8325
private	5.504375	3.8912500000000008	5.931875000000001
gentleman	6.000625	3.8225	6.000625000000001
daughter	6.138749999999999	4.626875000000001	5.659375000000001
drive	5.525	4.174375	5.53125
strange	5.646249999999998	4.025625000000001	5.583125
journey	5.915	3.7981250000000006	5.4243749999999995
uncle	5.6937500000000005	4.187500000000001	5.406874999999999
species	5.351249999999999	3.9587499999999998	5.301875
think	5.865	3.8325000000000005	5.95125
bed	5.4624999999999995	3.9393750000000005	5.226875000000001
wind	5.607500000000001	4.51	4.885
bless	6.260624999999999	4.653125	5.645625000000001
destroy	4.485	4.64625	5.07875
author	5.7749999999999995	4.196249999999999	5.821874999999999
sustain	6.0075	4.201875	6.0475
black	5.51375	3.91125	5.513125
event	5.925000000000001	3.893125	5.658125
liberty	5.647500000000001	4.2093750000000005	5.625625000000001
negro	5.081874999999999	3.9262499999999996	5.093124999999999
little	5.9662500000000005	3.8975	5.8168750000000005
fortune	6.499374999999998	4.469375000000001	6.191250000000001
touch	5.9868749999999995	4.141875	5.811875
kill	4.355	4.769374999999999	4.765
feature	5.458125000000001	4.0375000000000005	5.361875
happiness	6.144375	4.445625000000001	5.694375000000001
assume	5.469999999999999	3.9699999999999998	5.6987499999999995
notion	5.497500000000001	4.236875	5.6325
purchase	5.390624999999999	4.0	5.520625
faithful	5.9525	4.1850000000000005	5.7825
soldier	5.316249999999999	4.245000000000001	5.620625
father	6.352500000000001	4.336250000000001	5.829375000000001
narrow	5.281874999999999	3.599375	5.43125
great	5.857500000000001	3.8093750000000006	5.773124999999999
tear	5.638750000000001	4.651875	5.154999999999999
honorable	5.98	4.201875	5.94625
previous	5.75375	3.6475	6.033125
good	6.0512500000000005	3.7375	6.0131250000000005
domestic	5.852500000000001	4.30125	5.764374999999999
glory	6.17875	4.83875	5.713125000000001
lay	5.558125	4.194375	5.7675
occasion	5.737500000000001	4.353125	5.96125
guard	5.406875000000001	4.060625	5.524374999999999
whole	5.779375000000001	3.5518749999999994	5.9243749999999995
mouth	5.024375000000001	4.418125	5.340625000000001
receive	5.759375	3.9456249999999993	5.905625
take	5.974375	3.7087499999999993	5.965625
simple	5.9693749999999985	3.925	5.9437500000000005
error	4.179375000000001	4.650625000000001	4.860625000000001
wisdom	6.011250000000001	4.40375	5.686250000000001
rock	5.645	3.941875	5.189375000000001
decide	5.7525	4.1118749999999995	5.898124999999999
exclaim	5.683125	4.375625	5.71625
assure	5.8425	4.004375	6.099375
sign	5.7787500000000005	3.935	5.963749999999999
preserve	5.91	3.6375	5.804374999999999
commerce	5.44625	4.0131250000000005	5.6968749999999995
plant	5.543749999999999	3.7325000000000004	5.289999999999999
walk	6.125624999999999	3.7050000000000005	5.783125
difference	5.630625	3.8775000000000004	5.520624999999999
hang	5.30875	4.0175	5.441875
following	5.8549999999999995	3.8012499999999996	5.901250000000001
employ	5.688124999999999	3.816875	5.882500000000001
