deal	5.78125	4.056875	5.58
study	6.101249999999999	4.199375	6.10375
afford	5.811250000000001	3.95625	5.823125
service	5.588125	3.9424999999999994	5.513124999999999
height	5.223124999999999	3.7674999999999996	5.271249999999999
prospect	6.025625	4.24125	5.878125
pleasant	6.404999999999999	3.92	6.04625
shade	6.072499999999999	3.6024999999999996	5.413125000000001
listen	5.766875000000001	4.245	5.588125
mighty	5.639375	4.44125	5.263750000000001
country	5.71125	3.8000000000000003	5.94125
title	5.945000000000001	3.7649999999999997	5.7593749999999995
choose	5.755	3.6612499999999994	5.726875
village	5.44375	4.060625	5.27875
acquire	5.845625	3.82625	6.285
rank	5.645624999999999	4.416874999999999	5.65125
bow	5.78125	4.29875	5.7056249999999995
doctor	5.299375	3.840625	5.171250000000001
talent	6.058750000000001	4.040625	5.798749999999999
source	5.896875000000001	3.6525	5.83625
lead	5.65875	4.1274999999999995	5.6775
question	5.355625	3.7262499999999994	5.5843750000000005
publish	5.504999999999999	3.82125	5.811249999999999
interest	5.481249999999999	3.8862499999999995	5.666875
serve	5.8725000000000005	3.9237499999999996	5.751250000000001
divine	6.119999999999999	4.066249999999999	5.51125
put	5.386875	3.7668749999999998	5.439374999999999
shadow	5.5225	3.7743749999999996	4.96125
practical	5.734375	3.7956249999999994	5.9437500000000005
surface	5.08	3.55875	5.01
account	5.618750000000001	3.675625	5.656874999999999
loss	4.304375	4.339375	4.7475
indian	5.030625	4.225625	5.0406249999999995
vine	5.3881250000000005	3.65625	5.11625
certain	5.765000000000001	3.788125	5.746874999999999
sin	4.080625	4.751250000000001	4.4106250000000005
necessity	5.14	3.9531249999999996	5.225624999999999
lose	5.39125	3.8449999999999998	5.297499999999999
private	5.38	3.9324999999999997	5.3531249999999995
gentleman	5.628125000000001	3.8524999999999996	5.576250000000001
daughter	6.193750000000001	4.36375	5.929374999999999
drive	4.903750000000001	4.268750000000001	5.1468750000000005
strange	5.850625	4.4825	5.5912500000000005
journey	5.664375	3.9825	5.44625
uncle	5.084375	4.179375	5.244375
species	5.141875000000001	4.145625	5.466875
think	5.663125000000001	4.12125	5.529375
bed	5.4174999999999995	3.615625	5.0943749999999985
wind	5.44125	4.0725	5.1706249999999985
bless	5.883124999999999	4.136875	5.648750000000001
destroy	4.01375	4.598125	4.8462499999999995
author	5.8925	3.8249999999999997	5.99125
sustain	5.38875	3.7818749999999994	5.705625000000001
black	5.000000000000001	3.965	5.1118749999999995
event	5.750625	3.930625	5.753749999999999
liberty	5.4799999999999995	3.9681249999999997	5.436875000000001
negro	4.8549999999999995	4.4868749999999995	4.92875
little	5.664375	3.6012499999999994	5.6125
fortune	5.9025	4.660625	5.8999999999999995
touch	6.125624999999999	4.078125	5.9675
kill	4.0825	4.516875	4.60625
feature	6.02125	3.9612500000000006	5.878125
happiness	6.15625	4.526875	5.668124999999999
assume	5.831875	3.561875	5.781875
notion	5.687500000000001	3.8718749999999997	5.70375
purchase	5.56875	4.030624999999999	5.715625
faithful	5.65375	4.266874999999999	5.645
soldier	4.815625	4.2281249999999995	5.069374999999999
father	5.366250000000001	4.297499999999999	5.281249999999999
narrow	5.179375	3.5431250000000003	5.18625
great	5.579375000000001	3.7793749999999995	5.776250000000001
tear	5.005	4.759375	5.020625
honorable	5.458749999999999	4.314375	5.7725
previous	5.57	3.9131249999999995	5.772499999999999
good	5.545000000000002	3.98625	5.459374999999999
domestic	5.70375	4.080625	5.648124999999999
glory	6.482500000000001	4.55125	5.96125
lay	5.370624999999999	3.971875	5.388124999999999
occasion	5.900625000000001	3.8850000000000002	5.756875000000001
guard	4.98375	4.149375	5.449999999999999
whole	5.535000000000001	3.7918749999999997	5.506875000000001
mouth	5.4425	3.8625	5.411250000000001
receive	5.7993749999999995	3.5993749999999993	5.6825
take	5.682499999999999	3.7199999999999993	5.608125
simple	6.1274999999999995	3.8149999999999995	6.145625
error	4.980625000000001	4.005625	5.340624999999999
wisdom	5.873125	4.2075	5.884374999999999
rock	5.559375	3.7525000000000004	5.2299999999999995
decide	5.420000000000001	3.91875	5.6431249999999995
exclaim	5.59625	4.250625	5.56
assure	5.665000000000001	3.8337499999999993	5.602500000000001
sign	5.679375	3.8024999999999998	5.621874999999999
preserve	5.389374999999999	3.716875	5.576249999999999
commerce	5.4243749999999995	4.0843750000000005	5.503125
plant	5.396249999999999	3.6799999999999997	5.319999999999999
walk	5.343125000000001	3.9450000000000003	5.557499999999999
difference	5.640000000000001	3.7024999999999997	5.754375
hang	5.237499999999999	3.8418750000000004	5.338125000000001
following	5.688750000000001	3.50125	5.536250000000001
employ	5.618749999999999	4.021249999999999	6.005
