deal	6.09875	3.9087500000000004	5.979375000000001
study	5.7775	3.676875000000001	5.67375
afford	5.302499999999999	3.7368749999999995	5.704375000000001
service	5.020625000000001	4.1575	5.345
height	5.240624999999999	3.6756250000000006	5.691249999999999
prospect	5.659375000000001	4.26	5.676875000000001
pleasant	6.67625	4.57875	5.800625000000001
shade	5.919999999999999	3.9606250000000003	5.433750000000001
listen	5.781874999999999	4.018125	5.610625000000001
mighty	5.315	4.08125	5.125000000000001
country	5.545	3.8243750000000003	5.639375
title	5.111250000000001	3.8168749999999996	5.404375
choose	5.521875	3.796875	5.64625
village	5.666875	3.848750000000001	5.47625
acquire	5.403125	3.8612500000000005	5.976249999999999
rank	5.411875	4.520625000000001	5.546875000000001
bow	5.836874999999999	4.383125	5.499375
doctor	4.99125	3.965000000000001	5.285
talent	5.935	4.121250000000001	5.81875
source	6.038125	3.9599999999999995	6.1431249999999995
lead	5.328124999999999	3.651875	5.3125
question	5.345625	3.8787499999999997	5.796875
publish	5.466875	3.638125	5.56625
interest	5.575000000000001	4.0625	5.746875
serve	5.420625	3.624375	5.749375
divine	5.795625	4.22375	5.36625
put	5.56375	3.6675	5.388125
shadow	5.780624999999999	3.94	5.03375
practical	5.268749999999999	3.876875	5.615
surface	5.253125	3.9762500000000003	5.195624999999999
account	5.54875	3.6281250000000003	5.733750000000001
loss	4.67	4.266249999999999	4.9281250000000005
indian	4.7250000000000005	4.5875	4.83625
vine	5.6918750000000005	3.80375	5.55625
certain	5.06	3.95125	5.32625
sin	4.605625	4.646249999999999	4.633125
necessity	4.813125	4.105	5.143125
lose	5.393125	4.085624999999999	5.547499999999999
private	5.36875	3.988125000000001	5.439375000000001
gentleman	6.076875	3.689375	5.646875000000001
daughter	5.938124999999999	4.283125000000001	5.4956249999999995
drive	5.123125	3.9412500000000006	5.085000000000001
strange	6.0218750000000005	3.991875	5.785
journey	5.910625	4.2837499999999995	5.49875
uncle	5.8774999999999995	4.10125	5.562500000000001
species	5.246875	3.939375000000001	5.360625
think	5.5600000000000005	3.9418750000000005	5.424999999999999
bed	4.89125	3.818125	4.960625
wind	5.635625	4.496875	4.925
bless	5.902500000000001	4.5962499999999995	5.494375
destroy	4.3100000000000005	4.586249999999999	4.641875000000001
author	5.902499999999999	4.17375	5.879375
sustain	5.325625	4.336875	5.61625
black	5.268124999999999	3.9156250000000004	5.295
event	5.818125	4.12625	5.779375000000001
liberty	5.944375000000001	4.380000000000001	5.700625
negro	4.900625000000001	4.392500000000001	5.003125000000001
little	5.69875	3.69625	5.624375000000001
fortune	6.2318750000000005	4.2006250000000005	5.48875
touch	6.186875	3.7931250000000003	5.893125
kill	4.15625	4.618125	4.703750000000001
feature	5.111875	4.220625000000001	5.274375000000001
happiness	5.898125000000001	4.646875	5.551875
assume	5.4037500000000005	3.5887500000000006	5.699375
notion	5.486875000000001	4.147500000000001	5.591875
purchase	5.215000000000001	3.955625	5.261875
faithful	5.685625	4.574375000000001	5.732499999999999
soldier	4.4906250000000005	4.751875	4.981874999999999
father	6.088750000000001	4.483750000000001	5.503125000000001
narrow	5.336875	3.916875	5.2425
great	4.985	3.865	5.351875
tear	5.194375	4.6125	5.04125
honorable	5.42125	4.342499999999999	5.8606250000000015
previous	5.16625	3.744375	5.600625
good	5.546250000000001	3.833125	5.483124999999999
domestic	5.3375	4.1850000000000005	5.463125
glory	6.117500000000001	4.889375	5.508750000000001
lay	5.1949999999999985	3.6262499999999993	5.213125
occasion	5.59625	3.5106250000000006	5.69125
guard	4.6381250000000005	4.335625	5.066875
whole	5.08625	3.77125	5.358125
mouth	5.7387500000000005	3.8349999999999995	5.354374999999999
receive	5.625000000000001	3.3893750000000002	5.897500000000001
take	5.595624999999999	3.533749999999999	5.572500000000001
simple	5.541875	4.058125	5.616874999999999
error	4.8575	4.1	5.369999999999999
wisdom	6.069375000000001	4.5175	5.720625000000001
rock	5.661250000000001	4.4675	5.343124999999999
decide	5.016875000000001	3.9181249999999994	5.44375
exclaim	5.770625000000001	3.875625	5.68
assure	5.29125	4.07625	5.5825
sign	5.39875	3.8881250000000005	5.58
preserve	5.66	3.8300000000000005	5.453125
commerce	5.153125	4.025	5.281875
plant	5.693124999999999	3.994375	5.338749999999999
walk	5.591875	3.4762500000000003	5.607500000000001
difference	5.258125000000001	3.7618750000000003	5.7124999999999995
hang	5.24125	3.9306250000000005	5.2593749999999995
following	5.5275	3.595625	5.775
employ	5.09375	3.745625000000001	5.531875
