deal	5.17125	4.13625	5.694374999999999
study	5.89625	3.7543750000000005	5.951249999999999
afford	5.710000000000001	3.640625	5.75375
service	5.7175	3.9025	5.746874999999999
height	5.333125000000001	3.4312500000000004	5.603750000000001
prospect	5.289374999999999	4.1825	5.376875
pleasant	6.665624999999999	4.6868750000000015	6.079375
shade	6.138125	4.055	5.5825000000000005
listen	5.58375	4.1312500000000005	5.670625
mighty	5.322500000000001	4.52875	5.321875
country	5.604374999999999	3.908125	5.859999999999999
title	5.790000000000001	4.100625	5.615
choose	5.613125	3.7556249999999998	5.789999999999999
village	5.8687499999999995	3.6387500000000004	5.499375
acquire	5.950624999999999	4.056875	6.09375
rank	6.188125	4.2	5.97125
bow	5.425624999999998	4.531875	5.649375
doctor	5.27375	3.981875	5.239375
talent	5.95375	4.233125	5.9868749999999995
source	5.5718749999999995	4.028125	5.581875
lead	5.806875	4.248125	5.881875
question	5.17	3.8718749999999997	5.7524999999999995
publish	5.309999999999999	3.6668749999999997	5.853749999999999
interest	5.85375	4.268125	6.420625000000001
serve	5.781250000000002	3.9287499999999995	5.971875
divine	6.126875	4.5181249999999995	5.8225
put	5.519999999999999	3.6368750000000003	5.67
shadow	5.663749999999999	4.104375	5.499375000000001
practical	5.44375	4.191875	6.011875000000001
surface	5.595	3.4368749999999997	5.40125
account	5.30875	3.8343750000000005	5.845625
loss	4.584375	4.368125	5.000624999999999
indian	4.958124999999999	4.2875	4.811249999999999
vine	5.366875	4.020625	5.42625
certain	5.4662500000000005	3.914375	5.724374999999999
sin	5.138125000000001	4.7231250000000005	5.319375000000001
necessity	5.178125	4.081875	5.37125
lose	5.645625	4.059374999999999	5.684375
private	5.386875000000001	4.139375	5.8774999999999995
gentleman	5.835624999999999	3.9175	5.5249999999999995
daughter	5.8525	4.156250000000001	5.656875
drive	4.441874999999999	4.593125	4.764374999999999
strange	5.300625000000001	4.481875	5.368125
journey	5.736875	3.880625	5.595624999999999
uncle	5.42125	3.975625	5.4075
species	5.538749999999999	4.1537500000000005	5.6575
think	5.714375	4.124374999999999	5.6674999999999995
bed	4.764374999999999	3.83375	4.828125
wind	5.22625	4.388750000000001	5.188124999999999
bless	5.0725	4.4525	5.090625
destroy	4.333125	4.51375	5.036875000000001
author	5.625	4.048125000000001	6.100624999999999
sustain	5.230625	3.9749999999999996	5.713749999999999
black	5.4624999999999995	3.9206250000000002	5.278125
event	5.2456249999999995	4.22625	5.528124999999999
liberty	5.453750000000001	4.32	5.434374999999999
negro	5.381875000000001	4.597499999999999	5.1968749999999995
little	5.715	3.89	5.73625
fortune	5.665	4.2543750000000005	5.67875
touch	5.881874999999999	3.9087500000000004	5.943125
kill	4.385625	4.503125	4.688125
feature	5.311875000000001	4.005625	5.374375000000001
happiness	6.345000000000001	4.324375	5.964999999999999
assume	5.279374999999999	3.8287500000000003	5.592499999999999
notion	5.50625	4.261875	5.7425
purchase	5.46625	4.233750000000001	5.482499999999999
faithful	5.894375	4.29375	5.7631250000000005
soldier	5.353125000000001	4.479375	5.4956249999999995
father	5.573125000000001	4.285625	5.4193750000000005
narrow	5.12375	3.6675000000000004	5.238125
great	5.631875000000001	3.9006250000000007	5.96875
tear	5.150625	4.693124999999999	5.14
honorable	5.6987499999999995	4.170625	5.9175
previous	5.6425	3.620625	5.931875
good	5.857500000000001	4.090625	5.676875000000001
domestic	5.886875	3.95875	6.121874999999999
glory	6.78	4.528124999999999	6.028125
lay	5.358749999999999	3.7818750000000003	5.465
occasion	5.796250000000001	3.85375	5.893750000000002
guard	4.835625	4.483125	5.5112499999999995
whole	5.624375000000001	4.0024999999999995	5.659375
mouth	5.23625	4.084375	5.33875
receive	5.748749999999999	3.7731249999999994	5.785625
take	5.758125	3.670625	6.053124999999999
simple	5.734999999999999	4.0337499999999995	6.003125
error	5.0725	3.9293750000000003	5.93
wisdom	6.1625000000000005	4.54875	5.8393749999999995
rock	5.511874999999999	3.9312500000000004	5.359375
decide	5.0512500000000005	4.005	5.780625
exclaim	5.509375000000001	4.155625	5.439375
assure	5.4275	4.046875	5.7837499999999995
sign	5.661875	3.9924999999999997	5.484375
preserve	5.9506250000000005	3.829375	5.77875
commerce	4.825	4.068124999999999	5.3149999999999995
plant	6.190624999999999	3.9487500000000004	5.510000000000001
walk	5.98125	3.818125	5.7787500000000005
difference	5.592499999999999	3.939375000000001	6.173750000000001
hang	5.445625	3.77	5.30625
following	5.535	3.5700000000000003	5.939375
employ	5.540000000000001	3.881249999999999	5.598749999999999
