deal	6.053749999999999	4.130625000000001	5.831250000000001
study	6.008750000000001	4.133125	5.685625
afford	6.23375	4.188125	6.005625
service	5.4350000000000005	4.350625	5.914999999999999
height	5.359375000000001	3.766875	5.397499999999999
prospect	5.796249999999999	4.005624999999999	5.88625
pleasant	7.0443750000000005	4.591875	6.070625000000001
shade	6.271875	4.02125	5.488125
listen	6.28875	4.045	5.984375000000001
mighty	6.1537500000000005	4.479375	5.763750000000001
country	5.6987499999999995	4.063125	5.683750000000001
title	5.663125000000001	4.189375	5.855
choose	6.04	4.189374999999999	6.262500000000001
village	5.697500000000001	3.86125	5.4625
acquire	5.941875	4.005	6.000000000000001
rank	5.868125	4.661875	6.027500000000001
bow	5.569375	3.9837499999999997	5.5218750000000005
doctor	5.4375	3.9956249999999995	5.391249999999999
talent	6.0943749999999985	4.565625	6.0725
source	5.454375000000001	3.96625	5.73875
lead	5.564375	3.9481249999999997	5.544999999999999
question	5.238124999999998	4.293125	5.4775
publish	5.487499999999999	3.5624999999999996	5.57125
interest	5.903125	4.295	6.01625
serve	6.4731250000000005	3.925	6.121250000000001
divine	5.74625	4.253750000000001	5.41
put	5.8975	3.7175000000000002	5.655625000000001
shadow	5.293750000000001	3.7662499999999994	5.175625
practical	5.72875	3.96	5.741875
surface	5.418125000000001	3.716249999999999	5.305
account	5.831250000000001	3.756249999999999	5.679374999999999
loss	4.235	4.3475	4.44625
indian	5.024375	4.414375000000001	5.035625
vine	5.3412500000000005	3.5824999999999996	5.2525
certain	5.625	4.174375	5.643750000000001
sin	4.9325	4.545	5.030625
necessity	5.015625	4.21125	5.4956249999999995
lose	5.75875	4.343749999999999	5.380624999999999
private	5.790625	3.9825000000000004	5.980625000000001
gentleman	6.413749999999999	4.1343749999999995	5.869375
daughter	5.968750000000001	4.6381250000000005	5.555625
drive	5.5337499999999995	4.40875	5.3125
strange	6.085625	4.773750000000001	5.623125
journey	5.8306249999999995	3.936875	5.408125
uncle	6.070625000000001	4.263125	5.57125
species	5.095000000000001	4.024375	5.315625000000001
think	5.83875	4.177499999999999	5.44375
bed	5.29125	3.511875	5.608125
wind	5.297499999999999	4.51375	4.639375
bless	6.4675	4.280625000000001	5.92625
destroy	4.7143749999999995	4.661874999999999	5.066250000000001
author	5.589375	3.8843750000000004	5.84875
sustain	5.718125000000001	4.324375	5.79
black	5.181875	3.791875	5.27125
event	5.631874999999999	3.9356250000000004	5.51875
liberty	5.6762500000000005	4.254375	5.9425
negro	4.529999999999999	4.5962499999999995	4.925
little	6.168750000000001	3.7381249999999997	5.808125
fortune	6.378125	4.725625	5.878749999999999
touch	5.846250000000001	3.9512499999999995	5.5337499999999995
kill	4.23625	4.871874999999999	4.9331249999999995
feature	5.593125000000001	4.205625	5.505000000000001
happiness	6.246875	4.772500000000001	5.6812499999999995
assume	5.6762500000000005	3.9118749999999998	6.005625
notion	5.574999999999999	4.217499999999999	5.731875
purchase	5.17875	3.9875000000000003	5.13125
faithful	5.945625	4.531249999999999	5.987500000000001
soldier	5.0075	4.915	5.515624999999999
father	6.173750000000002	4.3825	5.672499999999999
narrow	5.253125	3.801249999999999	4.945
great	5.814999999999999	4.016249999999999	5.858124999999999
tear	5.258750000000001	3.8974999999999995	5.36
honorable	5.913124999999999	4.353125	6.185
previous	5.618749999999999	3.94375	5.744999999999999
good	6.31625	3.929375	5.781875
domestic	5.143125	4.09	5.423749999999999
glory	6.8	4.48	5.850625
lay	5.7	3.6762499999999996	5.430000000000001
occasion	5.560624999999999	4.16875	5.608125
guard	4.618125	4.62125	5.188124999999999
whole	5.530625	3.9575000000000005	5.3500000000000005
mouth	5.223750000000001	3.9374999999999996	5.359375000000001
receive	5.796250000000001	3.7725	5.623125
take	6.371874999999999	3.975	6.12375
simple	5.7612499999999995	4.1225000000000005	5.688125000000001
error	4.7075000000000005	4.065	4.956875
wisdom	6.216875000000001	4.46	5.838125
rock	5.07375	4.03	4.8575
decide	5.67375	4.029374999999999	5.790000000000001
exclaim	6.165625	4.210625	5.925625
assure	5.862500000000001	4.2093750000000005	5.88375
sign	5.312499999999999	3.90625	5.32125
preserve	5.96625	4.071875	5.673125000000001
commerce	5.231875	4.105625000000001	5.298125000000001
plant	5.366874999999999	3.67375	5.378124999999999
walk	5.868125	3.6118750000000004	5.61375
difference	5.121874999999999	4.075625	5.35875
hang	5.362500000000001	3.6581249999999996	5.48875
following	5.835625	3.868125	5.825
employ	5.771874999999999	4.136875	5.881875
