deal	5.905625	3.7975000000000003	5.7906249999999995
study	6.010624999999999	4.3081249999999995	6.216875
afford	5.693125	3.99	5.863125
service	5.6518749999999995	4.123125	5.768749999999999
height	5.429375	3.877500000000001	5.618750000000001
prospect	6.2562500000000005	4.6381250000000005	5.6375
pleasant	6.534999999999999	4.458124999999999	5.979999999999999
shade	5.992500000000001	4.06625	5.5531250000000005
listen	5.989375000000001	3.798125	5.851875
mighty	5.665	4.73375	5.534999999999999
country	5.590625	3.9231249999999998	5.329375
title	5.75875	3.948125	5.935625
choose	5.87875	3.56875	5.941875
village	5.538124999999999	3.7675	5.394375
acquire	5.8225	4.040625	6.182500000000002
rank	5.731250000000001	4.33625	5.930624999999999
bow	5.6	4.323125	5.71625
doctor	5.081874999999999	4.100625	5.281875
talent	6.5962499999999995	4.517499999999999	6.36625
source	5.614374999999999	3.625625	5.8
lead	5.6156250000000005	3.85	5.654375
question	5.8968750000000005	4.1775	6.0125
publish	5.399375000000001	3.7025000000000006	5.756875000000001
interest	6.016249999999999	4.0375	6.289375
serve	5.866875	3.6006250000000004	5.883124999999999
divine	6.00625	4.08	5.433749999999999
put	5.771875	3.78	5.914375
shadow	5.847499999999999	4.095625	5.18625
practical	5.639374999999999	3.944375	5.7631250000000005
surface	5.351875	3.71375	5.152500000000001
account	5.851249999999999	3.638125	5.995
loss	4.165	4.3675	4.71375
indian	5.494375	3.9887500000000005	5.1137500000000005
vine	5.433749999999999	3.611875	5.268749999999999
certain	5.807499999999999	3.5193750000000006	6.115625
sin	5.37625	4.561875000000001	5.206875
necessity	5.039375000000001	3.994375	5.240625
lose	5.834375000000001	3.886875	5.604375
private	5.544375	3.8687500000000004	5.596875
gentleman	6.1418750000000015	3.8531250000000004	5.783124999999999
daughter	7.030000000000001	4.42375	5.7125
drive	5.635624999999999	4.054374999999999	5.432499999999999
strange	5.818125	4.133125	5.629375
journey	6.035625	4.065625	5.896874999999999
uncle	6.16125	3.8956250000000003	5.643125000000001
species	5.570625000000001	4.079999999999999	5.546250000000001
think	5.989375000000001	3.7175	5.975624999999999
bed	5.86125	3.4587499999999998	5.5962499999999995
wind	6.2075000000000005	4.17375	5.460625
bless	6.068125	4.3625	5.7456249999999995
destroy	4.369375000000001	4.7	5.090624999999999
author	5.65	3.9681250000000006	5.7625
sustain	5.256875	3.785	5.3187500000000005
black	5.628125	4.074999999999999	5.394375
event	5.504999999999999	4.17875	5.5625
liberty	6.025	4.218749999999999	5.861250000000001
negro	4.138125	4.444375	4.405
little	6.097500000000001	3.5925	5.958124999999999
fortune	6.1049999999999995	4.284375	5.683125
touch	6.006875000000001	4.25375	5.6068750000000005
kill	4.0675	4.965625	4.59125
feature	5.633125000000001	3.5262499999999997	5.621250000000001
happiness	6.816250000000001	4.67625	6.142499999999999
assume	5.769375000000001	3.8518750000000006	5.959375000000001
notion	5.663125	4.025	5.564375000000001
purchase	5.971874999999999	4.296875	5.70375
faithful	6.163125	4.5024999999999995	5.681875
soldier	4.53375	4.836874999999999	5.085
father	6.246874999999999	4.158125	5.524375
narrow	5.0925	3.4787500000000002	4.825625
great	5.784999999999999	3.7006250000000005	5.7318750000000005
tear	4.860625000000001	4.697500000000001	4.770625
honorable	6.001875	4.738749999999999	6.205
previous	5.5925	3.9524999999999997	5.793750000000001
good	5.932499999999999	3.78875	5.746875
domestic	6.067500000000001	4.1918750000000005	5.838125
glory	6.553750000000001	4.761875000000001	5.885624999999999
lay	5.4775	4.126250000000001	5.538125
occasion	5.732499999999998	3.6925	5.99
guard	5.041874999999999	4.086250000000001	5.349374999999999
whole	5.864375	3.586875	5.623749999999999
mouth	5.72625	3.7487500000000007	5.455
receive	5.858124999999999	3.905	5.8774999999999995
take	5.955	3.851875	5.84
simple	6.401875	3.6568750000000008	5.835625
error	5.14875	4.161875	5.7225
wisdom	6.298749999999999	4.306875	5.883749999999998
rock	5.921249999999999	3.9631250000000002	5.285625
decide	5.6343749999999995	3.9412500000000006	5.667500000000001
exclaim	6.001250000000001	4.288125	5.761875
assure	5.989375000000001	3.71	5.794374999999999
sign	5.606875	3.76125	5.725625
preserve	5.927499999999999	3.7206250000000005	5.7875
commerce	5.16375	4.090625	5.443125000000001
plant	5.6518749999999995	3.8268749999999994	5.413750000000001
walk	5.720625	3.7249999999999996	5.6743749999999995
difference	5.69625	3.660625	6.02625
hang	5.72625	3.8162499999999997	5.609375
following	5.891875	3.701250000000001	5.735625
employ	5.262500000000001	4.4725	5.529375
