deal	5.905625	3.7975000000000003	5.7906249999999995
study	5.983124999999999	4.328749999999999	6.1743749999999995
afford	5.679375	3.9450000000000003	5.87625
service	5.6518749999999995	4.123125	5.768749999999999
height	5.402500000000001	3.8568750000000005	5.592500000000001
prospect	6.155	4.58	5.734375
pleasant	6.6031249999999995	4.451249999999999	6.008125
shade	5.933125000000001	3.9181250000000003	5.535625000000001
listen	5.813125	3.6325000000000003	5.725000000000001
mighty	5.545625	4.794999999999999	5.304374999999999
country	5.5737499999999995	3.7962499999999997	5.392499999999999
title	5.77	3.9274999999999998	5.95625
choose	5.87125	3.60125	5.9243749999999995
village	5.781875000000001	3.8024999999999998	5.585
acquire	5.925625	4.0874999999999995	6.294375000000001
rank	5.731250000000001	4.33625	5.930624999999999
bow	5.6	4.323125	5.71625
doctor	5.132500000000001	4.00625	5.285625
talent	6.528124999999999	4.510625	6.320625
source	5.570625	3.68875	5.7975
lead	5.652499999999999	3.925	5.605625
question	5.849375	4.09375	6.0825000000000005
publish	5.399375000000001	3.7025000000000006	5.756875000000001
interest	6.1118749999999995	4.050625	6.365625
serve	6.018750000000001	3.546875	5.86125
divine	5.993125000000001	4.140624999999999	5.37125
put	5.82875	3.84875	5.925625
shadow	5.751874999999999	4.117500000000001	5.203124999999999
practical	5.476250000000001	3.9456249999999997	5.625625
surface	5.390625	3.7125000000000004	5.218125000000001
account	5.843125	3.664375	5.995
loss	4.45375	4.351249999999999	4.770625000000001
indian	5.475624999999999	4.16375	5.121250000000001
vine	5.658749999999999	3.4462499999999996	5.419999999999999
certain	5.92625	3.6650000000000005	6.218125
sin	5.548750000000001	4.483749999999999	5.3481250000000005
necessity	5.2093750000000005	3.8918749999999998	5.410625
lose	5.996250000000001	4.045	5.679375
private	5.464375	3.8156250000000003	5.650625000000001
gentleman	6.1418750000000015	3.8531250000000004	5.783124999999999
daughter	7.006250000000001	4.455	5.660000000000001
drive	5.683749999999999	3.889375	5.395625
strange	5.588125	4.294375	5.56
journey	6.3637500000000005	4.315	6.121249999999999
uncle	5.8575	3.891875	5.549375
species	5.5975	4.194999999999999	5.551875
think	6.0375	3.765625	5.95125
bed	6.064999999999999	3.43375	5.78625
wind	6.336875000000001	3.97	5.469374999999999
bless	6.383125000000001	4.602500000000001	5.887499999999999
destroy	4.359375	4.703125	5.059374999999999
author	5.745625	3.992500000000001	5.8875
sustain	5.248125	3.8762499999999998	5.374375000000001
black	5.628125	4.074999999999999	5.394375
event	5.41625	4.328125	5.514375
liberty	6.03125	4.28125	5.821875000000001
negro	4.175625	4.494375	4.5675
little	6.1675	3.5893750000000004	5.902499999999999
fortune	6.2731249999999985	4.471875000000001	5.7525
touch	6.006875000000001	4.25375	5.6068750000000005
kill	4.102500000000001	4.915000000000001	4.610625000000001
feature	5.735625000000001	3.740624999999999	5.648124999999999
happiness	7.2275	4.77875	6.408124999999999
assume	5.769375000000001	3.8518750000000006	5.959375000000001
notion	5.648749999999999	4.206250000000001	5.575000000000001
purchase	5.8793750000000005	4.266875000000001	5.653124999999999
faithful	6.01875	4.4975	5.5375
soldier	4.728125	4.941249999999999	5.155625000000001
father	6.173125	4.308125	5.349375
narrow	5.089375	3.5725000000000002	4.885625
great	5.8687499999999995	3.7975000000000008	5.9025
tear	5.198125	4.476875000000001	5.0375
honorable	5.89625	4.679374999999999	6.16375
previous	5.558125	3.946875	5.830000000000001
good	5.96625	3.8274999999999997	5.701875
domestic	6.0637500000000015	4.2425	5.7006250000000005
glory	6.571875	4.79375	5.778124999999999
lay	5.460625000000001	3.9906250000000005	5.499375
occasion	5.763749999999999	3.675	6.126875000000001
guard	5.041874999999999	4.086250000000001	5.349374999999999
whole	5.95125	3.6537500000000005	5.62125
mouth	5.705	3.7868750000000007	5.524375
receive	5.95	3.9724999999999997	6.00375
take	5.9887500000000005	3.8906250000000004	5.835
simple	6.445625	3.725	5.9825
error	4.969375	4.1175	5.626874999999999
wisdom	6.306875	4.31875	5.876249999999999
rock	5.921249999999999	3.9631250000000002	5.285625
decide	5.606875	3.928125000000001	5.674375000000001
exclaim	5.920624999999999	4.0925	5.863124999999999
assure	6.04125	3.74375	5.805624999999999
sign	5.564375	3.758125	5.711875000000001
preserve	5.909375	3.7950000000000004	5.80375
commerce	5.16375	4.090625	5.443125000000001
plant	5.574374999999999	3.7306249999999994	5.379375
walk	5.720625	3.7249999999999996	5.6743749999999995
difference	5.618125	3.715625	6.003124999999999
hang	5.719375000000001	3.7618749999999994	5.55
following	5.89625	3.741250000000001	5.84
employ	5.105000000000001	4.335625	5.328125
