deal	5.905625	3.7975000000000003	5.7906249999999995
study	6.010624999999999	4.3081249999999995	6.216875
afford	5.679375	3.9450000000000003	5.87625
service	5.6518749999999995	4.123125	5.768749999999999
height	5.429375	3.877500000000001	5.618750000000001
prospect	6.2562500000000005	4.6381250000000005	5.6375
pleasant	6.706249999999999	4.5625	6.131874999999999
shade	5.813750000000001	4.039375000000001	5.57
listen	6.020625000000001	3.870625	5.833125
mighty	5.716250000000001	4.794999999999999	5.48375
country	5.590625	3.9231249999999998	5.329375
title	5.77	3.9274999999999998	5.95625
choose	5.875624999999999	3.550625	5.978749999999999
village	5.538124999999999	3.7675	5.394375
acquire	5.96625	3.916875	6.288750000000001
rank	5.571875	4.385	5.793125
bow	5.6	4.323125	5.71625
doctor	5.09875	3.9187499999999993	5.282500000000001
talent	6.528124999999999	4.510625	6.320625
source	5.603749999999999	3.6824999999999997	5.773750000000001
lead	5.632499999999999	3.8831249999999997	5.6475
question	5.849375	4.09375	6.0825000000000005
publish	5.301875	3.7143750000000004	5.8256250000000005
interest	6.1118749999999995	4.050625	6.365625
serve	6.000625	3.5768750000000002	5.988124999999999
divine	6.00625	4.08	5.433749999999999
put	5.558750000000001	3.781875	5.864375000000001
shadow	5.9575	4.078125	5.244999999999999
practical	5.52375	3.9699999999999998	5.7631250000000005
surface	5.178125	3.785	5.155625000000001
account	5.973125	3.6425	5.985
loss	4.45375	4.351249999999999	4.770625000000001
indian	5.420625	4.0825000000000005	5.123125000000001
vine	5.504374999999999	3.74	5.526249999999999
certain	5.882499999999999	3.5325000000000006	6.1118749999999995
sin	5.2825	4.549999999999999	5.233750000000001
necessity	5.251250000000001	3.94375	5.4556249999999995
lose	5.863125	3.916875	5.608125
private	5.464375	3.8156250000000003	5.650625000000001
gentleman	6.1418750000000015	3.8531250000000004	5.783124999999999
daughter	7.107500000000002	4.4887500000000005	5.673750000000001
drive	5.584375	4.06625	5.361875
strange	5.857499999999999	4.163125	5.601875000000001
journey	6.035625	4.065625	5.896874999999999
uncle	5.860625000000001	3.9512500000000004	5.508125000000001
species	5.589375	4.12875	5.5081250000000015
think	6.017500000000001	3.72375	5.993124999999999
bed	5.831249999999999	3.47875	5.574374999999999
wind	6.151250000000001	4.18125	5.344374999999999
bless	6.2893750000000015	4.6000000000000005	5.936249999999999
destroy	4.296250000000001	4.635625	5.003125
author	5.654375000000001	4.008125000000001	5.866874999999999
sustain	5.306250000000001	3.7831250000000005	5.391875000000001
black	5.666875000000001	4.046875	5.456874999999999
event	5.430625000000001	4.146875	5.50375
liberty	6.081250000000001	4.209375	5.8568750000000005
negro	4.138125	4.444375	4.405
little	6.1475	3.5475000000000003	5.944374999999999
fortune	6.2731249999999985	4.471875000000001	5.7525
touch	6.082500000000001	4.37375	5.65125
kill	4.102500000000001	4.915000000000001	4.610625000000001
feature	5.7768749999999995	3.6812499999999995	5.633125
happiness	6.931875000000001	4.766875	6.181875
assume	5.66	3.8225000000000007	5.814375000000001
notion	5.663125	4.025	5.564375000000001
purchase	5.976249999999999	4.280625	5.659375000000001
faithful	6.163125	4.5024999999999995	5.681875
soldier	4.728125	4.941249999999999	5.155625000000001
father	6.246874999999999	4.158125	5.524375
narrow	5.079375	3.470625	4.883750000000001
great	5.784999999999999	3.7006250000000005	5.7318750000000005
tear	5.269375000000001	4.613125	5.003125
honorable	6.011875000000001	4.74125	6.2125
previous	5.5925	3.9524999999999997	5.793750000000001
good	5.932499999999999	3.78875	5.746875
domestic	5.98	4.278124999999999	5.738125
glory	6.534375000000001	4.82125	5.870625
lay	5.316250000000001	4.130000000000001	5.520625
occasion	5.721249999999998	3.7543750000000005	6.039375000000001
guard	5.0275	4.140625000000001	5.416875
whole	5.93375	3.6725000000000003	5.67625
mouth	5.72625	3.7487500000000007	5.455
receive	5.8374999999999995	3.870625	5.8374999999999995
take	5.968750000000001	3.8487500000000003	5.876875
simple	6.336875000000001	3.633125	5.8575
error	5.163125	4.130000000000001	5.663124999999999
wisdom	6.303125	4.266875	5.925624999999999
rock	5.790624999999999	4.03875	5.218749999999999
decide	5.7349999999999985	3.874375000000001	5.861875000000001
exclaim	6.001250000000001	4.288125	5.761875
assure	6.031875	3.6443749999999997	5.864999999999999
sign	5.5	3.7612500000000004	5.738125000000001
preserve	5.927499999999999	3.7206250000000005	5.7875
commerce	5.16375	4.090625	5.443125000000001
plant	5.468125	3.864375	5.409375
walk	5.7475000000000005	3.7268749999999997	5.721875000000001
difference	5.63125	3.7206250000000005	6.045624999999999
hang	5.713749999999999	3.82125	5.56125
following	5.925	3.760000000000001	5.875
employ	5.113750000000001	4.341875000000001	5.3793750000000005
