deal	5.905625	3.7975000000000003	5.7906249999999995
study	6.010624999999999	4.3081249999999995	6.216875
afford	5.6918750000000005	3.948125	5.85
service	5.6518749999999995	4.123125	5.768749999999999
height	5.425625000000001	3.769375	5.550000000000001
prospect	6.08875	4.4875	5.634375
pleasant	6.706249999999999	4.5625	6.131874999999999
shade	5.933125000000001	3.9181250000000003	5.535625000000001
listen	6.116875	3.7218750000000007	5.931249999999999
mighty	5.51375	4.59	5.2456249999999995
country	5.590625	3.9231249999999998	5.329375
title	5.75875	3.948125	5.935625
choose	5.843749999999999	3.54625	5.938749999999999
village	5.538124999999999	3.7675	5.394375
acquire	6.038125	4.061875	6.353750000000001
rank	5.711875	4.331875	5.943124999999999
bow	5.6	4.323125	5.71625
doctor	5.195625000000001	4.086875	5.32625
talent	6.528124999999999	4.510625	6.320625
source	5.603749999999999	3.6824999999999997	5.773750000000001
lead	5.6925	3.82625	5.676875
question	5.849375	4.09375	6.0825000000000005
publish	5.301875	3.7143750000000004	5.8256250000000005
interest	6.1118749999999995	4.050625	6.365625
serve	5.866875	3.6006250000000004	5.883124999999999
divine	6.030625000000001	4.234375	5.545624999999999
put	5.8687499999999995	3.75	5.996875
shadow	5.847499999999999	4.095625	5.18625
practical	5.5200000000000005	3.913125	5.668125000000001
surface	5.34	3.735625	5.155
account	5.851249999999999	3.638125	5.995
loss	4.45375	4.351249999999999	4.770625000000001
indian	5.420625	4.0825000000000005	5.123125000000001
vine	5.314999999999999	3.5731249999999997	5.273125
certain	5.92625	3.6650000000000005	6.218125
sin	5.629375	4.459375	5.353125
necessity	5.120000000000001	3.9743749999999998	5.258749999999999
lose	5.923125000000001	3.8599999999999994	5.6375
private	5.464375	3.8156250000000003	5.650625000000001
gentleman	6.055000000000001	3.8800000000000003	5.79125
daughter	7.082500000000001	4.495	5.6918750000000005
drive	5.644375	4.0093749999999995	5.39125
strange	5.818125	4.133125	5.629375
journey	6.043125	4.108750000000001	5.883124999999999
uncle	6.16125	3.8956250000000003	5.643125000000001
species	5.575	4.034999999999999	5.526875
think	5.969375000000001	3.750625	5.961874999999999
bed	6.064999999999999	3.43375	5.78625
wind	6.215625000000001	4.055625	5.2425
bless	6.50125	4.52125	6.00875
destroy	4.448125	4.70625	5.119999999999999
author	5.7162500000000005	3.9050000000000007	5.889375
sustain	5.306250000000001	3.7831250000000005	5.391875000000001
black	5.553750000000002	3.9406249999999994	5.374375
event	5.430625000000001	4.146875	5.50375
liberty	6.025	4.218749999999999	5.861250000000001
negro	4.230625	4.436875	4.579375000000001
little	6.105625000000001	3.515	5.965624999999999
fortune	6.2731249999999985	4.471875000000001	5.7525
touch	6.006875000000001	4.25375	5.6068750000000005
kill	4.102500000000001	4.915000000000001	4.610625000000001
feature	5.7768749999999995	3.6812499999999995	5.633125
happiness	6.9018749999999995	4.723125	6.183749999999999
assume	5.804375000000001	3.8250000000000006	5.927500000000001
notion	5.663125	4.03125	5.6725
purchase	5.971874999999999	4.296875	5.70375
faithful	6.163125	4.5024999999999995	5.681875
soldier	4.586875000000001	4.927499999999998	5.1606250000000005
father	6.360625000000001	4.213125000000001	5.553125
narrow	5.079375	3.470625	4.883750000000001
great	5.8343750000000005	3.758750000000001	5.778125
tear	5.145625000000001	4.5512500000000005	4.940625
honorable	6.141875	4.5181249999999995	6.324375
previous	5.608750000000001	3.8912500000000003	5.8168750000000005
good	5.898124999999999	3.8125	5.7125
domestic	6.067500000000001	4.1918750000000005	5.838125
glory	6.637500000000001	4.743125	5.746249999999998
lay	5.3812500000000005	4.093750000000001	5.498125
occasion	5.783749999999999	3.69375	6.110625000000001
guard	5.152500000000001	4.0525	5.358750000000001
whole	5.9087499999999995	3.644375	5.54125
mouth	5.72625	3.7487500000000007	5.455
receive	5.907500000000001	3.95125	5.95125
take	6.02875	3.791875	5.90625
simple	6.385625000000001	3.7312500000000006	5.863125
error	5.061875000000001	4.143750000000001	5.6525
wisdom	6.303125	4.266875	5.925624999999999
rock	5.9375	3.8962500000000007	5.2975
decide	5.606875	3.928125000000001	5.674375000000001
exclaim	5.920624999999999	4.0925	5.863124999999999
assure	6.046875000000001	3.5825	5.859375
sign	5.640625	3.7818750000000003	5.76875
preserve	6.078124999999998	3.7675	5.858124999999999
commerce	5.16375	4.090625	5.443125000000001
plant	5.539999999999999	3.7437499999999995	5.355
walk	5.8187500000000005	3.64625	5.758750000000001
difference	5.67375	3.7612500000000004	6.11625
hang	5.680000000000001	3.7974999999999994	5.575
following	5.89625	3.741250000000001	5.84
employ	5.114375000000001	4.310625000000001	5.390000000000001
