deal	5.905625	3.7975000000000003	5.7906249999999995
study	6.010624999999999	4.3081249999999995	6.216875
afford	5.679375	3.9450000000000003	5.87625
service	5.581250000000001	4.095	5.75125
height	5.429375	3.877500000000001	5.618750000000001
prospect	6.2562500000000005	4.6381250000000005	5.6375
pleasant	6.748749999999999	4.625	6.039999999999999
shade	5.933125000000001	3.9181250000000003	5.535625000000001
listen	5.891249999999999	3.69375	5.86625
mighty	5.556875000000001	4.786249999999999	5.450625
country	5.6525	3.774374999999999	5.408124999999999
title	5.785625	3.93	5.899375
choose	5.87875	3.56875	5.941875
village	5.538124999999999	3.7675	5.394375
acquire	5.92625	4.093125000000001	6.295625000000001
rank	5.731250000000001	4.33625	5.930624999999999
bow	5.513125	4.339375	5.641875
doctor	5.189375000000001	3.97	5.341874999999999
talent	6.528124999999999	4.510625	6.320625
source	5.603749999999999	3.6824999999999997	5.773750000000001
lead	5.6156250000000005	3.85	5.654375
question	5.849375	4.09375	6.0825000000000005
publish	5.424375000000001	3.7212500000000004	5.684375000000001
interest	6.1118749999999995	4.050625	6.365625
serve	5.866875	3.6006250000000004	5.883124999999999
divine	5.984999999999999	4.108125	5.611249999999999
put	5.746250000000001	3.78625	5.96
shadow	5.847499999999999	4.095625	5.18625
practical	5.596250000000001	3.81625	5.65
surface	5.390625	3.7125000000000004	5.218125000000001
account	5.851249999999999	3.638125	5.995
loss	4.26625	4.348125	4.701250000000001
indian	5.494375	3.9887500000000005	5.1137500000000005
vine	5.511874999999998	3.6931249999999993	5.284375
certain	5.92625	3.6650000000000005	6.218125
sin	5.338125000000001	4.545624999999999	5.15
necessity	5.078125000000001	4.018125	5.2924999999999995
lose	5.834375000000001	3.886875	5.604375
private	5.536875	3.8643750000000003	5.729375000000001
gentleman	6.335000000000002	3.7637500000000004	5.894374999999999
daughter	7.107500000000002	4.4887500000000005	5.673750000000001
drive	5.635624999999999	4.054374999999999	5.432499999999999
strange	5.818125	4.133125	5.629375
journey	6.059375	4.02125	5.86375
uncle	5.918125000000001	4.0181249999999995	5.66375
species	5.531250000000001	3.9656249999999997	5.516250000000001
think	6.000625000000001	3.685	5.99625
bed	5.739375000000001	3.5056249999999998	5.574999999999999
wind	6.410625000000001	3.89375	5.548125
bless	6.302500000000001	4.515000000000001	5.890625
destroy	4.33875	4.7175	5.116874999999999
author	5.701250000000001	4.034375000000001	5.798125
sustain	5.306250000000001	3.7831250000000005	5.391875000000001
black	5.556875000000002	4.035625	5.3843749999999995
event	5.430625000000001	4.146875	5.50375
liberty	6.025	4.218749999999999	5.861250000000001
negro	4.138125	4.444375	4.405
little	6.096875000000001	3.550625	5.925624999999999
fortune	6.2731249999999985	4.471875000000001	5.7525
touch	6.03375	4.31625	5.5718749999999995
kill	4.155	4.855625	4.796874999999999
feature	5.7768749999999995	3.6812499999999995	5.633125
happiness	6.931875000000001	4.766875	6.181875
assume	5.769375000000001	3.8518750000000006	5.959375000000001
notion	5.663125	4.025	5.564375000000001
purchase	5.908124999999999	4.2681249999999995	5.605625
faithful	6.163125	4.5024999999999995	5.681875
soldier	4.40625	4.9174999999999995	4.97375
father	6.3774999999999995	4.23125	5.52625
narrow	5.0925	3.4787500000000002	4.825625
great	5.9175	3.7531250000000007	5.83625
tear	5.124375	4.52625	4.905625000000001
honorable	6.011875000000001	4.74125	6.2125
previous	5.5925	3.9524999999999997	5.793750000000001
good	5.932499999999999	3.78875	5.746875
domestic	6.143750000000001	4.175000000000001	5.8618749999999995
glory	6.590000000000001	4.816875	5.786874999999999
lay	5.426875	4.04375	5.493125
occasion	5.678749999999999	3.6537500000000005	6.050000000000001
guard	5.2837499999999995	4.023750000000001	5.6175
whole	5.923125	3.5512500000000005	5.633125
mouth	5.72625	3.7487500000000007	5.455
receive	5.95	3.9724999999999997	6.00375
take	5.955	3.851875	5.84
simple	6.401875	3.6568750000000008	5.835625
error	5.235625000000001	4.049375	5.7612499999999995
wisdom	6.303125	4.266875	5.925624999999999
rock	5.921249999999999	3.9631250000000002	5.285625
decide	5.606875	3.928125000000001	5.674375000000001
exclaim	6.016249999999999	4.241249999999999	5.818125
assure	6.046875000000001	3.5825	5.859375
sign	5.555625	3.7462500000000003	5.732500000000001
preserve	5.909375	3.7950000000000004	5.80375
commerce	5.219999999999999	3.89375	5.44
plant	5.76875	3.805624999999999	5.370625
walk	5.795625	3.7149999999999994	5.709999999999999
difference	5.67375	3.7612500000000004	6.11625
hang	5.680000000000001	3.7974999999999994	5.575
following	5.89625	3.741250000000001	5.84
employ	5.168750000000001	4.410000000000001	5.39125
