deal	5.905625	3.7975000000000003	5.7906249999999995
study	5.960624999999999	4.188124999999999	6.200625
afford	5.679375	3.9450000000000003	5.87625
service	5.6518749999999995	4.123125	5.768749999999999
height	5.399375	3.888750000000001	5.608125000000001
prospect	6.2562500000000005	4.6381250000000005	5.6375
pleasant	6.706249999999999	4.5625	6.131874999999999
shade	5.933125000000001	3.9181250000000003	5.535625000000001
listen	6.116875	3.7218750000000007	5.931249999999999
mighty	5.710625	4.686875	5.4075
country	5.590625	3.9231249999999998	5.329375
title	5.730624999999999	3.915625	5.770625
choose	5.875624999999999	3.550625	5.978749999999999
village	5.538124999999999	3.7675	5.394375
acquire	5.92625	4.093125000000001	6.295625000000001
rank	5.698125000000001	4.319999999999999	5.8
bow	5.6	4.323125	5.71625
doctor	5.132500000000001	4.00625	5.285625
talent	6.596875000000001	4.5737499999999995	6.3706249999999995
source	5.603749999999999	3.6824999999999997	5.773750000000001
lead	5.6156250000000005	3.85	5.654375
question	5.8968750000000005	4.1775	6.0125
publish	5.399375000000001	3.7025000000000006	5.756875000000001
interest	6.1118749999999995	4.050625	6.365625
serve	5.866875	3.6006250000000004	5.883124999999999
divine	6.00625	4.08	5.433749999999999
put	5.820625000000001	3.8124999999999996	5.9712499999999995
shadow	5.847499999999999	4.095625	5.18625
practical	5.564375	3.8687500000000004	5.72875
surface	5.28625	3.6862500000000002	5.228750000000001
account	5.904374999999999	3.6675	6.035
loss	4.45375	4.351249999999999	4.770625000000001
indian	5.418749999999999	4.056875000000001	5.1693750000000005
vine	5.528749999999999	3.5987499999999994	5.395
certain	5.975624999999999	3.6337500000000005	6.172499999999999
sin	5.629375	4.459375	5.353125
necessity	5.250625	3.9481249999999997	5.406249999999999
lose	5.834375000000001	3.886875	5.604375
private	5.464375	3.8156250000000003	5.650625000000001
gentleman	6.195625000000001	3.77125	5.818125
daughter	7.107500000000002	4.4887500000000005	5.673750000000001
drive	5.635624999999999	4.054374999999999	5.432499999999999
strange	5.818125	4.133125	5.629375
journey	6.060625	4.036875	5.968125
uncle	6.16125	3.8956250000000003	5.643125000000001
species	5.531250000000001	3.9656249999999997	5.516250000000001
think	5.989375000000001	3.7175	5.975624999999999
bed	5.739375000000001	3.5056249999999998	5.574999999999999
wind	6.309375000000001	4.0981250000000005	5.306875
bless	6.3775	4.554375	5.9037500000000005
destroy	4.24	4.8012500000000005	4.93375
author	5.701250000000001	4.034375000000001	5.798125
sustain	5.306250000000001	3.7831250000000005	5.391875000000001
black	5.628125	4.074999999999999	5.394375
event	5.536874999999999	4.284375000000001	5.5875
liberty	5.620000000000001	4.157500000000001	5.5125
negro	4.245	4.37	4.53875
little	6.096875000000001	3.550625	5.925624999999999
fortune	6.2731249999999985	4.471875000000001	5.7525
touch	6.08375	4.385625	5.607499999999999
kill	4.102500000000001	4.915000000000001	4.610625000000001
feature	5.7768749999999995	3.6812499999999995	5.633125
happiness	6.931875000000001	4.766875	6.181875
assume	5.781875	3.8518750000000006	5.9075000000000015
notion	5.663125	4.025	5.564375000000001
purchase	5.811249999999999	4.204375	5.679375
faithful	6.037499999999999	4.385	5.596875
soldier	4.7437499999999995	5.009999999999999	5.266875000000001
father	6.246874999999999	4.158125	5.524375
narrow	5.079375	3.470625	4.883750000000001
great	5.9175	3.7531250000000007	5.83625
tear	5.198125	4.476875000000001	5.0375
honorable	6.035	4.606249999999999	6.250624999999999
previous	5.615	3.914375	5.833125000000001
good	5.932499999999999	3.78875	5.746875
domestic	6.0637500000000015	4.2425	5.7006250000000005
glory	6.580625000000001	4.86125	5.858749999999999
lay	5.426875	4.04375	5.493125
occasion	5.848749999999999	3.78875	6.159375000000001
guard	5.144374999999999	4.0843750000000005	5.50375
whole	5.93375	3.6725000000000003	5.67625
mouth	5.644375	3.8250000000000006	5.42625
receive	5.95	3.9724999999999997	6.00375
take	5.940625	3.9050000000000002	5.900625
simple	6.401875	3.6568750000000008	5.835625
error	5.315	4.0531250000000005	5.800624999999999
wisdom	6.4174999999999995	4.288749999999999	5.970624999999999
rock	5.9487499999999995	3.8725000000000005	5.36
decide	5.6343749999999995	3.9412500000000006	5.667500000000001
exclaim	6.045	4.285625	5.81875
assure	6.046875000000001	3.5825	5.859375
sign	5.596875	3.805625	5.765625
preserve	5.928749999999999	3.73875	5.8462499999999995
commerce	5.16375	4.090625	5.443125000000001
plant	5.644374999999999	3.7731249999999994	5.359375
walk	5.770625	3.7087499999999998	5.733124999999999
difference	5.736875	3.81625	6.1575
hang	5.680000000000001	3.7974999999999994	5.575
following	5.97125	3.776875000000001	5.835
employ	5.168750000000001	4.410000000000001	5.39125
