deal	5.905625	3.7975000000000003	5.7906249999999995
study	5.983124999999999	4.328749999999999	6.1743749999999995
afford	5.679374999999999	3.9418750000000005	5.92
service	5.6518749999999995	4.123125	5.768749999999999
height	5.3881250000000005	3.7875000000000005	5.652500000000001
prospect	6.199375000000001	4.6625	5.82875
pleasant	6.706249999999999	4.5625	6.131874999999999
shade	5.775	3.859375	5.451875000000002
listen	5.914375000000001	3.7912500000000007	5.788124999999999
mighty	5.458750000000001	4.6525	5.283124999999999
country	5.590625	3.9231249999999998	5.329375
title	5.75875	3.948125	5.935625
choose	5.85875	3.5831250000000003	5.999374999999999
village	5.538124999999999	3.7675	5.394375
acquire	5.851875	4.125625	6.250000000000002
rank	5.641875	4.35625	5.873749999999999
bow	5.496249999999999	4.354375	5.6525
doctor	5.174375	4.020625	5.326874999999999
talent	6.596875000000001	4.5737499999999995	6.3706249999999995
source	5.603749999999999	3.6824999999999997	5.773750000000001
lead	5.6156250000000005	3.85	5.654375
question	5.94625	4.151250000000001	6.084375
publish	5.399375000000001	3.7025000000000006	5.756875000000001
interest	5.854375	4.021875	6.2193749999999985
serve	5.98125	3.630625	5.980624999999999
divine	6.00625	4.08	5.433749999999999
put	5.789375000000001	3.8606249999999998	5.96
shadow	5.823749999999999	4.101875	5.1118749999999995
practical	5.596250000000001	3.81625	5.65
surface	5.326875	3.7793750000000004	5.183125
account	5.851249999999999	3.638125	5.995
loss	4.325625	4.374375	4.7093750000000005
indian	5.40375	4.206875	5.08625
vine	5.553124999999999	3.5693749999999995	5.373749999999999
certain	5.92625	3.6650000000000005	6.218125
sin	5.338125000000001	4.545624999999999	5.15
necessity	5.136875000000001	3.9731250000000005	5.40375
lose	5.8375	3.966875	5.619375
private	5.464375	3.8156250000000003	5.650625000000001
gentleman	6.148125000000001	3.8381250000000002	5.807499999999999
daughter	7.107500000000002	4.4887500000000005	5.673750000000001
drive	5.545	4.045625	5.358124999999999
strange	5.7456249999999995	4.163749999999999	5.503125
journey	6.035625	4.065625	5.896874999999999
uncle	6.16125	3.8956250000000003	5.643125000000001
species	5.660000000000001	4.0024999999999995	5.535000000000001
think	5.978125	3.703125	5.989374999999999
bed	5.751875	3.4693749999999994	5.669374999999999
wind	6.234375000000001	4.08625	5.335624999999999
bless	6.302500000000001	4.515000000000001	5.890625
destroy	4.25125	4.8575	4.944999999999999
author	5.682500000000001	4.035	5.896875
sustain	5.306250000000001	3.7831250000000005	5.391875000000001
black	5.502500000000001	3.9412499999999997	5.343125
event	5.430624999999999	4.322500000000001	5.589375
liberty	6.013750000000002	4.36875	5.710625000000001
negro	4.138125	4.444375	4.405
little	6.108125	3.526875	5.940624999999999
fortune	6.2731249999999985	4.471875000000001	5.7525
touch	6.088125000000001	4.416874999999999	5.53375
kill	3.5512500000000005	5.133125000000001	4.265000000000001
feature	5.7768749999999995	3.6812499999999995	5.633125
happiness	6.958125000000001	4.833124999999999	6.260624999999999
assume	5.715000000000001	3.8400000000000007	5.856250000000002
notion	5.5825	4.109375	5.636250000000001
purchase	5.8925	4.3256250000000005	5.664375
faithful	6.322499999999999	4.390625	5.694375
soldier	4.728125	4.941249999999999	5.155625000000001
father	6.246874999999999	4.158125	5.524375
narrow	5.041875	3.513125	4.813125
great	5.9175	3.7531250000000007	5.83625
tear	4.848125	4.75375	4.750624999999999
honorable	5.921875000000001	4.664375	6.165625
previous	5.4925	3.9818749999999996	5.695625000000001
good	5.9156249999999995	3.7768750000000004	5.735625
domestic	6.0637500000000015	4.2425	5.7006250000000005
glory	6.531250000000001	4.680625	5.642499999999999
lay	5.426875	4.04375	5.493125
occasion	5.697499999999999	3.6237500000000002	6.061875000000001
guard	5.144374999999999	4.0843750000000005	5.50375
whole	5.9125	3.7337500000000006	5.584375
mouth	5.598750000000001	3.7956250000000007	5.43625
receive	5.89625	3.99875	5.980625
take	5.940625	3.9050000000000002	5.900625
simple	6.408750000000001	3.6943750000000004	5.916875
error	5.001875	4.085	5.521875
wisdom	6.378124999999999	4.27375	5.988124999999999
rock	5.97875	3.9468750000000004	5.333125
decide	5.630624999999999	3.906250000000001	5.766875000000001
exclaim	5.981875	4.374375	5.769374999999999
assure	6.046875000000001	3.5825	5.859375
sign	5.53875	3.8025	5.750000000000001
preserve	5.909375	3.7950000000000004	5.80375
commerce	5.16375	4.090625	5.443125000000001
plant	5.8175	3.7949999999999995	5.471875000000001
walk	5.766875	3.7343749999999996	5.791874999999999
difference	5.656875	3.7368750000000004	6.106875
hang	5.643749999999999	3.8525	5.688124999999999
following	5.875625	3.660625000000001	5.743125
employ	5.168750000000001	4.410000000000001	5.39125
