deal	5.905625	3.7975000000000003	5.7906249999999995
study	5.926875	4.170624999999999	6.180624999999999
afford	5.593125	3.948125	5.74125
service	5.5112499999999995	4.045625	5.696874999999999
height	5.429375	3.877500000000001	5.618750000000001
prospect	6.2562500000000005	4.6381250000000005	5.6375
pleasant	6.706249999999999	4.5625	6.131874999999999
shade	5.933125000000001	3.9181250000000003	5.535625000000001
listen	6.116875	3.7218750000000007	5.931249999999999
mighty	5.710625	4.686875	5.4075
country	5.54625	3.944375	5.328749999999999
title	5.808749999999999	3.98875	5.91
choose	5.864374999999999	3.559375	5.96125
village	5.538124999999999	3.7675	5.394375
acquire	5.835625	4.05	6.210000000000002
rank	5.731250000000001	4.33625	5.930624999999999
bow	5.5162499999999985	4.323125000000001	5.6625000000000005
doctor	5.134375	3.96375	5.315625
talent	6.528124999999999	4.510625	6.320625
source	5.603749999999999	3.6824999999999997	5.773750000000001
lead	5.672499999999999	3.964375	5.630000000000001
question	5.961250000000001	4.189375	6.155625000000001
publish	5.4425	3.7162500000000005	5.796250000000001
interest	6.1118749999999995	4.050625	6.365625
serve	5.972500000000001	3.570625	5.970624999999999
divine	6.00625	4.08	5.433749999999999
put	5.780625	3.8006249999999997	5.95
shadow	5.847499999999999	4.095625	5.18625
practical	5.596250000000001	3.81625	5.65
surface	5.33625	3.7706250000000003	5.243125
account	5.851874999999999	3.640625	5.98125
loss	4.482500000000001	4.443124999999999	4.911875
indian	5.494375	3.9887500000000005	5.1137500000000005
vine	5.716249999999999	3.576875	5.4675
certain	5.896875	3.6625000000000005	6.186875
sin	5.629375	4.459375	5.353125
necessity	5.119375000000001	3.835625	5.22875
lose	5.834375000000001	3.886875	5.604375
private	5.70875	3.765	5.638750000000001
gentleman	6.166250000000001	3.8581250000000002	5.8025
daughter	6.71375	4.678750000000002	5.487500000000001
drive	5.59	4.006875	5.350625
strange	5.818125	4.133125	5.629375
journey	6.11125	3.983125	5.989999999999998
uncle	5.821250000000001	3.9137500000000003	5.571875
species	5.825000000000001	4.075625	5.796875
think	5.989375000000001	3.7175	5.975624999999999
bed	5.818125	3.4712499999999995	5.585624999999999
wind	6.15	4.148125	5.41125
bless	6.3775	4.554375	5.9037500000000005
destroy	4.225625	4.828125	4.967499999999999
author	5.760000000000001	3.9118750000000007	5.8725
sustain	5.306250000000001	3.7831250000000005	5.391875000000001
black	5.541875	3.976249999999999	5.351875
event	5.505	4.09125	5.50875
liberty	6.081250000000001	4.209375	5.8568750000000005
negro	4.107500000000001	4.568125	4.426875
little	6.119375000000001	3.5412500000000002	5.926874999999999
fortune	6.274999999999999	4.40625	5.719375
touch	6.032500000000001	4.3500000000000005	5.6312500000000005
kill	4.246250000000001	5.050625	4.668749999999999
feature	5.758125000000001	3.6899999999999995	5.568124999999999
happiness	7.1725	4.766249999999999	6.425624999999999
assume	5.8412500000000005	3.7956250000000007	5.928125000000001
notion	5.636875	4.1275	5.646250000000001
purchase	5.921875	4.308125	5.637499999999999
faithful	6.023124999999999	4.50625	5.611875
soldier	4.53375	4.836874999999999	5.085
father	6.114375	4.275625	5.400625
narrow	5.0925	3.4787500000000002	4.825625
great	5.89125	3.823750000000001	5.913125
tear	5.145625000000001	4.5512500000000005	4.940625
honorable	5.863125	4.6099999999999985	6.161875
previous	5.706250000000001	3.883125	5.913125000000001
good	5.932499999999999	3.78875	5.746875
domestic	6.0637500000000015	4.2425	5.7006250000000005
glory	6.580625000000001	4.86125	5.858749999999999
lay	5.455	4.00375	5.468125000000001
occasion	5.7525	3.75375	6.159375000000001
guard	4.9825	4.008125000000001	5.321249999999999
whole	5.873749999999999	3.7162500000000005	5.569999999999999
mouth	5.53	3.8093750000000006	5.50375
receive	5.95	3.9724999999999997	6.00375
take	5.940625	3.8425000000000002	5.859375
simple	6.401875	3.6568750000000008	5.835625
error	5.14875	4.161875	5.7225
wisdom	6.420624999999999	4.465	5.951249999999999
rock	5.921249999999999	3.9631250000000002	5.285625
decide	5.568124999999999	3.986250000000001	5.719375
exclaim	5.984999999999999	4.2025	5.8425
assure	6.046875000000001	3.5825	5.859375
sign	5.640625	3.7818750000000003	5.76875
preserve	5.909375	3.7950000000000004	5.80375
commerce	5.1425	4.0424999999999995	5.364375000000001
plant	5.778124999999999	3.7399999999999993	5.455625000000001
walk	5.719374999999999	3.6075	5.770625000000001
difference	5.67375	3.7612500000000004	6.11625
hang	5.7225	3.760625	5.632499999999999
following	5.89625	3.741250000000001	5.84
employ	5.225625000000001	4.324375	5.453749999999999
