deal	5.905625	3.7975000000000003	5.7906249999999995
study	6.010624999999999	4.3081249999999995	6.216875
afford	5.8375	3.9706250000000005	5.905625000000001
service	5.631875	4.05375	5.756249999999999
height	5.429375	3.877500000000001	5.618750000000001
prospect	6.152500000000001	4.594374999999999	5.765000000000001
pleasant	6.539375	4.552499999999999	5.963124999999999
shade	5.96	3.93	5.509375
listen	6.116875	3.7218750000000007	5.931249999999999
mighty	5.729375	4.804999999999999	5.579375
country	5.590625	3.9231249999999998	5.329375
title	5.803749999999999	3.915625	5.95125
choose	5.875624999999999	3.550625	5.978749999999999
village	5.538124999999999	3.7675	5.394375
acquire	6.00125	4.12625	6.3925
rank	5.698125000000001	4.319999999999999	5.8
bow	5.632499999999999	4.402500000000001	5.704999999999999
doctor	5.226875000000001	3.8899999999999992	5.386874999999999
talent	6.596875000000001	4.5737499999999995	6.3706249999999995
source	5.603749999999999	3.6824999999999997	5.773750000000001
lead	5.6156250000000005	3.85	5.654375
question	5.849375	4.09375	6.0825000000000005
publish	5.399375000000001	3.7025000000000006	5.756875000000001
interest	6.1118749999999995	4.050625	6.365625
serve	5.866875	3.6006250000000004	5.883124999999999
divine	6.041875000000001	4.005	5.529999999999999
put	5.76625	3.815625	5.981875
shadow	5.809999999999999	4.045624999999999	5.087499999999999
practical	5.596250000000001	3.81625	5.65
surface	5.376250000000001	3.7675000000000005	5.206875
account	5.916874999999999	3.62625	5.899375
loss	4.343750000000001	4.481874999999999	4.686875000000001
indian	5.534374999999999	4.210625	5.225625000000001
vine	5.433749999999999	3.611875	5.268749999999999
certain	5.959999999999999	3.6687500000000006	6.03
sin	5.2775	4.526875	5.234375
necessity	5.251250000000001	3.94375	5.4556249999999995
lose	5.834375000000001	3.886875	5.604375
private	5.464375	3.8156250000000003	5.650625000000001
gentleman	6.1418750000000015	3.8531250000000004	5.783124999999999
daughter	7.107500000000002	4.4887500000000005	5.673750000000001
drive	5.558124999999999	3.983125	5.403124999999999
strange	5.818125	4.133125	5.629375
journey	6.09375	4.09625	5.941874999999999
uncle	6.16125	3.8956250000000003	5.643125000000001
species	5.570625000000001	4.079999999999999	5.546250000000001
think	5.989375000000001	3.7175	5.975624999999999
bed	5.83	3.4931249999999996	5.614374999999999
wind	6.234375000000001	4.08625	5.335624999999999
bless	6.346875	4.43625	5.988124999999999
destroy	4.359375	4.703125	5.059374999999999
author	5.678750000000001	3.9475000000000007	5.8187500000000005
sustain	5.4575000000000005	3.7062500000000003	5.4662500000000005
black	5.521875000000001	4.0225	5.28125
event	5.430625000000001	4.146875	5.50375
liberty	6.025	4.218749999999999	5.861250000000001
negro	4.138125	4.444375	4.405
little	6.097500000000001	3.5925	5.958124999999999
fortune	6.2731249999999985	4.471875000000001	5.7525
touch	6.006875000000001	4.25375	5.6068750000000005
kill	3.999375	4.864999999999999	4.531875
feature	5.7768749999999995	3.6812499999999995	5.633125
happiness	6.931875000000001	4.766875	6.181875
assume	5.769375000000001	3.8518750000000006	5.959375000000001
notion	5.7225	4.168125	5.479375000000001
purchase	5.976249999999999	4.280625	5.659375000000001
faithful	6.099374999999999	4.392499999999999	5.659375
soldier	4.81375	4.881874999999999	5.235625
father	6.246874999999999	4.158125	5.524375
narrow	5.079375	3.470625	4.883750000000001
great	5.9175	3.7531250000000007	5.83625
tear	5.145625000000001	4.5512500000000005	4.940625
honorable	6.011875000000001	4.74125	6.2125
previous	5.5925	3.9524999999999997	5.793750000000001
good	5.932499999999999	3.78875	5.746875
domestic	6.145000000000001	4.219375	5.819375000000001
glory	6.661250000000001	4.75	5.858124999999999
lay	5.426875	4.04375	5.493125
occasion	5.845625	3.7581249999999997	6.032500000000001
guard	5.2093750000000005	3.946875	5.575625
whole	5.89	3.6775	5.633125
mouth	5.598750000000001	3.8106250000000004	5.375625
receive	5.8831250000000015	4.029375	5.96
take	5.940625	3.9050000000000002	5.900625
simple	6.401875	3.6568750000000008	5.835625
error	5.14875	4.161875	5.7225
wisdom	6.387499999999999	4.213749999999999	5.998124999999999
rock	5.921249999999999	3.9631250000000002	5.285625
decide	5.606875	3.928125000000001	5.674375000000001
exclaim	5.920624999999999	4.0925	5.863124999999999
assure	6.046875000000001	3.5825	5.859375
sign	5.640625	3.7818750000000003	5.76875
preserve	5.909375	3.7950000000000004	5.80375
commerce	5.276250000000001	4.114375	5.37375
plant	5.691874999999999	3.774374999999999	5.3774999999999995
walk	5.720625	3.7249999999999996	5.6743749999999995
difference	5.708125	3.691875	5.98375
hang	5.68	3.8125	5.514374999999999
following	5.9775	3.7637500000000004	5.78375
employ	5.363125000000001	4.35125	5.568125
