deal	6.035	3.857500000000001	5.80125
study	6.010624999999999	4.3081249999999995	6.216875
afford	5.674375	3.9775	5.815625
service	5.825	4.333749999999999	6.022499999999999
height	5.385625	3.8137499999999998	5.688125000000001
prospect	6.166250000000002	4.59875	5.68625
pleasant	6.90625	4.5406249999999995	6.209375
shade	5.933125000000001	3.9181250000000003	5.535625000000001
listen	6.116875	3.7218750000000007	5.931249999999999
mighty	5.729375	4.804999999999999	5.579375
country	5.618125	3.8962499999999993	5.3325
title	5.6743749999999995	3.891875	5.908124999999999
choose	5.85875	3.5831250000000003	5.999374999999999
village	5.538124999999999	3.7675	5.394375
acquire	5.92625	4.093125000000001	6.295625000000001
rank	5.7275	4.3775	5.921874999999999
bow	5.683749999999999	4.268750000000001	5.773124999999999
doctor	5.132500000000001	4.00625	5.285625
talent	6.596875000000001	4.5737499999999995	6.3706249999999995
source	5.64	3.725	5.798125
lead	5.6156250000000005	3.85	5.654375
question	5.859375000000001	4.141875000000001	6.071249999999999
publish	5.399375000000001	3.7025000000000006	5.756875000000001
interest	5.9125000000000005	4.104375	6.206874999999999
serve	6.080000000000001	3.6131249999999997	6.090624999999999
divine	6.046875	4.05125	5.4487499999999995
put	5.771875	3.78	5.914375
shadow	5.767499999999998	4.11	5.193124999999999
practical	5.4624999999999995	4.000625	5.596875000000001
surface	5.390625	3.7125000000000004	5.218125000000001
account	5.894374999999999	3.6525000000000003	5.995
loss	4.350625	4.4624999999999995	4.781875
indian	5.57	4.067500000000001	5.2162500000000005
vine	5.2662499999999985	3.5624999999999996	5.281875
certain	5.968749999999999	3.614375000000001	6.190625
sin	5.629375	4.459375	5.353125
necessity	5.1312500000000005	3.965	5.286249999999999
lose	5.865625000000001	3.926875	5.706875
private	5.474374999999999	4.071875	5.7543750000000005
gentleman	5.9750000000000005	3.950625	5.7749999999999995
daughter	7.107500000000002	4.4887500000000005	5.673750000000001
drive	5.6075	4.04625	5.373124999999999
strange	5.745625	4.113125	5.635624999999999
journey	6.035625	4.065625	5.896874999999999
uncle	6.16125	3.8956250000000003	5.643125000000001
species	5.593750000000001	4.070625	5.501250000000001
think	5.955000000000001	3.729375	5.938124999999999
bed	5.761875000000002	3.4799999999999995	5.608749999999999
wind	6.2962500000000015	4.105	5.335624999999999
bless	6.3775	4.554375	5.9037500000000005
destroy	4.359375	4.703125	5.059374999999999
author	5.701250000000001	4.034375000000001	5.798125
sustain	5.306250000000001	3.7831250000000005	5.391875000000001
black	5.628125	4.074999999999999	5.394375
event	5.430625000000001	4.146875	5.50375
liberty	6.041875000000001	4.179375	5.777500000000001
negro	4.108750000000001	4.5024999999999995	4.371875
little	6.096875000000001	3.550625	5.925624999999999
fortune	6.2731249999999985	4.471875000000001	5.7525
touch	6.233124999999999	4.258125	5.7700000000000005
kill	4.102500000000001	4.915000000000001	4.610625000000001
feature	5.7768749999999995	3.6812499999999995	5.633125
happiness	6.931875000000001	4.766875	6.181875
assume	5.769375000000001	3.8518750000000006	5.959375000000001
notion	5.663125	4.025	5.564375000000001
purchase	5.909374999999999	4.31125	5.640625000000001
faithful	6.135	4.508125	5.721875
soldier	4.586875000000001	4.927499999999998	5.1606250000000005
father	6.246874999999999	4.158125	5.524375
narrow	5.11625	3.5406250000000004	4.918125000000001
great	5.871250000000001	3.7825000000000006	5.810625
tear	5.2631250000000005	4.643750000000001	5.023125
honorable	6.011875000000001	4.74125	6.2125
previous	5.608750000000001	3.8912500000000003	5.8168750000000005
good	5.932499999999999	3.78875	5.746875
domestic	6.275	4.1775	6.014375000000001
glory	6.6625000000000005	4.7593749999999995	5.809999999999999
lay	5.426875	4.04375	5.493125
occasion	5.811874999999999	3.7699999999999996	6.12375
guard	5.088125	4.15625	5.33625
whole	5.970625	3.625	5.715
mouth	5.72625	3.7487500000000007	5.455
receive	5.918125	3.9856249999999998	5.993125
take	5.940625	3.9050000000000002	5.900625
simple	6.401875	3.6568750000000008	5.835625
error	5.2718750000000005	4.1312500000000005	5.7924999999999995
wisdom	6.303125	4.266875	5.925624999999999
rock	5.873125	3.9381250000000003	5.225
decide	5.606875	3.928125000000001	5.674375000000001
exclaim	5.920624999999999	4.0925	5.863124999999999
assure	6.00125	3.6418749999999998	5.863124999999999
sign	5.53875	3.8025	5.750000000000001
preserve	6.123749999999999	3.8100000000000005	5.8306249999999995
commerce	5.17375	4.103125	5.380625000000001
plant	5.611874999999999	3.8324999999999996	5.30875
walk	5.720625	3.7249999999999996	5.6743749999999995
difference	5.7175	3.8025	6.124375
hang	5.680000000000001	3.7974999999999994	5.575
following	5.89625	3.741250000000001	5.84
employ	5.183750000000001	4.433750000000001	5.416875
