deal	6.02375	3.8581250000000002	5.845
study	6.010624999999999	4.3081249999999995	6.216875
afford	5.693125	3.99	5.863125
service	5.7631250000000005	4.13	5.675625
height	5.436875	3.8462500000000004	5.6537500000000005
prospect	6.2562500000000005	4.6381250000000005	5.6375
pleasant	6.706249999999999	4.5625	6.131874999999999
shade	5.933125000000001	3.9181250000000003	5.535625000000001
listen	6.116875	3.7218750000000007	5.931249999999999
mighty	5.67375	4.7143749999999995	5.521875
country	5.590625	3.9231249999999998	5.329375
title	5.75875	3.948125	5.935625
choose	5.875624999999999	3.550625	5.978749999999999
village	5.539375	3.8406249999999997	5.400625
acquire	5.896875	4.055	6.295625
rank	5.76	4.326249999999999	5.770625
bow	5.487499999999999	4.2975	5.676875
doctor	5.132500000000001	4.00625	5.285625
talent	6.528124999999999	4.510625	6.320625
source	5.603749999999999	3.6824999999999997	5.773750000000001
lead	5.709375	3.9887500000000005	5.70375
question	5.849375	4.09375	6.0825000000000005
publish	5.351875000000001	3.7225	5.773750000000001
interest	6.1118749999999995	4.050625	6.365625
serve	5.866875	3.6006250000000004	5.883124999999999
divine	6.00625	4.08	5.433749999999999
put	5.76625	3.72625	6.005625
shadow	5.783124999999999	4.0337499999999995	5.11375
practical	5.5043750000000005	3.8743749999999997	5.710000000000001
surface	5.409375	3.71375	5.24125
account	5.851249999999999	3.638125	5.995
loss	4.45375	4.351249999999999	4.770625000000001
indian	5.420625	4.0825000000000005	5.123125000000001
vine	5.533749999999999	3.45375	5.36375
certain	5.92625	3.6650000000000005	6.218125
sin	5.310000000000001	4.588125	5.157500000000001
necessity	5.228750000000001	3.956875	5.382499999999999
lose	5.882500000000001	3.88125	5.6675
private	5.464375	3.8156250000000003	5.650625000000001
gentleman	6.152500000000001	3.8531250000000004	5.852499999999999
daughter	7.107500000000002	4.4887500000000005	5.673750000000001
drive	5.598749999999999	4.115625	5.3374999999999995
strange	5.818124999999999	4.1425	5.5981250000000005
journey	6.1775	4.019375	5.911874999999999
uncle	6.16125	3.8956250000000003	5.643125000000001
species	5.531250000000001	3.9656249999999997	5.516250000000001
think	6.04875	3.628125	6.095624999999998
bed	5.7387500000000005	3.5399999999999996	5.723124999999999
wind	6.240000000000001	4.128125	5.311249999999999
bless	6.3775	4.554375	5.9037500000000005
destroy	4.47125	4.676875	5.126874999999999
author	5.701250000000001	4.034375000000001	5.798125
sustain	5.306250000000001	3.7831250000000005	5.391875000000001
black	5.516250000000001	4.010625	5.324375
event	5.564375	4.264375	5.5975
liberty	6.025	4.218749999999999	5.861250000000001
negro	4.138125	4.444375	4.405
little	6.108125	3.526875	5.940624999999999
fortune	6.281874999999999	4.325	5.745625
touch	6.006875000000001	4.25375	5.6068750000000005
kill	3.857500000000001	5.050000000000001	4.47875
feature	5.6918750000000005	3.6725	5.50125
happiness	6.9281250000000005	4.704999999999999	6.224999999999999
assume	5.769375000000001	3.8518750000000006	5.959375000000001
notion	5.721874999999999	4.149375	5.762500000000001
purchase	5.890624999999998	4.260625	5.600625000000001
faithful	6.342499999999999	4.305000000000001	5.748125
soldier	4.728125	4.941249999999999	5.155625000000001
father	6.246874999999999	4.158125	5.524375
narrow	5.079375	3.470625	4.883750000000001
great	5.968125000000001	3.7306250000000007	5.89375
tear	4.8549999999999995	4.67875	4.8125
honorable	6.011875000000001	4.74125	6.2125
previous	5.678750000000001	3.876875	5.875
good	5.8925	3.690625	5.795625
domestic	6.0637500000000015	4.2425	5.7006250000000005
glory	6.580625000000001	4.86125	5.858749999999999
lay	5.4125000000000005	3.9693750000000003	5.54875
occasion	5.783749999999999	3.69375	6.110625000000001
guard	5.041874999999999	4.086250000000001	5.349374999999999
whole	5.89	3.6775	5.633125
mouth	5.72625	3.7487500000000007	5.455
receive	5.95	3.9724999999999997	6.00375
take	5.9262500000000005	3.7681250000000004	5.915
simple	6.470625	3.6362500000000004	5.892500000000001
error	5.14875	4.161875	5.7225
wisdom	6.409375	4.346875	5.972499999999999
rock	5.921249999999999	3.9631250000000002	5.285625
decide	5.7375	3.899375000000001	5.848125000000001
exclaim	5.967499999999999	4.204375	5.845624999999999
assure	6.006875	3.628125	5.909999999999999
sign	5.682500000000001	3.6443750000000006	5.634375
preserve	5.909375	3.7950000000000004	5.80375
commerce	5.16375	4.090625	5.443125000000001
plant	5.6518749999999995	3.8268749999999994	5.413750000000001
walk	5.84375	3.7256249999999995	5.841875
difference	5.67375	3.7612500000000004	6.11625
hang	5.6775	3.861875	5.709375
following	5.9175	3.7887500000000007	5.864375
employ	5.088125000000001	4.339375	5.34375
