deal	5.905625	3.7975000000000003	5.7906249999999995
study	5.9575	4.27875	6.1049999999999995
afford	5.679375	3.9450000000000003	5.87625
service	5.602500000000001	4.081874999999999	5.841249999999999
height	5.4225	3.8912500000000003	5.6400000000000015
prospect	6.2562500000000005	4.6381250000000005	5.6375
pleasant	6.706249999999999	4.5625	6.131874999999999
shade	6.107500000000001	3.9625000000000004	5.666875000000001
listen	6.116875	3.7218750000000007	5.931249999999999
mighty	5.71375	4.723749999999999	5.514374999999999
country	5.7456249999999995	3.7325	5.646249999999999
title	5.784999999999999	3.9575000000000005	5.992499999999999
choose	5.875624999999999	3.550625	5.978749999999999
village	5.571250000000001	3.7075	5.465624999999999
acquire	5.921875000000001	4.0287500000000005	6.285625000000001
rank	5.571875	4.385	5.793125
bow	5.523124999999999	4.326250000000001	5.635
doctor	5.132500000000001	4.00625	5.285625
talent	6.5962499999999995	4.517499999999999	6.36625
source	5.592499999999999	3.601875	5.85875
lead	5.683749999999999	3.87125	5.718125
question	5.858750000000001	4.133125000000001	6.0600000000000005
publish	5.376875000000001	3.6399999999999997	5.780625000000001
interest	6.016249999999999	4.0375	6.289375
serve	5.866875	3.6006250000000004	5.883124999999999
divine	6.00625	4.08	5.433749999999999
put	5.771875	3.78	5.914375
shadow	6.203749999999999	4.149375	5.3462499999999995
practical	5.438125	3.8981250000000003	5.595625
surface	5.390625	3.7125000000000004	5.218125000000001
account	5.851249999999999	3.638125	5.995
loss	4.45375	4.351249999999999	4.770625000000001
indian	5.4818750000000005	4.124375000000001	5.1425
vine	5.433749999999999	3.611875	5.268749999999999
certain	5.925	3.5731250000000006	6.1825
sin	5.629375	4.459375	5.353125
necessity	5.251250000000001	3.94375	5.4556249999999995
lose	5.834375000000001	3.886875	5.604375
private	5.464375	3.8156250000000003	5.650625000000001
gentleman	5.935000000000001	3.90875	5.65625
daughter	7.045	4.4975	5.675000000000001
drive	5.635624999999999	4.054374999999999	5.432499999999999
strange	5.818125	4.133125	5.629375
journey	6.035625	4.065625	5.896874999999999
uncle	6.16125	3.8956250000000003	5.643125000000001
species	5.556875000000001	4.026249999999999	5.577500000000001
think	5.989375000000001	3.7175	5.975624999999999
bed	6.064999999999999	3.43375	5.78625
wind	6.234375000000001	4.08625	5.335624999999999
bless	6.3775	4.554375	5.9037500000000005
destroy	4.24	4.8012500000000005	4.93375
author	5.729375000000001	3.9337500000000007	5.821875
sustain	5.270625	3.8062500000000004	5.420625
black	5.628125	4.074999999999999	5.394375
event	5.42375	4.275	5.5062500000000005
liberty	6.000625000000001	4.336250000000001	5.834375000000001
negro	4.270625000000001	4.47625	4.685625
little	6.096875000000001	3.550625	5.925624999999999
fortune	6.2731249999999985	4.471875000000001	5.7525
touch	5.99	4.28625	5.635625
kill	3.8431250000000006	4.96625	4.3975
feature	5.7768749999999995	3.6812499999999995	5.633125
happiness	6.939375000000001	4.813124999999999	6.186875
assume	5.66	3.8225000000000007	5.814375000000001
notion	5.685	4.091875	5.640000000000001
purchase	5.976249999999999	4.280625	5.659375000000001
faithful	6.135	4.508125	5.721875
soldier	4.41625	4.898749999999999	5.023750000000001
father	6.246874999999999	4.158125	5.524375
narrow	5.05875	3.51375	4.81375
great	5.827500000000001	3.741250000000001	5.8025
tear	5.1031249999999995	4.478125	4.97625
honorable	6.1825	4.599375	6.32375
previous	5.565625000000001	3.89375	5.821875
good	5.932499999999999	3.78875	5.746875
domestic	6.114375000000001	4.2825	5.91125
glory	6.580625000000001	4.86125	5.858749999999999
lay	5.426875	4.04375	5.493125
occasion	5.783749999999999	3.69375	6.110625000000001
guard	5.041874999999999	4.086250000000001	5.349374999999999
whole	5.93375	3.6725000000000003	5.67625
mouth	5.72625	3.7487500000000007	5.455
receive	5.95	3.9724999999999997	6.00375
take	5.940625	3.9050000000000002	5.900625
simple	6.401875	3.6568750000000008	5.835625
error	5.11375	4.102500000000001	5.710625
wisdom	6.328125	4.2612499999999995	5.873124999999999
rock	5.899999999999999	3.985625	5.211249999999999
decide	5.59625	3.896875000000001	5.715000000000001
exclaim	5.920624999999999	4.0925	5.863124999999999
assure	6.046875000000001	3.5825	5.859375
sign	5.57375	3.818125	5.779375000000001
preserve	5.909375	3.7950000000000004	5.80375
commerce	5.275625	4.08625	5.56125
plant	5.6518749999999995	3.8268749999999994	5.413750000000001
walk	5.679375	3.6731249999999998	5.733749999999999
difference	5.67375	3.7612500000000004	6.11625
hang	5.680000000000001	3.7974999999999994	5.575
following	5.998125	3.7443750000000007	5.869375
employ	5.168750000000001	4.410000000000001	5.39125
