deal	5.905625	3.7975000000000003	5.7906249999999995
study	5.854374999999999	4.140625	6.124374999999999
afford	5.679375	3.9450000000000003	5.87625
service	5.6518749999999995	4.123125	5.768749999999999
height	5.402500000000001	3.8568750000000005	5.592500000000001
prospect	6.154375	4.59375	5.74
pleasant	6.64625	4.517499999999999	5.976249999999999
shade	5.933125000000001	3.9181250000000003	5.535625000000001
listen	6.116875	3.7218750000000007	5.931249999999999
mighty	5.710625	4.686875	5.4075
country	5.590625	3.9231249999999998	5.329375
title	5.75875	3.948125	5.935625
choose	5.875624999999999	3.550625	5.978749999999999
village	5.716875	3.7343749999999996	5.543749999999999
acquire	5.791874999999999	4.03625	6.18625
rank	5.717500000000002	4.366875	5.976875
bow	5.6	4.323125	5.71625
doctor	5.302500000000001	3.988125	5.389999999999999
talent	6.277499999999999	4.42125	6.143125
source	5.505	3.5906249999999997	5.7225
lead	5.6156250000000005	3.85	5.654375
question	5.854375000000002	4.079375000000001	6.071249999999999
publish	5.399375000000001	3.7025000000000006	5.756875000000001
interest	5.978125	4.034375	6.201249999999999
serve	5.866875	3.6006250000000004	5.883124999999999
divine	6.00625	4.08	5.433749999999999
put	5.6468750000000005	3.8318749999999997	5.880000000000001
shadow	5.847499999999999	4.095625	5.18625
practical	5.425000000000001	3.9693750000000003	5.595000000000001
surface	5.390625	3.7125000000000004	5.218125000000001
account	5.851249999999999	3.638125	5.995
loss	4.45375	4.351249999999999	4.770625000000001
indian	5.420625	4.0825000000000005	5.123125000000001
vine	5.763124999999999	3.551875	5.568125
certain	5.975624999999999	3.6337500000000005	6.172499999999999
sin	5.629375	4.459375	5.353125
necessity	5.251250000000001	3.94375	5.4556249999999995
lose	5.834375000000001	3.886875	5.604375
private	5.583125	3.8568750000000005	5.49125
gentleman	6.093750000000002	3.8762499999999998	5.8775
daughter	7.045	4.4975	5.675000000000001
drive	5.6075	4.04625	5.373124999999999
strange	5.818125	4.133125	5.629375
journey	6.068125	4.015	5.961249999999999
uncle	6.16125	3.8956250000000003	5.643125000000001
species	5.531250000000001	3.9656249999999997	5.516250000000001
think	5.989375000000001	3.7175	5.975624999999999
bed	5.83	3.4931249999999996	5.614374999999999
wind	6.1606250000000005	4.158125	5.1975
bless	6.3775	4.554375	5.9037500000000005
destroy	4.359375	4.703125	5.059374999999999
author	5.673750000000001	3.9743750000000007	5.73625
sustain	5.306250000000001	3.7831250000000005	5.391875000000001
black	5.836875000000001	4.1031249999999995	5.490625
event	5.6125	4.13	5.484375
liberty	6.025	4.218749999999999	5.861250000000001
negro	4.295	4.489375	4.57875
little	6.096875000000001	3.550625	5.925624999999999
fortune	6.2731249999999985	4.471875000000001	5.7525
touch	6.15625	4.360625000000001	5.748124999999999
kill	4.102500000000001	4.915000000000001	4.610625000000001
feature	5.692500000000001	3.6712499999999997	5.470624999999999
happiness	6.931875000000001	4.766875	6.181875
assume	5.726875000000001	3.7675000000000005	5.843125
notion	5.6831249999999995	4.05375	5.663125000000001
purchase	5.803749999999999	4.17875	5.609375
faithful	6.065625	4.5275	5.628125
soldier	4.549375000000001	4.913124999999999	5.15875
father	6.246874999999999	4.158125	5.524375
narrow	5.02625	3.508125	4.89
great	5.9175	3.7531250000000007	5.83625
tear	5.3531249999999995	4.573125	5.078125
honorable	5.94375	4.694374999999999	6.126875
previous	5.739374999999999	3.89	5.83
good	5.932499999999999	3.78875	5.746875
domestic	6.0637500000000015	4.2425	5.7006250000000005
glory	6.580625000000001	4.86125	5.858749999999999
lay	5.508750000000001	4.1293750000000005	5.47
occasion	5.783749999999999	3.69375	6.110625000000001
guard	5.069375	4.130625000000001	5.483125
whole	5.93375	3.6725000000000003	5.67625
mouth	5.72625	3.7487500000000007	5.455
receive	5.95	3.9724999999999997	6.00375
take	5.940625	3.9050000000000002	5.900625
simple	6.503125000000001	3.7287500000000002	6.00875
error	5.14875	4.161875	5.7225
wisdom	6.32	4.25625	5.878749999999998
rock	5.921249999999999	3.9631250000000002	5.285625
decide	5.606875	3.928125000000001	5.674375000000001
exclaim	5.920624999999999	4.0925	5.863124999999999
assure	6.001875	3.62125	5.913124999999999
sign	5.640625	3.7818750000000003	5.76875
preserve	5.909375	3.7950000000000004	5.80375
commerce	5.1425	4.0424999999999995	5.364375000000001
plant	5.778124999999999	3.7399999999999993	5.455625000000001
walk	5.7524999999999995	3.629375	5.796250000000001
difference	5.67375	3.7612500000000004	6.11625
hang	5.7368749999999995	3.850625	5.564375
following	5.89625	3.741250000000001	5.84
employ	5.344375000000001	4.3475	5.455
