deal	5.905625	3.7975000000000003	5.7906249999999995
study	5.878125000000001	4.17625	6.161874999999999
afford	5.679375	3.9450000000000003	5.87625
service	5.6518749999999995	4.123125	5.768749999999999
height	5.4225	3.8912500000000003	5.6400000000000015
prospect	6.2562500000000005	4.6381250000000005	5.6375
pleasant	6.7681249999999995	4.456874999999999	6.117499999999999
shade	5.933125000000001	3.9181250000000003	5.535625000000001
listen	6.116875	3.7218750000000007	5.931249999999999
mighty	5.710625	4.686875	5.4075
country	5.63375	3.869375	5.391875
title	5.7075	3.950625	5.95625
choose	5.875624999999999	3.550625	5.978749999999999
village	5.538124999999999	3.7675	5.394375
acquire	5.791874999999999	4.03625	6.18625
rank	5.608125000000001	4.341875	5.8549999999999995
bow	5.6	4.323125	5.71625
doctor	5.298125000000001	3.90625	5.382499999999999
talent	6.4868749999999995	4.482499999999999	6.288749999999999
source	5.604375000000001	3.5481249999999998	5.730624999999999
lead	5.6156250000000005	3.85	5.654375
question	5.9075000000000015	4.1293750000000005	6.044999999999999
publish	5.376875000000001	3.6399999999999997	5.780625000000001
interest	6.0287500000000005	4.043749999999999	6.26375
serve	5.866875	3.6006250000000004	5.883124999999999
divine	6.10125	4.1450000000000005	5.508125
put	5.746250000000001	3.78625	5.96
shadow	5.9156249999999995	4.09375	5.168124999999999
practical	5.608750000000001	3.970625	5.69875
surface	5.390625	3.7125000000000004	5.218125000000001
account	5.8999999999999995	3.63875	5.939375
loss	4.45375	4.351249999999999	4.770625000000001
indian	5.46125	4.2006250000000005	5.128125000000001
vine	5.314999999999999	3.5731249999999997	5.273125
certain	5.92625	3.6650000000000005	6.218125
sin	5.629375	4.459375	5.353125
necessity	5.251250000000001	3.94375	5.4556249999999995
lose	5.834375000000001	3.886875	5.604375
private	5.464375	3.8156250000000003	5.650625000000001
gentleman	6.335000000000002	3.7637500000000004	5.894374999999999
daughter	7.107500000000002	4.4887500000000005	5.673750000000001
drive	5.639374999999999	4.1274999999999995	5.406875
strange	5.818125	4.133125	5.629375
journey	6.035625	4.065625	5.896874999999999
uncle	5.890625	3.9437500000000005	5.576250000000001
species	5.609375000000001	4.010624999999999	5.551875000000001
think	5.989375000000001	3.7175	5.975624999999999
bed	6.064999999999999	3.43375	5.78625
wind	6.234375000000001	4.08625	5.335624999999999
bless	6.366875	4.4468749999999995	5.891249999999999
destroy	4.24	4.8012500000000005	4.93375
author	5.836875000000001	3.8668750000000007	5.824375
sustain	5.306250000000001	3.7831250000000005	5.391875000000001
black	5.628125	4.074999999999999	5.394375
event	5.430625000000001	4.146875	5.50375
liberty	6.025	4.218749999999999	5.861250000000001
negro	4.345625	4.3862499999999995	4.6375
little	6.096875000000001	3.550625	5.925624999999999
fortune	6.17	4.296250000000001	5.663125
touch	6.006875000000001	4.25375	5.6068750000000005
kill	4.102500000000001	4.915000000000001	4.610625000000001
feature	5.7768749999999995	3.6812499999999995	5.633125
happiness	6.765625000000001	4.695624999999999	6.17125
assume	5.822500000000001	3.8756250000000003	6.016875000000001
notion	5.663125	4.025	5.564375000000001
purchase	5.971874999999999	4.296875	5.70375
faithful	6.0325	4.530625	5.601875
soldier	4.728125	4.941249999999999	5.155625000000001
father	6.246874999999999	4.158125	5.524375
narrow	5.1293750000000005	3.6412500000000003	4.97625
great	5.9175	3.7531250000000007	5.83625
tear	5.145625000000001	4.5512500000000005	4.940625
honorable	5.895625	4.61	6.16375
previous	5.5925	3.9524999999999997	5.793750000000001
good	5.932499999999999	3.78875	5.746875
domestic	6.081250000000002	4.294375	5.820625000000001
glory	6.580625000000001	4.86125	5.858749999999999
lay	5.392500000000001	3.9362500000000002	5.569375
occasion	5.7631250000000005	3.6443749999999993	6.056250000000001
guard	5.041874999999999	4.086250000000001	5.349374999999999
whole	5.96125	3.6412500000000003	5.633125
mouth	5.72625	3.7487500000000007	5.455
receive	5.97625	3.96125	5.95625
take	5.940625	3.9050000000000002	5.900625
simple	6.42	3.7075	5.925
error	5.041875	4.116875	5.564375
wisdom	6.30125	4.2575	5.860624999999999
rock	5.921249999999999	3.9631250000000002	5.285625
decide	5.6450000000000005	3.893125000000001	5.700000000000001
exclaim	5.920624999999999	4.0925	5.863124999999999
assure	6.046875000000001	3.5825	5.859375
sign	5.640625	3.7818750000000003	5.76875
preserve	5.985625	3.8000000000000003	5.900625
commerce	5.27125	3.984375	5.446875
plant	5.539999999999999	3.7437499999999995	5.355
walk	5.81375	3.764375	5.774374999999999
difference	5.67375	3.7612500000000004	6.11625
hang	5.768750000000001	3.8824999999999994	5.60625
following	5.933125	3.759375000000001	5.829375
employ	5.344375000000001	4.3475	5.455
