deal	5.905625	3.7975000000000003	5.7906249999999995
study	6.054374999999999	4.269375	6.176875
afford	5.679375	3.9450000000000003	5.87625
service	5.6518749999999995	4.123125	5.768749999999999
height	5.429375	3.877500000000001	5.618750000000001
prospect	6.2562500000000005	4.6381250000000005	5.6375
pleasant	6.621249999999999	4.642499999999999	6.104374999999999
shade	6.179375	3.8812499999999996	5.695000000000001
listen	6.116875	3.7218750000000007	5.931249999999999
mighty	5.67375	4.7143749999999995	5.521875
country	5.590625	3.9231249999999998	5.329375
title	5.75875	3.948125	5.935625
choose	5.875624999999999	3.550625	5.978749999999999
village	5.589375	3.725625	5.466875
acquire	5.92625	4.093125000000001	6.295625000000001
rank	5.731250000000001	4.33625	5.930624999999999
bow	5.487499999999999	4.2975	5.676875
doctor	5.132500000000001	4.00625	5.285625
talent	6.463749999999999	4.503124999999999	6.328749999999999
source	5.603749999999999	3.6824999999999997	5.773750000000001
lead	5.6156250000000005	3.85	5.654375
question	5.849375	4.09375	6.0825000000000005
publish	5.399375000000001	3.7025000000000006	5.756875000000001
interest	6.1118749999999995	4.050625	6.365625
serve	5.866875	3.6006250000000004	5.883124999999999
divine	5.993125000000001	4.140624999999999	5.37125
put	5.76625	3.72625	6.005625
shadow	6.206875	4.104375	5.37
practical	5.4624999999999995	4.000625	5.596875000000001
surface	5.390625	3.7125000000000004	5.218125000000001
account	5.851249999999999	3.638125	5.995
loss	4.45375	4.351249999999999	4.770625000000001
indian	5.420625	4.0825000000000005	5.123125000000001
vine	5.4606249999999985	3.5493749999999995	5.3793750000000005
certain	5.92625	3.6650000000000005	6.218125
sin	5.540625000000001	4.454375000000001	5.304374999999999
necessity	5.078125000000001	4.018125	5.2924999999999995
lose	5.820625000000001	3.8362499999999997	5.64625
private	5.464375	3.8156250000000003	5.650625000000001
gentleman	6.195625000000001	3.77125	5.818125
daughter	7.107500000000002	4.4887500000000005	5.673750000000001
drive	5.541874999999999	3.9856249999999998	5.3999999999999995
strange	5.818125	4.133125	5.629375
journey	6.043125	4.108750000000001	5.883124999999999
uncle	5.963125	3.9306250000000005	5.5875
species	5.531250000000001	3.9656249999999997	5.516250000000001
think	5.9750000000000005	3.643125	6.03125
bed	5.781874999999999	3.3831249999999997	5.638125
wind	6.234375000000001	4.08625	5.335624999999999
bless	6.266875	4.520625000000001	5.919375
destroy	4.359375	4.703125	5.059374999999999
author	5.701250000000001	4.034375000000001	5.798125
sustain	5.306250000000001	3.7831250000000005	5.391875000000001
black	5.590625000000001	3.99875	5.41125
event	5.430625000000001	4.146875	5.50375
liberty	6.025	4.218749999999999	5.861250000000001
negro	4.010000000000001	4.581250000000001	4.418125000000001
little	6.096875000000001	3.550625	5.925624999999999
fortune	6.241249999999999	4.346875	5.705625
touch	6.006875000000001	4.25375	5.6068750000000005
kill	3.880000000000001	5.016875	4.42375
feature	5.719375000000001	3.778749999999999	5.58875
happiness	6.7406250000000005	4.679374999999999	6.1606250000000005
assume	5.769375000000001	3.8518750000000006	5.959375000000001
notion	5.663125	4.025	5.564375000000001
purchase	6.0006249999999985	4.33125	5.711875
faithful	6.01875	4.4975	5.5375
soldier	4.53875	4.935624999999999	5.111250000000001
father	6.246874999999999	4.158125	5.524375
narrow	5.079375	3.470625	4.883750000000001
great	5.9175	3.7531250000000007	5.83625
tear	5.142499999999999	4.49125	4.9825
honorable	6.011875000000001	4.74125	6.2125
previous	5.5925	3.9524999999999997	5.793750000000001
good	5.90375	3.7049999999999996	5.781875
domestic	6.067500000000001	4.1918750000000005	5.838125
glory	6.536250000000002	4.741875	5.833124999999999
lay	5.4125000000000005	3.9693750000000003	5.54875
occasion	5.783749999999999	3.69375	6.110625000000001
guard	5.18625	4.074375000000001	5.57
whole	5.93375	3.6725000000000003	5.67625
mouth	5.492500000000001	3.7881250000000004	5.511875000000001
receive	5.916875000000001	3.9262499999999996	5.976875
take	5.9262500000000005	3.7681250000000004	5.915
simple	6.401875	3.6568750000000008	5.835625
error	4.966875000000001	4.115	5.619999999999999
wisdom	6.405625	4.360625	5.934999999999999
rock	5.819375	3.9087500000000004	5.300625
decide	5.606875	3.928125000000001	5.674375000000001
exclaim	5.990625	4.199375	5.8531249999999995
assure	6.046875000000001	3.5825	5.859375
sign	5.640625	3.7818750000000003	5.76875
preserve	5.934374999999998	3.7325000000000004	5.86625
commerce	5.16375	4.090625	5.443125000000001
plant	5.850624999999999	3.7568749999999995	5.595000000000001
walk	5.949375	3.629375	5.85
difference	5.755	3.7975	6.185624999999999
hang	5.723125	3.7618750000000003	5.74125
following	5.89625	3.741250000000001	5.84
employ	5.355000000000001	4.322500000000001	5.5806249999999995
