deal	5.905625	3.7975000000000003	5.7906249999999995
study	5.983124999999999	4.364375	6.140624999999999
afford	5.679375	3.9450000000000003	5.87625
service	5.5112499999999995	4.045625	5.696874999999999
height	5.5406249999999995	3.8625000000000007	5.731875000000001
prospect	6.2562500000000005	4.6381250000000005	5.6375
pleasant	6.90625	4.5406249999999995	6.209375
shade	5.994375000000001	3.988125	5.555625000000001
listen	6.116875	3.7218750000000007	5.931249999999999
mighty	5.710625	4.686875	5.4075
country	5.54625	3.944375	5.328749999999999
title	5.68125	4.010624999999999	5.919375
choose	5.875624999999999	3.550625	5.978749999999999
village	5.538124999999999	3.7675	5.394375
acquire	5.844374999999999	4.125624999999999	6.234375000000001
rank	5.731250000000001	4.33625	5.930624999999999
bow	5.625624999999999	4.345000000000001	5.699375
doctor	5.134375	3.96375	5.315625
talent	6.539375	4.5718749999999995	6.336874999999999
source	5.647499999999999	3.69	5.83
lead	5.648125	3.828125	5.6362499999999995
question	5.830625	4.2225	6.064374999999999
publish	5.399375000000001	3.7025000000000006	5.756875000000001
interest	6.1118749999999995	4.050625	6.365625
serve	5.93625	3.4843750000000004	5.895624999999999
divine	6.0075	4.046875	5.46
put	5.771875	3.78	5.914375
shadow	5.779999999999999	4.186875	5.135624999999999
practical	5.507500000000001	3.9525000000000006	5.63625
surface	5.435625	3.72125	5.224374999999999
account	5.851249999999999	3.638125	5.995
loss	4.491250000000001	4.44375	4.7668750000000015
indian	5.483749999999999	4.15	5.171875000000001
vine	5.333749999999998	3.6099999999999994	5.288124999999999
certain	5.896875	3.6625000000000005	6.186875
sin	5.629375	4.459375	5.353125
necessity	5.251250000000001	3.94375	5.4556249999999995
lose	5.834375000000001	3.886875	5.604375
private	5.575	3.8556250000000003	5.69
gentleman	6.166250000000001	3.8581250000000002	5.8025
daughter	7.0525	4.4825	5.647500000000001
drive	5.635624999999999	4.054374999999999	5.432499999999999
strange	5.7924999999999995	4.1125	5.570625
journey	6.10375	4.005	5.996874999999999
uncle	5.9037500000000005	3.919375	5.536875
species	5.838750000000001	4.129375	5.765625
think	5.989375000000001	3.7175	5.975624999999999
bed	5.83	3.4931249999999996	5.614374999999999
wind	6.234375000000001	4.08625	5.335624999999999
bless	6.202500000000001	4.436875000000001	5.863125
destroy	4.359375	4.703125	5.059374999999999
author	5.701250000000001	4.034375000000001	5.798125
sustain	5.29	3.849375	5.348750000000001
black	5.628125	4.074999999999999	5.394375
event	5.543125	4.180625	5.57375
liberty	6.081250000000001	4.26125	5.8568750000000005
negro	4.138125	4.444375	4.405
little	6.096875000000001	3.550625	5.925624999999999
fortune	6.274999999999999	4.40625	5.719375
touch	6.006875000000001	4.25375	5.6068750000000005
kill	4.102500000000001	4.915000000000001	4.610625000000001
feature	5.756875000000001	3.7412499999999995	5.663125
happiness	6.931875000000001	4.766875	6.181875
assume	5.8412500000000005	3.7956250000000007	5.928125000000001
notion	5.699375	4.31	5.689375000000001
purchase	5.928749999999998	4.28625	5.64125
faithful	6.335624999999999	4.386250000000001	5.721875000000001
soldier	4.4956249999999995	5.048124999999999	5.151249999999999
father	6.3225	4.2250000000000005	5.5
narrow	5.079375	3.470625	4.883750000000001
great	5.799375	3.830625000000001	5.806875
tear	5.024375	4.448125	4.878125000000001
honorable	6.011875000000001	4.74125	6.2125
previous	5.5925	3.9524999999999997	5.793750000000001
good	5.932499999999999	3.78875	5.746875
domestic	6.119375	4.210000000000001	5.823125000000001
glory	6.580625000000001	4.86125	5.858749999999999
lay	5.426875	4.04375	5.493125
occasion	5.783749999999999	3.69375	6.110625000000001
guard	5.00625	4.043125	5.389374999999999
whole	5.873749999999999	3.7162500000000005	5.569999999999999
mouth	5.72625	3.7487500000000007	5.455
receive	5.95	3.9724999999999997	6.00375
take	5.940625	3.9050000000000002	5.900625
simple	6.389375000000001	3.73375	5.865
error	5.14875	4.161875	5.7225
wisdom	6.303125	4.266875	5.925624999999999
rock	5.921249999999999	3.9631250000000002	5.285625
decide	5.5718749999999995	4.051250000000001	5.7387500000000005
exclaim	5.920624999999999	4.0925	5.863124999999999
assure	6.046875000000001	3.5825	5.859375
sign	5.640625	3.7818750000000003	5.76875
preserve	5.909375	3.7950000000000004	5.80375
commerce	5.2056249999999995	4.110625	5.426875000000001
plant	5.6518749999999995	3.8268749999999994	5.413750000000001
walk	5.720625	3.7249999999999996	5.6743749999999995
difference	5.7368749999999995	3.8356250000000003	6.194375
hang	5.72625	3.8293749999999998	5.55625
following	5.89625	3.741250000000001	5.84
employ	5.105000000000001	4.335625	5.328125
