deal	5.905625	3.7975000000000003	5.7906249999999995
study	6.010624999999999	4.3081249999999995	6.216875
afford	5.6312500000000005	3.996875	5.815625
service	5.5043750000000005	4.024375	5.659999999999999
height	5.463125000000002	3.9668750000000004	5.6000000000000005
prospect	6.166250000000002	4.59875	5.68625
pleasant	6.706249999999999	4.5625	6.131874999999999
shade	5.855625000000001	4.054375	5.519375
listen	6.031875	3.5925000000000007	5.968124999999999
mighty	5.956875000000001	4.65375	5.654374999999999
country	5.590625	3.9231249999999998	5.329375
title	5.763749999999999	3.950625	5.84
choose	5.851875	3.6274999999999995	5.965624999999999
village	5.538124999999999	3.7675	5.394375
acquire	5.925625	4.0874999999999995	6.294375000000001
rank	5.590625000000001	4.3275	5.79
bow	5.6	4.323125	5.71625
doctor	5.272500000000001	4.005625	5.4156249999999995
talent	6.528124999999999	4.510625	6.320625
source	5.603749999999999	3.6824999999999997	5.773750000000001
lead	5.7631250000000005	4.04625	5.840625000000001
question	5.849375	4.09375	6.0825000000000005
publish	5.362500000000002	3.778125	5.866250000000001
interest	6.1118749999999995	4.050625	6.365625
serve	6.0062500000000005	3.600625	5.988124999999999
divine	6.10125	4.1450000000000005	5.508125
put	5.771875	3.78	5.914375
shadow	5.919999999999999	4.1025	5.198124999999999
practical	5.596250000000001	3.81625	5.65
surface	5.166250000000001	3.765	4.961875
account	5.851249999999999	3.638125	5.995
loss	4.514375	4.371874999999999	4.838125000000001
indian	5.420625	4.0825000000000005	5.123125000000001
vine	5.591249999999999	3.616875	5.4018749999999995
certain	5.959999999999999	3.6325000000000007	6.194375
sin	5.629375	4.459375	5.353125
necessity	5.251250000000001	3.94375	5.4556249999999995
lose	5.834375000000001	3.886875	5.604375
private	5.464375	3.8156250000000003	5.650625000000001
gentleman	6.148125000000001	3.8381250000000002	5.807499999999999
daughter	7.107500000000002	4.4887500000000005	5.673750000000001
drive	5.6343749999999995	4.14875	5.4125
strange	6.022499999999998	4.046875	5.746875
journey	6.081875	4.07375	5.934374999999999
uncle	5.8618749999999995	3.9956250000000004	5.488750000000001
species	5.563125000000001	3.9906249999999996	5.50875
think	5.989375000000001	3.7175	5.975624999999999
bed	5.725625000000001	3.4618749999999996	5.64
wind	6.266875000000001	3.981875	5.463125
bless	6.3775	4.554375	5.9037500000000005
destroy	4.219375	4.815625000000001	4.99125
author	5.780625000000001	4.05625	6.008125
sustain	5.306250000000001	3.7831250000000005	5.391875000000001
black	5.590625000000001	3.99875	5.41125
event	5.371249999999999	4.149375	5.500625
liberty	6.025	4.218749999999999	5.861250000000001
negro	4.14125	4.4075	4.433125
little	6.130625000000001	3.589375	6.013749999999999
fortune	6.2681249999999995	4.385000000000001	5.6825
touch	6.006875000000001	4.25375	5.6068750000000005
kill	4.081875	4.929375000000001	4.668125000000001
feature	5.7768749999999995	3.6812499999999995	5.633125
happiness	6.8812500000000005	4.786249999999999	6.210624999999999
assume	5.769375000000001	3.8518750000000006	5.959375000000001
notion	5.663125	4.025	5.564375000000001
purchase	5.964999999999999	4.355	5.601875
faithful	6.015624999999999	4.4712499999999995	5.5375000000000005
soldier	4.750000000000001	4.925624999999999	5.25
father	6.246874999999999	4.158125	5.524375
narrow	5.11625	3.5406250000000004	4.918125000000001
great	5.9175	3.7531250000000007	5.83625
tear	5.145625000000001	4.5512500000000005	4.940625
honorable	5.89625	4.676874999999999	6.15625
previous	5.5925	3.9524999999999997	5.793750000000001
good	5.929374999999999	3.8275	5.813125
domestic	6.0637500000000015	4.2425	5.7006250000000005
glory	6.6625000000000005	4.79625	5.804999999999999
lay	5.426875	4.04375	5.493125
occasion	5.783749999999999	3.69375	6.110625000000001
guard	5.242500000000001	4.031875	5.64125
whole	5.93375	3.6725000000000003	5.67625
mouth	5.458750000000001	3.8556250000000007	5.468749999999999
receive	5.89625	3.99875	5.980625
take	5.951875	3.8906250000000004	5.94625
simple	6.401875	3.6568750000000008	5.835625
error	5.14875	4.161875	5.7225
wisdom	6.303125	4.266875	5.925624999999999
rock	5.925	4.025	5.236875
decide	5.606875	3.928125000000001	5.674375000000001
exclaim	5.920624999999999	4.0925	5.863124999999999
assure	6.046875000000001	3.5825	5.859375
sign	5.53875	3.8025	5.750000000000001
preserve	6.005	3.820625	5.87
commerce	5.16375	4.090625	5.443125000000001
plant	5.6518749999999995	3.8268749999999994	5.413750000000001
walk	5.81625	3.81875	5.765000000000001
difference	5.67375	3.7612500000000004	6.11625
hang	5.748749999999999	3.7887500000000003	5.644375
following	6.00875	3.7293750000000006	5.864375
employ	5.355000000000001	4.322500000000001	5.5806249999999995
