deal	5.905625	3.7975000000000003	5.7906249999999995
study	6.010624999999999	4.3081249999999995	6.216875
afford	5.737500000000001	3.94125	5.864375
service	5.6518749999999995	4.123125	5.768749999999999
height	5.355	3.8974999999999995	5.674375000000001
prospect	6.199375000000001	4.565625	5.773125
pleasant	6.706249999999999	4.5625	6.131874999999999
shade	5.900625000000001	4.030625000000001	5.621875000000001
listen	6.116875	3.7218750000000007	5.931249999999999
mighty	5.710625	4.686875	5.4075
country	5.6525	3.774374999999999	5.408124999999999
title	5.769374999999999	4.03125	5.89625
choose	5.85875	3.5831250000000003	5.999374999999999
village	5.750624999999999	3.719375	5.543749999999999
acquire	5.92625	4.093125000000001	6.295625000000001
rank	5.678125000000001	4.429374999999999	5.9331249999999995
bow	5.6	4.323125	5.71625
doctor	5.132500000000001	4.00625	5.285625
talent	6.46625	4.494374999999999	6.298124999999999
source	5.606875	3.6531249999999997	5.771875
lead	5.581874999999999	3.88625	5.628749999999999
question	5.849375	4.09375	6.0825000000000005
publish	5.296875	3.7925	5.764374999999999
interest	5.978125	4.034375	6.201249999999999
serve	6.026250000000001	3.6275	5.9399999999999995
divine	6.0393750000000015	4.111875	5.492499999999999
put	5.789375000000001	3.8606249999999998	5.96
shadow	5.920624999999999	4.17	5.367499999999999
practical	5.596250000000001	3.81625	5.65
surface	5.265625	3.7143750000000004	5.1525
account	5.851249999999999	3.638125	5.995
loss	4.487500000000001	4.369374999999999	4.702500000000001
indian	5.483749999999999	4.15	5.171875000000001
vine	5.433749999999999	3.611875	5.268749999999999
certain	5.92625	3.6650000000000005	6.218125
sin	5.37625	4.561875000000001	5.206875
necessity	5.136875000000001	3.9731250000000005	5.40375
lose	5.99625	3.93375	5.775625
private	5.53375	3.8156250000000003	5.563750000000001
gentleman	6.000625000000001	3.980625	5.72
daughter	7.045	4.47375	5.729375000000001
drive	5.635624999999999	4.054374999999999	5.432499999999999
strange	5.818125	4.133125	5.629375
journey	6.035625	4.065625	5.896874999999999
uncle	6.16125	3.8956250000000003	5.643125000000001
species	5.589375	4.12875	5.5081250000000015
think	5.989375000000001	3.7175	5.975624999999999
bed	6.064999999999999	3.43375	5.78625
wind	6.176875000000001	4.194375	5.143125
bless	6.3775	4.554375	5.9037500000000005
destroy	4.224375	4.8656250000000005	4.83625
author	5.711250000000001	3.9318750000000007	5.806875
sustain	5.306250000000001	3.7831250000000005	5.391875000000001
black	5.628125	4.074999999999999	5.394375
event	5.430625000000001	4.146875	5.50375
liberty	6.030625000000001	4.233750000000001	5.824375000000001
negro	4.345625	4.3862499999999995	4.6375
little	6.096875000000001	3.550625	5.925624999999999
fortune	6.269999999999999	4.345	5.795625
touch	6.006875000000001	4.25375	5.6068750000000005
kill	3.766875	4.971875	4.4281250000000005
feature	5.692500000000001	3.6712499999999997	5.470624999999999
happiness	6.931875000000001	4.766875	6.181875
assume	5.758125000000001	3.8125000000000004	5.8075
notion	5.663125	4.025	5.564375000000001
purchase	5.919375	4.27125	5.58625
faithful	6.003125	4.4375	5.560625
soldier	4.728125	4.941249999999999	5.155625000000001
father	6.3149999999999995	4.2162500000000005	5.581875
narrow	5.270625	3.48625	4.9325
great	5.8062499999999995	3.7800000000000007	5.795625
tear	5.145625000000001	4.5512500000000005	4.940625
honorable	5.94375	4.694374999999999	6.126875
previous	5.5925	3.9524999999999997	5.793750000000001
good	5.932499999999999	3.78875	5.746875
domestic	6.2125	4.0756250000000005	5.85
glory	6.580625000000001	4.86125	5.858749999999999
lay	5.426875	4.04375	5.493125
occasion	5.763749999999999	3.675	6.126875000000001
guard	5.140000000000001	3.935	5.38625
whole	5.91125	3.600625	5.571875
mouth	5.72625	3.7487500000000007	5.455
receive	5.81125	4.03625	5.902500000000001
take	5.940625	3.9050000000000002	5.900625
simple	6.433750000000002	3.686875	5.86125
error	5.2718750000000005	4.1312500000000005	5.7924999999999995
wisdom	6.303125	4.266875	5.925624999999999
rock	5.921249999999999	3.9631250000000002	5.285625
decide	5.606875	3.928125000000001	5.674375000000001
exclaim	5.920624999999999	4.0925	5.863124999999999
assure	6.046875000000001	3.5825	5.859375
sign	5.53875	3.8025	5.750000000000001
preserve	5.934374999999998	3.7325000000000004	5.86625
commerce	5.276875	3.8962499999999993	5.4906250000000005
plant	5.590624999999999	3.7618749999999994	5.383125
walk	5.720625	3.7249999999999996	5.6743749999999995
difference	5.67375	3.7612500000000004	6.11625
hang	5.680000000000001	3.7974999999999994	5.575
following	5.89625	3.741250000000001	5.84
employ	5.168750000000001	4.410000000000001	5.39125
