deal	5.905625	3.7975000000000003	5.7906249999999995
study	5.983124999999999	4.364375	6.140624999999999
afford	5.7225	3.9750000000000005	5.763125
service	5.6518749999999995	4.123125	5.768749999999999
height	5.4075000000000015	3.9456250000000006	5.59375
prospect	6.250000000000002	4.599375	5.7143749999999995
pleasant	6.706249999999999	4.5625	6.131874999999999
shade	5.933125000000001	3.9181250000000003	5.535625000000001
listen	5.780625000000001	3.7725	5.779999999999999
mighty	5.6556250000000015	4.749375	5.444999999999999
country	5.528124999999999	3.812499999999999	5.291874999999999
title	5.75875	3.948125	5.935625
choose	5.864374999999999	3.621875	6.0024999999999995
village	5.538124999999999	3.7675	5.394375
acquire	5.87375	4.1525	6.276875000000001
rank	5.731250000000001	4.33625	5.930624999999999
bow	5.6	4.323125	5.71625
doctor	5.132500000000001	4.00625	5.285625
talent	6.585	4.591875	6.398125
source	5.828749999999999	3.7362499999999996	5.856875
lead	5.630000000000001	3.8381250000000002	5.66125
question	5.849375	4.09375	6.0825000000000005
publish	5.335625000000001	3.7506250000000003	5.76125
interest	5.90375	4.03	6.220624999999999
serve	6.032500000000001	3.6087499999999997	6.033124999999999
divine	5.980625	4.1025	5.529999999999999
put	5.806250000000001	3.761875	5.98125
shadow	6.159374999999999	4.19625	5.23875
practical	5.507500000000001	3.9525000000000006	5.63625
surface	5.36	3.7787500000000005	5.13375
account	5.83625	3.510625	5.958125
loss	4.514375	4.371874999999999	4.838125000000001
indian	5.420625	4.0825000000000005	5.123125000000001
vine	5.433749999999999	3.611875	5.268749999999999
certain	5.821875	3.6225000000000005	6.184374999999999
sin	5.313125	4.543125	5.15
necessity	5.251250000000001	3.94375	5.4556249999999995
lose	5.834375000000001	3.886875	5.604375
private	5.464375	3.8156250000000003	5.650625000000001
gentleman	6.088125000000001	3.8325	5.751874999999999
daughter	6.99375	4.365625000000001	5.690000000000001
drive	5.706875	4.031874999999999	5.418125
strange	5.818125	4.133125	5.629375
journey	6.081875	4.07375	5.934374999999999
uncle	5.8575	3.891875	5.549375
species	5.575	4.034999999999999	5.526875
think	5.92375	3.7356249999999998	5.958124999999999
bed	5.904375	3.4968749999999997	5.686249999999999
wind	6.234375000000001	4.08625	5.335624999999999
bless	6.302500000000001	4.515000000000001	5.890625
destroy	4.251250000000001	4.789375000000001	4.998749999999999
author	5.701250000000001	4.034375000000001	5.798125
sustain	5.194375	3.8362499999999997	5.2725
black	5.628125	4.074999999999999	5.394375
event	5.3149999999999995	4.21875	5.395625
liberty	6.081250000000001	4.26125	5.8568750000000005
negro	4.268125	4.404375	4.620625
little	6.119375000000001	3.6037500000000002	5.968124999999999
fortune	6.216874999999999	4.485625	5.694375
touch	6.01125	4.334375	5.565
kill	4.102500000000001	4.915000000000001	4.610625000000001
feature	5.733124999999999	3.6781249999999996	5.678125
happiness	6.8175	4.7993749999999995	6.163125
assume	5.671250000000001	3.809375	5.870625
notion	5.725625	4.2075000000000005	5.607500000000001
purchase	5.971874999999999	4.296875	5.70375
faithful	6.163125	4.5024999999999995	5.681875
soldier	4.728125	4.941249999999999	5.155625000000001
father	6.076874999999999	4.1812499999999995	5.454375
narrow	5.1293750000000005	3.6412500000000003	4.97625
great	5.733750000000001	3.7943750000000005	5.820625
tear	5.124375	4.52625	4.905625000000001
honorable	5.905	4.64875	6.18125
previous	5.4193750000000005	3.8806249999999998	5.691250000000001
good	5.852499999999999	3.7975	5.70875
domestic	6.0637500000000015	4.2425	5.7006250000000005
glory	6.590000000000001	4.816875	5.786874999999999
lay	5.5925	4.058125	5.593750000000001
occasion	5.668125	3.605625	6.038750000000001
guard	5.096875	4.161250000000001	5.314375
whole	5.774375	3.65875	5.529375
mouth	5.652500000000001	3.8581250000000007	5.521875
receive	5.853750000000001	3.85375	5.898125
take	5.971874999999999	3.8425000000000002	5.89375
simple	6.356250000000001	3.6775000000000007	5.953125
error	5.14875	4.161875	5.7225
wisdom	6.4575000000000005	4.300625	6.022499999999998
rock	5.9468749999999995	3.9993750000000006	5.233125
decide	5.55	3.854375000000001	5.682500000000001
exclaim	5.920624999999999	4.0925	5.863124999999999
assure	5.97	3.648125	5.883124999999999
sign	5.640625	3.7818750000000003	5.76875
preserve	5.923749999999999	3.7187500000000004	5.825625
commerce	5.16375	4.090625	5.443125000000001
plant	5.6518749999999995	3.8268749999999994	5.413750000000001
walk	5.69625	3.715	5.698125000000001
difference	5.67375	3.7612500000000004	6.11625
hang	5.863125	3.8625	5.755
following	5.85875	3.6350000000000007	5.7475
employ	5.168750000000001	4.410000000000001	5.39125
