deal	6.04125	3.8312500000000003	5.874375
study	6.010624999999999	4.3081249999999995	6.216875
afford	5.699375000000001	3.884375000000001	5.838125
service	5.5043750000000005	4.024375	5.659999999999999
height	5.429375	3.877500000000001	5.618750000000001
prospect	6.098125000000001	4.59625	5.630000000000001
pleasant	6.706249999999999	4.5625	6.131874999999999
shade	5.933125000000001	3.9181250000000003	5.535625000000001
listen	5.909375000000001	3.6950000000000007	5.93625
mighty	5.710625	4.686875	5.4075
country	5.55375	3.775625	5.279999999999999
title	5.72875	3.8850000000000007	5.750624999999999
choose	5.875624999999999	3.550625	5.978749999999999
village	5.566249999999999	3.755625	5.321875
acquire	5.8225	4.040625	6.182500000000002
rank	5.642500000000002	4.351875000000001	5.985625
bow	5.6	4.323125	5.71625
doctor	5.1225	4.089375	5.3374999999999995
talent	6.558125	4.514374999999999	6.278124999999999
source	5.603749999999999	3.6824999999999997	5.773750000000001
lead	5.6156250000000005	3.85	5.654375
question	5.849375	4.09375	6.0825000000000005
publish	5.40375	3.6731249999999998	5.775625000000002
interest	5.86375	4.055	6.090624999999998
serve	5.866875	3.6006250000000004	5.883124999999999
divine	5.987500000000001	4.061249999999999	5.414375
put	5.771875	3.78	5.914375
shadow	5.847499999999999	4.095625	5.18625
practical	5.55875	3.9506250000000005	5.629375000000001
surface	5.303125	3.7168750000000004	5.145625000000001
account	5.804374999999999	3.56875	5.954375
loss	4.45375	4.351249999999999	4.770625000000001
indian	5.420625	4.0825000000000005	5.123125000000001
vine	5.581249999999999	3.6349999999999993	5.38875
certain	5.778124999999999	3.4900000000000007	6.078124999999999
sin	5.540625000000001	4.454375000000001	5.304374999999999
necessity	5.251250000000001	3.94375	5.4556249999999995
lose	5.834375000000001	3.886875	5.604375
private	5.53375	3.8156250000000003	5.563750000000001
gentleman	6.069375	3.943125	5.8149999999999995
daughter	7.001249999999999	4.387500000000001	5.714375
drive	5.639374999999999	4.1274999999999995	5.406875
strange	5.880625000000001	4.145	5.664375
journey	6.085	4.03375	5.853749999999999
uncle	5.971875000000001	4.019375	5.676875000000001
species	5.556875000000001	4.026249999999999	5.577500000000001
think	6.040625	3.705625	6.055624999999999
bed	5.725625000000001	3.4618749999999996	5.64
wind	6.234375000000001	4.08625	5.335624999999999
bless	6.3775	4.554375	5.9037500000000005
destroy	4.448125	4.70625	5.119999999999999
author	5.58125	3.9862500000000005	5.78625
sustain	5.2725	3.8600000000000003	5.350625000000001
black	5.55875	4.019374999999999	5.338125
event	5.328124999999999	4.2406250000000005	5.561875
liberty	6.025	4.218749999999999	5.861250000000001
negro	4.108750000000001	4.5024999999999995	4.371875
little	6.096875000000001	3.550625	5.925624999999999
fortune	6.2475	4.283125	5.61125
touch	6.006875000000001	4.25375	5.6068750000000005
kill	3.9493750000000007	5.078750000000001	4.51375
feature	5.6375	3.52375	5.3412500000000005
happiness	6.931875000000001	4.766875	6.181875
assume	5.604375	3.705000000000001	5.734999999999999
notion	5.663125	4.025	5.564375000000001
purchase	5.908124999999999	4.2681249999999995	5.605625
faithful	6.163125	4.5024999999999995	5.681875
soldier	4.53875	4.935624999999999	5.111250000000001
father	6.201250000000002	4.173125	5.57625
narrow	5.079375	3.470625	4.883750000000001
great	5.6899999999999995	3.6618750000000007	5.714375
tear	5.3081249999999995	4.4875	5.101875
honorable	5.875000000000001	4.591875	6.031874999999999
previous	5.456250000000001	3.889375	5.724375
good	5.9781249999999995	3.779375	5.801875
domestic	6.151250000000001	4.1425	5.790000000000001
glory	6.580625000000001	4.86125	5.858749999999999
lay	5.458125	4.038125	5.520625
occasion	5.629999999999999	3.6187499999999995	5.956875000000001
guard	5.041874999999999	4.086250000000001	5.349374999999999
whole	5.807499999999999	3.4375	5.5725
mouth	5.5875	3.7556250000000007	5.42125
receive	5.756875000000001	3.885	5.701249999999999
take	5.940625	3.9050000000000002	5.900625
simple	6.4106250000000005	3.58	5.853750000000001
error	5.14875	4.161875	5.7225
wisdom	6.515624999999999	4.395	6.009999999999999
rock	5.849375	3.9481250000000006	5.18375
decide	5.566249999999999	3.9250000000000007	5.7975
exclaim	6.23625	4.211875	6.088749999999999
assure	6.0925	3.6512499999999997	5.889374999999999
sign	5.538125000000001	3.769375	5.651875
preserve	5.948124999999999	3.688125	5.724375
commerce	5.154375	4.068124999999999	5.333125
plant	5.777499999999999	3.8006249999999997	5.366875
walk	5.81375	3.764375	5.774374999999999
difference	5.593125	3.6275	6.015624999999998
hang	5.768750000000001	3.8824999999999994	5.60625
following	5.81625	3.7050000000000005	5.783125
employ	5.168750000000001	4.410000000000001	5.39125
