deal	4.855012	4.1932316	5.4156427
study	6.39402	3.736799	6.138257
afford	6.419177	3.8220465	6.055925
service	5.5481753	3.9526484	6.0667386
height	5.6662216	4.032916	5.6569486
prospect	6.305215	4.372206	5.575906
pleasant	7.2568707	3.5573456	6.2817955
shade	5.611437	3.4642386	5.691657
listen	5.775282	4.0302534	5.7120867
mighty	5.4769063	4.4879537	5.360757
country	5.6571937	4.2261124	5.5333548
title	5.618478	3.9368134	5.41368
choose	5.5866218	3.661531	5.720845
village	5.816347	3.9005196	5.3904
acquire	6.190553	3.778548	6.282724
rank	5.2170725	4.466356	5.2804637
bow	5.74493	3.3153071	5.9314623
doctor	5.0216103	3.8746185	5.414912
talent	6.4717026	4.356948	6.5779996
source	5.948569	4.045643	5.6147523
lead	5.274095	4.4266586	5.6093864
question	4.899584	4.1687713	5.3647237
publish	5.7764335	4.125868	5.7085557
interest	5.9083133	4.4038973	5.834584
serve	5.527382	3.8139825	5.978515
divine	5.816303	4.073101	5.2323275
put	5.2786536	3.8297527	5.5055623
shadow	5.3564234	3.5242531	5.386585
practical	5.7818847	3.9097874	6.192764
surface	5.5423565	3.2799525	5.550281
account	5.398164	4.387431	5.3602557
loss	4.723174	4.146219	4.7145185
indian	5.423293	4.280419	5.0975637
vine	6.0275054	3.3370523	5.3730736
certain	5.3765373	4.051407	5.4040413
sin	3.9883432	4.2204432	4.244673
necessity	5.233414	4.3135543	5.3641367
lose	5.465036	4.195246	5.402766
private	5.10879	3.9734707	5.2895646
gentleman	6.065842	4.1906433	5.869363
daughter	5.927626	4.245656	5.6298146
drive	4.804822	4.620945	5.1213083
strange	5.2767806	4.3446984	4.8602104
journey	6.129522	3.6003706	5.5349503
uncle	5.5401907	4.213649	5.435924
species	5.619661	4.0640526	5.2375627
think	5.6273365	4.1829615	5.603996
bed	5.279093	3.6234152	5.3183517
wind	5.0662737	4.2362647	4.947304
bless	6.056262	3.8144853	5.8689737
destroy	4.270884	4.5799294	4.6997986
author	5.957599	4.3357935	5.6026263
sustain	5.540595	3.86475	5.533482
black	4.667329	3.9884343	4.8147945
event	5.37612	4.265635	5.272859
liberty	5.700927	4.2104225	5.6325045
negro	5.422938	4.2273207	5.2997794
little	5.9789977	3.9071517	5.702368
fortune	5.6301007	4.416292	5.452839
touch	5.7546067	4.0621243	5.47214
kill	4.210256	4.937532	4.501546
feature	5.789327	3.9920301	5.737665
happiness	6.5505667	4.310187	5.9081535
assume	5.2210035	3.9169712	5.4663277
notion	5.026523	4.2498503	5.0733023
purchase	5.4486456	3.9001284	5.552545
faithful	5.5250273	3.981942	5.750872
soldier	5.058056	4.4869013	5.474889
father	5.6835246	4.072463	5.482288
narrow	4.560298	3.799633	4.925155
great	5.8443823	4.0881457	5.78033
tear	4.7007666	3.9791741	4.6943064
honorable	5.3192453	4.4743614	5.5093226
previous	5.3751817	4.13583	5.311088
good	5.990206	4.038216	5.9607663
domestic	5.7145996	3.7869654	5.74095
glory	6.698375	4.3154216	6.0770493
lay	5.608192	3.6196399	5.689969
occasion	5.5774946	4.3673887	5.5251646
guard	4.8119674	4.268381	5.45417
whole	5.763085	3.855741	5.5929823
mouth	4.9952025	4.1278005	5.0755014
receive	5.786228	3.998138	5.8161297
take	5.5928497	3.7785158	5.6783023
simple	6.347651	3.7288992	5.8214326
error	4.0879145	4.5089903	4.5487075
wisdom	6.5603733	3.7333994	5.976856
rock	5.396617	4.325628	5.2497253
decide	5.1898184	4.1482525	5.449395
exclaim	5.653055	4.639513	5.8909893
assure	6.055295	4.300011	6.049773
sign	5.3546634	3.8950744	5.8093967
preserve	5.912449	3.6776354	5.756671
commerce	5.685091	3.907597	5.743392
plant	5.613047	3.5970795	5.4951477
walk	5.965964	3.810984	5.92603
difference	5.367644	3.5934744	5.453037
hang	4.7475123	4.1347494	4.934474
following	5.9685445	3.8715744	5.870877
employ	5.641849	3.855378	6.0205145
