deal	4.9143214	4.192646	5.438216
study	6.0466523	3.726628	6.03277
afford	6.388008	4.042663	5.9746585
service	5.8014207	4.0478406	5.9339724
height	5.6973686	3.6892357	5.5493298
prospect	6.5780654	4.1277995	5.9631495
pleasant	6.6899695	3.5801222	6.199221
shade	5.42883	3.780928	5.862878
listen	5.517123	3.887994	5.624508
mighty	5.654643	4.4089565	5.3797817
country	5.65361	4.1539025	5.5470824
title	5.9513173	3.8628695	5.9732456
choose	5.5447564	3.7037206	5.6661434
village	5.5611906	3.8449185	5.3548985
acquire	6.1524324	3.932583	6.3732486
rank	5.4931993	4.55621	5.842294
bow	5.627102	3.222301	5.786995
doctor	4.6594143	3.7800932	5.248232
talent	6.3278604	4.754384	6.3684936
source	5.8242364	4.1729913	5.621354
lead	5.0304513	4.2993827	5.5645947
question	4.916668	4.2294154	5.2809753
publish	5.5041795	4.098441	5.618042
interest	5.9580407	4.1597486	5.8704057
serve	5.685774	3.911254	6.035051
divine	5.9863076	4.0985785	5.3719416
put	5.2393723	3.792521	5.487992
shadow	5.2314596	3.7395656	5.26904
practical	5.63188	3.9189353	5.849574
surface	5.82654	3.3709636	5.5730686
account	5.4650464	4.2603817	5.4255266
loss	4.6701126	4.259182	4.7254405
indian	5.456875	4.1984725	5.130414
vine	5.9678807	4.015563	5.592381
certain	5.3348975	4.164673	5.279652
sin	4.141697	4.2350283	4.269766
necessity	5.0295053	4.375563	5.109177
lose	5.472503	4.0212812	5.495045
private	5.059563	4.220991	5.3684397
gentleman	5.975738	4.23044	5.9086275
daughter	6.110883	4.0922894	5.82698
drive	4.7669363	4.493846	5.0269136
strange	5.4591346	4.4122267	5.077081
journey	6.157563	3.6682508	5.634203
uncle	5.5799956	4.072374	5.2917323
species	5.6117783	4.2381344	5.338391
think	5.5195293	4.0848417	5.627379
bed	5.5316715	3.71488	5.3486123
wind	5.051748	4.1038704	5.0719104
bless	6.2790084	3.956468	6.038685
destroy	4.2467155	4.4400945	4.7599936
author	6.0013175	4.2634706	5.779381
sustain	5.5797415	4.2368317	5.321981
black	5.07159	4.0186896	5.066407
event	5.5422764	4.222452	5.2528543
liberty	5.859913	4.155667	5.85879
negro	5.397517	4.3086014	5.3865623
little	5.9865475	3.8387806	5.769095
fortune	6.0580926	4.630289	5.5833807
touch	5.8091106	4.0401077	5.4742117
kill	4.2461047	4.752652	4.7723455
feature	5.6331873	3.9815722	5.8180327
happiness	6.7022724	4.3882766	6.1034865
assume	5.1232767	3.9151366	5.409255
notion	4.9636126	4.107926	4.980515
purchase	5.708281	4.0321107	5.855703
faithful	5.8788505	4.3291626	5.7880263
soldier	5.2047424	4.397536	5.4410195
father	5.5125165	3.8793797	5.4167385
narrow	4.507944	3.5612733	4.9229517
great	5.747075	4.2064085	5.690316
tear	4.8760815	4.0549135	4.9033732
honorable	5.4927425	4.2447443	5.514413
previous	5.256079	4.015456	5.3488045
good	6.110416	4.086276	6.093413
domestic	5.875142	4.007004	5.65496
glory	6.753813	4.409935	6.134056
lay	5.4497604	3.6359816	5.549905
occasion	5.21848	4.411096	5.1685677
guard	5.0673423	4.514774	5.6987295
whole	5.8139915	3.7723804	5.5959873
mouth	5.066843	4.187812	5.2800674
receive	5.955761	4.0263715	5.9897118
take	5.506767	3.8149967	5.575775
simple	6.4981956	3.7788055	5.9914846
error	4.1900434	4.524865	4.8244824
wisdom	6.7051888	3.8551283	6.4006996
rock	5.8176904	3.8591213	5.6546264
decide	5.2833285	3.9948897	5.6523438
exclaim	5.6197696	4.538454	5.8792024
assure	6.1907763	4.0375032	5.8443446
sign	5.267114	4.046156	5.8505616
preserve	5.825849	3.821777	5.744901
commerce	5.6226883	3.8337677	5.581898
plant	5.54262	3.911307	5.467326
walk	5.7619104	3.7609208	5.867964
difference	5.03324	3.77573	5.2628803
hang	4.869803	3.964028	4.970765
following	6.0719104	4.0763865	5.747361
employ	5.7833705	3.8043706	5.995461
