deal	4.7643576	4.361007	5.376854
study	6.21907	3.9787135	6.141924
afford	6.163422	4.0419545	5.923279
service	5.889773	4.01539	6.0774584
height	5.7071414	4.018861	5.6367683
prospect	6.3504505	4.180633	5.8215957
pleasant	7.0066586	3.4642544	6.1656938
shade	5.636666	3.680542	5.8406343
listen	5.44973	3.8232362	5.763814
mighty	5.3857875	4.3662148	5.3343706
country	5.8110294	4.0846868	5.607144
title	6.090547	3.8858547	5.6529093
choose	5.3705487	3.838782	5.905582
village	5.6448493	3.9153583	5.22878
acquire	6.081291	4.2522206	6.319764
rank	5.0499253	4.569634	5.3718386
bow	5.570643	3.405766	5.746796
doctor	4.997557	3.8587983	5.3112903
talent	6.329716	4.6567974	6.389572
source	6.0249915	3.7859254	5.7514415
lead	5.230916	4.1963863	5.5024834
question	4.9850206	4.2394605	5.4511404
publish	5.8078847	3.8372192	5.4000883
interest	5.7983565	4.201125	5.8691335
serve	5.5839214	3.6238704	5.9747972
divine	5.8156724	4.230244	5.401105
put	5.3171377	3.880802	5.5945334
shadow	5.126816	3.6412642	5.3774323
practical	5.773263	3.5318327	6.039256
surface	5.588961	3.3526928	5.5330124
account	5.2725363	4.3811536	5.364864
loss	4.6920977	4.248173	4.9628735
indian	5.3426847	4.195141	5.059068
vine	5.701554	4.0086966	5.585292
certain	5.2665887	4.0627937	5.4856524
sin	4.100643	4.339627	4.418391
necessity	5.1004257	4.1963167	5.135387
lose	5.0697556	4.1058683	5.3035636
private	5.093124	4.0137258	5.419648
gentleman	6.096866	4.1138544	5.857282
daughter	6.0340586	4.143508	5.656702
drive	4.8975787	4.5754466	5.024427
strange	5.2513223	4.5357866	4.9986362
journey	6.1134477	3.583453	5.5473866
uncle	5.6659236	4.427078	5.6249895
species	5.727257	3.7290506	5.3051996
think	5.500842	4.23723	5.6094317
bed	5.5015526	3.602552	5.462262
wind	5.1732564	4.1612263	5.171569
bless	6.238998	3.8806825	5.9682612
destroy	4.1589437	4.4620614	4.609304
author	6.065365	4.2925587	5.7142467
sustain	5.466446	3.8812578	5.5045953
black	4.753029	3.8622417	4.937264
event	5.34088	4.2848883	5.204227
liberty	5.8141456	4.2455063	5.649144
negro	5.3295574	4.410304	5.0797215
little	5.826581	3.8344085	5.702515
fortune	6.1160846	4.599536	5.7172
touch	5.8223677	4.02345	5.626298
kill	4.1782966	4.9142423	4.541975
feature	5.498622	4.240055	5.5675135
happiness	6.5808024	4.2553234	6.02629
assume	5.0859413	4.1293116	5.561562
notion	5.0154753	4.3543687	4.9784985
purchase	5.541234	4.123964	5.629109
faithful	6.5659256	3.7852821	6.1389294
soldier	5.0489926	4.3669896	5.5062428
father	5.5703607	4.0041046	5.3752356
narrow	4.623496	3.4497337	4.910725
great	5.752845	4.145375	5.72334
tear	4.641935	4.0336637	4.865692
honorable	5.2203207	4.2643595	5.4795117
previous	5.235305	3.8154433	5.314667
good	6.0739927	4.139377	6.022118
domestic	5.844454	3.8209488	5.7492495
glory	6.800701	4.517968	6.194234
lay	5.543115	3.488338	5.692716
occasion	5.53272	4.2802496	5.4784455
guard	4.8843813	4.4268956	5.7185965
whole	5.710089	3.7854939	5.628188
mouth	5.213728	3.8819103	5.269489
receive	5.856595	4.0095644	5.8955708
take	5.424096	3.8248188	5.541072
simple	6.45213	3.7167385	6.048892
error	4.1872663	4.057124	4.466353
wisdom	6.613626	3.6379752	6.337163
rock	5.6586695	3.9757793	5.373131
decide	4.915056	4.1930103	5.40627
exclaim	5.611727	4.5406256	5.9665933
assure	6.143253	4.076589	5.897301
sign	5.142196	4.0057354	5.966682
preserve	5.9059362	3.699492	5.922721
commerce	5.7092814	3.6599267	5.813001
plant	5.4102917	3.8144178	5.4133086
walk	6.0039697	3.861481	6.007429
difference	5.009827	3.7197335	5.2744384
hang	4.633834	4.0920854	5.0161734
following	6.0635324	3.715818	5.745024
employ	5.8103104	3.7715318	6.0013175
