deal	4.794365	4.1500196	5.252268
study	6.250657	4.0763526	6.236713
afford	6.226528	3.9768784	6.007638
service	5.740245	4.0805273	5.861084
height	5.842034	3.9344869	5.5606475
prospect	6.3941474	4.4047484	5.7204604
pleasant	6.9679556	3.597207	6.4380493
shade	5.863862	3.7412162	5.957759
listen	5.547721	3.7201924	5.730568
mighty	5.4358807	4.4177165	5.3026915
country	5.773943	4.135744	5.500207
title	5.9305897	3.8475165	5.6423497
choose	5.6123743	3.6401222	5.7169986
village	5.67058	3.83977	5.2614098
acquire	6.1230702	4.130012	6.128885
rank	4.9880056	4.3191833	5.30593
bow	5.633144	3.3430014	5.861686
doctor	4.497479	3.953747	5.068041
talent	6.1323767	4.627818	6.2467494
source	6.104928	3.9145916	5.6930184
lead	5.289312	4.235086	5.5904374
question	5.0734487	4.121026	5.456793
publish	6.030039	4.3430257	5.698237
interest	5.8424497	4.3061194	5.861996
serve	5.565034	3.9067678	5.74024
divine	5.8139744	4.2485647	5.419548
put	5.181846	3.8060842	5.474922
shadow	5.0452642	3.8839767	5.3015175
practical	6.054923	4.053128	6.043459
surface	5.648874	3.4064863	5.575783
account	5.5002437	4.2617064	5.3827047
loss	4.957752	4.4840636	4.792256
indian	5.2100754	4.1320286	4.7984962
vine	5.741888	3.6934965	5.4132113
certain	5.3075733	4.068377	5.4425993
sin	3.9396968	4.4109163	4.512952
necessity	5.041744	4.1785603	5.1753755
lose	5.4249682	4.149095	5.335373
private	5.0561533	4.084894	5.407552
gentleman	6.0025187	4.180265	5.858833
daughter	5.9867854	3.9475596	5.574248
drive	4.834115	4.4461837	4.848536
strange	5.4079366	4.4256473	5.0975423
journey	5.9219413	3.9807913	5.815923
uncle	5.655044	4.0955505	5.188765
species	5.5789638	4.1684084	5.417959
think	5.4765635	4.151932	5.6696115
bed	5.405875	3.671421	5.442087
wind	5.1677976	4.14511	5.036558
bless	6.2720346	3.7913563	5.9191856
destroy	4.040403	4.7448554	4.587254
author	6.0735517	4.1891265	5.7300253
sustain	5.4896855	4.039275	5.4497786
black	4.523691	3.8468833	4.8666983
event	5.478994	4.287575	5.269029
liberty	5.5782614	4.1303067	5.608193
negro	5.5037932	4.3484044	5.1873455
little	5.883035	3.9084313	5.7161455
fortune	5.6649275	4.644328	5.4628234
touch	5.6749363	4.010675	5.5377264
kill	4.1964574	4.8742733	4.837079
feature	5.920417	4.156542	5.8298864
happiness	6.575492	4.3139267	6.142129
assume	5.051827	3.994666	5.3495965
notion	5.0937185	4.2413063	4.9402313
purchase	5.4315033	4.077657	5.5686584
faithful	5.5921173	4.009572	5.766344
soldier	5.070625	4.358715	5.1728687
father	5.4682007	4.0033603	5.3365593
narrow	4.362992	3.4454494	4.6611457
great	5.8400784	4.207062	5.801573
tear	4.567336	4.060808	4.6470594
honorable	5.2111216	4.4985723	5.446573
previous	5.421304	3.7866247	5.2186356
good	5.9963465	4.066852	5.9981647
domestic	5.7177143	3.9142482	5.8041563
glory	6.5355554	4.1818376	6.0037246
lay	5.591222	3.6231732	5.6395307
occasion	5.6900063	4.2668524	5.7005305
guard	4.861966	4.1198945	5.492562
whole	5.660471	3.9358315	5.591436
mouth	5.250646	4.1452394	5.0096807
receive	6.019354	4.1432185	5.89079
take	5.475581	3.8057969	5.568837
simple	6.3658843	3.9073393	5.7426314
error	4.267764	4.2654204	4.6718826
wisdom	6.548629	3.6999712	6.4139466
rock	5.812117	4.0952816	5.321216
decide	5.127883	4.106995	5.515686
exclaim	5.5135603	4.360417	5.773589
assure	6.330736	4.268848	6.1001406
sign	5.269038	4.1727576	5.7026505
preserve	6.1317906	3.7525215	5.877841
commerce	5.7249207	4.234843	5.703494
plant	5.784942	3.9516997	5.5946255
walk	5.6583476	3.717587	5.868991
difference	5.238609	3.7846537	5.348012
hang	4.6800423	3.9970043	4.908019
following	6.007881	3.7603729	5.8172097
employ	5.7429857	3.8580065	5.927505
