deal	4.9121394	4.1209764	5.4156504
study	6.1209426	3.7782733	6.0239897
afford	5.968332	4.213177	6.017257
service	5.6502595	4.1728	5.75236
height	5.6575236	3.9843516	5.38962
prospect	6.3617325	4.269902	5.6249776
pleasant	6.8925686	3.5641086	6.1862774
shade	5.56681	3.7092028	5.7273154
listen	5.6438932	3.807556	5.7141204
mighty	5.7377124	4.3778067	5.660671
country	5.8089156	4.0305834	5.5957603
title	5.6477995	3.9621744	5.616349
choose	5.4744434	3.696334	5.698191
village	5.664897	3.6457505	5.2741227
acquire	6.086215	3.959724	6.3112087
rank	5.399815	4.397625	5.408261
bow	5.9079547	3.203652	5.9566655
doctor	4.982133	3.6990948	5.3539186
talent	6.180285	4.507053	6.299784
source	5.8232026	4.211267	5.788223
lead	5.376038	4.193586	5.653516
question	4.880562	4.2067747	5.3195076
publish	5.5871263	3.9214714	5.587667
interest	5.940292	4.1677685	5.8332524
serve	5.4819856	4.0668464	5.905838
divine	6.1988196	3.957663	5.5731463
put	5.15921	3.8559957	5.420685
shadow	5.0976353	3.8158264	5.2638025
practical	5.7024035	3.9066074	5.918724
surface	5.6189284	3.3011515	5.411935
account	5.5095663	4.297654	5.4616866
loss	4.771281	4.5061088	4.7931347
indian	5.385272	4.200385	5.1737614
vine	5.6578193	3.7453437	5.1055384
certain	5.3738036	4.155878	5.5183473
sin	4.182993	4.081261	4.243863
necessity	4.989433	4.2827735	5.0871463
lose	5.2207355	4.1705008	5.380734
private	5.251809	4.1127143	5.671432
gentleman	6.1975656	3.9852278	5.924825
daughter	6.1560793	4.091004	5.7156534
drive	4.717602	4.4561534	5.098315
strange	5.408205	4.257322	5.087262
journey	5.785834	3.7600625	5.60586
uncle	5.566146	4.3339696	5.3413095
species	5.452684	3.9996922	5.073969
think	5.528476	4.1725593	5.5992703
bed	5.6270847	3.6005535	5.5131063
wind	5.3184075	4.1016936	5.146152
bless	6.3796577	4.061772	6.0010967
destroy	3.9505935	4.8184824	4.701789
author	5.957223	4.2071424	5.6452785
sustain	5.4204493	4.4006243	5.386405
black	4.8736	3.6804848	5.0295997
event	5.6739	4.2401695	5.3798876
liberty	5.8830914	4.321191	5.8696904
negro	5.2826376	4.363458	5.1518188
little	6.0260105	3.8212194	5.818277
fortune	6.0855403	4.425396	5.6381044
touch	5.8672576	4.263125	5.6398053
kill	4.2826214	4.8506455	4.780235
feature	5.81833	4.068251	5.7840824
happiness	6.904074	4.463435	6.216857
assume	5.191143	3.8711092	5.4993877
notion	5.344863	4.2124434	5.1072426
purchase	5.7194033	3.7826042	5.8110366
faithful	5.75072	4.0129642	5.977028
soldier	5.0850677	4.264474	5.4267116
father	5.9144053	3.8075824	5.591247
narrow	4.33874	3.372898	4.753368
great	5.8493795	4.095359	5.8215504
tear	4.5599737	4.131756	4.8880386
honorable	5.120828	4.425841	5.4260125
previous	5.3608294	3.9027932	5.296915
good	6.1063824	4.0341244	6.025356
domestic	5.865161	3.8236198	5.7859783
glory	6.887294	4.3832455	6.2625604
lay	5.50249	3.5944724	5.556573
occasion	5.5327625	4.185411	5.538469
guard	4.8773403	4.0527287	5.509413
whole	5.8513207	3.7615912	5.703581
mouth	5.286342	3.950886	5.3363132
receive	5.7908564	4.024822	5.8433504
take	5.526478	3.751814	5.644485
simple	6.4057903	3.8691235	5.81232
error	4.0381813	4.7158256	4.451903
wisdom	6.9542837	3.3646667	6.394831
rock	5.63373	4.0848007	5.362569
decide	5.1382217	4.068077	5.509243
exclaim	5.636056	4.5937304	5.7784815
assure	6.3524733	4.176831	6.0255804
sign	5.195347	4.13453	5.7930837
preserve	6.079215	3.994605	5.8159614
commerce	5.6329675	3.8290336	5.7452273
plant	5.564749	3.7523434	5.4283595
walk	5.7386646	3.5258632	5.7667108
difference	5.1534333	3.743665	5.324094
hang	5.1101522	3.9706585	5.0750957
following	6.0273657	3.9966488	5.797582
employ	5.5486894	3.8460112	5.9650373
