deal	4.831967	4.20865	5.3292036
study	6.292384	3.9647093	6.176716
afford	6.4113445	3.9849553	6.0163136
service	5.563717	3.893029	5.923273
height	5.6950727	3.9718442	5.3819366
prospect	6.3599105	4.487915	5.6764145
pleasant	6.7347536	3.584209	6.136867
shade	5.7676578	3.4408932	5.8131366
listen	5.612121	3.852354	5.7363048
mighty	5.506619	4.583287	5.446708
country	5.596878	4.0267344	5.486993
title	5.9727693	3.8259046	5.758874
choose	5.1956363	3.4774387	5.6276445
village	5.6281743	3.9028995	5.0624495
acquire	6.32757	3.9376264	6.464146
rank	5.134879	4.4662194	5.3624654
bow	6.001881	3.4165058	5.7698364
doctor	5.0024815	3.863447	5.0761266
talent	6.537501	4.481493	6.5625935
source	6.2530465	4.154899	5.714692
lead	5.540691	4.117713	5.659569
question	5.037578	4.155041	5.4035816
publish	5.7516317	4.1888633	5.469496
interest	5.8942194	4.1530037	5.887059
serve	5.648446	3.6217375	5.9176474
divine	5.725026	4.43466	5.151693
put	5.200647	3.7491622	5.3400416
shadow	5.186362	3.5654852	5.3264384
practical	5.8843126	4.0015135	5.839054
surface	5.7315717	3.4884143	5.4640555
account	5.3108163	4.2294197	5.3240376
loss	4.9328756	4.2247806	4.900572
indian	5.4494457	3.994734	5.2048287
vine	5.4657116	3.8535278	4.977777
certain	5.4054775	4.186649	5.4298453
sin	4.07129	4.4262695	4.423477
necessity	5.0065923	4.3103375	5.088974
lose	5.275492	4.1369867	5.3262095
private	4.949716	4.1911397	5.4385047
gentleman	6.190644	4.11434	5.934568
daughter	6.1329885	4.17964	5.583916
drive	4.8217254	4.5226593	4.938182
strange	5.0514174	4.339664	4.989537
journey	6.0235224	3.793609	5.53789
uncle	5.4359884	4.2444525	5.2990413
species	5.5026813	4.119635	5.095811
think	5.548914	4.150376	5.5305634
bed	5.6168075	3.534097	5.487133
wind	5.3115273	4.216834	5.238349
bless	6.239025	3.9163232	5.9061027
destroy	4.1850333	4.4449997	4.4990616
author	6.0899434	4.1741805	5.774816
sustain	5.387117	3.9590566	5.2804623
black	5.0360694	3.867349	5.0825844
event	5.3421183	4.2783737	5.3246293
liberty	5.8328934	4.2398577	5.617213
negro	5.073329	4.1928363	5.216567
little	5.940459	3.7634501	5.695977
fortune	5.8656597	4.438203	5.6310105
touch	5.68699	4.133552	5.5829177
kill	4.5690174	4.887361	4.7175207
feature	5.625525	3.9626052	5.5689883
happiness	6.493277	4.3667765	6.097435
assume	4.9518228	3.9014266	5.3074074
notion	4.98937	4.1564856	5.0056806
purchase	5.4449167	3.8690531	5.914654
faithful	6.1019526	4.2347107	6.233977
soldier	5.010858	4.361574	5.4214935
father	5.7559123	3.9800107	5.4796305
narrow	4.6922684	3.4241097	5.090308
great	5.795933	4.179507	5.7431726
tear	4.5356946	4.0763097	4.6446514
honorable	5.2380266	4.375261	5.431082
previous	5.135393	3.8179674	5.1011963
good	5.9890227	3.9806547	5.913231
domestic	5.593224	4.038784	5.8138113
glory	6.806548	4.3854737	6.1327715
lay	5.5633097	3.5344014	5.5432386
occasion	5.624125	4.4043746	5.510102
guard	4.917565	4.3517003	5.5327764
whole	5.6417856	3.8534873	5.5603147
mouth	5.3719187	4.031197	5.0700216
receive	5.8478093	4.1734934	5.716855
take	5.5348234	3.7818134	5.658568
simple	6.4664583	3.7958791	5.786537
error	4.3098516	4.10524	4.7881002
wisdom	6.5273952	3.6126134	6.080171
rock	5.59837	4.0361567	5.2190266
decide	5.2768126	4.156062	5.7928066
exclaim	5.945575	4.4784107	5.994641
assure	5.9791737	4.432535	5.7676897
sign	5.391997	3.8493004	5.7276196
preserve	5.8749075	3.5910451	5.6947784
commerce	5.849032	3.8369033	5.779881
plant	5.5319686	3.8045444	5.3015585
walk	5.887824	3.7639697	5.8648396
difference	5.045433	3.7693882	5.3468375
hang	5.1212254	3.9388392	5.153217
following	6.231373	3.7977993	5.8265405
employ	5.529074	3.8150952	5.8222156
