deal	4.968032	4.1399813	5.380024
study	6.3183537	4.0958505	6.0869293
afford	6.1475997	4.285799	5.911222
service	5.743405	3.9544601	5.782857
height	5.808379	3.7937534	5.7525134
prospect	6.3666596	4.425865	5.7342877
pleasant	6.6332574	3.5787947	6.0833807
shade	5.865768	3.7007482	5.71835
listen	5.577341	4.0917196	5.7126164
mighty	5.2898636	4.5736933	5.303681
country	5.6678886	4.1899834	5.569411
title	5.9699936	3.8318949	5.865349
choose	5.2527294	3.6788394	5.699116
village	5.5107584	3.8214192	5.327096
acquire	6.1945252	3.8659608	6.2357836
rank	5.17838	4.697903	5.4026875
bow	5.7755504	3.6997683	5.91222
doctor	5.112856	3.5622802	5.373929
talent	6.578151	4.4433837	6.514907
source	5.9844537	4.3105774	5.732384
lead	5.2758675	4.264103	5.630313
question	5.123766	4.1069374	5.537919
publish	5.578079	3.9093676	5.4682813
interest	5.900925	4.3990045	5.8751945
serve	5.4583726	3.94386	5.692284
divine	5.9017725	4.479484	5.4802237
put	5.174604	3.9168048	5.487468
shadow	5.3084106	3.794641	5.258429
practical	6.037039	3.7762399	6.0048933
surface	5.483132	3.4740472	5.5734763
account	5.535754	4.267625	5.5581584
loss	4.7418323	4.3248024	4.7768626
indian	5.585218	4.073238	5.2347994
vine	5.7549706	3.696249	5.407099
certain	5.489828	4.1035013	5.5135965
sin	3.8284287	4.471164	4.216646
necessity	5.0676875	4.3339615	5.127062
lose	5.3043385	4.1080685	5.340204
private	5.1308804	4.1736593	5.2710724
gentleman	6.071746	4.099937	5.8401966
daughter	6.332197	4.14024	5.678724
drive	4.8275633	4.322477	5.0004306
strange	5.1458015	4.406396	4.898126
journey	5.717916	3.732506	5.4461937
uncle	5.614499	4.431288	5.361653
species	5.657205	4.0939126	5.365361
think	5.4527426	4.1832976	5.510468
bed	5.384817	3.5990365	5.434098
wind	5.3207016	4.1290536	5.0257144
bless	6.2301564	3.983043	5.825702
destroy	4.018738	4.4121842	4.5743365
author	5.8983574	4.2666984	5.7147317
sustain	5.3823276	3.9925323	5.48746
black	4.7048254	3.9140778	4.98615
event	5.351867	4.4955187	5.2505174
liberty	5.629716	4.481717	5.6750507
negro	5.286252	4.5400867	4.9880557
little	5.9422097	3.8274853	5.676085
fortune	5.7526135	4.40058	5.431047
touch	5.6831365	4.122046	5.5836463
kill	4.0447245	4.743844	4.7093945
feature	5.662541	4.1109943	5.7531753
happiness	6.85189	4.2146683	6.1996574
assume	5.1314907	4.191517	5.5454454
notion	4.899974	4.294593	5.019179
purchase	5.827654	3.7082407	5.746814
faithful	5.588686	4.3517103	5.7702923
soldier	5.076283	4.528987	5.454717
father	5.7595377	3.943842	5.484461
narrow	4.5680375	3.499604	4.817284
great	5.866239	4.230439	5.851794
tear	4.4894114	4.205079	4.606655
honorable	5.35578	4.2524004	5.513459
previous	5.283521	3.7528028	5.301262
good	5.933203	4.061195	6.010436
domestic	5.9420505	3.68199	5.8789196
glory	6.635561	4.600379	6.104425
lay	5.4886317	3.6382227	5.7563605
occasion	5.53967	4.33273	5.5752106
guard	4.8271275	4.464032	5.5432253
whole	5.595068	3.888456	5.61508
mouth	5.0845556	4.391286	5.1316195
receive	5.9532714	4.040485	5.9441924
take	5.3803654	3.8813815	5.543901
simple	6.420956	3.9725668	5.887601
error	4.197392	4.567448	4.8042746
wisdom	6.8077655	3.9089935	6.454896
rock	5.3765087	3.6493068	5.249799
decide	5.3381763	4.039284	5.583218
exclaim	5.610988	4.568891	5.8537765
assure	6.0359874	4.4611573	5.956942
sign	5.2796288	4.289402	5.719809
preserve	5.8539133	3.7834663	5.8191857
commerce	5.606145	3.9426208	5.7241244
plant	5.5697746	3.7362518	5.5328975
walk	5.6995926	3.7357268	5.635169
difference	5.1664343	4.093212	5.6397157
hang	4.5532637	3.970129	4.9396095
following	6.006507	3.9196033	5.8432755
employ	5.4962378	3.9525561	5.8455963
