deal	5.023111	4.121977	5.5866466
study	6.5196257	3.9426289	6.377512
afford	6.393508	3.99424	6.0923457
service	5.7680387	4.019167	6.0950227
height	5.7587695	3.8129244	5.708449
prospect	6.236056	4.2836514	5.5358577
pleasant	6.9218297	3.560948	6.1252065
shade	5.6713085	3.4248395	5.863863
listen	5.5498815	3.9132361	5.7062793
mighty	5.497801	4.3299694	5.412354
country	5.828803	4.1525445	5.6536098
title	5.9346533	4.1713014	5.730087
choose	5.547858	3.677299	5.7779455
village	5.6766734	3.9101372	5.3174887
acquire	6.5288453	3.9521127	6.5183496
rank	5.2896233	4.371231	5.5603366
bow	5.78611	3.5390604	5.6777973
doctor	4.931936	3.7958665	5.191523
talent	6.546687	4.5159707	6.584413
source	6.0989733	4.085443	5.7670407
lead	5.3788967	4.1967335	5.5118175
question	4.9970074	4.363938	5.4543138
publish	5.6391907	3.9458895	5.5919995
interest	6.0909953	4.411432	6.1036487
serve	5.3986874	3.7430336	5.769155
divine	6.130649	4.2317877	5.5400863
put	5.296879	3.7229984	5.4858694
shadow	5.175552	3.5503936	5.448636
practical	5.9978547	3.948514	6.3271523
surface	5.763805	3.3841288	5.579556
account	5.514333	4.2054615	5.529801
loss	4.971426	4.6575375	5.0283103
indian	5.4105916	4.3052764	5.23627
vine	5.739136	3.5856452	5.365612
certain	5.2900543	4.207591	5.4804525
sin	4.208137	4.132596	4.5021496
necessity	5.1629663	4.3815436	5.3098836
lose	5.3308325	4.1749105	5.329995
private	5.275625	4.0430617	5.6569786
gentleman	5.9838376	4.193215	5.7887373
daughter	6.244821	4.1142683	5.8060136
drive	4.8478103	4.503148	5.155756
strange	5.23905	4.406909	5.1110992
journey	5.9446273	3.7305825	5.7966304
uncle	5.5331674	4.324849	5.3557706
species	5.9390783	4.0566177	5.3732505
think	5.6047287	4.186064	5.673577
bed	5.580745	3.6929097	5.324956
wind	5.43437	4.1898317	5.0856347
bless	6.2045503	3.718395	5.9986086
destroy	4.2405825	4.6497517	4.565989
author	6.000359	4.2252474	5.7052054
sustain	5.331392	4.0613284	5.51498
black	4.8420753	3.9513388	5.1142163
event	5.3994975	4.2468505	5.2554746
liberty	6.084097	4.3570833	5.79019
negro	5.12621	4.200214	4.996021
little	5.9499545	3.888709	5.8046436
fortune	5.9653296	4.627883	5.672791
touch	5.723657	4.1089306	5.6024523
kill	4.3389754	4.8838825	4.685135
feature	5.803737	4.07198	5.8046384
happiness	6.6015053	4.3578067	6.064427
assume	5.153747	4.0018697	5.6710987
notion	5.014386	4.3862734	4.927309
purchase	5.5901456	3.8750176	5.7506757
faithful	6.0153255	4.166585	6.0287595
soldier	5.040458	4.5307646	5.528128
father	5.6151977	3.9640489	5.574644
narrow	4.4671216	3.3893735	4.7339706
great	5.882055	4.1378202	5.834728
tear	4.9174185	4.075984	4.9734774
honorable	5.333208	4.1268897	5.569477
previous	5.442791	3.8698132	5.3363533
good	6.133575	4.0493536	6.0960336
domestic	5.826564	3.9714572	5.7817755
glory	6.754704	4.2741785	6.13245
lay	5.607758	3.4923046	5.654279
occasion	5.5130806	4.4243016	5.505591
guard	4.802302	4.2981286	5.617876
whole	5.738928	3.8340688	5.590847
mouth	5.4444337	3.8733459	5.382477
receive	6.1046267	4.1155043	5.9535637
take	5.5424347	3.822957	5.600447
simple	6.578481	4.1034546	6.0820584
error	4.206094	4.494907	4.7967205
wisdom	6.844656	3.837361	6.417839
rock	6.162433	3.9042182	5.594599
decide	5.224199	4.2771616	5.431915
exclaim	5.588773	4.5423756	5.860974
assure	6.032595	4.068066	5.763887
sign	5.3282495	3.946336	5.8627343
preserve	5.7087426	3.7670877	5.7881174
commerce	5.596927	4.068256	5.6737037
plant	5.4837236	3.9549732	5.4341516
walk	5.8037224	3.6872685	5.8517427
difference	5.162252	3.9816136	5.410747
hang	4.5981054	3.9018207	4.787117
following	6.13066	3.9051838	5.779661
employ	5.665554	3.8607714	5.933913
