deal	5.0668187	3.9471686	5.6735296
study	6.3798356	4.0296845	6.2289586
afford	6.130211	4.0527906	5.8546677
service	5.89657	4.0220337	5.999376
height	5.4637394	4.063861	5.3194594
prospect	6.4843564	4.360132	5.809844
pleasant	6.766177	3.5149436	6.2235394
shade	5.7656894	3.5337014	5.8747573
listen	5.686158	3.890736	5.728163
mighty	5.4138904	4.397563	5.421115
country	5.7755356	4.122976	5.6214232
title	6.0002465	3.780277	5.813225
choose	5.45001	3.740263	5.7117033
village	5.6209106	3.936076	5.274199
acquire	6.3218727	4.0829477	6.519146
rank	5.2456093	4.371872	5.377138
bow	5.4405565	3.450625	5.691369
doctor	4.997589	3.7524207	5.2201
talent	6.4052353	4.5890083	6.6010547
source	5.936554	3.9703243	5.496355
lead	5.112922	4.161128	5.54144
question	5.0060863	4.164798	5.324944
publish	5.6315312	4.009371	5.5265203
interest	5.927283	4.126408	5.910004
serve	5.486867	4.0010495	5.892157
divine	6.021164	4.301084	5.414117
put	5.161086	3.8818967	5.456791
shadow	5.288037	3.7751582	5.48509
practical	6.051751	4.0534344	6.1008744
surface	5.6058826	3.405646	5.4660068
account	5.302776	4.299995	5.3709693
loss	4.812042	4.599637	4.950342
indian	5.450003	3.9196732	5.223918
vine	5.9283767	3.996519	5.4883394
certain	5.4119277	4.0480957	5.458837
sin	4.125806	4.0880346	4.5879636
necessity	5.1192946	4.284245	5.276354
lose	5.463098	4.1058846	5.4378605
private	5.268648	4.177632	5.440843
gentleman	6.068604	4.068951	5.846498
daughter	6.1667023	4.0170054	5.783168
drive	4.7105503	4.5103154	4.9821906
strange	5.2207875	4.198063	5.0090184
journey	6.187192	3.740804	5.7469983
uncle	5.6808505	4.097089	5.5157175
species	5.504139	4.2861567	5.1022816
think	5.613114	4.1316185	5.6509805
bed	5.5721483	3.5587072	5.5516834
wind	5.355587	4.2260127	5.3080077
bless	6.398834	3.773149	6.030628
destroy	4.089376	4.7273126	4.620569
author	5.8621697	4.182776	5.625973
sustain	5.5648465	4.184743	5.4452906
black	4.7162676	3.9165463	4.936872
event	5.542779	4.3733797	5.478037
liberty	5.852082	4.205062	5.613446
negro	5.5380983	3.8752623	5.217451
little	5.9948525	3.8131232	5.7421045
fortune	5.9670734	4.4926543	5.793783
touch	5.923165	3.8436852	5.6943674
kill	4.229624	4.8068886	4.64996
feature	5.6421657	4.038546	5.5695734
happiness	6.480429	4.1760917	6.103477
assume	5.363576	3.9825835	5.554504
notion	5.032416	3.9136806	5.051422
purchase	5.963312	3.680559	6.0210567
faithful	5.8726134	3.9813504	6.1632924
soldier	5.230892	4.561625	5.587224
father	5.7683754	3.795687	5.5577207
narrow	4.294012	3.5030725	4.6168365
great	5.776963	4.168401	5.830582
tear	4.613262	3.9966016	4.7912226
honorable	5.323838	4.2837505	5.4912148
previous	5.325934	3.6005058	5.3551183
good	5.877582	4.0046716	5.990723
domestic	5.7332354	3.731073	5.6681986
glory	6.514453	4.461151	6.0405717
lay	5.291663	3.5556545	5.6442776
occasion	5.4984202	4.4305468	5.5138063
guard	5.0083	4.3301783	5.7193656
whole	5.595933	3.837544	5.619461
mouth	5.099314	4.1830378	5.068758
receive	5.796734	4.0876255	5.7910767
take	5.483979	3.8170252	5.7065635
simple	6.3989077	3.9821258	5.8782706
error	4.084608	4.2780437	4.5119934
wisdom	6.469575	3.7969213	6.186366
rock	5.5194836	4.1862297	5.348033
decide	5.074755	4.164419	5.511581
exclaim	5.6144347	4.3908405	5.8943944
assure	5.972012	4.2445583	5.785981
sign	5.2116218	4.159995	5.7182417
preserve	6.1279483	3.7536855	6.0034466
commerce	5.8456006	4.0633755	5.823975
plant	5.5650954	3.8370082	5.482987
walk	5.7182813	3.7545552	5.8164415
difference	5.1746993	3.679128	5.4000826
hang	4.7634153	4.07611	5.0570135
following	5.9592357	3.787127	5.979237
employ	5.55947	4.013637	5.740199
