deal	4.7549024	4.3233986	5.3941836
study	6.3370557	4.0485287	6.313592
afford	6.2311125	4.059994	5.9634643
service	5.974181	4.2824388	5.956277
height	5.6302238	3.9074497	5.488919
prospect	6.535462	4.4466205	5.847558
pleasant	7.1072226	3.4256494	6.3903985
shade	5.6128054	3.694476	5.644985
listen	5.299372	4.0769033	5.6434
mighty	5.656685	4.5623984	5.4795747
country	5.8200717	4.1404138	5.593214
title	5.879481	3.981406	5.8698506
choose	5.60628	3.800985	5.6569304
village	5.649263	3.6729677	5.392043
acquire	6.270592	4.021664	6.2990427
rank	5.470105	4.4841123	5.647489
bow	5.680363	3.5137112	5.7519746
doctor	5.1861362	3.7404842	5.476805
talent	6.5256805	4.533061	6.67135
source	5.7114024	3.9112184	5.747511
lead	5.313591	4.3014617	5.4991326
question	5.042222	4.1284246	5.482841
publish	5.755304	3.9795597	5.798009
interest	5.8928638	4.2158203	5.879556
serve	5.6291122	4.077604	5.8348274
divine	6.0313344	4.177685	5.432396
put	5.2593303	3.9062037	5.4182386
shadow	5.1373844	3.7115753	5.209088
practical	6.0247393	3.9161007	6.3436
surface	5.6452975	3.1688643	5.5783105
account	5.4476705	4.305197	5.363684
loss	4.5858707	4.4269476	4.699536
indian	5.285749	4.1650743	5.0050864
vine	5.950807	3.50557	5.5426016
certain	5.366281	4.162274	5.520453
sin	4.1404924	4.4924636	4.493086
necessity	4.9561872	4.299169	5.1072264
lose	5.528243	4.2038016	5.4261484
private	5.2109356	4.298185	5.5839415
gentleman	6.1229763	4.104685	5.827095
daughter	6.2349668	4.2535048	5.842622
drive	4.5752134	4.4998946	4.777813
strange	5.1168	4.4493604	4.915679
journey	6.2544427	3.7994869	5.831422
uncle	6.1449366	4.370116	5.655724
species	5.985056	3.8873463	5.4190965
think	5.646145	4.2731566	5.649942
bed	5.65178	3.6938086	5.4957795
wind	4.9768033	4.0558147	5.0734816
bless	6.3923297	4.0486546	6.14566
destroy	4.116145	4.770697	4.6283436
author	5.966539	4.125314	5.9101987
sustain	5.3996468	4.0430474	5.381448
black	4.70669	3.9003503	4.95218
event	5.476445	4.347728	5.323768
liberty	5.989355	4.1741614	5.8570495
negro	5.3940883	4.278937	4.8977795
little	5.9178224	3.7986329	5.736246
fortune	5.9747257	4.5037985	5.656701
touch	5.5513783	4.1001916	5.5023117
kill	4.1049213	5.0490484	4.4314117
feature	5.486992	4.0009255	5.516584
happiness	6.714115	4.5564537	6.248463
assume	4.9798913	3.8099484	5.5498815
notion	4.972116	4.4473767	4.8750443
purchase	5.3378196	3.927238	5.652135
faithful	5.784213	4.134078	5.8805094
soldier	5.1407795	4.552684	5.358484
father	5.784854	3.9239283	5.658735
narrow	4.6503468	3.5357347	5.0136075
great	5.8787584	4.192698	5.8775516
tear	4.445781	4.045324	4.817301
honorable	5.3327246	4.4405684	5.427173
previous	5.2640038	3.7310915	5.2949557
good	5.97547	4.106372	6.016061
domestic	5.802572	4.03191	5.8246627
glory	6.6366954	4.6054006	6.1524057
lay	5.4530954	3.5915766	5.535549
occasion	5.5181866	4.255873	5.471141
guard	4.740306	4.405944	5.4753046
whole	5.771398	3.792491	5.607972
mouth	4.932711	4.1070504	5.1941795
receive	6.0121956	4.1559315	5.9633927
take	5.478204	3.8535874	5.596007
simple	6.3717775	3.8026772	5.791303
error	4.2693863	4.4175463	4.691782
wisdom	6.6873617	3.6308784	6.3163695
rock	5.430866	3.9596267	5.138511
decide	5.353162	4.103858	5.6575956
exclaim	5.5300765	4.355153	5.693336
assure	6.285129	4.3732615	5.930481
sign	5.364063	4.331186	5.877104
preserve	5.895442	3.8254719	5.755886
commerce	5.9393063	4.1810117	5.7416744
plant	5.4453588	3.9386072	5.372159
walk	5.826993	3.7958343	5.8451443
difference	4.8071184	3.8404026	5.1386538
hang	4.756811	4.0680895	4.9446516
following	6.0509806	3.7337415	5.8188877
employ	5.672436	3.8996055	5.862767
