deal	4.8011312	4.1389375	5.2831473
study	6.405875	3.955847	6.358844
afford	6.357612	4.1119127	5.963321
service	5.7471437	3.8440661	5.7809043
height	5.6784153	3.9517345	5.412175
prospect	6.1830688	4.2165093	5.4300947
pleasant	7.062415	3.3188398	6.1973143
shade	5.7177753	3.23906	5.6884418
listen	5.4313984	4.0071993	5.720549
mighty	5.59763	4.4435616	5.4465446
country	5.910295	4.080347	5.6192145
title	5.5540895	4.2009096	5.371053
choose	5.754678	3.7683332	6.024281
village	5.7224083	3.8797164	5.329255
acquire	6.3707867	4.242543	6.4484315
rank	5.2784033	4.209752	5.3445005
bow	5.864376	3.1161458	5.7548165
doctor	4.82584	3.5490189	5.0109506
talent	6.524816	4.4282055	6.557069
source	5.806152	4.0048103	5.7844906
lead	5.296471	4.2558045	5.4620676
question	5.110005	4.296561	5.406349
publish	5.9658613	4.207892	5.599381
interest	6.039387	4.196435	5.932219
serve	5.5620875	3.7768424	5.8856034
divine	5.84734	4.084054	5.410048
put	5.286002	3.8453844	5.3952527
shadow	5.363539	3.4361737	5.3862047
practical	6.037236	3.9078424	6.0816784
surface	5.6288347	3.5477493	5.6190104
account	5.450228	4.2226686	5.3632603
loss	4.8287992	4.3117957	4.983279
indian	5.342308	4.1246157	5.1823378
vine	5.933784	3.7553005	5.4430513
certain	5.6012716	4.2176	5.6438713
sin	3.9895213	4.252848	4.13925
necessity	5.0293903	4.2271976	5.300071
lose	5.333297	4.271053	5.327833
private	5.039174	4.231245	5.3848314
gentleman	5.938122	4.051713	5.5838194
daughter	5.9628243	4.1679544	5.579195
drive	4.6989446	4.557803	5.053912
strange	5.246655	4.3509746	5.117279
journey	6.184927	3.8621707	5.6249027
uncle	5.6933126	4.067924	5.494803
species	5.5232673	3.885939	5.155667
think	5.6727448	4.1787972	5.5947666
bed	5.4931526	3.6486676	5.4320946
wind	5.1386642	4.0001836	4.98984
bless	6.3979363	3.9500506	6.0847306
destroy	4.2703815	4.6637964	4.9123607
author	6.0656924	4.2056327	5.8038616
sustain	5.460206	3.6992915	5.5271606
black	4.663892	3.7958257	4.841192
event	5.540893	4.2733235	5.287433
liberty	6.0562387	4.2409816	5.8270116
negro	5.302212	4.100703	4.852481
little	5.9257603	3.7894568	5.6257167
fortune	6.057009	4.486712	5.5811896
touch	5.680824	3.9671116	5.456452
kill	4.315031	5.034912	4.743425
feature	5.738486	3.8002563	5.58624
happiness	6.4951596	4.179851	5.999714
assume	5.1677914	3.9013772	5.524449
notion	4.906778	4.188008	4.984356
purchase	5.444396	4.1677136	5.5341115
faithful	5.8657365	4.018637	6.0693626
soldier	5.179406	4.3672	5.458144
father	5.59128	3.954671	5.4397726
narrow	4.3694625	3.5602987	4.6202154
great	5.8151517	4.1724825	5.6539373
tear	4.4402685	4.2140493	4.7601514
honorable	5.316635	4.143682	5.4023595
previous	5.099875	3.8261716	5.1200433
good	6.116028	3.9715617	5.965727
domestic	5.706995	3.7099497	5.7064376
glory	6.4551735	4.4856052	5.9375916
lay	5.568022	3.3823597	5.52083
occasion	5.6953263	4.3000107	5.548827
guard	4.9179	4.1032248	5.5303984
whole	5.7325153	3.7468624	5.5515876
mouth	4.937545	4.0293756	4.855262
receive	5.9443035	4.0820017	5.8168097
take	5.586449	3.8353696	5.6425667
simple	6.5025525	3.7874312	5.835625
error	4.2180967	4.2346926	4.4329224
wisdom	6.393615	3.6664069	6.0600276
rock	5.5643673	4.183326	5.286375
decide	5.419326	4.244069	5.562685
exclaim	5.7287474	4.6168623	5.677615
assure	5.979477	4.304658	5.5816035
sign	5.1996956	4.063073	5.685648
preserve	5.9973836	3.745519	5.9342003
commerce	5.8806596	3.99215	5.6748133
plant	5.441561	3.8646228	5.409684
walk	5.8965225	3.6243644	5.88947
difference	5.2328334	3.9182289	5.393111
hang	4.793888	3.9752874	4.942395
following	5.9842973	3.7316778	5.729288
employ	5.7827744	3.7920928	5.932305
