deal	4.8754244	4.2201624	5.2338953
study	6.189368	3.972214	6.1034393
afford	6.152071	3.9308767	5.9425573
service	5.8544903	4.104124	6.0185003
height	5.6937337	4.1273804	5.563718
prospect	6.204146	4.111047	5.5797286
pleasant	6.741315	3.6849756	6.2315793
shade	5.721915	3.5620942	5.810488
listen	5.5191846	3.8716676	5.6685424
mighty	5.4180794	4.1941786	5.2072506
country	5.822615	4.12661	5.5610704
title	6.2057686	3.6376886	5.779581
choose	5.6089525	3.7192647	5.9344006
village	5.7117143	3.9853337	5.304219
acquire	6.124341	4.0846977	6.283792
rank	5.463812	4.262147	5.562621
bow	5.3345017	3.3478148	5.701642
doctor	4.764227	3.871689	5.1126065
talent	6.3312917	4.544955	6.244445
source	5.9777303	3.9389105	5.546537
lead	5.2432876	4.246018	5.578906
question	5.043659	4.2761817	5.264188
publish	5.914414	3.9551039	5.682458
interest	5.8754835	4.300955	5.837637
serve	5.492896	3.9020445	5.917723
divine	5.7527466	4.319736	5.301655
put	5.3242893	3.840347	5.515165
shadow	5.3602295	3.615621	5.3933463
practical	6.069505	3.8517704	5.977523
surface	5.743216	3.251337	5.49858
account	5.5209703	4.3533764	5.4013505
loss	4.621295	4.4994793	4.5764184
indian	5.5571513	4.027586	5.1991353
vine	5.4610753	4.109457	5.2124667
certain	5.3879995	4.108368	5.4810095
sin	4.119291	4.1732397	4.41602
necessity	4.973347	4.388985	5.194641
lose	5.2800193	4.190919	5.3457675
private	5.1441236	4.0007515	5.330633
gentleman	5.957299	4.2645717	5.9202175
daughter	5.946424	4.101513	5.6507897
drive	4.7718687	4.718259	4.9033594
strange	5.2667217	4.4442344	5.217359
journey	6.1319833	3.8002691	5.746488
uncle	5.709812	4.1380215	5.478835
species	5.9186645	4.0756693	5.20441
think	5.542844	4.2399135	5.579014
bed	5.311161	3.6815128	5.15211
wind	5.494481	4.2326407	5.2265024
bless	5.9843383	4.025852	5.718759
destroy	3.951814	4.840578	4.567909
author	6.1631546	4.2428975	5.6623287
sustain	5.486272	3.9604285	5.336626
black	4.998765	3.930092	5.1174965
event	5.552167	4.211128	5.315518
liberty	5.864021	4.3695707	5.665082
negro	5.3345885	4.295719	5.3437595
little	5.908201	3.7960284	5.7836003
fortune	5.9137583	4.4398017	5.623506
touch	5.8788795	4.009075	5.5966697
kill	4.2263346	4.978448	4.670124
feature	5.70841	4.0820227	5.8054113
happiness	6.558268	4.36242	6.0579467
assume	5.240618	4.011824	5.578429
notion	4.9421163	4.282319	5.078877
purchase	5.92179	3.9335036	5.97882
faithful	5.9563537	4.123166	5.884014
soldier	5.3149886	4.583148	5.5627875
father	5.6584606	3.836566	5.421524
narrow	4.7096567	3.2940881	4.9707627
great	5.878036	4.229141	5.770414
tear	4.9676666	4.116582	4.784708
honorable	5.3694134	4.3428693	5.5028195
previous	5.2624536	3.8655128	5.1360693
good	6.0451713	4.0743103	5.9477634
domestic	5.632092	3.9745362	5.7549806
glory	6.70119	4.307905	5.911505
lay	5.484484	3.5402138	5.573413
occasion	5.584758	4.232795	5.56078
guard	4.9381375	4.1994066	5.4834065
whole	5.789085	3.7491841	5.601351
mouth	4.8798566	3.9021049	5.0972776
receive	5.8740625	4.085601	5.7768683
take	5.4360247	3.8715641	5.593895
simple	6.4136634	3.8660724	5.86837
error	4.295616	4.3585777	4.8916864
wisdom	6.7221813	3.6074972	6.2213397
rock	5.7915807	3.9907444	5.4132032
decide	5.148356	4.0616927	5.652021
exclaim	5.603799	4.559501	5.8419013
assure	5.9541945	4.150208	5.9548926
sign	5.272612	3.9099185	6.078466
preserve	5.8354564	3.9109554	5.8573313
commerce	5.6077175	3.8516412	5.7020097
plant	5.4458046	3.9643745	5.495971
walk	5.828527	3.6851866	5.8512874
difference	5.043202	3.7715383	5.388009
hang	4.632886	4.1583343	4.8960714
following	5.9847717	3.819299	5.707815
employ	5.611887	3.7487261	6.0963693
