deal	4.871818	4.2305207	5.442222
study	6.395173	3.9517937	6.144728
afford	6.122315	4.1949854	6.040857
service	5.9831824	3.8450754	6.1370955
height	5.6688	3.778387	5.668096
prospect	6.1856217	4.3088703	5.770346
pleasant	6.574336	3.500416	6.2160306
shade	5.9872622	3.3842015	5.9776683
listen	5.6169844	4.0086203	5.828617
mighty	5.6202054	4.229181	5.284506
country	5.8754063	4.18894	5.592628
title	5.727621	3.8375444	5.4982996
choose	5.5864425	3.7144718	5.8585277
village	5.804472	3.8664737	5.4612966
acquire	6.067815	3.85467	6.062535
rank	5.356569	4.534859	5.481382
bow	5.7930436	3.3541448	5.88684
doctor	4.9000626	3.6369405	5.1369934
talent	6.5347133	4.5800276	6.3219357
source	5.7466803	4.1292496	5.5975776
lead	5.2809486	4.228649	5.6288505
question	5.1621065	4.3362403	5.502626
publish	5.5380797	3.9808521	5.465498
interest	5.8526077	4.4360504	5.9333134
serve	5.742981	3.682367	6.0356793
divine	6.084732	4.4472866	5.5036526
put	5.3216515	3.7554166	5.6301355
shadow	5.456106	3.4965124	5.351453
practical	5.6902595	3.8332777	5.8111887
surface	5.9254537	3.2937384	5.5397034
account	5.4584365	4.238055	5.425677
loss	4.659853	4.068107	4.981347
indian	5.425158	4.1705594	5.1092405
vine	5.733059	4.074316	5.497605
certain	5.3229866	4.290041	5.480288
sin	3.9220004	4.2373557	4.3393664
necessity	4.954189	4.3827596	5.194739
lose	5.191082	4.1362033	5.304426
private	5.186654	4.3695693	5.603263
gentleman	6.1064568	4.0312724	5.960928
daughter	5.8243074	4.0958834	5.621949
drive	4.7170763	4.585867	4.939495
strange	5.264544	4.4793096	4.9530706
journey	5.8982277	3.831934	5.5330954
uncle	5.6381235	4.2074203	5.3549004
species	5.7396097	4.1295223	5.38986
think	5.607275	4.1684337	5.670072
bed	5.463896	3.6247294	5.427637
wind	5.1023912	3.9784942	5.058238
bless	6.276137	3.9164062	5.960504
destroy	4.297162	4.439764	4.9281845
author	5.9405837	4.27934	5.7697616
sustain	5.4819913	4.045545	5.5409446
black	4.938937	3.8095164	5.051061
event	5.561052	4.2188945	5.27332
liberty	6.0041614	4.2166696	5.830264
negro	5.450795	4.37066	5.26003
little	5.951873	3.7779882	5.8021145
fortune	5.968256	4.4443016	5.5851283
touch	5.8182898	3.9940138	5.6427245
kill	4.130195	4.9555283	4.6647835
feature	5.8136735	3.9859688	5.8824534
happiness	6.5727053	4.334033	6.0931478
assume	5.454545	4.0278487	5.619413
notion	5.0022	4.158803	4.7837634
purchase	5.6279287	3.9233909	5.7899513
faithful	5.874814	4.0696764	5.9525967
soldier	5.300846	4.4054255	5.420323
father	5.5630493	3.9917305	5.5591936
narrow	4.371361	3.5147336	5.003736
great	5.86251	4.2181983	5.7622566
tear	4.5156116	4.2632976	4.686622
honorable	5.21949	4.3814683	5.311948
previous	5.3410773	4.104862	5.2771373
good	5.924087	4.117726	5.9954243
domestic	5.6026964	3.8554673	5.711907
glory	6.851947	4.348924	6.196487
lay	5.524533	3.562364	5.698036
occasion	5.557186	4.347307	5.5808964
guard	4.964675	4.268985	5.694594
whole	5.9234896	3.7375424	5.6947646
mouth	5.205673	3.9553442	5.302167
receive	5.8677206	4.189333	5.849277
take	5.563543	3.8077407	5.6810884
simple	6.596581	3.8668845	6.016283
error	4.190366	4.4224997	4.722633
wisdom	6.8751545	3.6686172	6.3473377
rock	5.6512833	4.006158	5.335025
decide	5.24112	4.1016426	5.5467825
exclaim	5.649144	4.427389	5.892842
assure	5.962949	4.259161	5.842086
sign	5.3192043	4.311896	5.832165
preserve	6.326039	3.4000518	6.184985
commerce	5.9787383	3.8444552	5.6859927
plant	5.45854	4.126488	5.433148
walk	5.9134665	3.7383666	5.938111
difference	5.037142	4.0375867	5.152425
hang	4.7871656	3.9955077	5.133514
following	6.1409454	3.7440147	5.915641
employ	5.8267026	3.876224	6.103509
