deal	4.932942	4.1764083	5.4070015
study	6.255764	4.112072	6.0992026
afford	6.2489367	4.106417	6.0238547
service	5.657686	3.9639459	5.8221145
height	5.8000445	3.989355	5.7104816
prospect	6.333231	4.4503336	5.8218627
pleasant	6.7067986	3.506294	6.1850057
shade	5.674074	3.4875817	5.8065395
listen	5.490094	3.8251803	5.529503
mighty	5.4057927	4.483558	5.208564
country	5.60617	4.084405	5.5405593
title	5.9076285	4.050941	5.592696
choose	5.239939	3.674805	5.5788093
village	5.554946	3.9646764	5.3323708
acquire	6.0621853	4.0380635	6.257618
rank	5.2248864	4.4400816	5.3457584
bow	5.6839213	3.1867373	5.846532
doctor	5.107356	3.7846859	5.3714886
talent	6.4286914	4.684319	6.264413
source	5.6105633	4.054988	5.654641
lead	5.209536	4.2399216	5.336578
question	5.135433	4.215402	5.365576
publish	5.6900697	4.0247207	5.623046
interest	5.8546886	4.2614646	5.9339943
serve	5.397682	3.791336	5.8267636
divine	5.713515	4.318083	5.164213
put	5.2474823	3.8102381	5.4679804
shadow	4.934511	3.9088237	5.1279125
practical	5.833968	3.8879786	5.984397
surface	5.865172	3.5239708	5.757446
account	5.453456	4.2953568	5.4993954
loss	4.536194	4.624662	4.9140263
indian	5.301653	4.0045295	5.339154
vine	5.725721	3.6038918	5.559427
certain	5.389216	4.171375	5.55919
sin	4.173478	4.365359	4.309063
necessity	5.1263213	4.30616	5.2346454
lose	5.1247463	4.3380623	5.26916
private	5.036793	3.9772956	5.4830074
gentleman	5.9037895	4.082944	5.8216367
daughter	5.920163	3.9958677	5.7067575
drive	4.711098	4.4356995	4.893759
strange	5.090144	4.45027	5.040922
journey	5.8326035	4.033091	5.589013
uncle	5.196587	4.108171	5.4617376
species	5.8649535	4.0265384	5.388256
think	5.501215	4.2167177	5.549794
bed	5.6733484	3.7607634	5.3477864
wind	5.1754575	4.1703963	5.2366567
bless	6.0217957	4.054526	5.9548573
destroy	4.0653005	4.672373	4.5716
author	5.9542017	4.0683794	5.6939206
sustain	5.3479834	4.017649	5.4965773
black	4.788007	3.851612	5.103326
event	5.533242	4.3283796	5.411659
liberty	5.5522	4.073939	5.6809077
negro	5.2798395	4.2456617	5.290859
little	5.815693	3.8456855	5.7147818
fortune	5.8510795	4.57021	5.4869103
touch	5.562848	4.0407724	5.501372
kill	4.551337	5.02775	4.84028
feature	5.5676675	4.0460844	5.8684764
happiness	6.335745	4.1714373	5.8906755
assume	5.0967536	3.9282804	5.32069
notion	4.87553	4.12781	5.098048
purchase	5.5412707	4.14199	5.77867
faithful	5.997014	3.9013968	5.8965745
soldier	4.7342744	4.450161	5.20708
father	5.473332	3.908405	5.549413
narrow	4.325222	3.3121502	4.797386
great	5.8922825	4.163946	5.8205943
tear	4.751265	4.0288224	4.9243984
honorable	5.309035	4.1549916	5.534259
previous	5.537026	3.8402574	5.5083494
good	6.0032716	4.0915494	5.9175477
domestic	5.599106	3.83209	5.990892
glory	6.6849246	4.4596972	5.942153
lay	5.636288	3.6197598	5.577789
occasion	5.5364423	4.3378644	5.5011735
guard	4.612851	4.276527	5.3504505
whole	5.7071185	3.7813578	5.690777
mouth	5.005935	3.9922962	5.2653913
receive	5.6887302	4.120821	5.869952
take	5.4817195	3.7916825	5.649655
simple	6.6344395	3.8010263	5.9692626
error	4.126665	4.3669395	4.683623
wisdom	6.6444225	3.5487533	6.19597
rock	5.764536	4.230691	5.3453703
decide	5.278785	4.142777	5.6590595
exclaim	5.6884274	4.5350842	5.8297377
assure	5.9714093	4.160251	5.90215
sign	5.432555	3.998896	5.876865
preserve	5.8866215	3.8424318	5.813941
commerce	5.6789904	3.6458054	5.634711
plant	5.4823756	3.869523	5.5417185
walk	5.846551	3.7720041	5.685739
difference	5.3937936	3.6945963	5.5358434
hang	5.009771	4.0081296	5.104809
following	5.9794703	3.7325847	5.866802
employ	5.560008	3.9584558	5.875315
