deal	4.801654	4.232646	5.240165
study	6.2674727	3.9177089	6.053589
afford	5.79954	4.0529227	5.9449806
service	5.9830027	4.039522	6.0835214
height	5.8866873	4.0052376	5.4873896
prospect	6.4603634	4.325838	5.530505
pleasant	6.6230545	3.605277	6.155028
shade	5.600415	3.6471605	5.796292
listen	5.529412	3.9843328	5.692008
mighty	5.622499	4.484957	5.602332
country	5.6471653	4.163839	5.541824
title	5.996257	3.7134764	5.918475
choose	5.5570717	3.8870494	5.826319
village	5.5055604	3.807585	5.26118
acquire	6.3158903	3.9408507	6.3660464
rank	5.3139954	4.3968163	5.4338164
bow	5.57908	3.5150049	5.609889
doctor	5.0486274	3.6836734	5.262212
talent	6.4862614	4.4584007	6.4482937
source	5.8817706	3.9897463	5.7598763
lead	5.0793805	4.210294	5.405479
question	5.009267	4.2179003	5.4271417
publish	5.6519556	4.1324224	5.632482
interest	5.8004656	4.3982706	5.906465
serve	5.678042	4.016182	6.037941
divine	5.9459286	4.2090263	5.2085047
put	5.0385103	3.9778998	5.3803997
shadow	5.188086	3.659428	5.424135
practical	5.759547	3.7178452	5.998902
surface	5.660735	3.2341793	5.3826003
account	5.276661	4.362273	5.300142
loss	4.8932905	4.4066544	4.983073
indian	5.327716	4.0093074	5.3249035
vine	5.766278	3.8043008	5.3313975
certain	5.2525063	4.07652	5.5572343
sin	3.9046335	4.4110603	4.1607046
necessity	4.853178	4.436305	5.195346
lose	5.3443537	4.1122265	5.411617
private	4.883504	3.9541593	5.2935796
gentleman	6.0990224	4.013488	5.811238
daughter	6.143979	3.9130957	5.505381
drive	4.8185515	4.5579176	4.866093
strange	5.219356	4.491527	5.161149
journey	6.195709	3.7651746	5.604204
uncle	5.8180003	4.304423	5.4399357
species	5.3525176	4.220232	5.048597
think	5.5339727	4.2028	5.6393685
bed	5.5788703	3.816946	5.4558845
wind	5.2753086	4.2110825	4.9652205
bless	6.428118	3.7612326	6.1417174
destroy	4.2211323	4.481755	4.516777
author	5.7718554	4.3206687	5.574062
sustain	5.409189	4.174987	5.51129
black	4.4554825	4.0512633	4.8245735
event	5.430988	4.4982085	5.4032545
liberty	5.6040573	4.323836	5.6692653
negro	5.216209	4.3443108	5.1607766
little	5.8249497	3.7191558	5.7499886
fortune	5.9311666	4.480916	5.481493
touch	5.7299433	4.2057533	5.7535048
kill	4.4150133	4.895764	4.703774
feature	5.835093	4.1484814	5.8581715
happiness	6.765052	4.253177	6.114556
assume	4.893469	3.9598324	5.3741283
notion	5.04818	4.1430306	5.1589
purchase	5.472967	3.8687112	5.6859117
faithful	6.1544247	4.0776954	5.958247
soldier	5.132216	4.520636	5.5867925
father	5.5673876	3.867866	5.4147086
narrow	4.487332	3.3691096	4.7238326
great	5.778459	4.2039633	5.7542734
tear	4.549974	4.1961455	4.793093
honorable	5.538203	4.4837847	5.680345
previous	5.08603	3.653501	5.1776385
good	6.0455017	4.114178	6.035018
domestic	5.5131116	3.8266468	5.605079
glory	6.6654325	4.3379517	5.98896
lay	5.412354	3.6677372	5.6005177
occasion	5.3639255	4.4115787	5.52404
guard	4.829015	4.566569	5.6807137
whole	5.707244	3.8114395	5.5913653
mouth	5.4181366	4.1090746	5.1719055
receive	5.8874884	4.125805	5.868837
take	5.3888497	3.8269782	5.6044564
simple	6.398042	3.873454	5.9408493
error	3.9792361	4.1899967	4.449403
wisdom	6.735178	3.534727	6.0735865
rock	5.6586137	4.1846313	5.267116
decide	5.286268	3.9825287	5.663433
exclaim	5.689179	4.368281	5.7696686
assure	6.221776	4.2020555	5.933948
sign	5.296022	4.2888765	5.9138856
preserve	5.855503	3.9877656	5.8449006
commerce	5.575203	3.661273	5.6796546
plant	5.628342	3.9422772	5.582306
walk	5.9149632	3.7679398	5.7062144
difference	5.0317726	3.6214962	5.4191837
hang	4.7393465	4.135869	4.916721
following	5.9968967	3.707438	5.9586883
employ	5.801564	3.792159	5.971002
