deal	4.781812	4.227742	5.365874
study	6.5077395	4.0617065	6.274998
afford	6.188343	3.9203534	6.1290145
service	5.917019	3.9884841	6.0493946
height	6.03273	3.8081017	5.725609
prospect	6.605098	4.254892	5.8075657
pleasant	6.746189	3.397646	6.2161093
shade	5.552618	3.40559	5.6361294
listen	5.6832294	3.9430606	5.7185597
mighty	5.274073	4.4266033	5.2290106
country	5.720864	4.1618	5.585495
title	5.562715	4.231691	5.600169
choose	5.470454	3.6690493	5.9149237
village	5.731184	3.8507097	5.2406745
acquire	6.2316613	4.1683607	6.377853
rank	5.2134886	4.600674	5.3929152
bow	5.5813317	3.498814	5.9013886
doctor	4.6719356	4.0506835	5.111273
talent	6.476566	4.5052657	6.4477654
source	5.746157	4.165848	5.832433
lead	5.3178396	4.272767	5.4866276
question	4.9676285	4.187447	5.466254
publish	5.837088	4.0676274	5.4330997
interest	6.0404387	4.173496	5.9581146
serve	5.6356196	3.6753762	6.124185
divine	5.9909496	4.0470715	5.340352
put	5.163603	3.8463907	5.490287
shadow	4.9857206	3.6413107	5.087409
practical	5.841127	3.9434502	5.9474044
surface	5.7720113	3.2477083	5.74275
account	5.4527383	4.268645	5.5304494
loss	4.7813854	4.4815893	4.944515
indian	5.3855047	4.1837935	5.155861
vine	6.0730715	3.4862247	5.6055436
certain	5.339924	4.054716	5.491361
sin	4.1225863	4.421493	4.383974
necessity	5.05233	4.3718386	5.2264633
lose	5.328594	4.2208433	5.4448433
private	5.139012	4.159798	5.488812
gentleman	6.008058	4.162808	5.8337927
daughter	6.3229113	4.2124887	5.8168926
drive	4.741483	4.612058	5.0224752
strange	5.3209925	4.2309117	5.1742325
journey	6.1612024	3.9252398	5.621668
uncle	5.8245354	4.1873965	5.4911985
species	5.787901	4.0094776	5.304956
think	5.5449147	4.1696796	5.671743
bed	5.478753	3.804161	5.366916
wind	5.109366	4.1370854	5.129991
bless	6.2831874	3.5352883	5.9641075
destroy	4.113255	4.643924	4.751239
author	5.9050865	4.3497095	5.7378426
sustain	5.463935	4.0079136	5.4640007
black	4.8993044	4.0427556	5.045342
event	5.6515894	4.2428436	5.405425
liberty	5.884517	4.1227093	5.8154225
negro	5.024702	4.3458896	5.117189
little	5.9469786	3.8432202	5.7865214
fortune	5.7659736	4.620522	5.505902
touch	5.8522797	4.0450993	5.5900564
kill	4.212949	4.853841	4.6431136
feature	5.617712	4.0705576	5.613072
happiness	6.638527	4.3590927	6.089918
assume	4.995611	4.0101185	5.30398
notion	4.9671164	4.5209546	5.1115255
purchase	5.784343	4.01213	5.810769
faithful	5.749635	3.934463	5.766409
soldier	5.1487117	4.432082	5.4129286
father	5.8307943	3.9560504	5.5695777
narrow	4.522488	3.3186378	4.97771
great	5.894085	4.1992445	5.820856
tear	4.583365	3.9663804	4.8606424
honorable	5.049007	4.5224366	5.339411
previous	5.1922607	4.037607	5.542643
good	5.975341	4.0359125	6.0551476
domestic	5.864116	3.998435	5.9645243
glory	6.735648	4.5350785	6.1430078
lay	5.5085473	3.5507357	5.654331
occasion	5.439212	4.3362417	5.437384
guard	5.032036	4.0566335	5.481091
whole	5.786127	3.7995565	5.7158074
mouth	5.2881546	4.370665	5.175375
receive	6.0557694	3.9498684	5.972073
take	5.5672665	3.8144023	5.695836
simple	6.680082	3.7624488	6.069333
error	4.041069	4.3621655	4.713501
wisdom	6.705133	3.7832022	6.401794
rock	5.9735713	3.9498084	5.606349
decide	5.254299	4.2876563	5.6693687
exclaim	5.664574	4.3926044	5.715002
assure	6.4539623	4.3348427	6.1205025
sign	4.998907	4.003488	5.5880833
preserve	5.9901714	3.7235923	6.050368
commerce	5.9170246	3.9815824	5.7243824
plant	5.6282105	3.7126303	5.596793
walk	5.791254	3.7105799	5.8409605
difference	5.0929804	3.7169228	5.264965
hang	4.691886	3.9949057	4.9909286
following	6.00315	3.8639967	5.87834
employ	5.7466416	3.9406352	6.0701694
