deal	4.807815	4.13321	5.2999897
study	6.255601	4.0616837	6.0506463
afford	6.1153135	4.0079875	5.8765163
service	5.925631	3.9393218	5.9576645
height	5.7400093	3.8885784	5.61917
prospect	6.38813	4.306967	5.581819
pleasant	6.9332514	3.4675107	6.235845
shade	5.575604	3.6971025	5.7206035
listen	5.307327	3.9446476	5.529213
mighty	5.284536	4.3371816	5.3040476
country	5.768151	4.1153646	5.560751
title	5.960529	3.7145662	5.741203
choose	5.595798	3.6701193	5.9442596
village	5.8774376	3.8287315	5.3460574
acquire	6.319244	3.962987	6.1760416
rank	5.18029	4.446584	5.28227
bow	5.634287	3.30567	5.923635
doctor	5.045644	3.6867578	5.133368
talent	6.0089912	4.67966	6.1864448
source	6.010569	4.012115	5.724923
lead	5.26661	4.270727	5.4975514
question	4.9569745	4.248448	5.3814034
publish	5.639526	3.8775003	5.632648
interest	5.933237	4.335321	6.0539813
serve	5.4842067	3.7826102	5.7630286
divine	6.005953	4.1289954	5.491715
put	5.179735	3.7908154	5.537024
shadow	5.0458436	3.8781214	5.3150105
practical	5.8927794	3.9358377	5.9815373
surface	5.563495	3.237917	5.4037833
account	5.426933	4.2766523	5.4326863
loss	4.6439877	4.2717032	4.6988378
indian	5.4808593	4.1158643	5.154115
vine	5.733186	3.7370067	5.2657256
certain	5.424876	4.0384626	5.567571
sin	4.019432	4.377885	4.4370923
necessity	5.0219975	4.312507	5.211371
lose	5.5132275	4.026308	5.5231943
private	5.1281424	4.1611915	5.393883
gentleman	6.0962915	4.091425	5.8866773
daughter	6.0755396	4.092799	5.634313
drive	4.8366747	4.5110474	5.025118
strange	5.3202853	4.3628488	5.061821
journey	6.2036314	3.7647095	5.6994863
uncle	5.779872	4.3505583	5.5470057
species	5.7146497	4.051035	5.3097143
think	5.448561	4.2388816	5.6350393
bed	5.4796886	3.5741446	5.361056
wind	5.4713492	4.247792	5.18561
bless	6.3361316	3.7905502	5.908818
destroy	4.1089635	4.42169	4.688262
author	5.9911056	4.177039	5.8148527
sustain	5.2344155	3.951617	5.414642
black	4.760592	3.9614487	5.0433717
event	5.4607754	4.0434093	5.292423
liberty	5.8156924	4.2687864	5.6157856
negro	5.716395	4.345462	5.37271
little	5.839247	3.8459082	5.7056665
fortune	5.984361	4.5903373	5.7045755
touch	5.658419	4.1082635	5.5348916
kill	4.0545564	4.9906693	4.483353
feature	5.8869553	4.1284933	5.8571715
happiness	6.640621	4.237571	6.0259
assume	5.1748624	3.929674	5.6145725
notion	4.998132	4.056114	5.1618023
purchase	5.66125	3.7929914	5.795422
faithful	6.1169662	3.987988	6.044235
soldier	5.268208	4.290693	5.4483414
father	5.62464	3.9250221	5.3818083
narrow	4.3086953	3.4906876	4.9060593
great	5.799054	4.1270475	5.745851
tear	4.488676	4.0650086	4.8099756
honorable	5.1271377	4.223855	5.4263268
previous	5.4742975	3.6388228	5.220546
good	6.020599	4.03133	6.019093
domestic	5.5086827	3.8524306	5.699622
glory	6.5767245	4.2738986	5.925518
lay	5.396069	3.5535717	5.5537105
occasion	5.561362	4.2594743	5.503818
guard	4.917397	4.08996	5.465399
whole	5.712998	3.8050208	5.6116853
mouth	5.0854926	4.200523	5.0432506
receive	5.973433	3.932475	5.8713355
take	5.475517	3.7372034	5.660354
simple	6.4299326	3.7753808	5.7887144
error	4.0079684	4.252724	4.4482293
wisdom	6.489468	3.7133074	6.0882087
rock	5.7484064	4.2138166	5.2377033
decide	5.394292	4.0007052	5.638966
exclaim	5.459311	4.370865	5.7995996
assure	6.334836	3.921947	6.060691
sign	5.0583677	4.189361	5.684787
preserve	6.2340307	3.6593351	5.906192
commerce	5.7537966	4.031065	5.761173
plant	5.4536276	3.740142	5.358361
walk	5.767548	3.8005087	5.8526917
difference	5.019591	3.7339168	5.255921
hang	4.8377876	4.0258994	5.080166
following	6.1947227	3.8611643	5.8210034
employ	5.6745405	3.7649746	5.8322935
