deal	4.913777	4.214827	5.5481653
study	5.965339	3.9766586	6.018608
afford	6.1257987	4.0332084	6.05622
service	5.7213035	3.903623	5.7906537
height	5.8622684	4.0646296	5.3181176
prospect	6.501146	4.3328223	5.8821645
pleasant	6.559118	3.5405443	6.1802425
shade	5.649049	3.30113	5.717727
listen	5.336321	3.8553178	5.7066426
mighty	5.416027	4.3332367	5.2919607
country	5.792223	4.210274	5.639376
title	6.2112284	4.0064754	5.865119
choose	5.5918794	3.5987084	5.7206497
village	5.759081	3.8026721	5.50342
acquire	6.4544764	3.8995125	6.499918
rank	5.2859044	4.7400346	5.419524
bow	5.525754	3.4565222	5.5721073
doctor	4.650324	3.9162183	4.791812
talent	6.354627	4.6936517	6.3723016
source	5.8799424	4.0858483	5.6425633
lead	5.23276	4.2196994	5.429269
question	5.1645803	4.268419	5.349907
publish	6.029684	3.9556959	5.7638636
interest	5.9274607	4.2985177	5.89248
serve	5.5907636	3.7196643	5.9816203
divine	5.598951	4.38433	5.102455
put	5.116182	3.7084224	5.369394
shadow	5.1299314	3.5430357	5.189196
practical	5.9205394	3.930302	6.129779
surface	5.6367426	3.4338279	5.557785
account	5.556223	4.3175635	5.4769945
loss	4.7210035	4.3159375	4.730397
indian	5.431113	4.0654197	5.1579275
vine	5.374983	4.0172124	5.410384
certain	5.4975166	4.1876106	5.442013
sin	3.9419394	4.0612893	4.3447123
necessity	4.9179926	4.4363656	5.097705
lose	5.4819756	4.053438	5.3514695
private	4.945589	4.2270284	5.3227916
gentleman	5.920279	4.052051	5.703957
daughter	6.21866	4.09365	5.595079
drive	4.5293283	4.620434	4.8090763
strange	5.329305	4.339096	4.9816546
journey	5.9160275	3.658355	5.6332035
uncle	5.7591877	4.357297	5.4851503
species	5.8053594	4.085571	5.3430495
think	5.5875807	4.2539487	5.5748935
bed	5.7959204	3.6488373	5.5888815
wind	5.259001	4.1007447	5.2145553
bless	6.407396	3.6651356	6.0173364
destroy	4.3280163	4.5897217	4.8044147
author	6.098484	4.460394	5.6487956
sustain	5.4776273	4.1657457	5.3528266
black	4.6607924	3.7726626	4.949615
event	5.5764136	4.272235	5.3496876
liberty	5.9265165	4.248415	5.807995
negro	5.2182145	3.958896	5.0891585
little	5.8709273	3.8030486	5.6994715
fortune	6.028436	4.6133914	5.382172
touch	5.8827763	4.112261	5.6832695
kill	4.6194463	4.8148475	4.977245
feature	5.892664	4.050214	5.627373
happiness	6.743034	4.3054023	6.0274434
assume	5.2049017	4.1220965	5.342561
notion	4.9402905	4.4434576	4.9233575
purchase	5.587448	3.6888285	5.86194
faithful	5.753071	4.136611	5.8271646
soldier	5.01087	4.5367775	5.456388
father	5.642406	3.964979	5.403763
narrow	4.4572167	3.420715	4.987793
great	5.8537827	4.0429106	5.8459444
tear	4.860592	4.044861	4.9735246
honorable	5.142188	4.4362	5.266732
previous	5.2057796	3.9887857	5.36402
good	6.0262156	3.9562511	5.968048
domestic	5.5547175	4.0119233	5.8165197
glory	6.622305	4.3123593	5.9246564
lay	5.5166306	3.6770957	5.5091763
occasion	5.5462933	4.2859173	5.5746975
guard	4.7731595	4.158948	5.626601
whole	5.7750306	3.8250663	5.691711
mouth	4.9194884	4.092056	5.1523376
receive	6.077766	4.009064	6.085406
take	5.519598	3.794753	5.62375
simple	6.342308	4.064712	5.93531
error	4.232747	4.5082307	4.460267
wisdom	6.6042414	3.8513112	6.168789
rock	5.776499	4.0174527	5.296406
decide	5.4573307	4.203912	5.6662188
exclaim	5.8156137	4.46224	5.8734026
assure	5.890672	4.23589	5.753197
sign	5.4140534	4.0004907	5.9151773
preserve	5.9888315	3.4927983	5.896799
commerce	5.717698	3.9354658	5.817313
plant	5.4181457	3.8434734	5.5655136
walk	5.6659985	3.6548848	5.861637
difference	5.2553415	3.818303	5.273426
hang	4.880923	4.0690722	5.004347
following	6.0141416	3.8507555	5.7996335
employ	5.632723	3.8677614	5.960261
