deal	4.9902425	4.096827	5.449104
study	6.363844	3.9070625	6.340422
afford	6.11664	3.9165852	6.066473
service	5.629902	4.050164	5.930324
height	5.763742	3.978219	5.6477475
prospect	6.5008435	4.1848087	5.718465
pleasant	7.176794	3.4804678	6.430967
shade	5.687352	3.3038206	5.728248
listen	5.5744333	3.9033873	5.667528
mighty	5.155481	4.587329	5.139603
country	5.8352833	4.1703753	5.631647
title	5.932957	4.045542	5.6357546
choose	5.6311126	3.6248024	5.7681146
village	5.7752466	3.8910546	5.3449483
acquire	6.3353906	3.8944123	6.440015
rank	5.3870506	4.4334908	5.428185
bow	5.8860126	3.5528083	5.853078
doctor	5.08269	3.8286002	5.355958
talent	6.422743	4.3943853	6.345643
source	6.14551	3.9900334	5.7580633
lead	5.3226113	4.3178315	5.5301056
question	5.1040235	4.2504406	5.3186088
publish	5.868415	3.8743143	5.7259707
interest	6.0486975	4.3379974	6.0108185
serve	5.587602	3.6900816	5.857403
divine	5.9054127	4.4059052	5.5903726
put	5.1596923	3.7812188	5.4075003
shadow	5.2584915	3.5842547	5.281127
practical	5.9535513	4.1634026	6.070548
surface	5.495094	3.5865638	5.270735
account	5.5019674	4.0695333	5.4369006
loss	4.8239865	4.224644	4.9838443
indian	5.4042377	4.1039653	5.0180373
vine	6.001809	3.5099251	5.4713497
certain	5.4701786	4.081738	5.5857306
sin	3.8335404	4.423614	4.46639
necessity	4.863213	4.314869	5.085949
lose	5.3237224	4.183246	5.462605
private	5.1908345	4.0460587	5.5963283
gentleman	6.072949	4.070982	5.935321
daughter	6.15746	4.198363	5.580693
drive	4.5111804	4.6385765	4.751765
strange	5.127085	4.3912745	4.899161
journey	6.2529616	3.487917	5.8338456
uncle	5.8436613	4.11869	5.4618506
species	5.7226877	3.9792874	5.4165807
think	5.5626287	4.2193503	5.6065745
bed	5.510178	3.4808578	5.365027
wind	5.2670746	4.0996213	5.063266
bless	6.158441	3.9430373	5.9267597
destroy	4.100648	4.648057	4.603483
author	6.040989	4.2748575	5.7022667
sustain	5.5971847	3.9942405	5.6553125
black	4.718335	3.8035033	4.899189
event	5.7643967	4.4452195	5.4382954
liberty	5.839708	4.1945744	5.693902
negro	5.078391	4.3279557	5.048807
little	5.979094	3.8708532	5.7715693
fortune	6.0064945	4.4004216	5.664539
touch	5.5794153	4.050877	5.6066103
kill	4.167662	4.970924	4.573992
feature	5.863953	4.0758967	5.6650276
happiness	6.6547236	4.2534676	6.0531754
assume	5.1010966	4.1092176	5.471008
notion	5.204689	4.290042	5.0577097
purchase	5.6339774	4.088998	5.7708592
faithful	5.6416025	4.072243	5.890133
soldier	4.9238935	4.498088	5.304376
father	5.7972746	4.018832	5.5154376
narrow	4.378178	3.5420103	5.026428
great	5.811439	4.223241	5.740058
tear	4.581062	3.9327636	4.6225395
honorable	5.0337377	4.30182	5.487773
previous	5.436491	3.947094	5.0453224
good	6.03578	4.0862393	6.117444
domestic	5.7139015	3.807437	5.753192
glory	6.516103	4.3739696	6.124246
lay	5.4004297	3.585757	5.550145
occasion	5.829746	4.450934	5.5386815
guard	4.7421546	4.4647975	5.4912353
whole	5.750252	3.897346	5.5544815
mouth	5.1945944	3.9008827	5.140647
receive	5.912265	3.971922	5.9163866
take	5.431902	3.7914486	5.5993204
simple	6.477861	3.7252326	6.036013
error	4.321719	4.192619	4.5161047
wisdom	6.7443576	3.667473	6.290464
rock	5.701395	3.8773828	5.3692327
decide	5.1730137	4.1521554	5.4871054
exclaim	5.4868894	4.741734	5.8267393
assure	6.097238	4.586418	5.974444
sign	5.225928	4.20157	5.6096406
preserve	5.625132	3.724865	5.749394
commerce	5.623571	4.018615	5.565645
plant	5.546891	3.7587514	5.2904506
walk	5.6906123	3.694947	5.7786293
difference	5.25848	3.7336683	5.4937325
hang	5.093428	4.0885687	5.2383223
following	6.0791063	3.7672772	5.832183
employ	5.862013	3.9289644	6.133124
