deal	4.501022	4.2749195	5.2430434
study	6.290803	3.9702883	6.208379
afford	6.313828	4.083233	6.1140103
service	5.634909	4.104685	5.79913
height	5.87725	3.916109	5.4968204
prospect	6.2442126	4.442447	5.6724105
pleasant	6.936355	3.5450294	6.1612706
shade	5.7840753	3.5692086	5.580894
listen	5.47974	3.9911342	5.5476794
mighty	5.2939157	4.5784297	5.3056226
country	5.5954666	4.254582	5.4582405
title	5.887012	4.0422544	5.749773
choose	5.7539744	3.8098762	5.725887
village	5.6471744	4.034014	5.193437
acquire	6.2814302	3.9964795	6.5406475
rank	4.955172	4.6807604	5.239458
bow	5.6987753	3.5384357	5.8190923
doctor	4.957064	3.8044994	5.2533574
talent	6.563875	4.8144746	6.4394794
source	6.0613937	4.037719	5.912349
lead	5.274398	4.1962557	5.4956694
question	5.1421804	4.160279	5.375804
publish	5.6030083	3.9258132	5.6974382
interest	5.71577	4.2918916	5.798784
serve	5.5061355	3.7936141	5.8698006
divine	5.530675	4.337987	5.1983757
put	5.429589	3.6944895	5.5466466
shadow	5.083899	3.6231434	5.1702795
practical	6.083246	3.7706523	6.1686144
surface	5.8242087	3.5028923	5.52761
account	5.4588895	4.241845	5.436703
loss	5.0892315	4.3030233	5.013312
indian	5.3989863	4.1104364	5.152482
vine	5.911723	3.8585877	5.6902285
certain	5.425199	4.1760945	5.511706
sin	3.753139	4.2971716	4.2882104
necessity	5.1968946	4.2789955	5.2477517
lose	5.5141683	4.137819	5.4492936
private	4.970015	4.0525913	5.2219243
gentleman	5.917951	4.1607895	5.8151975
daughter	6.416748	4.1175413	5.781544
drive	4.980339	4.5673914	5.0288863
strange	5.301349	4.4526234	5.0530577
journey	5.818019	4.001622	5.4695234
uncle	6.0234156	4.0072503	5.49154
species	5.59749	4.082194	5.2008367
think	5.607272	4.257336	5.635543
bed	5.554447	3.732401	5.5597453
wind	5.2517834	4.092222	4.9982014
bless	6.3149457	4.082114	5.85798
destroy	4.1666613	4.4061856	4.6286592
author	5.914101	4.1337905	5.64252
sustain	5.558971	4.1279106	5.624681
black	4.511456	3.96988	4.6449866
event	5.560512	4.2063136	5.432942
liberty	5.726671	4.4096975	5.558631
negro	4.9582434	4.5396667	4.9487486
little	5.9203935	3.7927694	5.636338
fortune	5.880249	4.4617887	5.6036572
touch	5.581448	4.0702796	5.524451
kill	4.465331	4.8996315	4.6295824
feature	5.672937	4.179719	5.729363
happiness	6.5026994	4.462537	6.0732064
assume	4.882901	4.029867	5.3517404
notion	4.985818	4.4808726	4.9161816
purchase	5.739335	4.114202	5.7336497
faithful	5.4008636	4.208808	5.6278677
soldier	4.8535213	4.492468	5.359897
father	5.7988234	4.0672646	5.515931
narrow	4.422683	3.2333875	4.687409
great	5.870063	4.224326	5.784688
tear	4.6781754	4.209395	4.704481
honorable	5.273162	4.31994	5.55852
previous	5.487081	4.0892863	5.374707
good	6.044505	4.08797	5.930358
domestic	5.2705417	4.0433393	5.415771
glory	6.5522223	4.442734	5.9387107
lay	5.5075154	3.5185742	5.525527
occasion	5.4621925	4.4445934	5.52637
guard	4.7627363	4.2755013	5.5121646
whole	5.610188	3.814734	5.557682
mouth	4.8927393	3.9209402	5.1477714
receive	5.89017	4.159205	5.9338717
take	5.5383644	3.8254354	5.614049
simple	6.6054316	3.8914442	5.9758115
error	4.1015577	4.571955	4.760893
wisdom	6.563541	3.85629	6.129597
rock	5.9566107	3.9379969	5.5552173
decide	5.5286174	4.1543717	5.717889
exclaim	5.6941485	4.5669837	5.778282
assure	5.8884263	4.2563434	5.679848
sign	5.339554	4.041606	5.730126
preserve	6.0051956	3.6068282	5.8547845
commerce	5.3145146	3.8091474	5.563784
plant	5.652062	3.6771896	5.605565
walk	5.7360883	3.7123072	5.78991
difference	5.0629063	3.8318675	5.323635
hang	4.783096	4.102202	4.8779573
following	6.050413	3.7593431	5.7755036
employ	5.7343836	3.6356752	5.98867
