deal	4.750817	3.9836142	5.303857
study	6.222293	3.893641	6.2212167
afford	6.266832	4.0767994	6.061476
service	5.794106	4.067979	5.889143
height	5.948395	3.7862906	5.808214
prospect	6.3196774	4.454775	5.6037846
pleasant	6.707449	3.4093716	6.2820396
shade	5.7956944	3.6519701	5.885171
listen	5.619754	3.9011178	5.788035
mighty	5.6653605	4.310655	5.42453
country	5.7722435	4.164681	5.5776024
title	6.026857	3.9587698	5.9124446
choose	5.4424486	3.8164713	5.766073
village	5.5703125	3.8016684	5.228693
acquire	6.075008	3.9642506	6.3463607
rank	5.532847	4.529401	5.62329
bow	5.6747837	3.4372869	5.7613797
doctor	5.0476446	3.2983327	4.9525065
talent	6.3103876	4.4053793	6.2775345
source	5.910138	4.1664386	5.684345
lead	5.338048	4.160249	5.5393834
question	5.0213923	4.3857794	5.3379636
publish	5.9686794	4.010175	5.8945403
interest	5.9217863	4.2885113	5.8461657
serve	5.4289994	3.7800443	5.886156
divine	6.0320177	4.2161636	5.290496
put	5.306803	3.9943016	5.5062585
shadow	5.495428	3.91344	5.4157405
practical	6.0290256	3.9048579	6.096402
surface	5.450038	3.4291022	5.4669175
account	5.459952	4.274831	5.4211884
loss	4.9566383	4.347515	4.9999676
indian	5.1195383	3.9960804	5.05749
vine	5.748384	3.6382911	5.184968
certain	5.5025463	4.055489	5.4837236
sin	4.13949	4.4092226	4.524585
necessity	5.26791	4.2983623	5.2906504
lose	5.3382854	4.1831727	5.3860264
private	4.931452	4.289786	5.261744
gentleman	6.023575	4.029454	5.852759
daughter	6.093198	3.9604673	5.645257
drive	4.69255	4.63371	4.9421825
strange	5.4001184	4.344327	5.007713
journey	5.8266735	3.414898	5.5968714
uncle	5.4357166	3.910689	5.1749554
species	5.5571017	4.167941	5.2742014
think	5.580524	4.177164	5.566361
bed	5.3872557	3.720657	5.27911
wind	5.158141	4.2143974	5.0332346
bless	6.36071	3.9561703	6.002961
destroy	4.269751	4.5027485	4.613919
author	6.134156	4.188578	5.844106
sustain	5.4130616	3.7630572	5.443697
black	4.907572	4.085198	5.225147
event	5.5754924	4.0861864	5.4191027
liberty	5.961181	4.3787193	5.651987
negro	5.4244556	4.3159947	5.1269274
little	5.7945395	3.916047	5.6744742
fortune	5.8362117	4.4590874	5.597306
touch	5.660053	4.113921	5.4733434
kill	4.403959	4.7948847	4.866957
feature	5.8064885	4.169565	5.8060336
happiness	6.825406	4.4993362	6.0925364
assume	5.073543	4.0479074	5.5601535
notion	5.199885	4.176156	5.00402
purchase	5.848454	3.8631544	5.959465
faithful	5.9071984	3.8851721	5.8441544
soldier	5.2182584	4.135294	5.5136495
father	5.652754	3.7183542	5.461299
narrow	4.434337	3.7224116	4.8799157
great	5.841492	4.1712213	5.849179
tear	4.633216	4.0217943	4.749695
honorable	5.296379	4.2885914	5.5226636
previous	5.491141	3.851447	5.2606106
good	6.1481147	4.05891	6.0130105
domestic	5.6175785	3.8842587	5.878649
glory	6.64364	4.5073886	6.026806
lay	5.4156966	3.6487	5.5913696
occasion	5.57012	4.3142886	5.5760307
guard	5.0602026	4.207493	5.617718
whole	5.7074246	3.868603	5.6372705
mouth	5.1816964	4.205273	5.233965
receive	5.9810443	4.046761	5.9631853
take	5.5401216	3.8530135	5.6780043
simple	6.328317	3.7487307	6.0290527
error	4.109364	4.3699665	4.561173
wisdom	6.6890035	3.7011433	6.2583923
rock	5.6715517	4.1927705	5.520221
decide	5.1929545	4.182173	5.6986284
exclaim	5.629947	4.653332	5.7606664
assure	6.2975054	4.302507	5.9071465
sign	5.4439535	4.019642	5.7490115
preserve	6.0802264	3.639319	6.0047293
commerce	5.7441807	3.9921	5.713439
plant	5.339503	3.7641165	5.395546
walk	5.7457285	3.77679	5.7298026
difference	5.336884	4.002106	5.5626664
hang	4.87748	4.1471133	5.0370007
following	6.2802396	3.90781	5.9547033
employ	5.4701195	3.700475	5.756051
