deal	4.7095556	4.366316	5.250369
study	6.41277	4.0564175	6.3310156
afford	6.2010665	4.121435	6.0036187
service	5.6816444	3.997931	5.764357
height	5.6961155	3.9951916	5.462729
prospect	6.2120514	4.371981	5.734211
pleasant	6.8703327	3.6209269	6.292674
shade	5.6622167	3.3573098	5.9095197
listen	5.54724	4.0020022	5.701626
mighty	5.440752	4.3048887	5.375195
country	5.815373	4.1655407	5.6088614
title	5.8272495	4.0030212	5.6387467
choose	5.6226964	3.645141	5.823769
village	5.9899387	3.9537337	5.493829
acquire	5.982543	4.223573	6.2068033
rank	5.260865	4.390102	5.31169
bow	6.062063	3.2094684	6.0087757
doctor	4.977502	3.8745403	5.266614
talent	6.500474	4.66458	6.4832835
source	6.2912674	4.0210056	5.896945
lead	5.211148	4.4145193	5.426739
question	5.0613394	4.2923765	5.3207726
publish	5.889105	3.9177623	5.9527917
interest	5.811678	4.254616	5.85837
serve	5.654798	3.7378104	5.820934
divine	6.2459297	4.3871017	5.5766025
put	5.2373047	3.6767414	5.47388
shadow	5.143834	3.6490893	5.2979
practical	6.441239	3.9634674	6.2088866
surface	5.8200455	3.3737445	5.622328
account	5.37035	4.216557	5.466221
loss	4.6327786	4.340552	4.697238
indian	5.385009	4.0708003	5.2578535
vine	5.7727914	3.7368903	5.297254
certain	5.4899635	4.1804824	5.5380745
sin	4.0943565	4.264529	4.632292
necessity	5.0538473	4.4027557	5.3596277
lose	5.3502107	4.1125894	5.2228174
private	4.8048015	3.997525	5.304591
gentleman	6.009611	4.208466	5.9100466
daughter	6.033317	4.089857	5.679146
drive	4.823193	4.459013	5.060605
strange	5.239572	4.3895407	5.074309
journey	6.211534	3.8702872	5.6206603
uncle	5.990386	4.1593695	5.5061545
species	5.481164	3.960303	5.297729
think	5.6304255	4.118017	5.701528
bed	5.27021	3.5676026	5.215136
wind	5.301057	4.233701	5.2815633
bless	6.436436	3.9418006	5.884431
destroy	4.1963973	4.34832	4.5684633
author	6.1255617	4.2069736	5.767738
sustain	5.5325165	4.064884	5.476386
black	4.81692	3.865267	5.051323
event	5.609146	4.25952	5.5047054
liberty	5.9097314	4.3493204	5.7197056
negro	5.0108776	4.241285	5.1712513
little	5.9480433	3.7347782	5.773999
fortune	5.7541842	4.3533444	5.5404515
touch	5.7807393	4.0067735	5.558875
kill	4.3613834	4.6915236	4.763774
feature	5.583821	4.2333117	5.555371
happiness	6.5485973	4.3131785	6.0749445
assume	5.0655036	3.9888277	5.445258
notion	5.0745134	4.1864204	4.954299
purchase	5.120043	4.180406	5.617083
faithful	6.054057	4.112879	5.983605
soldier	5.1692624	4.426384	5.497862
father	5.7096562	3.9930415	5.5584426
narrow	4.4186544	3.5357213	4.604761
great	5.918645	4.17269	5.874452
tear	4.557324	4.2022305	4.807179
honorable	5.2316895	4.306718	5.3069296
previous	4.8002977	4.01113	4.922565
good	6.046853	4.0672255	5.979754
domestic	5.5380054	3.9867153	5.6082687
glory	6.699279	4.367096	6.241166
lay	5.390588	3.521717	5.5872235
occasion	5.673306	4.3833456	5.5185337
guard	4.8769803	4.378992	5.4570184
whole	5.689281	3.7821763	5.6126876
mouth	5.0582805	4.1443644	5.2186074
receive	6.0012617	4.151643	5.960346
take	5.506731	3.8173604	5.653765
simple	6.735899	3.9067602	6.0812745
error	4.4457912	4.3279133	4.684792
wisdom	6.826392	3.597218	6.4154396
rock	5.655887	4.0644836	5.2595444
decide	5.200049	4.0874057	5.3613286
exclaim	5.4317017	4.538822	5.865756
assure	6.085692	4.2719784	5.7750587
sign	5.4221797	4.0950613	5.7291684
preserve	6.173316	3.7123482	5.9774933
commerce	5.672565	3.939849	5.974771
plant	5.715208	3.8792136	5.5931296
walk	5.706035	3.7366467	5.7302165
difference	5.163163	3.7538226	5.363361
hang	4.9749904	4.059164	4.94428
following	6.0590754	3.733281	5.8898005
employ	5.7758436	3.7487962	5.973432
