deal	4.8661957	4.0930786	5.5326605
study	6.24405	3.904869	6.092443
afford	6.19004	3.9524221	5.9949336
service	5.810774	3.9690807	5.895858
height	5.6201525	3.9188266	5.3663588
prospect	6.132593	4.2859783	5.564945
pleasant	6.950452	3.4166691	6.3772497
shade	5.8569	3.6364403	5.8136873
listen	5.833239	3.7844386	5.7325153
mighty	5.5600576	4.2975626	5.509246
country	5.710648	4.1235495	5.5594554
title	5.9081554	3.8152373	5.6663322
choose	5.54823	3.7974324	5.892535
village	5.7677107	3.8286612	5.4320054
acquire	6.23287	4.0826902	6.390349
rank	5.4132223	4.4524355	5.410728
bow	5.860717	3.4086595	5.8751388
doctor	4.717107	3.8463283	5.198118
talent	6.570471	4.5797133	6.3868594
source	5.9797473	4.0444345	5.7555084
lead	5.4160857	4.2282114	5.501935
question	5.0397615	4.123372	5.3840365
publish	5.5400405	4.113858	5.5672765
interest	6.047764	4.253866	6.0288324
serve	5.8186197	3.7128549	5.942756
divine	5.8444915	4.1589446	5.3218346
put	5.1462946	3.8033214	5.409784
shadow	5.236823	3.709063	5.3313584
practical	5.706674	3.7948716	6.1823688
surface	5.842693	3.1363585	5.7104177
account	5.4713225	4.268072	5.4272356
loss	4.8582144	4.4020677	5.015945
indian	5.516849	4.0397234	5.1072435
vine	6.0070553	3.5015476	5.605486
certain	5.370766	4.1740255	5.496297
sin	3.7385707	4.3379197	4.3193994
necessity	4.7089796	4.533037	4.9701605
lose	5.494416	4.14215	5.4664383
private	4.959267	4.063574	5.3612394
gentleman	6.1044908	4.1200705	5.7672176
daughter	6.1841073	3.9840565	5.567147
drive	4.742746	4.6104794	5.099109
strange	5.3386765	4.489335	5.111761
journey	6.211212	3.7915328	5.6981325
uncle	5.5219693	4.476638	5.1345053
species	5.4144044	4.0490155	5.1138806
think	5.6833014	4.098164	5.6286697
bed	5.33779	3.6232872	5.3023567
wind	5.298194	4.2297554	5.2250795
bless	6.0373173	3.7788012	5.8300166
destroy	4.1827784	4.448092	4.6941934
author	5.933664	4.214503	5.680783
sustain	5.4958754	3.9152257	5.565396
black	4.9580803	4.005487	5.0392027
event	5.6796956	4.303659	5.3684607
liberty	5.863838	4.367252	5.5531955
negro	5.333788	4.3240895	5.1262097
little	5.9489436	3.7951374	5.75681
fortune	6.0494237	4.471542	5.7066507
touch	5.8308773	4.1099186	5.722351
kill	4.6127167	4.798869	4.7539225
feature	5.705062	4.000461	5.6791153
happiness	6.803866	4.2973385	6.2158065
assume	5.2624035	3.8961291	5.534469
notion	5.1664505	4.502607	4.982492
purchase	5.679012	4.0397353	5.8461757
faithful	5.8131285	4.08316	5.809496
soldier	5.257169	4.42712	5.416662
father	5.77031	3.8659153	5.348561
narrow	4.499056	3.5648444	4.8946877
great	5.9665713	4.161765	5.841298
tear	4.7645526	4.153742	4.9490275
honorable	5.2848816	4.384438	5.4235106
previous	5.4519715	4.007921	5.1979966
good	6.0941324	3.9952962	6.1074195
domestic	5.6147456	3.7901645	5.829628
glory	6.7367563	4.304043	5.966319
lay	5.4944425	3.5650403	5.563689
occasion	5.6139812	4.232227	5.508614
guard	4.861698	4.228886	5.4946523
whole	5.902752	3.8207324	5.67768
mouth	4.9183397	4.291758	5.208288
receive	5.8957343	4.040816	5.840201
take	5.5991464	3.7814715	5.635836
simple	6.4881535	3.8217258	6.1715565
error	4.2714014	4.44553	4.7289305
wisdom	6.6410403	3.8713057	6.214009
rock	5.837125	4.055679	5.446088
decide	5.168296	4.267267	5.7188044
exclaim	5.6248393	4.5570154	5.7339373
assure	6.116777	4.2581377	5.8615446
sign	5.0982575	4.2349505	5.5326815
preserve	6.03496	3.6788797	5.821172
commerce	5.6832757	3.8577058	5.6529503
plant	5.23365	3.8038712	5.3518267
walk	5.900422	3.7383475	5.724198
difference	5.311066	3.7923715	5.5160737
hang	5.025004	4.0996323	5.0815706
following	6.2919884	3.7788284	5.8641906
employ	5.764277	3.843997	6.0204763
