deal	4.9612684	4.24068	5.463612
study	6.183776	3.9409137	6.164438
afford	6.3441443	3.855392	6.0360928
service	6.0292597	4.061151	6.138144
height	5.878287	3.988138	5.5610085
prospect	6.2233377	4.222438	5.6285305
pleasant	6.8615565	3.360167	6.104981
shade	5.640848	3.47643	5.712786
listen	5.473351	3.9187245	5.675362
mighty	5.61707	4.426508	5.38333
country	5.653612	4.200609	5.5047765
title	5.985258	4.1124496	5.6055627
choose	5.565692	3.7368743	5.7472286
village	5.763498	4.0085187	5.3442492
acquire	5.8828735	3.9726562	6.3921556
rank	5.4334173	4.515559	5.3154597
bow	5.730154	3.4373176	5.8682303
doctor	4.997608	3.8869333	5.313178
talent	6.580507	4.4374475	6.577107
source	5.9454694	3.913573	5.755588
lead	5.066551	4.3186507	5.390336
question	5.226877	4.1210365	5.470116
publish	5.9779263	4.194176	5.886262
interest	5.9157963	4.285271	5.8641353
serve	5.712196	3.8435485	6.0215025
divine	6.064048	4.3638716	5.5123177
put	5.070962	3.9585674	5.4609466
shadow	5.247362	3.7281337	5.2575164
practical	5.792027	3.883663	6.2109385
surface	5.739619	3.2755003	5.573651
account	5.3844476	4.3142753	5.408651
loss	4.993986	4.4858117	4.976013
indian	5.2542353	4.2253795	5.1341596
vine	5.7839127	3.7969074	5.373057
certain	5.4941125	4.094409	5.4723597
sin	4.379242	4.4757333	4.5733767
necessity	5.0406027	4.3738422	5.0885057
lose	5.587241	4.1694994	5.488234
private	4.945966	4.0417194	5.3629026
gentleman	5.90731	4.132919	5.7352886
daughter	6.1309214	3.8924472	5.581704
drive	4.7617188	4.567577	5.078941
strange	5.3053007	4.5241513	4.9998803
journey	5.9533896	3.5432177	5.484855
uncle	6.154885	3.8981597	5.569741
species	5.9080744	4.0127873	5.186039
think	5.724842	4.178401	5.6864204
bed	5.619407	3.7737033	5.471551
wind	5.0966105	4.144724	4.8776736
bless	6.145823	3.8980074	5.854879
destroy	4.0806932	4.8349714	4.5201583
author	6.057091	4.2516003	5.839141
sustain	5.7850785	3.935462	5.608567
black	4.7713323	3.9224603	5.086748
event	5.555378	4.268358	5.196231
liberty	5.6958356	4.2502503	5.649399
negro	5.092861	4.4686623	4.912834
little	5.9748144	3.8072214	5.7241993
fortune	5.922271	4.699713	5.532224
touch	5.715397	4.123691	5.6459775
kill	3.9561338	5.025283	4.547914
feature	5.7342877	3.9617772	5.837115
happiness	6.3134794	4.349002	5.8885236
assume	5.109661	3.9740543	5.516518
notion	5.0907874	4.4615498	5.020354
purchase	5.8034945	4.1616583	5.8034244
faithful	5.831565	4.1386185	5.8519325
soldier	5.021736	4.3910832	5.477666
father	5.6966887	3.761095	5.511861
narrow	4.2491446	3.287617	4.5819902
great	5.8959246	4.146206	5.843738
tear	4.5658803	4.0445075	4.756658
honorable	5.302029	4.202566	5.4356627
previous	5.396904	3.635583	5.2393575
good	5.952183	4.0322356	5.9121275
domestic	5.5214577	4.0237474	5.5879135
glory	6.632188	4.4178886	5.954456
lay	5.576059	3.7327762	5.643476
occasion	5.7386236	4.3442116	5.652186
guard	4.7536077	4.151693	5.535847
whole	5.818532	3.8194914	5.6067696
mouth	4.800077	3.9646769	5.096922
receive	6.080791	3.9681783	6.0023913
take	5.5132313	3.94379	5.6966243
simple	6.43252	3.782199	6.0529814
error	4.4102154	4.474008	4.733532
wisdom	6.601435	3.5734196	6.120642
rock	5.9535403	3.971315	5.588755
decide	5.341833	4.020343	5.699187
exclaim	5.5054483	4.3117366	5.7566915
assure	6.22197	4.2496166	5.989362
sign	4.894355	4.071727	5.4178996
preserve	5.879538	3.880883	5.9146733
commerce	5.7813134	3.947004	5.6067634
plant	5.4503293	3.7992527	5.4278607
walk	5.787301	3.6850097	5.7892485
difference	5.1669736	3.7449498	5.449821
hang	4.685045	4.31503	4.9287643
following	6.0749016	3.7026198	5.8477798
employ	5.7520328	3.8940015	6.044382
