deal	5.1100554	4.1790056	5.4674206
study	6.285015	4.024968	6.183706
afford	6.2873683	4.146859	6.131447
service	5.9017525	4.0250263	5.847658
height	5.5044107	4.0814786	5.3832383
prospect	6.209508	4.4515867	5.7481675
pleasant	6.818869	3.5780365	5.9695153
shade	5.464264	3.3883922	5.7052383
listen	5.758447	3.9413562	5.779899
mighty	5.5543694	4.5170527	5.4003983
country	5.7584176	4.1980753	5.5967827
title	6.065403	4.0658226	5.546566
choose	5.567946	3.6482742	5.7687283
village	5.7717595	4.080656	5.3659
acquire	6.1963067	3.93657	6.391276
rank	5.2560024	4.5782137	5.318328
bow	5.5779943	3.4633718	5.7154922
doctor	4.677474	3.664465	4.857048
talent	6.541064	4.518837	6.6330495
source	6.1724253	3.8574696	5.747501
lead	5.2972727	4.148271	5.4097786
question	5.115403	4.153113	5.5013556
publish	5.999511	4.1569767	5.8545766
interest	6.024943	4.382301	5.9368606
serve	5.5751934	3.844717	5.787919
divine	6.165281	4.196068	5.52609
put	5.346669	3.840287	5.5084314
shadow	5.068799	3.5485494	5.182397
practical	6.004368	3.8771036	6.0599775
surface	5.4425364	3.2648845	5.544922
account	5.5253444	4.260749	5.5001335
loss	4.736946	4.3765507	4.7661357
indian	5.546157	4.1569047	5.2295017
vine	5.8862753	3.8139524	5.547078
certain	5.521944	4.063351	5.5639944
sin	3.9325898	4.275393	4.491298
necessity	5.082918	4.3600373	5.3803964
lose	5.441079	3.9626203	5.39228
private	4.9486027	4.022374	5.4784293
gentleman	5.899559	4.131881	5.734795
daughter	5.9996963	3.9698362	5.6162953
drive	4.7781076	4.509656	4.9003344
strange	5.1918974	4.533374	4.9021463
journey	6.105212	3.7417035	5.745971
uncle	5.466396	4.129379	5.444804
species	5.7809105	4.024868	5.3135962
think	5.613038	4.118963	5.6248894
bed	5.3540506	3.8065977	5.446642
wind	5.254954	4.052553	5.049653
bless	6.3223133	4.007959	5.897083
destroy	4.084009	4.5179687	4.6460247
author	6.2313237	4.1982408	5.825372
sustain	5.6365705	4.1421127	5.380612
black	4.635435	3.6956034	4.86824
event	5.625314	4.3258667	5.4232054
liberty	5.8495016	4.2473183	5.762221
negro	4.9952626	4.3226237	5.028273
little	5.9468637	3.8295846	5.737375
fortune	5.775186	4.461026	5.6163116
touch	5.7946115	4.124288	5.6603465
kill	4.228648	5.0171804	4.7165623
feature	5.7333274	4.0018	5.8325996
happiness	6.4762974	4.306835	6.169678
assume	5.21727	3.942883	5.5173626
notion	5.2645955	4.273363	5.1185374
purchase	5.282015	3.9330704	5.4738045
faithful	5.9140615	3.7774155	5.8995047
soldier	5.254793	4.3860826	5.3772955
father	5.700652	4.025108	5.441623
narrow	4.517749	3.2288907	4.777195
great	5.8649893	4.096012	5.8282876
tear	4.5875225	4.21775	4.8044176
honorable	5.2423897	4.230482	5.3815866
previous	5.4254427	4.075272	5.47505
good	6.063805	4.112328	5.942959
domestic	5.636186	3.7650068	5.7116685
glory	6.7248273	4.3743224	6.135355
lay	5.5231543	3.6005013	5.5859694
occasion	5.53822	4.254761	5.5943427
guard	4.818726	4.3508477	5.438489
whole	5.909286	3.7881455	5.6409636
mouth	5.0146713	3.9451613	5.0812435
receive	5.9326606	4.0295277	5.8698716
take	5.5237174	3.7966404	5.6131454
simple	6.502736	3.9342718	5.963304
error	3.9870443	4.2463007	4.467066
wisdom	6.811569	3.749878	6.3400917
rock	5.70164	4.124594	5.4411497
decide	5.2345734	4.16382	5.63976
exclaim	5.384225	4.4439526	5.7685266
assure	6.0484824	4.178703	5.9558563
sign	5.537117	4.0043507	6.111359
preserve	5.9786067	3.9241107	5.8787727
commerce	5.634204	3.7018719	5.706103
plant	5.5038853	3.8715463	5.544292
walk	5.6780443	3.6929853	5.7496023
difference	5.272521	3.7727623	5.6064067
hang	4.8600883	4.248824	4.9068346
following	5.968168	3.6894395	5.797187
employ	5.707847	3.7298076	5.9937325
