deal	5.0317616	4.107165	5.442198
study	6.6357927	3.8394089	6.4680915
afford	5.9983	4.0909715	6.0381794
service	5.8620043	3.892203	6.1410856
height	5.5884285	4.041755	5.280309
prospect	6.350631	4.4122844	5.656891
pleasant	6.850762	3.5770023	6.2582765
shade	5.480745	3.605815	5.690761
listen	5.3785496	3.864863	5.5230975
mighty	5.3789163	4.3506355	5.2186813
country	5.752563	4.1283045	5.492947
title	6.0954547	3.9211721	5.767778
choose	5.481016	3.7785258	5.7131953
village	5.443187	3.853116	5.1488724
acquire	6.199725	4.1386595	6.379008
rank	5.290696	4.466101	5.3167815
bow	5.8527226	3.367157	5.7914867
doctor	5.1961493	3.8895316	5.407429
talent	6.389777	4.523535	6.3115735
source	5.69161	4.0725923	5.4122057
lead	5.253424	3.9958503	5.472436
question	5.0820456	4.153394	5.410116
publish	6.042736	4.049255	5.755616
interest	6.0371385	4.259499	6.0385613
serve	5.377765	3.856279	5.7976694
divine	6.204376	4.175051	5.5896425
put	5.3130093	3.846008	5.523372
shadow	5.108543	3.7373128	5.2173533
practical	6.0632634	3.8004959	6.1650553
surface	5.604621	3.5476687	5.5562263
account	5.468038	4.2747416	5.3937917
loss	4.870392	4.3227015	4.9750724
indian	5.3415675	4.0981054	5.089102
vine	6.0524535	3.806427	5.339266
certain	5.3664417	4.1879654	5.494755
sin	4.2670736	4.2461753	4.6220236
necessity	5.1814156	4.2532606	5.2483225
lose	5.340364	4.1055636	5.2959027
private	5.082122	3.9419475	5.433123
gentleman	6.0641522	4.0558596	5.8155184
daughter	6.1877193	4.112403	5.5979114
drive	4.500469	4.6172323	4.7684655
strange	5.297457	4.358213	5.01829
journey	6.0480475	3.858155	5.8894105
uncle	5.8270617	4.2692757	5.2423615
species	5.5311127	4.184668	5.3187995
think	5.6814175	4.197642	5.5865984
bed	5.4035525	3.6611686	5.321132
wind	5.3555865	4.2903595	5.2539287
bless	6.307976	3.8727224	5.9769287
destroy	4.0917034	4.4094753	4.6736865
author	6.2539206	4.3816266	5.9357004
sustain	5.285488	4.020179	5.4707003
black	4.739224	3.9701915	5.1538486
event	5.7458153	4.3620653	5.460561
liberty	5.762527	4.0653744	5.677742
negro	5.153601	4.3168097	5.149465
little	6.040639	3.8336484	5.7977843
fortune	6.194381	4.5351143	5.628028
touch	6.0989184	4.177481	5.8277245
kill	4.482582	4.8168364	4.878311
feature	5.657791	4.3145866	5.6465344
happiness	6.707021	4.32989	6.1989326
assume	4.9815655	3.9834325	5.378921
notion	5.06593	4.1025624	4.895796
purchase	5.3436666	4.170141	5.7293534
faithful	5.91322	4.126712	5.8153925
soldier	5.1152506	4.3454924	5.2205367
father	5.773342	3.869744	5.502855
narrow	4.4234495	3.4679587	4.836899
great	5.900941	4.135922	5.853711
tear	4.7766223	4.2656765	4.842607
honorable	5.2738247	4.2244368	5.5786724
previous	5.117316	3.730614	5.1525817
good	6.1253705	4.0433517	6.062631
domestic	5.611928	3.8863335	5.759448
glory	6.683793	4.5611434	5.937515
lay	5.6295753	3.5356994	5.701409
occasion	5.517734	4.373991	5.4298954
guard	4.764619	4.320502	5.434884
whole	5.7962294	3.8404849	5.7170806
mouth	5.275964	4.1725397	5.313024
receive	5.763284	4.09618	5.829087
take	5.59186	3.7978265	5.6627164
simple	6.559509	3.9018621	5.950476
error	4.19694	4.696644	4.6615257
wisdom	6.9124746	3.592549	6.3728914
rock	5.555061	4.0001783	5.4610176
decide	5.2549806	4.195268	5.621737
exclaim	5.6368947	4.5600247	5.7775497
assure	5.917608	4.311718	5.7599816
sign	5.513661	4.1508007	5.9689593
preserve	5.978489	3.639722	6.0022783
commerce	5.7763357	3.6991737	5.7513237
plant	5.511305	3.752379	5.341562
walk	5.8133354	3.7067263	5.739524
difference	5.2958508	3.7177112	5.4636755
hang	4.9035854	3.9849133	5.090717
following	6.1876493	3.733053	5.8656693
employ	5.656963	3.8625102	6.0532207
