deal	5.1061873	4.214451	5.715863
study	6.1414833	4.017686	6.0917706
afford	6.3850136	4.04297	6.15244
service	5.9637375	4.047418	5.979189
height	5.510874	3.8963535	5.361826
prospect	6.4983463	4.368302	5.7808075
pleasant	6.6175623	3.347243	6.1830893
shade	5.8431087	3.61016	5.8860574
listen	5.5946946	3.9876676	5.48652
mighty	5.590168	4.526222	5.493752
country	5.7593594	4.156586	5.588011
title	6.034966	3.9654672	5.925423
choose	5.191722	3.6593597	5.671956
village	5.7176046	3.6706235	5.4058466
acquire	6.4947176	4.1003766	6.4716144
rank	5.335592	4.7109303	5.4598064
bow	5.816287	3.5039122	5.919387
doctor	4.998251	3.6471112	5.123409
talent	6.4622264	4.473082	6.3935494
source	5.987333	4.2973843	5.5937643
lead	5.188995	4.25299	5.482745
question	4.9186764	4.222547	5.2486644
publish	6.0114374	4.23732	5.6687126
interest	6.003239	4.2634406	5.9865675
serve	5.655736	3.8956878	5.8957577
divine	5.9940376	4.167615	5.3760424
put	5.1334743	3.8557343	5.3999915
shadow	5.497796	3.7145865	5.525442
practical	5.8059254	4.0257764	5.871935
surface	5.549961	3.3857017	5.565088
account	5.5364423	4.2463408	5.536412
loss	5.1306763	4.4279017	5.0807195
indian	5.3959646	4.2636604	5.100521
vine	5.8866096	3.978694	5.1980376
certain	5.3028154	4.0862074	5.504338
sin	3.94244	4.302595	4.6302047
necessity	5.0124063	4.3202386	5.1823673
lose	5.439973	4.132092	5.442983
private	5.2549825	4.0673723	5.395216
gentleman	5.9948826	4.1052413	5.768229
daughter	6.1396556	4.134341	5.6403303
drive	4.7673025	4.533329	4.893613
strange	5.425698	4.5125356	5.1396813
journey	5.891532	3.7403142	5.465267
uncle	5.8435087	4.0973873	5.441436
species	5.7510486	4.0562096	5.318929
think	5.403019	4.22663	5.5383525
bed	5.2558107	3.7658603	5.464076
wind	5.2623205	4.1598477	5.008083
bless	6.114274	3.8579278	5.9627614
destroy	4.1796246	4.5006557	4.6499324
author	5.9195733	4.234035	5.660404
sustain	5.596814	4.1014614	5.384882
black	4.9079437	3.805056	4.995181
event	5.571655	4.2722273	5.3894186
liberty	5.573222	4.251227	5.659081
negro	5.166526	4.3517637	5.2276115
little	5.959876	3.828022	5.801648
fortune	6.081577	4.639251	5.774444
touch	5.545837	4.0457125	5.4660735
kill	4.040169	4.708037	4.7336197
feature	5.6366873	4.1225677	5.650797
happiness	6.655971	4.4043226	6.2245007
assume	5.2001815	3.9952526	5.4100704
notion	5.2008853	4.3831053	5.2729545
purchase	5.771473	3.8109403	5.866875
faithful	6.0288057	4.0644474	6.006136
soldier	4.890505	4.3154507	5.179021
father	5.6992183	4.007717	5.446898
narrow	4.6085596	3.2878757	4.930817
great	5.948982	4.069617	5.819765
tear	4.443904	4.114488	4.807417
honorable	5.1505976	4.2895875	5.329064
previous	5.2911205	4.093602	5.1147103
good	6.0345497	4.018674	6.103576
domestic	5.5105863	3.6621885	5.722535
glory	6.680744	4.408002	6.180993
lay	5.285489	3.639637	5.6201468
occasion	5.525356	4.4757395	5.4703336
guard	4.627253	4.156662	5.323166
whole	5.879965	3.8418303	5.72007
mouth	5.0926776	3.9704742	5.3125205
receive	5.901071	3.986006	5.7786684
take	5.429819	3.8240178	5.5964284
simple	6.265658	3.9228299	5.895625
error	4.143447	4.447671	4.568627
wisdom	6.571392	3.5994484	5.8799095
rock	5.6485286	3.9545503	5.411376
decide	5.1304927	4.1805735	5.413642
exclaim	5.334171	4.437603	5.7181516
assure	6.160732	4.2090626	5.9780498
sign	5.1234503	4.1756	5.716576
preserve	6.129077	3.5783432	6.081088
commerce	5.7996006	4.107364	5.8205676
plant	5.395359	4.076595	5.227019
walk	5.7100663	3.711547	5.7423263
difference	5.1588697	3.9401267	5.2887235
hang	5.1016936	3.9299014	5.141803
following	6.1533	3.9142334	5.8710113
employ	5.9005036	3.6646352	6.0440774
