deal	4.8022084	4.111039	5.329074
study	6.2298875	3.9882405	6.1423025
afford	6.403018	4.1351795	6.093784
service	5.9704123	3.993111	6.126188
height	5.725148	3.8055112	5.7335496
prospect	6.5882225	4.4841385	5.903942
pleasant	6.957287	3.4781032	6.134588
shade	5.554159	3.6790805	5.6481395
listen	5.578503	3.9787192	5.679852
mighty	5.541258	4.548318	5.454383
country	5.7872863	4.1608086	5.566768
title	5.964107	3.9460654	5.800006
choose	5.61633	3.7373786	5.856496
village	5.639847	3.860556	5.3630176
acquire	5.956843	4.042971	6.3507504
rank	5.5271597	4.422321	5.585799
bow	5.2023916	3.5988314	5.7204957
doctor	4.881942	3.914777	5.030136
talent	6.4073763	4.4972606	6.302506
source	5.8509665	4.341763	5.5130606
lead	5.384066	4.1176333	5.527262
question	4.8669415	4.2865477	5.240633
publish	5.862804	3.88031	5.8031645
interest	6.018413	4.313121	5.887923
serve	5.401268	3.768591	5.9663343
divine	5.9458137	4.057344	5.3859067
put	5.22131	3.8594754	5.5319705
shadow	5.4484506	3.7098792	5.2250805
practical	5.9767966	4.1001277	6.1834383
surface	5.680268	3.540816	5.67091
account	5.3397503	4.256102	5.41118
loss	4.616693	4.304133	4.713513
indian	5.172452	3.9765532	5.080601
vine	5.695524	3.7993588	5.5395203
certain	5.4815025	4.196025	5.503064
sin	4.0329504	4.108414	4.419222
necessity	5.120021	4.3119416	4.9957433
lose	5.4311285	4.0430174	5.389484
private	5.376712	4.2741704	5.6656575
gentleman	5.79342	4.1338806	5.7700934
daughter	6.0889597	4.2110324	5.795723
drive	4.663066	4.3544874	4.966679
strange	5.165625	4.4195	5.0878706
journey	5.765184	3.6967824	5.5396004
uncle	5.3798776	4.183069	5.1397967
species	5.473937	4.007268	5.081552
think	5.5090494	4.1467576	5.664068
bed	5.569757	3.482148	5.3801394
wind	5.0489244	4.208082	5.0674696
bless	6.422484	3.9639719	6.009697
destroy	4.2484746	4.531002	4.78787
author	5.7566223	4.2900863	5.5893927
sustain	5.5107536	3.8394904	5.405496
black	4.628446	3.7923634	4.9193945
event	5.418495	4.2146115	5.2978253
liberty	5.8608475	4.597234	5.7614927
negro	5.104475	4.260029	4.979954
little	5.914089	3.8145974	5.7718997
fortune	5.9076004	4.6689544	5.5854783
touch	5.676232	4.1322937	5.6615825
kill	4.3009243	4.7524385	4.6565657
feature	5.536172	4.1377125	5.7180567
happiness	6.445977	4.4384637	6.06863
assume	5.0214114	3.9280055	5.4455433
notion	4.7720385	4.42414	4.957402
purchase	5.834782	4.3209515	5.82433
faithful	5.98472	4.018701	6.047757
soldier	5.131153	4.4410615	5.5634155
father	5.749737	3.9502997	5.555516
narrow	4.441514	3.346328	5.0035524
great	5.8138843	4.196646	5.799588
tear	4.717085	4.285369	4.7835517
honorable	5.1706314	4.204786	5.446007
previous	5.085621	3.9823174	5.2220225
good	5.9835773	4.135734	6.0362167
domestic	5.4593544	3.6905434	5.5882435
glory	6.7639575	4.637341	6.0785675
lay	5.3554926	3.5510347	5.577249
occasion	5.52244	4.358875	5.400769
guard	4.883937	4.293517	5.563039
whole	5.751008	3.723367	5.6819935
mouth	4.999221	4.049171	5.0256786
receive	5.9767213	4.0164213	5.968402
take	5.5716276	3.8128748	5.6857996
simple	6.366592	3.9521992	5.9152455
error	4.2675734	4.247785	4.638239
wisdom	6.6998005	3.811121	6.317155
rock	5.6123095	4.07884	5.4416285
decide	5.3725066	4.168597	5.8066363
exclaim	5.6911006	4.500474	5.807807
assure	6.1620936	4.3820696	6.0453386
sign	5.4679475	4.030585	6.0070596
preserve	5.8745656	3.6927848	5.921616
commerce	5.7631407	3.779552	5.7718825
plant	5.315535	3.9735854	5.4232273
walk	5.73573	3.743709	5.7077146
difference	5.1909785	3.6534853	5.3087964
hang	4.811542	4.0232162	5.0795302
following	5.9170475	3.8311303	5.699947
employ	5.8214636	3.7466278	6.00492
