deal	4.6868286	4.1438975	5.295442
study	6.4034066	3.9615636	6.202674
afford	6.142685	4.106923	5.981778
service	5.6027536	4.0769815	5.8957896
height	5.5508795	3.8375256	5.419729
prospect	6.385343	4.442721	5.790333
pleasant	6.9245787	3.3610072	6.340686
shade	5.4903975	3.574221	5.780887
listen	5.6320376	3.8668187	5.655095
mighty	5.5236406	4.4225225	5.468913
country	5.748218	4.0511904	5.583868
title	5.857422	3.967042	5.7255673
choose	5.4287252	3.6271634	5.713565
village	5.7872157	3.741814	5.474229
acquire	6.0548706	3.9159656	6.2580853
rank	5.240419	4.351928	5.23793
bow	5.6585755	3.4818594	5.886614
doctor	5.0876303	3.7642584	5.2347646
talent	6.2562194	4.6377797	6.3950357
source	5.888112	3.8450947	5.5158362
lead	5.23335	4.2871666	5.5236735
question	5.259016	4.3849664	5.3964214
publish	5.9918942	3.9499876	5.6057696
interest	5.984678	4.2867002	5.9546986
serve	5.3696837	3.9168968	5.963567
divine	5.82267	4.2902	5.4696717
put	5.246519	3.8006556	5.4727817
shadow	5.1308365	3.7965438	5.354211
practical	5.9167495	3.9205306	5.9491696
surface	5.646163	3.181179	5.4294214
account	5.4278407	4.2971506	5.4321985
loss	4.7025743	4.1208153	4.83551
indian	5.4062114	4.103843	5.148014
vine	5.8530087	3.554037	5.3114586
certain	5.466839	4.1268616	5.5059075
sin	4.074533	4.2762446	4.5930996
necessity	5.0970774	4.3504767	5.2692604
lose	5.3645926	4.110271	5.3656964
private	5.033312	4.2489457	5.287033
gentleman	6.1637344	3.9947388	5.8261976
daughter	6.0096645	3.914469	5.5331445
drive	4.8789115	4.5037527	5.0548134
strange	5.151859	4.296407	4.8943114
journey	6.232565	3.5704165	5.8807473
uncle	5.578181	4.104829	5.4620347
species	5.5647497	4.164186	5.384348
think	5.6360664	4.146069	5.627581
bed	5.4692197	3.6581097	5.3666563
wind	5.2126036	4.0372634	5.0385494
bless	6.0949416	3.7678244	5.838822
destroy	4.243627	4.52403	4.596415
author	6.219028	4.319519	5.6828084
sustain	5.4748807	3.9631443	5.516904
black	4.783894	3.8533602	5.0143046
event	5.357636	4.3620768	5.292513
liberty	5.917162	4.0421925	5.865411
negro	5.1560674	4.3537645	5.1140194
little	5.985136	3.7508984	5.7244496
fortune	5.8860407	4.3689246	5.562049
touch	5.9170012	4.0422583	5.696019
kill	4.139061	4.8151135	4.674704
feature	5.86688	4.089309	5.771313
happiness	6.709601	4.0545087	6.1596327
assume	5.2839427	3.9824688	5.4925346
notion	5.1269455	4.2062626	5.1492453
purchase	5.8791356	3.8981395	5.9402537
faithful	5.871746	4.1444774	5.871621
soldier	5.071287	4.1765285	5.3057275
father	5.6229706	3.8033814	5.4687943
narrow	4.4695554	3.5687268	4.604501
great	5.8581643	4.143922	5.7543797
tear	4.683156	4.125143	4.9706564
honorable	5.071037	4.4609737	5.4543147
previous	5.23851	4.0546827	5.0648327
good	6.0372024	3.937428	6.0211773
domestic	5.9440207	3.7332745	5.7032266
glory	6.6380706	4.377952	6.178546
lay	5.6029706	3.592765	5.6436987
occasion	5.603611	4.228299	5.503813
guard	5.012337	4.219727	5.468155
whole	5.7711177	3.751196	5.546739
mouth	4.8170524	4.037456	5.050383
receive	5.926339	3.9829617	5.8317385
take	5.5491867	3.7818742	5.6319127
simple	6.3827906	3.8967576	6.041171
error	3.946845	4.455618	4.3650327
wisdom	6.4987493	3.5220723	6.3267727
rock	5.719199	3.8924944	5.5088778
decide	5.2699866	4.157827	5.4062343
exclaim	5.7494955	4.442396	5.8029394
assure	6.311698	4.2208877	5.938941
sign	5.25222	4.223411	5.6572638
preserve	6.086203	3.6602597	5.929166
commerce	5.6124434	3.8034759	5.613146
plant	5.4763045	3.7951994	5.327542
walk	6.060986	3.6211555	5.9553432
difference	5.102112	3.721634	5.406246
hang	4.676658	4.0749116	4.974509
following	6.123923	3.779046	5.970304
employ	5.86279	3.8190415	5.954177
