deal	4.5672226	4.2408447	5.2983203
study	6.232785	3.8897164	6.3363757
afford	6.1482964	4.095176	5.956972
service	5.722664	3.9955344	5.9155035
height	5.7232833	4.2421165	5.652278
prospect	6.1346555	4.427163	5.6828237
pleasant	6.697018	3.3291643	6.1706676
shade	5.516605	3.2928543	5.881434
listen	5.3443775	4.087278	5.670904
mighty	5.457257	4.6332116	5.3462315
country	5.7419376	4.1012	5.544034
title	5.7763276	3.9026282	5.703547
choose	5.4145074	3.6761944	5.663447
village	5.685044	3.7332368	5.3276587
acquire	6.212874	3.9836206	6.2172394
rank	5.1479273	4.420414	5.2992625
bow	5.7725153	3.5286503	5.952093
doctor	4.7131166	3.6948934	5.311663
talent	6.2740426	4.461638	6.1367817
source	5.8781505	3.8556974	5.625373
lead	5.2655	4.1244783	5.6530957
question	5.1095333	4.3392797	5.4656157
publish	6.1540685	4.0980587	5.70483
interest	5.7702093	4.4975557	5.8553677
serve	5.3609548	3.7856202	5.8070707
divine	5.9136724	4.1897717	5.565315
put	5.1779013	3.8106248	5.556794
shadow	5.1418753	3.6702385	5.3142514
practical	6.245621	3.6058996	6.2020183
surface	5.557648	3.5927725	5.6910806
account	5.400484	4.258422	5.336207
loss	4.8693447	4.5519323	5.0435004
indian	5.0723777	3.9761956	4.9653835
vine	5.829193	3.7910914	5.3893785
certain	5.399221	4.0221148	5.440502
sin	4.103464	4.34503	4.7380447
necessity	5.2556906	4.201766	5.4766684
lose	5.226075	4.1437883	5.37405
private	5.0870347	4.104642	5.3356013
gentleman	6.0088587	4.0980573	5.884077
daughter	5.85277	4.1071806	5.6192226
drive	4.747937	4.3443007	5.053236
strange	5.073985	4.25982	4.906584
journey	6.111936	3.908626	5.74637
uncle	5.7713695	4.003591	5.361127
species	5.537994	3.9845319	5.2907977
think	5.5141954	4.1922436	5.618579
bed	5.477966	3.7778625	5.452627
wind	4.9283643	4.035386	5.0595946
bless	6.537008	3.867204	6.1862836
destroy	4.1982527	4.6211023	4.6677885
author	6.0703015	4.2486897	5.7153025
sustain	5.493436	4.1437407	5.5118747
black	4.607934	3.871336	4.7106657
event	5.433204	4.2864017	5.4108667
liberty	5.762117	4.342767	5.674145
negro	5.1214905	4.1884828	5.274854
little	5.880993	3.8173954	5.632323
fortune	5.8731613	4.571688	5.5329733
touch	5.8138533	3.9811692	5.566511
kill	4.3033037	4.6876974	4.8470354
feature	5.828398	3.978387	5.9772663
happiness	6.5336237	4.2724237	6.1296616
assume	5.22198	3.8804128	5.5443063
notion	4.858609	4.336494	5.0231147
purchase	5.4253297	3.7381852	5.7035913
faithful	5.68016	3.792052	5.830421
soldier	4.969375	4.236841	5.3909416
father	5.53435	3.984385	5.4611382
narrow	4.3909235	3.4510958	4.684306
great	5.802746	4.1754327	5.725663
tear	4.5121226	4.1003017	4.6245375
honorable	5.273769	4.1209116	5.426907
previous	5.2718043	4.009552	5.3198996
good	5.8986225	4.0700903	5.992582
domestic	5.7902913	3.8072765	5.765502
glory	6.709844	4.6214867	6.238574
lay	5.4450693	3.7629468	5.6996813
occasion	5.5502915	4.2963295	5.6345606
guard	4.980873	4.011668	5.5983357
whole	5.7297587	3.8529649	5.623438
mouth	5.131639	4.161536	5.1949925
receive	5.9372416	4.1101203	5.84108
take	5.488832	3.8293896	5.6725955
simple	6.2824545	3.7039306	5.8430085
error	4.3296275	4.2961607	4.8148375
wisdom	6.3736334	3.8717315	6.1179705
rock	5.7126093	4.2662077	5.319867
decide	5.153977	4.2377696	5.6936126
exclaim	5.650964	4.5681515	5.8340707
assure	5.8514524	4.236037	5.8171487
sign	5.1274242	4.0335836	5.598037
preserve	6.2365446	3.614909	5.92787
commerce	5.862356	3.9032047	5.572568
plant	5.5789123	3.7114172	5.538081
walk	5.8844776	3.660678	5.974016
difference	5.2135854	3.9243393	5.4017224
hang	4.9395275	4.032893	5.0393653
following	6.32407	3.8582106	5.9078856
employ	5.8148108	3.8854375	6.01252
