deal	4.974309	4.1418686	5.1989884
study	6.0507812	3.9053576	6.2782784
afford	5.980154	3.963694	5.7444506
service	5.352329	3.9563782	5.761097
height	5.2112193	4.1033716	5.2562814
prospect	6.6924915	4.1367683	5.984296
pleasant	6.573122	4.096089	5.905195
shade	4.861664	3.5180538	5.1302605
listen	5.1153564	4.151002	5.5546083
mighty	5.608413	4.4702735	5.546954
country	5.250399	3.7003415	5.348368
title	6.1888857	4.0176272	6.1470184
choose	5.1998053	3.6204865	5.6276855
village	5.898817	4.254722	5.4833
acquire	6.3624763	4.4922667	6.624265
rank	5.0674987	4.0521164	5.1593823
bow	5.676179	3.4583602	5.54591
doctor	4.9179773	3.9588244	5.185213
talent	6.847938	4.6062055	6.7931414
source	5.6169324	3.8990614	5.5316567
lead	4.995627	3.9885166	5.3926497
question	5.230979	3.699524	5.646201
publish	5.4867535	4.1808224	5.7642255
interest	6.1586347	3.7810724	5.8344264
serve	4.940873	3.402327	5.44726
divine	6.283872	4.033659	5.6503687
put	5.580877	3.9241693	5.6754007
shadow	4.835131	3.4279199	4.892794
practical	5.6630797	3.8880706	5.84802
surface	5.3485146	3.1386256	5.0472345
account	5.7409062	3.9230406	5.74096
loss	4.545831	4.1076813	4.578022
indian	5.0406036	5.056982	5.454871
vine	6.3118744	3.6710982	5.717754
certain	4.859964	4.6377745	5.2924795
sin	3.5096521	4.5590343	4.248682
necessity	4.070298	4.168992	4.75443
lose	4.4437613	4.258806	5.07831
private	4.5332437	3.5393906	5.2616467
gentleman	5.445814	3.8528605	5.241531
daughter	5.751759	4.2147703	5.0315967
drive	4.0980344	4.743013	4.7567863
strange	4.5943627	4.9028196	4.5757384
journey	6.1840363	3.7693841	5.893565
uncle	5.8310394	3.9287097	6.068803
species	5.5232477	4.601989	5.2814555
think	5.4223247	4.26333	5.291442
bed	5.3554754	3.3551683	5.4071245
wind	5.262887	4.0497828	5.0394382
bless	7.3662443	4.102929	6.41368
destroy	3.6162496	5.206997	4.532445
author	5.4800625	4.3327193	5.284759
sustain	5.034945	4.0937405	5.5693336
black	4.6697354	4.4781604	4.645261
event	5.9156666	4.3303037	5.088402
liberty	6.7653046	4.701492	6.0493536
negro	4.1717706	4.568522	4.49489
little	4.791749	4.1197977	4.927287
fortune	6.087505	4.17061	5.51381
touch	5.7044287	3.8088036	5.543648
kill	4.366476	5.159054	4.8383055
feature	5.322091	3.9074826	5.468428
happiness	6.9923754	4.1869674	6.2888527
assume	3.6539996	3.8040636	4.755603
notion	5.579049	4.2082987	5.437812
purchase	6.126897	3.791183	6.336075
faithful	6.3030624	3.5449803	5.9493785
soldier	4.5422006	4.368093	4.9623265
father	5.6452055	4.117933	5.230767
narrow	3.6676087	3.7211974	4.43619
great	5.4454966	4.0694404	5.356565
tear	3.8115396	3.7073815	4.4866343
honorable	5.6916943	4.1939955	5.7447743
previous	4.518739	3.8685079	4.988186
good	6.1495357	3.8019667	6.2014112
domestic	4.9072804	3.978168	4.6838126
glory	6.759393	4.3902535	6.073369
lay	4.724308	3.1836848	5.518551
occasion	5.176782	4.350949	5.104754
guard	5.195486	3.6408176	5.4496326
whole	5.188306	4.0450583	5.06093
mouth	5.003704	4.3945737	5.1960745
receive	6.0551867	3.658512	5.7923374
take	5.2506485	3.6936102	5.6743712
simple	5.874203	3.7253883	5.7624693
error	3.579244	4.4099636	4.1475887
wisdom	6.3366156	4.0898976	6.1007543
rock	5.5287952	4.0857496	5.3519244
decide	4.706576	3.9142995	5.459324
exclaim	5.6297774	4.9803877	5.592233
assure	6.718609	4.0835857	6.5368757
sign	5.3296876	3.6601999	5.440422
preserve	5.8841915	3.682724	5.9200172
commerce	5.742997	4.4083834	5.6089363
plant	4.8789835	3.7981944	5.0492773
walk	5.5654163	3.7368245	5.7234616
difference	4.9129133	3.8251576	5.3005486
hang	4.7323055	3.7479875	5.0676146
following	6.615896	3.3338838	6.0187707
employ	4.8875666	3.7912374	5.9667845
