deal	4.808175	4.2099204	4.9019313
study	6.2307606	4.0734825	6.3869534
afford	6.1281896	4.1208563	5.856114
service	5.609382	3.9441733	5.8192773
height	5.252382	4.261339	5.127845
prospect	6.6690598	4.452897	5.854572
pleasant	6.794445	4.009735	6.050577
shade	5.106289	3.7535408	5.259323
listen	5.498435	4.0781827	5.6724396
mighty	5.6031246	4.5801363	5.5885477
country	5.1313634	3.7941492	5.3649106
title	6.530512	3.9017916	6.212238
choose	5.448767	3.571545	5.9612865
village	5.9740496	4.1236734	5.6304255
acquire	6.45958	4.439184	6.564841
rank	5.233512	3.895504	5.1933537
bow	5.9290366	3.542377	5.8884015
doctor	5.0105524	3.9958222	4.8746505
talent	7.0302014	4.62637	6.776408
source	6.204295	4.2507563	5.7525835
lead	4.7899237	4.0734205	5.358282
question	5.3338785	3.5669723	5.427016
publish	5.4570894	4.111085	5.917329
interest	5.939322	3.9410353	5.6293516
serve	4.9886193	3.5542333	5.653198
divine	6.551207	3.8670373	5.696195
put	5.4045024	4.052834	5.4122562
shadow	4.851559	3.382798	5.145287
practical	5.5597124	3.7983794	5.893343
surface	5.1346474	3.1611078	4.7996626
account	5.4647546	3.9597132	5.430318
loss	4.3450603	4.2923107	4.492323
indian	5.2055893	4.9858756	5.521012
vine	6.1989274	3.578461	5.6710725
certain	4.93386	4.5732164	5.24236
sin	3.5562835	4.4969354	4.2905087
necessity	4.3627844	4.3952804	4.977492
lose	4.4527617	4.4700093	4.984467
private	4.4784822	3.6597435	5.3048286
gentleman	5.7287817	3.615011	5.2848935
daughter	5.686862	4.2355137	5.0957394
drive	4.122737	4.6887727	4.6762786
strange	4.5446167	4.8996763	4.4638557
journey	6.094939	3.8635097	5.882034
uncle	5.874935	4.2474103	5.901337
species	5.459108	4.519169	5.1776175
think	5.1938577	4.3831253	5.4184704
bed	5.373272	3.4001143	5.361079
wind	5.056388	3.9987013	4.7973943
bless	7.2597666	3.9940805	6.2581515
destroy	3.6116207	5.052864	4.671692
author	5.563261	4.3338013	5.2051682
sustain	4.9174995	3.8277388	5.4929576
black	4.2489357	4.3916316	4.7138186
event	5.9833527	4.307511	5.058664
liberty	6.7863507	4.932803	6.2235312
negro	4.1480994	4.3348856	4.2105093
little	5.1339197	4.128342	5.1706643
fortune	6.1647983	4.260977	5.707439
touch	5.5117273	3.8561926	5.2951164
kill	4.3598204	5.2666907	4.724288
feature	5.353956	4.083094	5.367406
happiness	7.204145	4.430019	6.6625824
assume	4.3051076	3.659008	4.97197
notion	5.5552397	4.055961	5.4115095
purchase	6.3397317	3.8269649	6.4068418
faithful	6.146032	3.5501463	5.949125
soldier	4.460859	4.2763004	4.9559507
father	5.6696234	4.277631	5.124648
narrow	3.4090724	3.8637419	4.205351
great	5.341403	4.313372	5.0347667
tear	4.107008	4.0757456	4.595088
honorable	5.6237125	4.11569	5.992475
previous	4.4814587	3.9119687	4.852239
good	6.395838	3.6683803	6.1176248
domestic	4.88798	3.6915672	5.132808
glory	6.8916006	4.492391	6.298455
lay	4.5663357	3.2259648	5.3260784
occasion	4.938705	4.148668	4.873221
guard	4.6087055	3.6706088	5.05129
whole	5.1764817	4.505517	5.0965853
mouth	5.3189135	4.212039	5.5500774
receive	6.3280387	4.024905	6.1115913
take	5.0778747	4.0552783	5.4817038
simple	5.9846635	3.820219	5.6838408
error	3.2865047	4.413069	3.9707422
wisdom	6.692587	4.1607833	6.4736876
rock	5.3494396	4.1311026	5.1334195
decide	5.084288	3.9746428	5.55299
exclaim	5.634802	4.741818	5.603734
assure	6.8017907	4.018485	6.47485
sign	4.9708133	3.526751	5.1452737
preserve	5.76583	3.438743	5.8790026
commerce	5.405842	4.125325	5.5941296
plant	5.1300254	3.735475	5.102084
walk	5.911763	3.760329	6.0160036
difference	5.094216	3.9446802	5.2334347
hang	4.710175	3.8405972	5.122763
following	6.6389937	3.491566	6.0000954
employ	4.857916	3.898636	5.9904394
