deal	5.0826907	4.412649	5.2644043
study	6.1566257	3.8895366	6.467907
afford	6.139964	3.893837	5.813374
service	5.7545824	3.9290063	5.98333
height	5.1704664	4.0747223	5.0734115
prospect	6.585489	4.226156	6.0133715
pleasant	6.913727	3.8349035	6.1971936
shade	4.9150534	3.5735264	5.152237
listen	5.5159082	4.0108356	5.7615595
mighty	5.605893	4.386372	5.5053515
country	5.2330484	3.5497808	5.4667907
title	6.3689594	3.8926625	5.8554816
choose	5.183689	3.3783536	5.793044
village	5.981541	3.8994632	5.475628
acquire	6.3344316	4.483426	6.627943
rank	5.3033395	4.0830784	5.1494293
bow	5.8503256	3.539363	5.692244
doctor	4.737229	4.06244	4.8609548
talent	6.7696285	4.652616	6.6852636
source	5.9969807	4.1516156	5.669685
lead	4.9894495	3.9734306	5.5748754
question	5.2517004	4.2068777	5.4618807
publish	5.4809623	4.0482197	5.679093
interest	6.1877675	3.5925367	6.1348786
serve	5.440552	3.2292454	5.6325026
divine	6.4446363	4.1823487	5.5796633
put	5.530482	3.9237752	5.898533
shadow	4.9382114	3.5797281	5.2138705
practical	5.3793316	3.8516555	5.769667
surface	5.1325994	3.239185	5.003686
account	5.690017	4.148054	5.714982
loss	4.200371	4.544812	4.5391936
indian	5.121098	4.9493575	5.236809
vine	6.267923	3.668338	5.685568
certain	4.9485245	4.7357583	5.481401
sin	3.840168	4.129347	4.36762
necessity	4.0610723	4.306597	4.680092
lose	4.7415094	4.7151546	5.3212705
private	4.3678308	3.6702244	5.1603703
gentleman	5.7739534	3.7616339	5.3179913
daughter	5.671377	4.163738	5.0100307
drive	4.0849795	4.62395	4.687818
strange	4.6950207	4.6967807	4.679012
journey	6.2022448	3.6041017	5.9768786
uncle	5.893625	4.143777	6.008797
species	5.4137363	4.5778522	5.222004
think	5.5128865	4.2122016	5.643019
bed	5.301487	3.2888398	5.2308807
wind	5.0241046	4.1493835	4.918658
bless	7.48468	4.071677	6.2707233
destroy	3.8791611	5.137574	4.663328
author	5.5158134	4.5266814	5.2824345
sustain	4.88663	4.108868	5.553382
black	4.6413565	4.6084905	4.684683
event	5.78647	4.477868	5.0667934
liberty	6.70273	4.7887826	6.067196
negro	4.4714856	4.5937448	4.4123034
little	5.046689	4.3839865	5.101723
fortune	5.9278917	4.382031	5.45943
touch	5.473378	3.6961932	5.4627705
kill	4.449099	4.859869	4.7371426
feature	5.2871847	3.833445	5.53459
happiness	7.36782	4.266415	6.640604
assume	4.300167	3.9466898	4.9991913
notion	5.600438	4.275457	5.492486
purchase	6.2236643	3.6018162	6.333541
faithful	6.2723274	3.522501	6.0276546
soldier	4.5747194	4.430216	4.961449
father	5.5295944	4.0520015	4.850233
narrow	3.42723	3.896643	4.1829834
great	5.36336	4.364301	5.3260255
tear	3.7209167	3.8233743	4.321867
honorable	5.602084	4.133686	5.8480616
previous	4.503486	3.952379	5.032511
good	6.126418	3.561082	6.1509275
domestic	5.326326	3.5072603	5.045968
glory	6.7312374	4.3421984	6.070305
lay	4.7202587	3.41356	5.525717
occasion	5.2839036	4.3273296	5.280903
guard	4.784073	3.9846053	5.335238
whole	5.5761104	4.427284	5.328624
mouth	5.0943685	4.259402	5.5565367
receive	6.4141426	3.7648735	6.125559
take	4.7440643	3.7687585	5.862972
simple	6.113604	3.7625353	5.807647
error	3.4714804	4.3404193	4.213603
wisdom	6.337258	4.021674	6.072632
rock	5.4644213	4.2027216	5.2736483
decide	5.027675	4.1496615	5.8210177
exclaim	5.6381745	4.690272	5.431944
assure	6.8573337	3.9723666	6.5034513
sign	4.749008	3.7005558	5.078561
preserve	6.039033	3.7593594	5.9537306
commerce	5.699272	4.1688037	5.7151804
plant	5.054853	3.7724173	5.1014614
walk	5.5417776	3.6862817	5.7785387
difference	4.855258	4.161081	4.9997964
hang	4.811848	3.9805343	5.1397233
following	6.7243066	3.4583888	5.9530973
employ	5.047043	3.7215786	6.2353516
