deal	4.7367415	4.2612286	5.088382
study	6.155493	3.9064035	6.5136037
afford	6.307331	4.208717	5.906887
service	5.4485664	3.8702865	5.827947
height	4.985627	4.4239492	5.0308423
prospect	6.665289	4.3412104	5.9487743
pleasant	6.9415007	3.8159723	6.0680485
shade	5.0706863	3.5124507	5.237701
listen	5.2841463	3.9805322	5.7082267
mighty	5.5450735	4.6596932	5.5252566
country	5.4363647	3.855186	5.473766
title	6.623613	3.7639272	6.0965767
choose	5.398605	3.6235406	5.572989
village	6.221528	4.070777	5.573889
acquire	6.4772997	4.4450865	6.6793413
rank	5.1374464	4.23419	5.2457066
bow	5.785425	3.7205873	5.8774815
doctor	5.1472635	4.022484	5.121682
talent	6.896166	4.6700315	6.7381306
source	6.064311	4.095629	5.543067
lead	4.764868	3.8667486	5.5434704
question	5.224351	3.963627	5.362942
publish	5.583136	4.1846695	5.668774
interest	5.7686524	4.2790527	5.781305
serve	4.9836197	3.2159843	5.6025457
divine	6.60991	3.922	5.6929717
put	5.7109323	3.6001248	5.807169
shadow	4.9118714	3.3081794	5.155307
practical	5.4652867	4.0485673	5.91837
surface	5.1677346	3.2491076	4.9858356
account	5.9355726	4.085811	5.5996523
loss	4.265218	4.549773	4.4424815
indian	5.1316805	4.815469	5.3138094
vine	6.208886	3.6356845	5.9043007
certain	4.897673	4.5381804	5.2642484
sin	3.7030163	4.2120733	4.2854958
necessity	4.34068	4.1893005	4.729165
lose	5.029254	4.422176	5.612149
private	4.1287756	3.957438	5.0995674
gentleman	5.7190175	3.5666838	5.5024137
daughter	5.548192	4.412336	5.127127
drive	4.361477	4.6241574	4.7472196
strange	4.767831	4.9374537	4.4865847
journey	6.036906	3.7481656	5.8403735
uncle	5.4947724	3.8729334	6.0943565
species	5.449252	4.559176	5.1065564
think	5.373879	4.46427	5.5486264
bed	5.179577	3.5000687	5.1055527
wind	4.9505725	4.2778306	4.7619553
bless	7.3473673	4.207958	6.411353
destroy	4.121996	4.9346504	4.8780046
author	5.8098936	4.353775	5.429109
sustain	4.903281	4.0590405	5.603291
black	4.397552	4.1631603	4.648747
event	5.90431	4.5112896	5.1143165
liberty	7.0526924	4.837265	6.1416354
negro	4.3754086	4.2095795	4.45752
little	4.7506533	4.067266	4.7745085
fortune	5.9664903	4.400709	5.5641947
touch	5.7005615	3.9913988	5.5286627
kill	4.357767	5.166045	4.980665
feature	5.4854026	3.8757777	5.555283
happiness	7.181812	4.591329	6.63344
assume	3.893766	3.535898	4.8965726
notion	5.816715	4.123278	5.5652103
purchase	6.316332	3.6128452	6.372644
faithful	6.218832	3.629474	5.965205
soldier	4.101317	4.568732	4.800382
father	5.7930593	4.1134553	5.152299
narrow	3.1900547	3.9644415	4.259513
great	5.323749	4.1302137	5.155404
tear	4.1918674	4.0683126	4.789763
honorable	5.4950147	4.325427	5.8905516
previous	4.5355353	3.823543	5.027432
good	6.3584914	4.1614475	6.190386
domestic	5.032536	3.9194312	5.001911
glory	6.65567	4.4456553	6.0974483
lay	4.9489512	3.3552818	5.6477385
occasion	5.269712	4.141307	5.1505113
guard	5.115645	4.0019827	5.375866
whole	5.2690706	4.1259623	5.263048
mouth	5.042297	4.140313	5.2800236
receive	6.284063	3.684721	5.90027
take	5.595791	3.4527738	5.663721
simple	6.1220098	3.8505182	5.838256
error	3.368328	4.320843	4.1759257
wisdom	6.1319404	4.011539	6.0014677
rock	5.587446	4.245737	5.225441
decide	4.851783	3.8643308	5.674091
exclaim	5.7887697	4.9686823	5.474842
assure	6.8100147	3.9881563	6.7116685
sign	5.1345997	3.6943865	5.2718015
preserve	5.96299	3.483452	5.9583774
commerce	5.4646893	4.4375687	5.415841
plant	4.755942	3.7999887	5.2554197
walk	5.60324	3.645873	5.7855887
difference	4.7711315	3.9118514	5.2285466
hang	4.777279	3.7914677	5.023207
following	6.744438	3.5421908	5.940438
employ	4.677243	4.0409408	5.820879
