deal	4.962796	4.1299834	5.037382
study	6.23072	3.9088569	6.502878
afford	6.350363	3.7930455	5.9454107
service	6.1030746	4.053689	6.0926485
height	5.2744594	4.104	5.2060494
prospect	6.8460703	4.300242	6.0776186
pleasant	6.944008	3.9861743	6.140118
shade	5.1599975	3.5980864	5.358868
listen	5.3685894	4.0394964	5.6171536
mighty	5.804311	4.4904237	5.5509067
country	5.5489645	3.5730748	5.676101
title	6.6539545	3.5778418	5.9092364
choose	5.334015	3.6480591	5.9792676
village	5.885055	3.9824603	5.4466605
acquire	6.513587	4.393479	6.582351
rank	5.099488	3.8208025	5.0196066
bow	5.906757	3.6390867	5.8309927
doctor	5.1743054	3.8487754	5.1501117
talent	6.8010945	4.483523	6.619149
source	5.9738216	3.8247695	5.433079
lead	4.9979887	4.081297	5.6622596
question	5.409882	3.8563824	5.759392
publish	5.799245	4.011206	6.084015
interest	6.2233806	4.0258327	5.825945
serve	5.204403	3.3909502	5.596266
divine	6.2452745	4.05956	5.5385647
put	5.268511	3.975843	5.7194033
shadow	4.852901	3.3820565	5.1526957
practical	5.7978888	3.9715717	6.2454042
surface	5.1874294	3.1428323	4.994316
account	5.716058	4.0967994	5.654016
loss	4.5553303	4.582349	4.5615025
indian	4.979977	4.970298	5.10189
vine	6.3552494	3.4902277	5.806705
certain	5.123081	4.497262	5.369497
sin	3.4827492	4.2006946	3.972084
necessity	4.1616173	4.2999883	4.592853
lose	4.478202	4.59665	5.18688
private	4.3773136	3.7842097	5.1580276
gentleman	5.9247217	3.406213	5.659456
daughter	5.8203573	4.0514717	5.0457783
drive	4.094661	4.4309416	4.806556
strange	4.839057	4.755166	4.6201944
journey	6.2999144	3.814887	5.9340544
uncle	6.2652626	3.8944418	6.353061
species	5.3421245	4.6255803	5.081216
think	5.834463	4.3532224	5.7258177
bed	5.505741	3.2345562	5.33006
wind	5.270729	4.0868006	4.9862123
bless	7.1161137	3.990964	6.1259995
destroy	3.7336664	4.955353	4.760198
author	5.647585	4.127634	5.3641787
sustain	5.237687	3.996397	5.840292
black	4.4337	4.2203636	4.367177
event	6.1995363	4.4279613	5.19648
liberty	7.055478	4.802902	5.9404936
negro	4.3931775	4.359692	4.559161
little	5.454012	4.1695323	5.0748477
fortune	6.140877	4.169357	5.4915776
touch	5.692145	3.7615576	5.673584
kill	4.26066	4.9635496	4.6772904
feature	5.379787	3.8394096	5.498429
happiness	7.263077	4.2581162	6.475585
assume	4.1404123	3.7361941	5.079438
notion	5.839799	4.0524144	5.4416547
purchase	6.216152	3.8038044	6.2357965
faithful	6.327612	3.5966141	6.1906433
soldier	4.50304	4.612804	5.077767
father	5.7043943	3.8661869	5.154309
narrow	3.667403	3.765588	4.530483
great	5.3407545	4.2615933	5.19804
tear	3.712952	4.016408	4.36602
honorable	5.7582173	4.3765454	5.9020524
previous	4.4667387	4.0428452	4.995969
good	6.1011395	3.682827	5.8977695
domestic	5.0728626	3.7224762	5.2336483
glory	6.8454604	4.394911	5.9705496
lay	4.947782	3.4158187	5.599571
occasion	5.0833435	4.3183966	5.195929
guard	4.4930553	3.8268282	5.1840334
whole	5.2849874	4.017676	5.288208
mouth	5.2104692	4.261849	5.434332
receive	6.5495386	3.828746	6.0572634
take	5.009483	3.8127906	5.6377854
simple	6.0023637	3.6937108	5.788696
error	3.7415936	4.267808	4.3506727
wisdom	6.3708754	4.144513	6.1539783
rock	5.4505024	4.22549	5.195078
decide	5.19509	3.984626	5.834651
exclaim	5.546894	4.6779237	5.3137856
assure	6.7531395	4.0704246	6.462081
sign	4.8964896	3.491767	4.963303
preserve	5.873988	3.616563	6.032464
commerce	5.50729	4.2836947	5.6326175
plant	4.996374	3.6477487	5.234381
walk	5.5532303	3.6461334	5.8730764
difference	5.3752623	3.8536139	5.281081
hang	4.8427825	3.7579439	5.1056843
following	6.3486876	3.4702663	5.803326
employ	4.8912067	4.0767074	6.210817
