deal	5.170751	4.5175877	5.490395
study	6.026556	4.053856	6.4429216
afford	6.1326513	3.987024	5.7296305
service	5.7145343	4.1721115	5.969403
height	5.2330694	4.2876353	5.1575346
prospect	6.844936	4.2827616	6.047115
pleasant	6.9075603	3.7052994	6.0450883
shade	5.0510826	3.5573878	5.009069
listen	5.188102	4.138066	5.600194
mighty	5.519704	4.5424614	5.4716797
country	5.473815	3.5731304	5.453914
title	6.0900636	3.9094417	5.9395595
choose	5.5475574	3.7956011	5.835043
village	6.103886	4.034963	5.5929537
acquire	6.45281	4.601663	6.6685266
rank	5.2030606	4.220309	5.215488
bow	5.737633	3.5053663	5.699788
doctor	4.53627	3.9608917	4.88762
talent	7.163396	4.9351606	6.677084
source	6.151109	4.4524136	5.67635
lead	4.889029	4.0733037	5.488143
question	5.5352674	4.1792793	5.634646
publish	5.388106	3.7853441	5.8729415
interest	5.9890695	3.9881434	5.719139
serve	5.101357	3.6095219	5.7104692
divine	6.3714933	4.022401	5.5149937
put	5.9957685	3.8061705	5.9561005
shadow	4.9082794	3.3107204	5.0447025
practical	5.4700813	4.040884	5.9186897
surface	5.0662446	3.2610626	4.776579
account	5.5395274	3.853082	5.4992967
loss	4.642501	4.310353	4.695205
indian	5.108595	4.910795	5.3920746
vine	6.029365	3.7488306	5.4887867
certain	4.950375	4.5267715	5.4641294
sin	3.7325563	4.0958786	4.330899
necessity	4.2326818	4.224426	4.793078
lose	4.859392	4.7364664	5.179485
private	4.231583	3.8539183	5.219952
gentleman	5.653918	3.5757155	5.234576
daughter	5.53633	4.362604	4.9312716
drive	4.1906204	4.700934	4.7349024
strange	4.618219	4.7794476	4.640735
journey	6.133027	3.7693105	5.710473
uncle	6.289837	4.145137	6.2558126
species	5.3157024	4.489878	5.0005674
think	5.72313	4.1732326	5.725662
bed	5.349102	3.311164	5.576421
wind	4.7333255	4.110194	4.724517
bless	7.1935573	4.205811	6.205544
destroy	3.9603295	4.9829054	4.6844935
author	5.756654	4.4238067	5.495493
sustain	5.2168894	3.9539232	5.5894165
black	4.617731	4.3038654	4.6178627
event	5.8503656	4.378703	5.096014
liberty	7.035253	4.7228093	6.3016396
negro	4.664528	3.769421	4.6776204
little	5.0758424	4.097936	5.3438573
fortune	6.2084074	4.3925633	5.6055727
touch	5.6973896	3.6369362	5.5486646
kill	4.429068	5.0911603	4.9940615
feature	5.338607	3.6905375	5.5982003
happiness	7.420191	4.5518484	6.691065
assume	4.3697324	3.747765	5.1271076
notion	5.7953076	4.0931616	5.6173067
purchase	6.2027893	3.7918901	6.3094263
faithful	6.393406	3.5906587	6.1264033
soldier	4.2119994	4.4837923	4.88355
father	6.038023	4.1431336	5.3043623
narrow	3.2381296	3.8325837	4.2433777
great	4.9836197	4.2271943	5.610253
tear	4.1657157	4.2240324	4.4948173
honorable	5.4557524	4.33354	5.7574077
previous	4.347147	4.0459485	4.868912
good	6.0926914	3.6821153	6.118353
domestic	4.997525	3.6957688	4.9889503
glory	6.7456713	4.547249	5.976584
lay	4.6966176	3.3029475	5.6966767
occasion	5.0327864	4.2234654	4.880896
guard	4.8729963	4.0143127	5.254022
whole	5.21064	4.099055	5.2680464
mouth	5.028048	4.0890727	5.6029067
receive	6.2338963	3.6539428	5.9116783
take	5.422293	3.815902	5.8768687
simple	6.1753364	3.719894	5.9448977
error	3.5415125	4.3850026	4.301008
wisdom	6.1652737	4.3669443	6.0129166
rock	5.4349766	4.1003995	5.229664
decide	5.07625	4.23669	5.4935083
exclaim	5.8163657	4.7917886	5.7584853
assure	6.774359	3.9713469	6.5835238
sign	5.117228	3.489249	5.4334335
preserve	5.8600206	3.5446565	5.9146137
commerce	5.369092	4.301957	5.4848003
plant	4.848402	3.790612	5.0732026
walk	5.618316	3.743497	5.7082
difference	5.38228	3.8136995	5.4646425
hang	4.631402	3.848974	5.1282945
following	6.552081	3.450728	5.901945
employ	4.9418774	3.9953675	6.070486
