deal	4.9714546	4.469949	5.2312083
study	6.3446665	3.7504017	6.4821215
afford	6.25229	3.885733	5.95481
service	5.760429	3.7304974	5.949422
height	5.3030014	4.393556	5.0958095
prospect	6.825151	4.365637	6.110236
pleasant	6.911608	3.8995285	6.1626625
shade	5.0095487	3.7518744	5.420102
listen	4.983502	4.0684295	5.187162
mighty	5.4047046	4.3869104	5.504249
country	5.293445	3.7889385	5.4621353
title	6.430439	3.657625	6.0656967
choose	5.479101	3.5986223	5.853371
village	6.005677	4.251835	5.650485
acquire	6.4958	4.251041	6.6220336
rank	5.141365	4.1537786	5.0784545
bow	5.8562117	3.2169747	5.7706885
doctor	4.6106477	3.8972354	4.7467566
talent	7.052635	4.6311426	6.7598257
source	5.8424644	3.9995732	5.7298474
lead	5.066888	3.97279	5.52823
question	5.169891	3.8112633	5.4932156
publish	5.6864176	4.1161323	5.921507
interest	5.8167267	4.0046306	5.7055573
serve	5.2540007	3.0715816	5.723444
divine	6.4857454	4.07322	5.5559053
put	5.442092	3.761836	5.673012
shadow	4.8956347	3.4703662	5.2633104
practical	5.683	3.949423	5.8938007
surface	5.21815	3.0354216	5.011948
account	5.3337	4.180065	5.3470955
loss	4.397184	4.571937	4.4909763
indian	4.8759966	4.9242816	5.112899
vine	6.119655	3.870132	5.5576563
certain	4.9582353	4.439478	5.403675
sin	3.6895576	4.321397	4.2589836
necessity	4.4438586	4.3952003	4.834898
lose	4.6200876	4.5679092	5.10222
private	4.362525	3.5746431	5.1940618
gentleman	5.741856	3.5656903	5.5265055
daughter	5.4694405	4.171417	5.08659
drive	4.170282	4.762062	4.7523937
strange	4.6007338	4.786858	4.4742937
journey	6.056238	3.7659044	5.7067146
uncle	5.6127925	3.6400094	5.5965524
species	4.991659	4.5756164	4.9166584
think	5.411946	4.212711	5.383722
bed	4.9511967	3.425198	5.1962714
wind	5.278097	3.9492652	4.974741
bless	7.204889	4.0315213	6.2393475
destroy	3.703938	5.0884624	4.649501
author	5.8136706	4.2917795	5.481813
sustain	5.2301865	3.9942138	5.6227984
black	4.5365357	4.714202	4.6848965
event	5.7279263	4.3539214	5.049447
liberty	7.003962	5.0268283	6.1213965
negro	4.4117346	4.631456	4.5210605
little	4.871598	3.9697633	4.8246264
fortune	6.0466566	4.1841264	5.5639143
touch	5.4000893	3.7978854	5.4723263
kill	4.2556553	5.133852	4.5330663
feature	5.1932793	4.0115213	5.4706492
happiness	7.2069025	4.3775573	6.396789
assume	4.1648526	3.7893038	4.817636
notion	5.7730885	4.217386	5.493764
purchase	6.3401546	3.560423	6.565192
faithful	6.2165546	3.72153	5.976094
soldier	4.015901	4.776204	4.720684
father	5.81471	3.8638766	5.3658967
narrow	3.5093868	3.723147	4.4854794
great	4.834389	4.260868	4.967606
tear	4.33103	3.843443	4.693246
honorable	5.590612	4.1327076	5.8987145
previous	4.392611	3.9383307	4.9704804
good	6.2175817	3.7569504	6.097431
domestic	5.1383586	3.9247282	5.0410967
glory	6.5809984	4.5140634	5.924221
lay	4.854317	3.1105642	5.722868
occasion	5.1195636	4.2229443	5.267392
guard	4.8519697	4.1251116	5.259622
whole	5.2189393	4.1007757	5.337037
mouth	4.4133053	3.9689465	5.220953
receive	6.3103566	3.8419206	6.184568
take	5.218349	3.9794548	5.7025304
simple	6.1019716	3.5871127	5.8778687
error	3.4718766	4.574099	4.1010036
wisdom	6.1794314	3.9804227	6.068223
rock	5.64534	4.281843	5.3532543
decide	4.8493514	3.9302497	5.541076
exclaim	5.7859344	4.8734727	5.5530596
assure	6.9108305	4.0398793	6.63801
sign	4.88912	3.522306	5.419721
preserve	5.8381433	3.4255767	5.726827
commerce	5.7230453	4.30962	5.8195076
plant	4.9494	3.5870945	5.1620064
walk	5.6947575	3.9854026	5.928419
difference	5.2250195	3.864531	5.4431963
hang	4.986752	3.758716	5.244252
following	6.400381	3.3915195	5.883482
employ	5.0511694	3.8742383	6.0475492
