deal	5.329548	4.3805494	5.112474
study	6.0609417	3.7032995	6.582469
afford	5.9616	4.155041	5.594524
service	5.448474	3.9491491	5.6747694
height	5.3165574	4.3120575	5.1996794
prospect	6.669771	4.2757463	5.9736786
pleasant	6.782178	4.0062118	6.0088644
shade	4.8680463	3.6053293	5.028913
listen	5.615878	4.407791	5.617454
mighty	5.4354634	4.5569034	5.4363365
country	5.111759	3.7163856	5.272706
title	6.466305	3.688628	5.940341
choose	5.36887	3.4128208	5.783898
village	6.0635943	4.073995	5.428196
acquire	6.5434465	4.307944	6.7214274
rank	5.1433935	4.057251	5.1792073
bow	5.76467	3.2850456	5.870003
doctor	4.87774	3.8132453	4.7170997
talent	7.057268	4.499855	6.5881677
source	6.1202984	4.1678486	5.565845
lead	4.7759356	4.0158777	5.491197
question	6.1330504	3.85876	5.9142017
publish	5.723913	3.9274817	5.9813604
interest	6.337597	4.018736	5.72496
serve	4.73575	3.7077622	5.43466
divine	6.3012066	4.185447	5.4755445
put	5.572051	3.9355805	5.9442353
shadow	4.885421	3.1562407	5.0592327
practical	5.593097	3.9820368	5.978511
surface	5.0950336	3.1731296	4.8249087
account	5.212515	4.227024	5.1728706
loss	4.544206	4.449423	4.4872904
indian	5.4135437	4.752396	5.272868
vine	6.2684965	3.7549753	5.8621035
certain	4.8804927	4.5195937	5.295033
sin	3.5696893	4.39227	4.307565
necessity	4.325265	4.2017674	4.669336
lose	4.459804	4.4489584	5.1567335
private	4.415302	3.5148935	5.2999806
gentleman	5.5398073	3.6510012	5.176707
daughter	5.4467463	4.246985	4.886703
drive	4.025201	4.762345	4.624245
strange	4.915545	4.949969	4.7063823
journey	5.9209766	3.8989522	5.637518
uncle	5.3503323	3.9291708	5.4837003
species	5.752124	4.5972347	5.2298126
think	5.447403	4.277846	5.7210298
bed	5.538411	3.1474006	5.4213734
wind	5.0504537	4.1399307	4.927282
bless	7.2508087	4.095512	6.275805
destroy	3.9375882	4.945167	4.892612
author	5.646347	4.394012	5.204556
sustain	5.1722946	4.028167	5.6028357
black	4.2584043	4.2224436	4.208884
event	5.9187455	4.453887	4.8781676
liberty	6.6671233	4.6863694	5.968347
negro	4.313526	4.227595	4.3702564
little	5.0628448	3.895679	4.9093237
fortune	5.8014045	4.3424177	5.328234
touch	5.525177	3.8342814	5.461384
kill	4.507554	5.089345	4.91903
feature	5.512334	3.6933203	5.5815816
happiness	7.205265	4.1047707	6.6450176
assume	4.2449393	3.5561032	5.012565
notion	5.689966	4.0196896	5.3905187
purchase	6.24866	3.9041255	6.452639
faithful	6.31623	3.5167742	6.03163
soldier	4.4567204	4.481523	5.084931
father	6.0059166	4.1991715	5.1480575
narrow	3.3949504	3.6945045	4.391593
great	5.3120394	4.479398	5.3313155
tear	3.9440372	3.9159203	4.3306203
honorable	5.698317	4.2506747	5.978627
previous	4.522973	3.982992	5.009347
good	6.101779	3.6758409	6.0341015
domestic	5.1130505	3.5877717	5.068311
glory	6.4254923	4.6034346	5.914366
lay	4.4848065	3.417053	5.5002046
occasion	4.8782306	4.6676555	4.78891
guard	4.7244225	3.984151	5.2247405
whole	5.353918	4.0054917	5.2223506
mouth	5.167363	4.066854	5.566741
receive	6.1543093	3.9411857	5.970841
take	5.410621	3.8435955	5.99438
simple	6.0143433	3.7838736	5.9093966
error	3.4035554	4.387522	4.024673
wisdom	6.441902	4.241652	6.2783794
rock	5.4335895	4.256481	5.2128844
decide	5.2407217	4.0043764	5.627997
exclaim	5.91855	4.762901	5.5510077
assure	6.873682	4.012629	6.6943464
sign	4.6607876	3.555667	5.001569
preserve	5.745392	3.3962307	5.8959637
commerce	5.8388224	4.30201	5.706034
plant	5.117427	3.909366	5.2635436
walk	5.834347	3.705075	5.7933154
difference	4.542865	3.9783626	5.0998697
hang	4.6524134	3.8709424	5.246875
following	6.3640413	3.5372756	5.836065
employ	4.825153	3.944715	6.0809784
