deal	4.9470177	4.413674	5.2256265
study	6.2101507	3.8766098	6.451787
afford	6.36827	4.113192	5.7610803
service	5.8093524	3.7877018	6.114287
height	5.246686	4.3692894	5.1028957
prospect	6.9439154	4.3924575	6.022601
pleasant	7.124381	3.946346	6.2658443
shade	4.99914	3.5944386	5.254342
listen	5.0320625	4.372542	5.4135833
mighty	5.2952914	4.505346	5.367809
country	5.4136868	3.7611804	5.706347
title	6.3560705	3.805097	5.878089
choose	5.3025594	3.4142585	5.7584705
village	6.1711025	3.8142323	5.7084255
acquire	6.6524544	4.758882	6.631169
rank	5.1202545	4.1334414	4.9539046
bow	6.142923	3.2766767	5.9957294
doctor	4.8295527	4.050848	4.99511
talent	6.9169664	4.8181596	6.5710793
source	6.188686	4.247103	5.7532077
lead	4.9833345	4.024122	5.5394735
question	5.5390353	3.7184637	5.4860435
publish	5.329892	4.011244	5.5372047
interest	5.9811	4.297115	6.051993
serve	5.070727	3.4266484	5.793391
divine	6.611059	3.8992887	5.6076446
put	5.746213	3.9492602	5.724679
shadow	5.0439777	3.4893675	5.304147
practical	5.8505526	3.9508312	6.1593246
surface	5.2912726	3.083585	5.023423
account	5.367837	4.0789332	5.391121
loss	4.6367226	4.167733	4.7764163
indian	5.303838	4.997725	5.348086
vine	5.973272	3.6775796	5.5274954
certain	5.046004	4.368235	5.387058
sin	3.4743774	4.192192	4.133576
necessity	4.4090576	4.350959	4.7407527
lose	4.886937	4.6940494	5.259762
private	4.5573506	3.7027311	5.4507675
gentleman	5.4801774	3.637184	5.259348
daughter	5.274128	4.3109846	4.9592953
drive	4.345568	4.7774024	4.6293917
strange	4.738047	4.956673	4.549294
journey	6.1044936	3.905525	5.8978605
uncle	5.458654	4.2183414	5.7719297
species	5.442032	4.523543	5.2907887
think	5.513828	4.1314254	5.351615
bed	5.2527475	3.3677425	5.149612
wind	4.8264623	3.9959462	4.7685966
bless	7.418154	4.1250777	6.463095
destroy	4.0867825	4.8060217	4.725572
author	5.5950193	4.093673	5.3512692
sustain	5.1685944	3.859017	5.607159
black	4.5928097	4.190423	4.7992034
event	5.83136	4.5450153	5.090748
liberty	6.965329	4.8820066	6.2155704
negro	4.4181933	4.1644583	4.5114355
little	5.155664	4.2102013	5.2399683
fortune	5.8410153	4.3081436	5.5806246
touch	5.797383	3.809756	5.6450067
kill	4.5621715	5.105205	4.9320683
feature	5.558226	3.9555016	5.6078267
happiness	7.4039426	4.4387035	6.6211786
assume	4.1414156	3.910718	5.0348525
notion	5.73684	3.9662595	5.534233
purchase	6.3390503	3.6763964	6.252269
faithful	6.1526127	3.6973085	6.044129
soldier	4.3789406	4.36947	4.997693
father	5.6868515	3.891449	5.2595654
narrow	3.5441165	3.771583	4.6147523
great	5.2605257	4.3734994	5.430066
tear	4.1224036	4.0904083	4.5511074
honorable	5.7223873	4.236018	6.000172
previous	4.600543	3.998707	5.0832314
good	6.359953	3.6976001	6.2428384
domestic	5.118078	3.393164	5.2161164
glory	6.6366515	4.6872354	6.0666046
lay	5.006669	3.1767921	5.748683
occasion	5.348102	4.120715	5.2225027
guard	4.7770476	3.8982728	5.2239385
whole	5.0791593	4.0595264	5.057107
mouth	4.978415	4.0925465	5.504308
receive	6.447397	3.6431036	6.0378714
take	5.3646493	3.9297988	5.5376086
simple	5.9461207	3.577647	5.818761
error	3.2696748	4.319383	4.32432
wisdom	6.289014	4.2255273	6.1067038
rock	5.388421	4.1491795	5.0449677
decide	5.096398	4.141817	5.675109
exclaim	5.92142	4.622585	5.4856715
assure	6.869675	4.032208	6.516314
sign	5.198395	3.6025116	5.451965
preserve	6.079582	3.4592948	6.0014286
commerce	5.4268827	4.4616685	5.7542443
plant	4.6188135	3.7024355	4.7905307
walk	5.525017	3.8938622	5.680779
difference	5.408927	3.9566374	5.1366167
hang	4.616037	3.549541	5.0828986
following	6.4585614	3.4947164	5.9254684
employ	4.82345	3.7036998	5.957266
