deal	5.191959	4.3123684	5.2521415
study	6.386266	4.0265265	6.5091124
afford	6.1874876	4.007908	5.656963
service	5.5850286	4.1273	5.812369
height	4.878338	4.305974	4.987239
prospect	6.85395	4.433503	5.978465
pleasant	7.095461	3.8930569	6.1679463
shade	5.0325723	3.5513048	5.123934
listen	5.075573	4.394605	5.409034
mighty	5.527752	4.5235796	5.5143356
country	5.59555	3.6191387	5.6168165
title	6.853072	3.6455154	6.0391455
choose	5.089934	3.5630612	5.68813
village	6.294567	3.9424562	5.5747595
acquire	6.8852615	4.490357	6.8302026
rank	4.8649673	3.975867	4.838675
bow	5.900627	3.2650933	5.9015913
doctor	5.0798087	3.9099605	5.0255065
talent	7.092108	4.4935384	6.745058
source	6.1392922	4.061678	5.6235695
lead	4.845812	3.6531286	5.4777303
question	5.495764	4.219399	5.8416634
publish	5.574353	3.9331954	5.8310103
interest	5.7461357	4.3579235	5.556907
serve	5.338638	3.479731	5.747575
divine	6.4970264	3.9080625	5.842339
put	5.564177	3.9926305	5.77783
shadow	4.820203	3.4618833	4.939144
practical	5.6352377	3.8326387	6.044017
surface	5.0719748	3.3012843	5.043845
account	5.568783	3.930039	5.5119596
loss	4.5029516	4.4635735	4.560286
indian	5.3040667	4.919833	5.531255
vine	5.6930013	3.7414355	5.714091
certain	5.0531435	4.4216967	5.5153213
sin	3.6045218	4.4448133	4.5318837
necessity	4.241873	4.2950683	4.7401814
lose	4.997912	4.439865	5.311209
private	4.2631693	3.7353692	5.1754704
gentleman	5.589456	3.3515196	5.2359395
daughter	5.4563575	4.1786075	5.0986915
drive	4.2117357	4.6196647	4.697339
strange	4.762686	4.7746954	4.757663
journey	6.0265064	3.825011	5.6986403
uncle	6.27681	3.465757	5.9415674
species	5.2488604	4.626293	5.011747
think	5.3345127	4.020633	5.5645156
bed	5.2572236	3.516038	5.2670646
wind	5.2565403	4.0058527	4.971918
bless	7.383832	3.881463	6.4275723
destroy	3.8258708	4.7543554	4.7696757
author	5.5344067	4.21633	5.1983967
sustain	5.133757	3.7271264	5.6155653
black	3.797334	4.635842	4.047017
event	5.836748	4.4281673	5.0959272
liberty	6.853384	4.8148293	6.015544
negro	4.1435204	4.4481435	4.4915357
little	5.2285523	4.159685	5.074662
fortune	6.055094	4.0769877	5.547475
touch	5.7801995	3.6710773	5.6483393
kill	4.553774	5.1825924	4.9288616
feature	5.2963014	3.7074375	5.538334
happiness	7.06105	4.283559	6.4211183
assume	4.2068443	3.7030709	5.041911
notion	5.8894796	3.878188	5.4853435
purchase	6.4992723	3.6617327	6.557339
faithful	6.2796454	3.6829586	6.0932784
soldier	4.503724	4.5681686	4.9417067
father	5.822783	4.4650445	5.2988186
narrow	3.673181	3.7699099	4.4509153
great	5.0944815	4.5086355	5.191915
tear	3.6950963	3.931476	4.4312053
honorable	5.594411	4.1999235	5.891082
previous	4.623338	4.0612516	5.0577636
good	6.4770727	3.459152	6.296194
domestic	5.056072	3.4507308	4.8387437
glory	6.9445944	4.4634967	6.009843
lay	4.7747493	3.3451443	5.6136003
occasion	5.02777	4.2683783	4.8282976
guard	4.8164487	3.8422992	5.195413
whole	5.104935	4.2008586	5.2964034
mouth	5.1292486	4.2258496	5.548113
receive	6.6476116	3.7141404	6.253644
take	5.598624	3.826142	5.8205204
simple	6.0701895	3.7469728	6.0105515
error	3.466739	4.283362	4.139989
wisdom	6.1902614	3.879111	6.191067
rock	5.362897	4.254785	5.1204853
decide	5.2942486	3.8797545	5.635292
exclaim	5.900831	4.640393	5.6808558
assure	6.851734	3.827867	6.576797
sign	5.304564	3.631384	5.4882746
preserve	5.9284296	3.4568653	5.8654547
commerce	5.5918155	4.182106	5.6648307
plant	4.517171	3.9157686	5.1708465
walk	5.7470846	3.711272	5.860311
difference	4.931207	3.8179135	5.1783776
hang	4.6606336	3.8435707	4.901254
following	6.320256	3.7718272	5.973667
employ	5.0771527	3.8586974	6.1447244
