deal	5.339264	4.2473145	5.360526
study	5.9951415	3.8376422	6.4529395
afford	5.919134	3.8379416	5.6864486
service	5.581499	4.0096507	5.9748535
height	4.9288774	4.359561	4.8896546
prospect	6.533647	4.385451	5.853264
pleasant	6.8210964	3.9883053	6.1203265
shade	5.073389	3.5852423	5.308786
listen	4.916886	4.165845	5.401073
mighty	5.459749	4.5768633	5.5167108
country	4.964091	3.7110405	5.19485
title	6.4062753	3.7412965	6.081423
choose	5.451094	3.6438541	5.920182
village	6.1303406	4.043434	5.6347566
acquire	6.5366974	4.3195896	6.622538
rank	5.2048836	4.094784	5.204006
bow	5.8447723	3.690401	5.835083
doctor	4.3553333	3.8249135	4.6983743
talent	6.8773594	4.6706767	6.677949
source	5.854768	3.9616582	5.6734657
lead	4.6333766	4.2138906	5.2752576
question	5.4263477	3.8452353	5.5146775
publish	5.5664616	3.9429927	5.871985
interest	6.0997767	4.178323	5.8818903
serve	5.043787	3.305276	5.370217
divine	6.405097	4.145434	5.6422434
put	5.604778	3.473113	5.586488
shadow	5.0825343	3.3721998	5.3319736
practical	5.5917497	3.8405592	5.898512
surface	5.246203	3.3508594	5.103404
account	5.7208242	3.8798785	5.430232
loss	4.8097897	4.425581	4.5912313
indian	5.0480514	4.642887	5.4623084
vine	5.9593787	4.0885653	5.7751374
certain	4.9772153	4.597953	5.2789907
sin	3.324771	4.3445716	4.135628
necessity	4.074789	4.16338	4.629973
lose	4.6852307	4.510283	5.15644
private	4.868777	3.6489396	5.441061
gentleman	5.5527573	3.7176986	5.347333
daughter	5.617721	4.145488	5.0832953
drive	4.1867447	4.790597	4.6529865
strange	4.4619007	4.89791	4.4909234
journey	5.964241	3.6456668	5.685003
uncle	5.363321	3.6927848	5.5863853
species	4.8803477	4.6238093	4.656496
think	5.3819456	4.310668	5.542635
bed	5.217127	3.3496852	5.3885813
wind	5.384457	4.1851735	5.1356053
bless	7.1134396	3.993908	6.315216
destroy	3.972363	5.0522146	4.815474
author	5.722858	4.338574	5.328531
sustain	5.181443	3.9910092	5.520389
black	4.560257	4.3894424	4.629454
event	5.9595194	4.461216	5.122058
liberty	7.2606688	4.713589	6.4515944
negro	4.3862243	4.3519397	4.4243236
little	4.9125233	4.086124	5.101207
fortune	6.1796007	4.256243	5.641754
touch	5.5776076	3.7905154	5.3552766
kill	4.295076	5.2580605	4.760183
feature	5.277462	3.8819032	5.4492145
happiness	7.111646	4.4776998	6.6352987
assume	4.3684325	3.6687794	5.0979557
notion	5.869632	4.0579705	5.3823814
purchase	6.2050614	3.6980443	6.4940534
faithful	6.217068	3.7843688	6.0854554
soldier	4.582742	4.566098	5.018447
father	5.558552	3.810383	5.1700425
narrow	3.4780285	4.09978	4.435592
great	5.3596854	4.4181075	5.163271
tear	3.7534776	4.108613	4.348551
honorable	5.6250525	4.503587	6.0016403
previous	4.7091436	3.946519	5.0227537
good	6.4650254	3.5832186	6.3483267
domestic	5.1736803	3.5897908	5.1443577
glory	6.691541	4.4781313	6.0243206
lay	4.6362886	3.3831792	5.418064
occasion	5.046448	4.2073007	4.790097
guard	5.3072743	3.835512	5.4755335
whole	5.498382	4.2604065	5.3422017
mouth	5.077446	3.9000883	5.6028256
receive	6.48904	3.6073368	6.097746
take	5.2718654	3.9714446	5.5183563
simple	5.968622	3.6748295	5.9325457
error	3.332816	4.475847	4.1930714
wisdom	6.111973	3.9103558	6.2757626
rock	5.2489386	4.306285	5.0503235
decide	5.016486	4.0191684	5.6445007
exclaim	5.8917484	4.913761	5.8815947
assure	6.645693	4.069391	6.6037493
sign	5.1539116	3.3416111	5.228539
preserve	5.905602	3.4697695	5.8966603
commerce	5.665152	4.262068	5.782141
plant	4.5569224	3.8481774	5.200246
walk	5.622725	3.8855038	5.847117
difference	4.9809656	3.772398	4.963025
hang	4.892046	3.830309	5.2539997
following	6.624768	3.4566035	6.0487757
employ	5.151305	3.794808	6.2284145
