deal	4.8933954	4.3843794	5.0561066
study	6.322468	3.9148123	6.3772216
afford	6.498246	3.8882802	6.1226606
service	5.601031	3.9561968	6.0241833
height	5.1804795	4.2314854	5.0948176
prospect	6.9212685	4.4128246	6.2047367
pleasant	6.856123	3.899202	6.182184
shade	5.10244	3.7329226	5.402807
listen	5.468816	4.1382504	5.5560546
mighty	5.645886	4.4149957	5.556203
country	5.73042	3.4637609	5.5077887
title	6.2716036	3.6093233	6.019554
choose	5.476643	3.5737867	5.8224926
village	6.217136	3.9778185	5.6268044
acquire	6.4783063	4.5233583	6.558422
rank	5.068237	3.9775195	5.166133
bow	5.8081627	3.3702097	5.774882
doctor	4.77462	3.7140806	4.7099457
talent	6.7819324	4.7065115	6.522016
source	6.327512	4.14622	6.1631527
lead	5.01804	4.0490646	5.466511
question	5.473674	3.9200537	5.578721
publish	5.3062024	4.031118	5.6900425
interest	6.347878	3.8998258	6.0539513
serve	5.185714	3.45046	5.715557
divine	6.3498554	3.8031917	5.75049
put	5.704706	3.9733	5.6998568
shadow	4.7487416	3.392753	5.0686755
practical	5.565271	4.05062	5.9252276
surface	5.0497694	3.1770124	4.869284
account	5.6697993	3.857088	5.696167
loss	4.363305	4.4347258	4.6838737
indian	4.9483414	4.9619284	5.2114286
vine	6.467644	3.8094003	6.0562015
certain	4.9025044	4.504511	5.2567306
sin	3.631608	4.3145523	4.3801594
necessity	4.296187	4.1455655	4.7133484
lose	4.551705	4.5894923	5.083614
private	4.3976936	3.4940972	5.1702733
gentleman	5.6957707	3.543467	5.4123273
daughter	5.8072596	4.195277	5.153786
drive	4.0450697	4.755852	4.6369886
strange	4.4773574	4.8472953	4.384744
journey	6.0309525	3.8418884	5.7240252
uncle	6.0806494	3.7271266	5.9494047
species	5.549273	4.450058	5.2663765
think	5.175364	4.233516	5.3677235
bed	5.318441	3.347221	5.3375044
wind	4.7902756	4.184452	4.835033
bless	7.2150745	4.076373	6.326455
destroy	3.8484378	4.984708	4.6902456
author	5.5317917	4.197622	5.330532
sustain	5.1314974	3.7672276	5.6421337
black	4.7330723	4.4865675	4.717817
event	5.8445873	4.3566236	5.0980315
liberty	6.8955135	4.8200893	6.2054343
negro	4.2820535	4.246608	4.4467964
little	4.8845005	4.1174307	4.8885994
fortune	5.9051905	4.2512274	5.433487
touch	5.3766966	3.7901747	5.4715905
kill	4.498535	5.0001717	4.949787
feature	5.244886	3.8368628	5.4755177
happiness	7.4139156	4.3347497	6.681825
assume	4.129445	3.7395608	4.892435
notion	5.477032	4.0650444	5.4219055
purchase	6.1717668	3.777854	6.3889017
faithful	6.184982	3.6243687	6.0624537
soldier	4.3421583	4.420597	5.0114975
father	5.906614	3.9893909	5.188681
narrow	3.242604	3.738223	4.2910137
great	5.3171725	4.2374067	5.0324683
tear	4.0339627	3.9982455	4.665364
honorable	5.5415874	4.2058363	6.032277
previous	4.5431814	3.9385166	4.9798174
good	6.0293055	3.6629906	5.995295
domestic	5.128912	3.5877771	5.041297
glory	6.763939	4.4209723	6.126178
lay	5.0146923	3.247654	5.628663
occasion	4.9514446	4.0326657	4.95728
guard	4.814877	3.8914685	5.1561923
whole	5.23453	4.1641254	5.3499355
mouth	5.177878	4.2715893	5.4181175
receive	6.3464127	3.8218234	6.075097
take	4.8944097	4.1038933	5.3856626
simple	6.1828117	3.7791505	6.067669
error	3.5299506	4.375779	4.188475
wisdom	6.21094	4.193731	6.2008576
rock	5.450543	4.284507	5.1576567
decide	5.1155143	3.9608686	5.462314
exclaim	5.794407	4.6887197	5.6251874
assure	7.0500345	4.0535192	6.8996124
sign	4.955127	3.4288244	5.43962
preserve	5.928325	3.327069	5.7368927
commerce	5.913931	4.385251	5.8624353
plant	5.167306	3.9491546	5.205003
walk	5.6807833	3.7735772	5.952816
difference	5.053617	3.8711758	5.083589
hang	4.8959475	3.708611	5.198205
following	6.660201	3.4060655	6.147513
employ	4.9291763	3.9130878	5.914804
