deal	4.955733	4.4527717	5.2100554
study	6.1303616	3.9308107	6.388587
afford	6.1145544	4.130354	5.828658
service	5.625374	3.8134313	6.068552
height	5.1296344	4.1354713	4.9684963
prospect	6.944927	4.1359243	6.040486
pleasant	6.594575	3.8366075	5.982895
shade	4.7444153	3.6462817	5.1593904
listen	4.9715004	4.3080196	5.4065013
mighty	5.5536957	4.556904	5.6577854
country	4.9046254	3.6326442	5.163309
title	6.383813	4.0186477	6.083693
choose	5.327029	3.3617218	5.878763
village	5.801486	3.9904594	5.3336616
acquire	6.515937	4.597306	6.689844
rank	5.059511	4.184571	5.1131654
bow	5.908779	3.344808	5.8485537
doctor	4.7945685	3.602158	4.869522
talent	6.817974	4.4978004	6.6537266
source	6.1180964	4.185385	5.817266
lead	5.02031	4.045231	5.521764
question	5.132103	3.9271445	5.297497
publish	5.690755	4.1637506	5.935433
interest	6.2390604	4.1002064	5.8411303
serve	4.9679766	3.5602329	5.6472006
divine	6.519704	3.7759886	5.7536745
put	5.6372576	4.023786	5.840892
shadow	4.8660464	3.46102	5.247949
practical	5.7883997	3.9429135	6.011469
surface	5.1973624	3.2289782	5.1457167
account	5.500966	3.8503988	5.417035
loss	4.649305	4.365275	4.7237296
indian	5.015136	4.933526	5.454318
vine	5.9353323	3.8377285	5.417483
certain	4.896868	4.442556	5.36567
sin	3.450141	4.2494965	4.2887864
necessity	4.3201003	4.240996	4.844186
lose	4.5070734	4.4252014	5.0092077
private	4.663017	3.8152974	5.3706512
gentleman	5.4686937	3.6561103	5.392602
daughter	5.626997	4.062693	4.9877644
drive	4.175168	4.8294945	4.6162877
strange	4.482723	4.7164826	4.483211
journey	6.361604	3.7358387	5.9221754
uncle	5.749703	4.069708	5.554006
species	5.396683	4.2987022	5.339729
think	5.6908574	4.2434707	5.5027857
bed	5.1697044	3.193212	5.3799706
wind	5.125731	3.9881072	4.9542646
bless	7.2642884	3.9292235	6.3284473
destroy	3.8275146	4.8991623	4.617016
author	5.72818	4.4110923	5.4222226
sustain	5.2106576	3.917684	5.717306
black	4.2327166	4.6979866	4.739628
event	5.984525	4.332667	5.095109
liberty	6.682781	4.636215	5.856778
negro	4.156076	4.4733243	4.508786
little	5.12241	4.232889	5.1300745
fortune	6.0781527	4.371977	5.5193415
touch	5.845629	3.7091167	5.6199007
kill	4.391348	5.114393	4.5473843
feature	5.19632	3.7319784	5.2682056
happiness	7.0922937	4.3302174	6.3404245
assume	4.0052295	3.857522	4.924857
notion	5.586547	4.0111876	5.357216
purchase	6.0541573	3.5482385	6.337114
faithful	6.5001755	3.424088	6.2494154
soldier	4.5659933	4.4872656	5.167237
father	5.7282076	4.1968055	5.1072845
narrow	3.8138647	3.9588284	4.657499
great	5.352593	4.1954923	5.310599
tear	3.76287	3.991775	4.2769675
honorable	5.501488	4.359953	5.8001595
previous	4.592712	3.8265588	5.104958
good	6.305326	3.7100835	6.118474
domestic	5.1870646	3.6430118	4.9658747
glory	6.359256	4.5101204	5.919892
lay	4.738646	3.2581706	5.560692
occasion	5.0929055	4.1534996	5.063664
guard	5.21914	3.654613	5.517902
whole	5.2281065	4.1348414	5.259715
mouth	5.317068	4.328202	5.64676
receive	6.137308	3.623164	5.9964395
take	4.9854913	3.9269323	5.543356
simple	6.119811	3.5468564	5.954397
error	3.5996685	4.4677305	4.1707745
wisdom	6.227676	4.028054	6.320223
rock	5.379153	4.016697	5.156131
decide	4.904855	4.063017	5.449525
exclaim	5.970262	4.653714	5.6457043
assure	6.947393	4.0271497	6.626692
sign	5.197745	3.542664	5.2250013
preserve	6.1059427	3.4177003	5.933952
commerce	5.6206784	4.271875	5.6049414
plant	4.62508	3.852233	4.923223
walk	5.672665	3.7657442	5.9156485
difference	5.142819	3.8729699	5.21712
hang	4.8491435	3.7929215	5.220427
following	6.6020746	3.5135033	5.9918714
employ	4.5423036	3.75018	5.928163
