deal	5.1159735	4.112804	5.1695566
study	6.1351886	4.0426373	6.473627
afford	6.180723	3.954551	5.8080206
service	5.5496516	3.9721317	5.7325826
height	5.1747723	4.4087114	5.0982203
prospect	6.880345	4.3039713	6.140937
pleasant	6.7021675	3.9391594	6.0104246
shade	4.8666434	3.5577471	5.1275606
listen	5.259058	4.105689	5.4585695
mighty	5.8563604	4.3349338	5.4372
country	5.4733887	3.5030477	5.4432263
title	6.646533	4.0440674	6.2163143
choose	5.1437626	3.552817	5.4591575
village	5.766926	3.931263	5.373742
acquire	6.4685555	4.5699306	6.5947733
rank	5.2031946	4.329899	5.1488647
bow	5.9111643	3.7287083	5.819734
doctor	4.5417976	3.9605541	4.6865606
talent	6.972599	4.748231	6.651822
source	5.8825016	4.5010557	5.7528114
lead	5.014016	3.8749177	5.2975197
question	5.0626574	4.2435737	5.2063675
publish	5.6122	3.943537	5.877927
interest	6.2426767	3.9738832	5.7266927
serve	5.113015	3.605761	5.5002937
divine	6.522559	3.947022	5.56885
put	5.5358915	3.9937677	5.772624
shadow	4.9958897	3.4921155	5.0870414
practical	5.605178	3.8164911	5.998981
surface	5.1883883	3.3551831	5.1371875
account	5.6658773	4.051233	5.4089603
loss	4.423835	4.3330054	4.6965804
indian	4.8662896	4.8716874	5.0559883
vine	5.9601464	3.6313481	5.574223
certain	4.741409	4.583336	5.09711
sin	3.4940894	4.321663	4.210448
necessity	4.372209	4.1292243	4.7159724
lose	4.6543455	4.324566	5.054898
private	4.28097	3.7555718	5.261287
gentleman	5.721589	3.3972578	5.4277153
daughter	5.6994967	4.0602574	4.9754395
drive	4.142186	4.68355	4.710012
strange	4.619177	4.975807	4.447679
journey	6.1467	3.791554	5.9111705
uncle	5.925317	3.9160242	6.2123375
species	5.544047	4.625315	5.055504
think	5.3557987	4.484827	5.260164
bed	5.0479984	3.446014	5.26689
wind	4.9224033	4.194892	4.8575454
bless	7.2048483	4.026128	6.195702
destroy	3.9865835	4.830768	4.679675
author	5.7626276	4.188009	5.444462
sustain	5.248902	3.8538804	5.756801
black	4.2345085	4.280077	4.38829
event	5.8003426	4.3964634	4.9954824
liberty	6.836823	4.8460417	6.116868
negro	4.326776	4.1392236	4.721893
little	4.7103314	4.27079	4.924821
fortune	6.1262145	4.306531	5.6559596
touch	5.58813	3.7491796	5.452405
kill	4.1449003	5.104655	4.4109707
feature	5.1879377	4.0260477	5.194486
happiness	7.2241364	4.0463376	6.7069387
assume	4.501796	3.6922781	5.1103935
notion	5.6629834	4.2936893	5.3088465
purchase	6.357235	3.57901	6.5082192
faithful	6.2559943	3.478488	6.041993
soldier	4.3725677	4.4330764	4.7476
father	5.69999	3.717318	5.257501
narrow	3.3948755	3.7486286	4.3602114
great	5.5929976	4.0864944	5.171161
tear	3.9447367	4.030341	4.5454082
honorable	5.561581	4.382791	5.846875
previous	4.3307343	4.0012083	4.8798065
good	6.198268	3.6953115	5.948441
domestic	4.9859576	3.692758	4.8861046
glory	6.8753858	4.4156857	6.053893
lay	4.9102254	3.6597383	5.364909
occasion	5.171648	4.3810587	5.069376
guard	4.7044644	3.7163699	5.313866
whole	5.3500814	3.8073204	5.0980854
mouth	4.893634	4.2961464	5.353615
receive	6.265952	3.9816222	6.1003413
take	5.05589	3.9980807	5.509079
simple	6.0335503	3.7798812	5.7281165
error	3.4610696	4.3513284	4.232882
wisdom	6.1778708	4.013116	6.1602335
rock	5.4806023	4.1107864	5.062836
decide	4.806913	4.0932927	5.3210516
exclaim	5.809061	4.61505	5.55406
assure	6.7788754	4.185849	6.5150204
sign	5.0809965	3.5880618	5.2745023
preserve	5.677	3.4778733	5.7026873
commerce	5.8079157	4.151228	5.6906176
plant	4.8220677	3.9392292	5.172831
walk	5.6868243	3.6457973	5.6898117
difference	4.823667	3.9938705	5.0087924
hang	4.609052	3.9420586	5.069337
following	6.350857	3.556105	5.7492146
employ	4.8204265	3.834982	5.8795376
