deal	4.8018465	4.1746473	4.9895372
study	6.5992794	3.895914	6.6709266
afford	6.3359356	4.04937	5.9516563
service	5.1991096	3.8699555	5.698912
height	5.039385	4.1772547	5.13247
prospect	7.087641	4.526175	6.2712636
pleasant	6.6903305	3.9017782	6.070632
shade	4.953877	3.6686468	5.0247793
listen	5.4016623	4.317803	5.6450324
mighty	5.401967	4.48874	5.4812775
country	5.465599	3.5283694	5.501401
title	6.222465	3.6116185	6.077713
choose	5.01633	3.5365608	5.6982846
village	5.999028	3.6125362	5.373946
acquire	6.4520645	4.4785447	6.734607
rank	5.239744	4.079933	5.183539
bow	5.646928	3.5608878	5.8549786
doctor	4.8955784	3.9122891	4.8464656
talent	6.7704415	4.5315604	6.505307
source	6.2163925	4.221518	5.835002
lead	4.834475	4.0765	5.383542
question	5.165468	3.9649806	5.5757313
publish	5.4521832	4.199218	5.8764234
interest	6.3004208	4.024026	5.9090204
serve	4.9134912	3.532405	5.651158
divine	6.1739326	4.107709	5.436092
put	5.4712896	3.9611123	5.6858635
shadow	4.770407	3.4309666	5.0287905
practical	5.516372	3.9125388	5.9477243
surface	5.005533	3.2234821	4.8565354
account	5.799861	3.8854628	5.422556
loss	4.7058787	4.2434187	4.670877
indian	4.916803	4.74307	5.2097793
vine	6.455355	3.6388848	5.950657
certain	4.867825	4.379579	5.129939
sin	3.6110168	4.131177	4.1766105
necessity	4.320175	4.228602	4.736167
lose	4.542263	4.4269304	5.0703106
private	4.3807635	3.9787204	5.1682878
gentleman	5.5590096	3.3645358	5.2965045
daughter	5.662301	4.188804	5.2217374
drive	4.263359	4.643172	4.7030907
strange	4.584463	4.9841666	4.6272125
journey	6.192724	3.7580888	5.857964
uncle	6.2365394	3.805346	6.341351
species	5.337036	4.7603703	5.097764
think	5.4950414	4.261047	5.6856303
bed	5.685679	3.2402399	5.43371
wind	5.205659	4.0033774	4.899614
bless	7.106377	4.2444854	6.3192472
destroy	3.7849102	5.001035	4.7050123
author	5.4797974	4.189958	5.237739
sustain	5.24788	3.8861644	5.6665435
black	4.309111	4.402657	4.654639
event	5.9188232	4.5018463	5.220266
liberty	6.765955	5.007434	6.1537337
negro	4.4925113	4.377825	4.6641097
little	4.841932	4.0932465	4.766322
fortune	6.091129	4.10927	5.5174527
touch	5.3379526	3.6413412	5.4293904
kill	4.453825	4.8223324	4.8182054
feature	5.305038	3.6584978	5.4286304
happiness	7.2484426	4.0301566	6.4998302
assume	3.825989	3.7444167	4.7317777
notion	5.5702696	4.0321445	5.386785
purchase	6.2580996	3.8367548	6.42698
faithful	6.071519	3.5942287	5.992652
soldier	4.3134246	4.517983	4.9599943
father	5.456466	3.679361	5.225942
narrow	3.4565816	3.8293512	4.061036
great	5.4562893	4.3247614	5.2453394
tear	4.130128	4.025876	4.665698
honorable	5.5225797	4.2317986	5.820073
previous	4.6414876	3.8889441	5.067568
good	5.8439207	3.9134061	6.187999
domestic	4.9551253	3.6400244	4.7976284
glory	6.8696594	4.393963	6.0984244
lay	4.9857097	3.318149	5.6195335
occasion	5.283219	4.232934	4.9372926
guard	4.9810305	3.9403763	5.316906
whole	5.514706	4.096446	5.509489
mouth	4.790617	4.0096965	5.237398
receive	6.1644616	3.6884923	6.0282664
take	5.409487	3.8779697	5.8221965
simple	5.7522516	3.741377	5.7645206
error	3.8002043	4.1319637	4.1272383
wisdom	6.01195	3.997006	5.891692
rock	5.364848	4.1468453	5.1832633
decide	4.7962217	3.9009848	5.491203
exclaim	5.6442175	4.555002	5.6440315
assure	6.7197413	4.187518	6.5561376
sign	4.7464695	3.59071	5.2238097
preserve	5.528783	3.5795927	5.8914227
commerce	5.7732925	4.2149	5.6173925
plant	5.0670905	3.6466632	5.2178736
walk	5.744791	3.720592	5.7028246
difference	4.8671947	3.838019	5.0258756
hang	4.7764807	3.825522	5.132872
following	6.4988155	3.6212506	6.0147524
employ	5.1186695	3.9389012	6.03574
