deal	4.832694	4.210844	4.8098307
study	6.347577	3.8647459	6.450628
afford	6.3878975	4.03524	5.8471937
service	5.621144	3.8780465	6.075696
height	5.152076	4.303873	4.971936
prospect	6.964593	4.4283037	6.205308
pleasant	6.9076242	3.921074	6.1797066
shade	5.1288	3.528061	5.2830677
listen	5.067101	4.3030014	5.525523
mighty	5.7001214	4.4932117	5.7403593
country	5.235317	3.461936	5.45794
title	6.4209747	4.043207	5.710392
choose	4.7966914	3.738974	5.4707747
village	5.8414497	4.2123175	5.1856713
acquire	6.71858	4.3739753	6.7255554
rank	5.001764	4.2659345	5.147834
bow	5.619891	3.5616503	5.614447
doctor	5.11117	3.9122214	4.8275623
talent	6.8289347	4.587972	6.6403337
source	5.7363563	4.0969877	5.241955
lead	4.8958826	4.044927	5.597921
question	5.349366	4.1981626	5.399434
publish	5.4864044	4.033263	5.6827846
interest	6.039892	4.1947203	5.873004
serve	5.0223584	3.5002582	5.593033
divine	6.2757163	3.9674227	5.7280016
put	5.4246492	3.8975809	5.7817993
shadow	5.1186757	3.3783617	5.255986
practical	5.595627	3.959628	6.021707
surface	5.231398	3.1100173	4.979497
account	5.5198917	3.9751348	5.593025
loss	4.799604	4.3267365	4.772785
indian	5.0603933	4.996705	5.2888374
vine	6.41924	3.6920125	5.6544266
certain	5.2915726	4.563072	5.480935
sin	3.6596096	4.355057	4.2851305
necessity	4.3997445	4.3500285	4.7812147
lose	4.6686387	4.435256	5.207158
private	4.199448	3.727317	5.2308893
gentleman	5.8200493	3.4255292	5.4774556
daughter	5.699315	4.151204	4.8479233
drive	4.202131	4.5741434	4.671015
strange	4.6118383	4.8274693	4.606856
journey	6.219652	3.7598498	5.87471
uncle	6.1886225	3.8943467	6.001732
species	5.255059	4.467468	5.0933623
think	5.787245	4.116448	5.649389
bed	5.0981674	3.1532202	5.3057923
wind	4.9602838	4.1783338	4.708137
bless	7.2949286	3.9563575	6.3228817
destroy	3.8137329	5.10968	4.6413984
author	5.7320414	4.1397424	5.2477107
sustain	5.4274297	3.9766798	5.7859154
black	4.4706407	4.654512	4.7408466
event	6.2136464	4.4198656	5.3702207
liberty	6.4768205	4.778051	5.8164754
negro	4.585359	4.597208	4.7551727
little	4.964306	4.080485	5.040508
fortune	5.9539733	4.2680345	5.309675
touch	5.7638903	3.8556514	5.427918
kill	4.2474813	5.010368	4.7499914
feature	5.4237466	3.762658	5.5169945
happiness	7.078208	4.1791778	6.4628572
assume	4.22667	3.784259	5.085054
notion	5.7204113	4.011444	5.3322873
purchase	6.0408006	3.7628322	6.2115073
faithful	6.374934	3.5176916	6.2707443
soldier	4.2185864	4.585029	4.8030467
father	6.2180824	3.9257774	5.2771497
narrow	3.7880583	3.6894877	4.633649
great	5.307136	4.207047	5.256037
tear	4.0549307	4.0117793	4.480503
honorable	5.563848	4.4842443	5.8345733
previous	4.498881	3.994685	4.851103
good	6.3793316	3.8976665	5.9580793
domestic	5.0413804	3.5665827	5.1033645
glory	6.2871113	4.4778495	5.7613707
lay	4.858985	3.4186406	5.635868
occasion	5.1233864	4.222358	5.1180573
guard	5.1323442	3.7550187	5.5247464
whole	5.3068523	4.048242	5.219663
mouth	5.0390444	4.2818856	5.4571466
receive	6.2045536	3.7728405	5.851512
take	5.1904407	4.0275593	5.606717
simple	6.267195	3.668552	5.9343596
error	3.203815	4.174682	4.048563
wisdom	6.361699	3.9769168	6.1083694
rock	5.5444503	4.2129374	5.329437
decide	4.714345	4.31852	5.247279
exclaim	6.0266705	4.6767735	5.680727
assure	6.747505	3.880067	6.503226
sign	5.0851336	3.647564	5.2801504
preserve	5.8544354	3.422012	5.981177
commerce	5.5302725	4.390177	5.672944
plant	4.8565936	3.8356311	5.1544313
walk	5.89435	3.8089645	5.890682
difference	5.21047	3.8273828	5.2245774
hang	5.1636333	3.8584647	5.353118
following	6.8530297	3.4118388	6.156644
employ	4.646715	4.0341988	5.8729353
