deal	5.2669935	4.10255	5.098139
study	6.354889	3.9444537	6.5440035
afford	6.2647634	4.208202	5.8114414
service	5.910772	3.8744726	5.9859276
height	5.423865	4.3613715	5.156295
prospect	6.821115	4.3715024	5.968021
pleasant	6.914215	3.859075	6.0183935
shade	5.0749555	3.7515233	5.2746363
listen	5.29325	4.2497044	5.5903926
mighty	5.7241774	4.395589	5.5424104
country	5.6937504	3.749875	5.7757854
title	6.326928	3.7636468	5.8266945
choose	5.211749	3.441704	5.773782
village	6.2023935	3.8533385	5.590988
acquire	6.6058636	4.4219217	6.644657
rank	5.2201347	4.3011136	5.2843547
bow	6.0099196	3.6692948	6.0582447
doctor	4.9802847	3.8467658	4.8943315
talent	6.9878893	4.546997	6.7031183
source	6.01716	4.255863	5.6083374
lead	4.9486303	3.9278898	5.4868984
question	5.3015227	4.0195956	5.365373
publish	5.6145773	4.197231	5.7574835
interest	6.33743	4.035795	5.979268
serve	5.2044597	3.5158563	5.720056
divine	6.3464327	3.9810262	5.523576
put	5.5860534	3.8791208	5.8880496
shadow	4.8931503	3.5500128	5.202023
practical	5.8153315	3.9248774	6.1637344
surface	5.3319044	3.1376703	4.947564
account	5.171225	4.1368318	5.366131
loss	4.386875	4.408502	4.511603
indian	4.997937	4.7714777	5.475069
vine	6.1881447	3.800443	5.593121
certain	4.8577747	4.224263	5.2705684
sin	3.8606615	4.3072376	4.4985456
necessity	4.3072257	4.1719966	4.7981853
lose	4.678935	4.4585757	5.1929674
private	4.4110494	3.8327	5.090179
gentleman	5.611425	3.6142254	5.2705073
daughter	5.636888	4.339552	5.0471964
drive	3.954349	4.5784903	4.6232314
strange	4.367046	4.662736	4.4596896
journey	6.245023	3.6808164	5.788146
uncle	5.704449	3.3568764	5.738088
species	5.3992834	4.5291896	5.249788
think	5.4311886	4.327032	5.3720036
bed	5.148761	3.6306248	5.3373895
wind	5.105856	4.0432734	4.7338667
bless	7.175126	4.1032763	6.2954025
destroy	3.8614526	5.0498962	4.852627
author	5.6987762	3.9654768	5.278528
sustain	5.156264	3.9855523	5.695499
black	4.5055056	4.4284453	4.5458193
event	5.918325	4.372498	5.002102
liberty	7.044055	5.052276	6.3458967
negro	4.1125116	4.2267447	4.3729815
little	4.9719005	3.8570147	5.065527
fortune	6.0431004	4.1817226	5.3549204
touch	5.7871923	3.4641404	5.623337
kill	4.1363373	4.9921765	4.7867937
feature	5.1199465	3.8827817	5.424964
happiness	7.38783	4.445348	6.667723
assume	4.0486135	3.6689887	5.1108594
notion	6.073966	3.9759316	5.693252
purchase	6.2369766	3.62899	6.3712487
faithful	6.127759	3.551593	6.073764
soldier	4.1766386	4.4268236	4.822112
father	5.9956923	3.620447	5.1978216
narrow	3.8906338	3.6349912	4.3914027
great	5.465143	4.1526604	5.1200995
tear	3.9092574	3.9272385	4.482496
honorable	5.7714434	4.5307145	5.903783
previous	4.4195113	4.0925345	4.9433537
good	5.978363	3.7534904	5.9403934
domestic	5.109781	3.883019	5.0055475
glory	6.9464874	4.668455	6.43548
lay	4.989426	3.3968966	5.665698
occasion	5.2660847	4.1846676	5.0000324
guard	5.0329647	3.8489692	5.3296113
whole	5.1728888	4.072605	5.214122
mouth	4.95735	4.0934734	5.239666
receive	6.4639463	3.7587442	6.1378546
take	5.4027386	3.5645268	5.7319727
simple	5.9757123	3.5180755	5.772225
error	3.5754251	4.297113	4.4154224
wisdom	6.651227	3.902267	6.40776
rock	5.4231853	4.2375836	4.9681635
decide	5.0657563	3.9415472	5.539312
exclaim	5.8053493	4.655938	5.5592628
assure	6.983507	4.0254393	6.819269
sign	5.133429	3.4057937	5.3429446
preserve	5.998146	3.6441221	5.9916687
commerce	5.6044407	4.364228	5.623831
plant	4.65893	3.843931	5.0058184
walk	5.9384127	3.8805711	5.8616686
difference	5.057676	4.0016155	5.148598
hang	4.992462	3.6971202	5.216184
following	6.406653	3.6507688	5.888619
employ	4.5117917	3.9561057	5.7738953
