deal	4.894402	4.462588	5.17134
study	6.269593	3.723561	6.3530955
afford	6.146475	4.0067525	5.8172383
service	5.497549	4.1680627	5.9846945
height	5.0028734	4.092138	5.2831297
prospect	6.637269	4.2941966	5.910311
pleasant	7.018295	4.025805	6.247633
shade	5.0482316	3.5880785	5.129402
listen	5.130962	4.202395	5.6117077
mighty	5.7254505	4.516649	5.455995
country	5.519863	3.825748	5.6455927
title	6.0058675	3.9236116	5.924548
choose	5.650692	3.706655	5.8782663
village	6.1953955	3.9356625	5.668427
acquire	6.5873394	4.5465264	6.766408
rank	4.9515915	3.9861727	5.006541
bow	6.008575	3.6260824	5.866393
doctor	4.716695	3.951536	4.929977
talent	6.9261765	4.4694896	6.7183747
source	5.958221	4.25432	5.6569924
lead	4.9606	4.16007	5.6954722
question	5.0136576	3.8290937	5.402717
publish	5.31681	4.0593433	5.729186
interest	5.6903977	3.8750901	5.6181984
serve	5.3863487	3.559229	5.775922
divine	6.2311134	3.9439507	5.4503026
put	5.508789	4.147345	5.6061378
shadow	4.845645	3.297927	5.0323963
practical	5.5279713	4.066002	5.9495196
surface	5.2281227	3.1665227	4.885087
account	5.4259067	4.2056785	5.4588513
loss	4.0904183	4.470342	4.431599
indian	4.540051	4.851394	4.9400954
vine	6.1290655	3.7785275	5.768381
certain	5.158703	4.474524	5.4190416
sin	3.4637082	4.31152	4.314177
necessity	4.1933594	4.2198744	4.6243725
lose	4.423721	4.436276	5.306044
private	4.2937827	3.8032322	5.147653
gentleman	5.6306887	3.8355505	5.431577
daughter	5.7044425	4.3441176	5.2477045
drive	4.1523385	4.75223	4.636847
strange	4.7044687	4.8039594	4.6798153
journey	6.034855	3.8559349	5.763289
uncle	5.5548015	4.181018	5.738165
species	5.314608	4.5571847	5.3183746
think	5.210191	4.314435	5.399976
bed	5.2619643	3.2736688	5.277968
wind	4.8363876	4.1042714	4.8834
bless	7.3255043	4.0563517	6.36627
destroy	4.0814066	5.041727	4.885597
author	5.4260836	4.3514028	5.228461
sustain	5.003227	4.079425	5.6200037
black	4.843336	4.2728305	4.8296614
event	5.847086	4.5746436	4.9913716
liberty	6.761956	4.798137	6.0990224
negro	4.268865	4.355112	4.4951735
little	5.027274	4.0609164	4.9324245
fortune	5.9707594	4.3596735	5.53952
touch	5.4736986	3.8914788	5.4901667
kill	4.2631187	5.1329575	4.7372737
feature	5.265292	3.862483	5.2753124
happiness	6.991598	4.300127	6.5126567
assume	4.174098	3.8331833	5.0607767
notion	5.7056355	4.012559	5.718236
purchase	6.117762	3.8379335	6.3514247
faithful	6.182811	3.749521	5.8985305
soldier	4.6552033	4.393833	5.004349
father	5.589819	4.2488513	5.298049
narrow	3.4569457	3.7126641	4.5118623
great	5.1998897	4.293784	5.2233005
tear	3.8566337	4.0648894	4.3804502
honorable	5.7188597	4.5305367	5.966295
previous	4.6196575	4.2125096	5.1105795
good	6.1400614	3.5246277	6.0074606
domestic	5.2329426	3.7532878	5.1329947
glory	6.753474	4.5225487	5.9372973
lay	5.058401	3.370113	5.798492
occasion	5.110626	4.464763	5.2030444
guard	5.2922306	3.762242	5.6811304
whole	5.1216793	4.177189	5.1293864
mouth	4.858044	4.12818	5.3893757
receive	6.1897483	3.6987011	6.1498237
take	5.419835	3.8902526	5.7496204
simple	5.847607	3.7068667	5.942356
error	3.579113	4.4426546	4.3097453
wisdom	6.256551	4.198331	6.1014214
rock	5.4910603	4.2011886	5.316578
decide	5.1948366	4.053022	5.539736
exclaim	5.993187	4.603063	5.703954
assure	6.716632	4.068546	6.581354
sign	5.1534758	3.6139815	5.3322954
preserve	6.0568304	3.5479767	5.9835663
commerce	5.514697	4.457836	5.5388494
plant	4.7295656	3.9651873	5.2009573
walk	5.786452	3.9000072	5.920047
difference	4.827038	3.7986188	5.1778603
hang	4.701784	3.6334229	5.1338396
following	6.638401	3.48368	5.9752192
employ	5.232808	3.8777962	6.320372
