deal	4.7760043	4.107069	5.1346602
study	6.325796	4.0941877	6.535552
afford	5.9249353	3.9694183	5.722287
service	5.6127877	3.8189466	6.0934567
height	5.1293616	4.208781	5.102708
prospect	6.800173	4.4950185	6.0566597
pleasant	6.9342337	3.918126	6.1971326
shade	5.081933	3.556046	5.311184
listen	5.1522145	4.2940207	5.397585
mighty	5.508092	4.358207	5.526849
country	5.4224	3.7377145	5.500678
title	6.600419	3.5609968	6.0556674
choose	5.195113	3.5975003	5.565587
village	5.954161	3.8435297	5.4269485
acquire	6.5799847	4.5184584	6.837778
rank	5.2195363	3.988254	5.0624504
bow	5.8857164	3.3443847	5.704839
doctor	4.7713933	4.1886463	4.733475
talent	6.954618	4.57569	6.7833447
source	6.0214863	4.1221232	5.6123333
lead	5.0389457	4.067144	5.43227
question	4.973235	3.9078677	5.359254
publish	5.535048	3.9228747	5.9862213
interest	5.687401	3.9284787	5.6373625
serve	5.233305	3.4647255	5.6601334
divine	6.5333977	3.927373	5.586668
put	5.7349195	4.2192254	5.8295174
shadow	4.988046	3.4037845	5.2532797
practical	5.661725	3.7741919	6.0866966
surface	4.999211	3.3556523	4.7508836
account	5.54356	3.9493206	5.5144153
loss	4.4735394	4.539696	4.453236
indian	4.817919	4.9060054	5.230165
vine	6.118423	3.7686267	5.3968477
certain	4.7760253	4.459769	5.216279
sin	3.7096386	4.442555	4.3750873
necessity	4.2278876	4.2569633	4.7714915
lose	4.803041	4.62006	5.4070807
private	4.476461	3.5798454	5.188293
gentleman	5.7887836	3.5876484	5.483444
daughter	5.6647635	4.3853483	5.0828357
drive	4.050983	4.609281	4.6127315
strange	4.4592505	4.871379	4.510453
journey	6.0700502	3.873411	5.7043896
uncle	6.2877965	4.1603007	5.8486495
species	5.234619	4.7585025	5.11458
think	5.408717	4.309303	5.384672
bed	5.366791	3.465995	5.246285
wind	5.147476	3.8784904	4.843016
bless	7.587973	3.8785987	6.3679657
destroy	3.782939	4.8044744	4.497818
author	5.7479672	4.2569604	5.4035854
sustain	5.1044216	4.010394	5.3965673
black	4.2376466	4.6660733	4.4563293
event	5.769564	4.474417	4.9927735
liberty	7.008782	4.595734	6.354804
negro	4.616873	4.5232015	4.760025
little	5.1598606	4.1072717	5.1709967
fortune	5.898726	4.295696	5.324708
touch	5.7680626	3.5224361	5.594507
kill	4.2840466	5.0151167	4.7256947
feature	5.125711	3.7591872	5.3891034
happiness	7.359068	4.187655	6.538954
assume	4.2276053	3.8227973	5.1075883
notion	5.778503	3.9987402	5.598335
purchase	6.208599	3.6373093	6.501913
faithful	6.0627255	3.5201757	5.9196935
soldier	4.5872493	4.4014564	4.8664007
father	5.886707	4.139467	5.493262
narrow	3.8700798	3.806691	4.623008
great	5.077405	4.193795	5.3678675
tear	3.7382865	4.0863194	4.652489
honorable	5.756028	4.127412	5.889211
previous	4.3396235	4.034974	5.015526
good	6.2084947	3.70845	6.067504
domestic	5.2501507	3.5944693	5.055764
glory	6.9716244	4.48181	6.123622
lay	4.9610124	3.3012705	5.787863
occasion	5.0638366	4.1497602	4.8357058
guard	4.890365	4.046285	5.0758705
whole	5.4357777	4.074782	5.311886
mouth	5.411438	4.3094296	5.520215
receive	5.994836	3.672196	6.246391
take	5.5185575	3.7348263	5.839944
simple	6.1046777	3.6445687	5.9561777
error	3.8571668	4.3887744	4.397871
wisdom	6.387796	4.1466584	6.36656
rock	5.4160485	4.2094183	5.063467
decide	4.976422	4.0394807	5.4468493
exclaim	5.8894043	4.782969	5.6178455
assure	6.8079147	4.0681286	6.5867667
sign	5.3298855	3.5052142	5.4932303
preserve	5.8414645	3.4844584	5.7793207
commerce	5.669959	4.266972	5.7477517
plant	4.527455	3.8790555	4.972633
walk	5.8244276	3.6373045	5.747068
difference	5.214535	4.0063834	5.3579197
hang	4.9718494	3.8079872	5.019254
following	6.466971	3.5871289	5.8611646
employ	4.9268622	3.8600504	6.048123
