deal	5.0729165	4.0013394	5.0883093
study	5.934475	4.0263624	6.1278515
afford	6.0180707	3.8870897	5.804604
service	5.802107	3.918828	5.9699354
height	5.1099315	4.001089	5.136771
prospect	6.787458	4.2463565	5.8845735
pleasant	6.773535	4.0440016	6.0586967
shade	4.9297237	3.7380564	5.1102543
listen	5.2677107	4.289274	5.624757
mighty	5.834508	4.2750506	5.77146
country	5.354646	3.7227259	5.3546314
title	6.0297427	3.5265315	5.881567
choose	5.654752	3.6424553	5.978409
village	6.2423935	4.079192	5.4249477
acquire	6.2732353	4.342999	6.5584717
rank	4.9341054	3.7380598	5.1008196
bow	6.173147	3.4683006	6.180476
doctor	4.7233324	4.0293503	4.8912983
talent	6.8932076	4.4448614	6.5967093
source	5.7224126	4.1272135	5.4541264
lead	5.0035925	4.051702	5.745082
question	5.3881598	3.9289794	5.7033086
publish	5.4554973	4.1152425	5.6874375
interest	5.8874598	3.8152547	5.726947
serve	4.926165	3.373732	5.7273483
divine	6.5387626	4.0916257	5.699994
put	5.4823685	4.0529966	6.0357943
shadow	4.808997	3.4377542	5.0408497
practical	5.3663692	4.0696535	5.8436246
surface	4.7867293	3.157906	4.7514906
account	5.773842	4.023219	5.774071
loss	4.611925	4.254202	4.7017827
indian	4.994687	4.733931	5.183984
vine	5.9395695	3.6127756	5.4793844
certain	5.1341853	4.524541	5.3992867
sin	3.4615757	4.3079553	4.1772003
necessity	4.586555	4.078607	4.939496
lose	4.969508	4.6958575	5.2663345
private	4.245768	3.659107	5.120886
gentleman	5.6965322	3.5832257	5.553242
daughter	5.2617407	4.35038	5.01918
drive	4.1539307	4.664581	4.8552284
strange	4.7201653	4.7253194	4.681494
journey	5.9695187	3.9300117	5.8179226
uncle	5.6713934	4.236966	5.9087486
species	5.3830395	4.377213	5.116591
think	5.470714	4.216508	5.41824
bed	5.080607	3.3878264	5.3217306
wind	5.22058	4.1397862	4.886247
bless	7.1894197	4.1699457	6.504989
destroy	3.8941472	5.085475	4.6028256
author	5.6998115	4.3195324	5.249087
sustain	5.2647047	3.9322536	5.744953
black	4.557442	4.2788644	4.431843
event	5.908068	4.525345	5.1214695
liberty	7.068774	4.9859104	6.2008314
negro	4.5853767	4.4298472	4.6308384
little	5.54836	4.018295	5.3721976
fortune	5.7021184	4.151637	5.382406
touch	5.809087	3.83503	5.7191005
kill	4.8379774	4.9633813	4.9579515
feature	5.4506264	3.811967	5.4866157
happiness	7.065461	4.435632	6.3807163
assume	4.18062	3.7674685	5.131286
notion	5.7524157	3.906053	5.5759254
purchase	6.365696	3.7720366	6.344628
faithful	6.354236	3.823927	6.165811
soldier	4.676556	4.570949	5.1562476
father	5.7835717	4.1324816	5.3588524
narrow	3.7051964	3.7345572	4.469388
great	5.448546	3.7440016	5.2419577
tear	3.909175	4.0425367	4.491329
honorable	5.643567	4.1035433	5.992285
previous	4.5441775	3.9400713	4.9323807
good	5.834717	3.7450745	5.875412
domestic	4.804145	3.9846697	4.819811
glory	6.6259766	4.473815	6.0452204
lay	4.8898025	3.3556342	5.573292
occasion	4.8644586	4.100062	4.836096
guard	4.6104536	4.0045977	4.9341397
whole	5.5171366	4.0427794	5.219008
mouth	5.0147514	4.3024373	5.337606
receive	6.3381233	3.7128134	6.216899
take	5.1053796	3.7000468	5.542221
simple	6.324138	3.9166236	6.0588627
error	3.6594553	4.376767	4.2817297
wisdom	6.0125084	4.118241	6.0396795
rock	5.2778893	3.8548043	5.1677256
decide	5.191115	4.09762	5.554954
exclaim	5.847112	4.6349044	5.733694
assure	7.105692	3.951043	6.8604913
sign	5.0255737	3.3905277	5.1639476
preserve	5.9726815	3.501118	5.9049006
commerce	5.5805593	4.2964787	5.4795675
plant	4.6150007	3.4992125	4.946597
walk	5.8109903	3.7413595	5.8288927
difference	5.0898943	3.792597	5.322523
hang	4.578793	3.6689763	4.9472337
following	6.7847195	3.4879246	6.3296485
employ	4.640852	3.9825525	5.8562794
