deal	5.2927456	4.1214557	5.3193154
study	6.269869	3.8756208	6.378641
afford	6.334152	4.0758758	5.9103804
service	5.564938	4.066613	5.82685
height	5.1141167	4.2814717	5.260867
prospect	6.990232	4.2512355	6.0738173
pleasant	6.980669	3.8666074	6.1496634
shade	5.242454	3.5383933	5.292895
listen	5.316009	4.19939	5.5515327
mighty	5.92237	4.524381	5.6305776
country	5.195961	3.5929801	5.1440573
title	6.4175663	4.0087795	5.9576845
choose	5.491106	3.6884556	5.8673325
village	6.2556686	4.2415156	5.543044
acquire	6.652419	4.5839047	6.7631574
rank	5.324595	4.0976086	5.1903706
bow	5.955738	3.6239283	5.786809
doctor	4.9389825	4.0680723	4.877872
talent	6.9674673	4.706179	6.68548
source	6.313793	4.0656347	5.582673
lead	5.074124	4.007536	5.667842
question	5.4793034	3.9083583	5.858454
publish	5.441153	3.9522667	5.597335
interest	5.731724	3.983385	5.6329455
serve	5.058976	3.229837	5.7290525
divine	6.6153326	3.9631088	5.8345957
put	5.7200456	3.9780018	5.936834
shadow	4.813026	3.1594405	5.1484394
practical	5.5341244	3.823928	5.875671
surface	5.0835357	3.1685414	4.8968644
account	5.293287	4.1598697	5.4853888
loss	4.753784	4.5162363	4.745934
indian	4.971039	4.9304867	5.354822
vine	6.2040586	3.4596531	5.7203517
certain	4.81844	4.525517	5.1969595
sin	3.7271442	4.2936363	4.248096
necessity	4.2829857	4.015522	4.724798
lose	4.6456566	4.667243	5.1692853
private	4.541346	3.7044203	5.3737793
gentleman	5.6604	3.5714154	5.4200735
daughter	5.5276656	4.3734045	4.9557805
drive	4.27998	4.627571	4.8064766
strange	4.546339	4.844202	4.547069
journey	6.2211685	3.7226622	5.9193716
uncle	6.3387313	3.747129	6.1619473
species	4.9816246	4.6197753	4.9520464
think	5.692592	4.246452	5.577637
bed	5.2259254	3.333154	5.20714
wind	4.93215	4.0468874	4.8980417
bless	7.4094963	4.1465836	6.5704107
destroy	3.8744614	4.7779555	4.762665
author	5.6839676	3.9969041	5.2662706
sustain	5.272278	3.72455	5.807865
black	4.464027	5.051799	4.7209544
event	6.000406	4.5944815	5.248665
liberty	6.8287535	4.9628453	6.1262794
negro	4.7139573	4.4737024	4.9311714
little	5.120336	4.1451206	4.922258
fortune	6.129448	4.2269707	5.522447
touch	5.417857	3.75126	5.4684114
kill	4.369115	5.252127	4.772511
feature	5.0089936	3.858371	5.298794
happiness	7.253398	4.4608707	6.4733114
assume	4.2388067	3.717109	4.9594107
notion	5.672743	4.0930004	5.316175
purchase	6.339348	3.769357	6.453283
faithful	6.3052893	3.4635074	6.2348933
soldier	4.5917153	4.514221	5.2365227
father	5.979886	4.1466336	5.501363
narrow	3.5973525	3.737745	4.235031
great	5.261239	4.0594287	5.166427
tear	4.208635	4.033774	4.6383195
honorable	5.569912	4.2715344	5.89046
previous	4.6138096	3.8700523	4.929981
good	6.395954	3.7294717	6.3353744
domestic	4.6297803	3.667	4.8795867
glory	6.9910545	4.6590524	6.1344914
lay	4.582004	3.1885672	5.406549
occasion	5.151106	4.420231	5.086987
guard	4.687214	3.7987761	5.396618
whole	5.293462	3.8773518	5.3107543
mouth	5.3075156	4.4347644	5.384691
receive	6.496334	4.1537633	6.3451023
take	5.37406	3.979001	5.5800433
simple	6.17119	3.9238675	6.059259
error	3.2809908	4.2517505	4.0179563
wisdom	6.657795	4.103618	6.295356
rock	5.213567	4.2567067	5.095654
decide	5.088609	4.04935	5.520829
exclaim	5.905351	4.606465	5.8518906
assure	6.7891707	4.0406513	6.613703
sign	5.0048547	3.6413825	5.3165164
preserve	5.913527	3.664822	6.0543075
commerce	5.200128	4.0874767	5.4072757
plant	4.8307433	3.7626684	5.061839
walk	5.76548	3.5034099	5.9356213
difference	5.0149555	3.935898	5.1251717
hang	4.754313	3.8740554	4.9735255
following	6.6119385	3.4418423	6.081709
employ	4.7209115	3.7336092	6.0639095
