deal	4.7839484	4.5440507	5.2542996
study	6.122927	3.9202585	6.372169
afford	5.9583893	4.116531	5.6156135
service	5.532694	3.8272743	5.711908
height	5.0598836	4.167217	5.0406895
prospect	6.853986	4.480721	5.9738307
pleasant	6.6808705	3.71344	5.914616
shade	4.938308	3.7255173	5.2376957
listen	5.5082374	4.247881	5.7357297
mighty	5.482328	4.450274	5.5422993
country	5.211134	3.895956	5.3175697
title	6.585741	3.9053917	6.4030113
choose	5.4015493	3.6918588	5.742659
village	5.8836226	4.1078477	5.4450293
acquire	6.2982016	4.4288354	6.533387
rank	5.367368	4.257389	5.630489
bow	5.7656155	3.5309534	5.8253136
doctor	4.920765	3.921308	4.935935
talent	6.804413	4.6976123	6.7038555
source	6.068518	4.311495	5.6793413
lead	5.201101	4.003606	5.698761
question	4.9896975	3.9841254	5.3691006
publish	5.4029665	3.921413	5.613429
interest	5.9541316	3.908577	5.75115
serve	4.8599095	3.4934733	5.42082
divine	6.4098473	4.1301923	5.6778517
put	5.7339573	3.7937472	5.8549447
shadow	5.018923	3.3536012	5.067606
practical	5.423565	3.8717067	5.8049526
surface	4.7627573	3.288939	4.6817017
account	6.017967	4.0056553	5.687768
loss	4.443979	4.5883307	4.572615
indian	4.739258	5.105552	5.061452
vine	6.0663137	3.757568	5.706819
certain	4.930226	4.4718	5.2284803
sin	3.7878826	4.315555	4.498518
necessity	4.37022	4.2694025	4.7227416
lose	4.8245187	4.3733296	5.195174
private	4.267334	3.5622544	5.0940027
gentleman	5.6416063	3.7007713	5.3902326
daughter	5.6674647	4.277736	4.97409
drive	4.137328	4.62552	4.58872
strange	4.80428	4.6696224	4.6585417
journey	6.275733	3.6456938	5.762235
uncle	6.6629796	3.7476091	6.3050365
species	5.2442536	4.978034	5.0621696
think	5.5991306	4.1216183	5.580972
bed	5.3281794	3.4115598	5.3906913
wind	5.195727	4.0673265	5.0934567
bless	7.417794	4.1633286	6.3884306
destroy	3.546375	4.833553	4.6832504
author	5.721042	4.46968	5.35382
sustain	5.1948814	4.1280985	5.637331
black	4.1635895	4.8516183	4.5633903
event	5.714026	4.2879305	4.7959037
liberty	6.6481085	4.5436034	6.0790544
negro	4.2256064	4.3504324	4.4201503
little	5.00733	3.8380783	5.0584564
fortune	6.2173223	4.3000484	5.752377
touch	5.469757	3.8158717	5.374226
kill	4.1982737	5.2293735	4.8389854
feature	5.197368	3.8712525	5.4263067
happiness	7.5128574	4.3367095	6.694276
assume	4.12706	3.8289237	4.9890428
notion	6.0200047	3.956568	5.666174
purchase	6.2388186	3.657182	6.3404274
faithful	6.1271133	3.6628633	5.975876
soldier	4.3297505	4.752257	4.863746
father	5.755402	3.9081368	5.250438
narrow	3.4300365	3.518141	4.3135614
great	5.212049	4.22266	5.2477508
tear	3.471741	4.008418	4.14142
honorable	5.561887	4.145341	5.817027
previous	4.5145664	3.9880104	4.95636
good	5.999986	3.9611037	5.9971023
domestic	4.751639	3.656375	4.671025
glory	6.9055743	4.591999	6.304321
lay	4.780403	3.3263264	5.7290444
occasion	5.206211	4.39526	5.018128
guard	5.014671	3.8452353	5.4667373
whole	5.2550716	3.9630213	5.1103945
mouth	5.2067018	4.0415454	5.569593
receive	5.878921	3.7413075	5.8926554
take	5.1091156	3.9155369	5.834462
simple	5.919365	3.7025683	5.762714
error	3.9137676	4.345023	4.519068
wisdom	6.4283166	3.9992905	6.0898657
rock	5.2620506	4.209902	5.2113557
decide	4.9000707	4.029068	5.42867
exclaim	5.4395227	4.928628	5.6187515
assure	6.7986507	4.1330676	6.50191
sign	5.0465617	3.411716	5.1659107
preserve	5.8250055	3.3626118	5.836068
commerce	5.2799664	4.3401213	5.274872
plant	4.6844387	3.9858735	5.155495
walk	5.763516	3.711422	5.9104033
difference	5.300436	4.1370387	5.272952
hang	4.997444	3.739781	5.283486
following	6.3380585	3.4606075	5.7479753
employ	4.9118466	3.7581081	5.900012
