deal	4.943846	4.440862	4.9148674
study	6.154838	3.8525012	6.344632
afford	6.1729693	4.051922	5.81985
service	5.8598046	3.6607325	6.03558
height	5.109839	4.160954	5.1006284
prospect	6.755962	4.205663	5.9872785
pleasant	6.7852926	4.035778	6.0648866
shade	5.012017	3.749648	5.227899
listen	5.3521485	4.3591313	5.5079174
mighty	5.602213	4.6455503	5.479284
country	5.505791	3.9307435	5.401758
title	6.476311	3.7511134	5.9911575
choose	5.5173783	3.687649	5.9268765
village	6.203448	3.883904	5.4924335
acquire	6.529289	4.57985	6.7341223
rank	4.9378347	4.0738316	5.0747237
bow	5.8220572	3.406406	5.8648787
doctor	4.9206367	3.9479094	4.7885284
talent	6.9069934	4.4580708	6.5418954
source	5.995457	4.2419624	5.6945543
lead	4.826749	3.8561177	5.5173025
question	5.151076	3.9623456	5.4134073
publish	5.2440553	4.0403876	5.5959005
interest	6.003075	4.2860756	5.8128576
serve	5.117257	3.4657488	5.7005525
divine	6.235354	3.7219858	5.611578
put	5.5394926	3.8231452	5.7582865
shadow	4.76631	3.4394677	4.9932585
practical	5.3681145	3.9626398	5.9087863
surface	5.2334275	3.2576144	5.003948
account	5.8211055	3.7905183	5.575391
loss	4.557857	4.6163836	4.5731287
indian	4.93069	4.628892	5.405554
vine	6.438259	3.7132053	5.907181
certain	5.155153	4.3412213	5.5280833
sin	3.6336956	4.196954	4.2753534
necessity	4.4598947	4.213607	4.9415007
lose	4.7221074	4.4805026	5.382444
private	4.320168	3.752862	5.288888
gentleman	5.580897	3.778143	5.225471
daughter	5.8645635	4.4322724	5.2357516
drive	4.3806124	4.7528334	4.5885816
strange	4.7498236	4.7174745	4.610133
journey	6.2101183	3.8639324	5.7693377
uncle	5.629259	3.76156	6.2722087
species	5.561009	4.544668	5.1031284
think	5.3795986	4.37743	5.417675
bed	5.3985033	3.3293998	5.3249626
wind	5.334065	3.9541194	4.9443703
bless	7.301629	3.9603932	6.3845234
destroy	3.8668027	4.870272	4.7493277
author	5.4362597	4.319575	5.155349
sustain	5.1544614	4.07903	5.6174884
black	4.8030176	4.5463023	4.6581726
event	5.769456	4.4669027	4.960478
liberty	7.095087	4.90251	6.2672563
negro	3.962275	4.523418	4.358756
little	5.1592493	3.914057	5.23967
fortune	6.1773887	4.567746	5.561804
touch	5.5931764	3.8065526	5.479641
kill	4.461967	5.042523	4.7399626
feature	5.2598886	3.8556156	5.38552
happiness	7.4479837	4.3564177	6.661872
assume	4.1168275	3.7718866	4.9342866
notion	5.673521	4.056434	5.4784966
purchase	6.0589237	3.6970701	6.2727094
faithful	6.101751	3.8007753	5.968173
soldier	4.3820133	4.361836	4.913593
father	5.610164	3.9354382	5.1090355
narrow	3.339004	3.8397384	4.404342
great	5.6298447	4.0513387	5.214374
tear	3.866189	4.0934668	4.4608564
honorable	5.575343	4.1584134	5.916413
previous	4.4550095	3.9009008	4.9423547
good	6.1067758	3.917583	5.9233665
domestic	5.1140513	3.7422256	5.2341757
glory	7.011714	4.3708835	6.172786
lay	4.6471934	3.3718882	5.2777414
occasion	5.3263083	4.2172065	5.0739617
guard	4.6074624	4.010311	5.3600802
whole	5.2573466	3.9807284	5.2367496
mouth	5.2726684	3.9595191	5.592222
receive	6.2454433	3.5649211	5.921289
take	5.399914	3.3202138	5.7115684
simple	6.0718393	3.7375855	5.9626045
error	3.5813894	4.391125	4.266966
wisdom	6.099639	4.107506	5.9966946
rock	5.5034666	4.307718	5.2201858
decide	5.1681595	3.9625492	5.67079
exclaim	5.4913316	4.7764053	5.3729177
assure	6.731317	3.9819489	6.4841475
sign	5.097756	3.4509187	5.2654653
preserve	5.822092	3.4979246	5.9672885
commerce	5.598892	4.1993074	5.671196
plant	5.004142	3.7056339	5.2094936
walk	5.6584167	3.6582327	5.7324047
difference	5.3629093	3.7197838	5.004297
hang	5.0482435	3.9831462	5.200257
following	6.3846154	3.2980123	6.0048604
employ	4.8661575	3.7430744	6.1695766
