deal	5.1234674	4.138439	5.42859
study	5.930233	3.8675778	6.285322
afford	6.0666237	4.0149918	5.4957542
service	5.8125095	3.844727	5.9159884
height	5.1402335	4.2975116	5.0967155
prospect	6.82892	4.418179	5.932162
pleasant	6.7923374	4.03862	6.11417
shade	5.000284	3.508852	5.3519797
listen	5.231399	4.12109	5.5927677
mighty	5.6294885	4.633423	5.613362
country	5.5231147	3.635454	5.569793
title	6.2370787	3.5766337	5.795876
choose	5.3928466	3.4999983	5.950426
village	5.89091	4.0156846	5.6138926
acquire	6.2723775	4.283065	6.4993634
rank	5.246274	3.9689646	5.059294
bow	5.8039923	3.491446	5.773919
doctor	4.5750504	3.9441013	4.6160817
talent	6.928628	4.534053	6.64116
source	5.790071	4.236773	5.315504
lead	4.7146077	4.0572376	5.5749526
question	5.637881	3.9844978	5.636742
publish	5.491732	3.971144	5.674601
interest	6.257244	3.9848795	5.8746786
serve	5.011881	3.4971137	5.5805397
divine	6.6022267	4.0118113	5.7499237
put	5.6392756	3.9314609	5.7605195
shadow	4.72221	3.4325182	5.0475664
practical	5.7213755	3.8490236	5.982718
surface	5.2302094	3.1840742	4.801465
account	5.512556	3.8979535	5.411104
loss	4.656003	4.2155366	4.553234
indian	5.0646358	4.9230947	5.4057164
vine	6.1614738	3.550066	5.6131077
certain	4.944121	4.517078	5.4184427
sin	3.5021198	4.268921	4.152479
necessity	4.3560505	4.34216	4.729998
lose	4.5078807	4.064905	4.866747
private	4.7027	3.6009376	5.295756
gentleman	5.78867	3.1887531	5.39567
daughter	5.323289	4.0466046	4.878767
drive	4.2307897	4.692463	4.75389
strange	4.717755	4.8704085	4.631603
journey	5.9223866	4.0032864	5.741044
uncle	6.031439	3.934217	5.895972
species	5.353123	4.652187	5.4170637
think	5.5062675	4.2547092	5.325149
bed	5.372965	3.5365596	5.3873854
wind	5.225059	3.9217095	5.0172815
bless	7.235461	3.9941134	6.2265005
destroy	3.9211748	4.931691	4.758779
author	5.3796387	4.3018126	5.217078
sustain	5.186922	3.9710658	5.591121
black	4.430632	4.3699884	4.5468807
event	5.842502	4.138196	4.882886
liberty	6.9719434	4.904669	6.121681
negro	4.2229686	4.3153377	4.6616645
little	5.3135533	4.0765743	5.223015
fortune	5.853198	4.3038516	5.570397
touch	5.623803	3.6246839	5.476738
kill	4.104532	5.1517715	4.7280426
feature	5.2311726	3.8990164	5.470624
happiness	7.066002	4.3646603	6.3825436
assume	3.9899375	3.6097126	4.9981327
notion	5.3852887	4.0474052	5.346651
purchase	6.303897	3.86217	6.3405123
faithful	6.1846046	3.6369622	6.062475
soldier	4.477877	4.218011	4.982751
father	5.72443	3.802396	5.1439123
narrow	3.6189027	3.9294066	4.544787
great	5.2158012	4.2105684	5.22774
tear	3.904747	4.0396557	4.426364
honorable	5.667974	4.3264875	5.908346
previous	4.544404	3.8974319	4.994182
good	6.491753	3.7889407	6.233496
domestic	5.142665	3.9309194	5.035243
glory	6.747467	4.3847218	6.160177
lay	4.924009	3.372604	5.685002
occasion	5.0705357	4.072023	4.941997
guard	4.8639517	3.7629347	5.28524
whole	5.302888	4.155605	5.2624197
mouth	5.3052297	4.192933	5.5446324
receive	6.2273817	3.7358484	5.994029
take	5.54399	3.6630335	5.7982607
simple	5.9994264	3.8553991	5.8384857
error	3.3856857	4.3106074	4.2439094
wisdom	6.357964	4.0250893	6.2361226
rock	5.5859365	4.402182	5.1252627
decide	5.170313	4.0867925	5.8017926
exclaim	6.020356	4.8495574	5.5518923
assure	6.7855234	4.1740203	6.587303
sign	4.7926455	3.646449	5.125636
preserve	5.7400465	3.3756125	5.7914467
commerce	5.5715733	4.328235	5.6384315
plant	5.0975223	3.7409542	5.3178697
walk	5.534417	3.6729617	5.935853
difference	5.368948	3.8319554	5.221121
hang	4.5342445	3.7680125	4.89811
following	6.5279665	3.537912	6.081393
employ	5.0048695	3.7880669	6.0194006
