deal	4.6162987	4.743982	5.1555243
study	6.4193645	3.7914443	6.487945
afford	6.0918655	4.0955944	5.6019754
service	5.578866	3.773264	5.8673134
height	5.1264052	4.2223325	5.202065
prospect	6.8878393	4.453999	6.0894976
pleasant	6.824095	3.7864537	6.0640883
shade	5.0738935	3.7844539	5.2996807
listen	5.3151913	4.1331015	5.4626226
mighty	5.2865686	4.6853013	5.4512467
country	5.4953065	3.792368	5.5125794
title	6.202886	3.5517569	6.0312543
choose	5.385356	3.758716	5.762538
village	5.9807224	4.0741234	5.372365
acquire	6.408045	4.4463043	6.6407022
rank	4.992282	3.8611035	5.207232
bow	5.9809704	3.5962222	5.5756345
doctor	4.7736	3.985564	5.0068107
talent	6.904232	4.53841	6.7582464
source	6.3543544	4.0535073	5.751444
lead	4.5134478	3.9227865	5.204027
question	5.355156	4.002063	5.584208
publish	5.2472596	3.9612586	5.694087
interest	6.2212305	4.144006	5.9704247
serve	5.0823894	3.366016	5.474704
divine	6.5035915	4.007308	5.686861
put	5.4210343	3.7911563	5.652917
shadow	4.7639146	3.662881	5.0619655
practical	5.6264267	4.023592	6.002176
surface	5.069068	3.273487	4.9521027
account	5.6000624	3.851391	5.599681
loss	4.4030414	4.3206077	4.4202986
indian	5.1165285	4.83479	5.5604553
vine	6.355584	3.878394	6.0606203
certain	4.9847217	4.395399	5.3283315
sin	3.718255	4.294361	4.4150524
necessity	4.211948	4.27613	4.673905
lose	4.913066	4.5337563	5.1915646
private	4.4874516	3.7547395	5.3486576
gentleman	5.2745266	3.6545918	5.309845
daughter	5.5948696	4.2285905	5.1882577
drive	4.346485	4.581436	4.7268343
strange	4.48151	4.650346	4.5617747
journey	6.079291	3.5917501	5.7588816
uncle	5.435276	3.6750574	6.038542
species	5.48712	4.4485135	5.2486973
think	5.1329265	4.223335	5.441959
bed	5.6499987	3.1849017	5.5568314
wind	4.9407167	4.466741	4.8613286
bless	7.369949	4.143408	6.386153
destroy	3.927909	5.283563	4.735379
author	5.548436	4.002508	5.2358394
sustain	5.1090603	3.984908	5.621167
black	4.594833	4.511699	4.5493355
event	5.660585	4.31846	4.9077506
liberty	6.848805	4.8085747	5.911378
negro	4.347829	4.2024517	4.6790533
little	5.2195888	3.9527147	5.014631
fortune	5.804492	4.2335124	5.459666
touch	5.4887457	3.8437254	5.443488
kill	4.211254	4.9631457	4.6947894
feature	5.249959	3.8298213	5.4800806
happiness	7.1772814	4.489057	6.372188
assume	4.211126	3.522897	5.095128
notion	5.6484876	3.9719296	5.435829
purchase	5.9685965	3.7984624	6.3118587
faithful	6.256117	3.7167776	6.0641766
soldier	3.8932805	4.488323	4.7518682
father	5.622572	3.7940176	5.4025416
narrow	3.5361745	3.8687599	4.33782
great	4.902925	4.067814	4.7121515
tear	4.393588	3.682636	4.842407
honorable	5.760701	4.2190595	5.865734
previous	4.43594	3.8435373	5.065135
good	5.852619	3.659498	5.7653794
domestic	5.102327	3.7620254	4.981699
glory	6.8418627	4.5650916	6.093566
lay	4.685804	3.561225	5.178395
occasion	5.2511272	4.1808534	5.082291
guard	4.96889	4.013323	5.321343
whole	5.437069	3.9658122	5.481634
mouth	4.8422356	3.7754538	5.2144656
receive	6.118964	3.615745	5.8815966
take	5.368404	3.6516614	5.6928186
simple	5.926612	3.6950963	5.8223047
error	3.6165812	4.14739	4.1500807
wisdom	6.2087626	4.2271914	6.150004
rock	5.3465343	4.3268967	5.0429807
decide	4.774245	4.136897	5.4031663
exclaim	5.8285737	4.841187	5.6708603
assure	6.864813	4.1432023	6.4865103
sign	5.09298	3.3251195	5.268192
preserve	5.7274256	3.6295006	5.727221
commerce	5.6780562	4.563829	5.722327
plant	5.091674	3.7380385	5.4318333
walk	5.6793756	4.000406	5.7427945
difference	4.935428	4.07911	5.032448
hang	4.5642605	4.022924	4.71783
following	6.706977	3.29419	6.1498938
employ	5.0888157	4.0383496	6.0676584
