deal	4.921268	4.030882	5.24847
study	6.343768	3.9243808	6.5212717
afford	6.4212027	3.928716	5.8684206
service	5.6463137	3.9307728	6.0351157
height	5.420104	4.238252	5.243934
prospect	6.799585	4.501907	5.9810777
pleasant	6.7054806	4.0344954	6.102255
shade	5.1546865	3.4996948	5.258648
listen	5.326005	4.3225555	5.4894433
mighty	5.6783805	4.495252	5.6402264
country	5.5177927	3.6377676	5.706559
title	6.452407	3.749865	5.981168
choose	5.5275755	3.7225296	5.925973
village	6.0862775	3.8013868	5.51876
acquire	6.704585	4.6636004	6.8904595
rank	5.168452	4.01745	5.2491684
bow	5.8624487	3.500285	5.8190126
doctor	4.8393974	3.8826618	4.653393
talent	7.1326084	4.6199837	6.773673
source	6.0577254	3.9168866	5.8162675
lead	5.018968	4.0635834	5.5509267
question	5.394628	3.9424162	5.5774603
publish	5.530115	3.7893252	5.846912
interest	5.6522517	3.9092422	5.5989184
serve	5.111572	3.3869483	5.7857475
divine	6.224204	3.9312036	5.513643
put	5.534809	3.9901018	5.6249785
shadow	4.8387814	3.4140563	5.015323
practical	5.767788	4.044567	6.0981507
surface	5.159949	3.260396	4.836496
account	5.582014	3.9956532	5.44903
loss	4.249618	4.397413	4.635668
indian	5.042493	4.862213	5.1963964
vine	6.458929	3.6808796	5.893921
certain	5.007707	4.4708266	5.353374
sin	3.5619438	4.1470346	4.266007
necessity	4.084916	4.328775	4.6073847
lose	4.540401	4.7014675	5.1511736
private	4.4150476	3.545281	5.461795
gentleman	5.903397	3.6733048	5.4382267
daughter	5.7297664	4.438865	5.127463
drive	3.9331234	4.6864066	4.602681
strange	4.4439163	4.9987383	4.5088673
journey	5.845565	3.7737079	5.6593676
uncle	6.7573404	3.7237306	6.6164403
species	5.666549	4.3747106	5.320946
think	5.5671983	4.251715	5.4677305
bed	5.204869	3.2782693	5.1901364
wind	5.207969	4.0660706	4.9763227
bless	7.216492	4.0367184	6.338597
destroy	3.9742117	4.988466	4.8785863
author	5.368887	3.997121	5.037243
sustain	5.109984	3.9188461	5.620202
black	4.807354	4.5019126	4.516327
event	5.7303643	4.5195956	5.003244
liberty	6.7700734	4.77839	6.1276417
negro	4.5408354	4.429047	4.5056024
little	5.0127964	4.0435305	5.108272
fortune	5.8134847	4.1657667	5.6107903
touch	5.71117	3.5218308	5.551875
kill	4.254965	4.7031174	4.8006544
feature	5.5615754	3.8208025	5.3287454
happiness	7.2566247	4.2104983	6.5930033
assume	4.110989	3.8640409	5.028654
notion	5.5739555	4.0520525	5.2851133
purchase	6.22583	3.847006	6.3970623
faithful	6.1084304	3.6752048	6.007872
soldier	4.3896337	4.4499536	5.039401
father	5.6769166	4.0417395	5.3124657
narrow	3.2639027	3.9137259	4.200201
great	5.15495	4.1522546	5.0943565
tear	3.9019537	3.8988538	4.688884
honorable	5.5622454	4.4033985	6.023269
previous	4.360219	4.0622625	4.955956
good	6.183912	3.4668992	6.179608
domestic	5.067875	3.8105526	5.0124264
glory	6.6033044	4.466129	6.147218
lay	4.7878494	3.07135	5.3477864
occasion	5.0225534	4.3377404	4.893611
guard	4.803243	3.8052692	5.270999
whole	5.3139086	4.1158304	5.2480507
mouth	5.5053577	4.00886	5.415906
receive	6.61428	3.51558	6.257341
take	5.072563	3.589843	5.6201186
simple	6.235264	3.7694888	5.898576
error	3.5386891	4.294919	4.187733
wisdom	6.245654	4.104904	6.055286
rock	5.4036946	4.147965	5.063743
decide	4.8445196	4.110878	5.518014
exclaim	5.582258	4.6710644	5.4772906
assure	6.9881544	4.0230126	6.6443505
sign	5.0667863	3.4673092	5.1835456
preserve	6.065493	3.434264	6.050787
commerce	5.649086	4.4605064	5.586835
plant	5.20321	3.6368575	5.2164063
walk	5.434334	3.9065213	5.6053543
difference	5.364199	3.9172494	5.284094
hang	4.72835	3.6474347	5.1924815
following	6.609387	3.6144712	6.0161533
employ	5.319975	4.0783696	6.3427167
