deal	4.989643	4.469543	5.1617694
study	6.4149084	3.9636855	6.592211
afford	6.048233	3.6453245	5.4318247
service	5.702689	3.7159417	6.037686
height	5.2163887	4.094952	5.345696
prospect	6.671443	4.2144647	6.0415845
pleasant	6.726889	3.9776764	6.0859356
shade	4.9496813	3.5933673	5.185511
listen	5.256944	4.173813	5.5390415
mighty	5.665059	4.655727	5.4092336
country	5.176582	3.8072693	5.467544
title	6.557301	3.6060038	6.3207555
choose	5.357018	3.6459308	5.7635036
village	6.249606	3.821496	5.659521
acquire	6.606636	4.2806177	6.689121
rank	5.2335167	3.7515986	5.1047425
bow	5.8980217	3.3367906	5.8099
doctor	4.863284	4.047129	4.8703537
talent	6.896904	4.6560144	6.823531
source	5.9998918	3.8689137	5.6651216
lead	5.2115655	3.8766544	5.506068
question	5.032866	3.871164	5.304857
publish	5.294402	4.0659432	5.772709
interest	6.088151	3.859521	5.6343393
serve	5.1319933	3.3455262	5.6616826
divine	6.478426	3.9889765	5.6903024
put	5.634734	3.8794513	5.637968
shadow	4.7510138	3.459105	4.996717
practical	5.55982	3.9566908	5.8845344
surface	4.861739	3.3657703	4.785346
account	5.5381885	4.052531	5.358105
loss	4.563393	4.1884937	4.4085617
indian	5.069371	4.97509	5.369211
vine	6.19252	3.8313906	5.930346
certain	4.851025	4.735238	5.3524466
sin	3.5886168	4.41037	4.3866434
necessity	4.441405	4.3625965	4.8591113
lose	4.6272364	4.4151845	5.113887
private	4.350342	3.7157414	4.998919
gentleman	5.392148	3.7173	5.394969
daughter	5.452529	4.214281	5.0382247
drive	4.3737383	4.653046	4.7403665
strange	4.8071246	4.7218885	4.6680775
journey	6.1264353	3.8390248	5.982932
uncle	6.203499	4.091688	5.963855
species	4.9394836	5.0127387	4.802612
think	5.6809273	4.0500765	5.5612955
bed	5.0019665	3.2383897	5.2736187
wind	5.040214	4.2341266	4.9799566
bless	7.0377665	3.9548697	6.225409
destroy	3.8098407	5.0743904	4.722485
author	5.602399	4.211822	5.3285427
sustain	5.142255	4.00533	5.46993
black	4.495851	4.374685	4.553367
event	5.676717	4.2934647	4.968086
liberty	6.842145	4.741076	6.20718
negro	4.6089983	4.5500855	4.814267
little	5.1180587	4.1956186	5.136056
fortune	6.0911007	4.041638	5.5556045
touch	5.719507	3.6065567	5.562087
kill	4.4691153	5.077918	4.712721
feature	5.2013655	3.956024	5.4035907
happiness	7.0933447	4.214163	6.5245724
assume	4.4856296	3.7170386	5.2614827
notion	5.8289866	3.9323804	5.566188
purchase	6.3350344	3.7200289	6.5346575
faithful	6.269598	3.5089607	6.121127
soldier	4.867818	4.343858	5.057178
father	5.7519603	4.100531	5.5201445
narrow	3.6772666	3.801373	4.359618
great	4.9648876	4.151418	5.1302524
tear	4.0506587	4.05722	4.5239716
honorable	5.4445124	4.1105623	5.8546414
previous	4.596407	3.7596679	5.0271435
good	5.8948083	3.449977	5.902741
domestic	4.9476714	3.798586	4.9417477
glory	6.701777	4.3450475	6.125024
lay	4.925389	3.6534538	5.5786176
occasion	4.908374	4.1494594	4.953733
guard	5.1443458	3.558501	5.2835846
whole	5.1976933	4.1621294	5.2427425
mouth	5.0999665	4.013505	5.5150394
receive	6.1845274	3.6259809	5.901314
take	5.658102	3.5519557	5.875105
simple	6.0489244	3.8219032	5.774186
error	3.4830067	4.2006497	4.2219296
wisdom	6.138777	3.963571	6.1547074
rock	5.156104	4.1611996	5.047421
decide	4.9412537	3.9307635	5.5919995
exclaim	5.9044175	4.685527	5.5781026
assure	6.8283243	3.897942	6.5412893
sign	4.873272	3.8469896	5.173984
preserve	5.9619265	3.4066694	5.845344
commerce	5.764914	4.485992	5.686494
plant	4.751804	3.7804213	5.130617
walk	5.6696434	3.7700806	6.02328
difference	4.735419	4.0477333	4.9606304
hang	4.7441735	3.7246652	5.076519
following	6.4773903	3.3914595	5.867121
employ	5.155346	3.8395739	6.215111
