deal	4.8501654	4.357191	5.088246
study	6.082468	3.9869366	6.354802
afford	6.081707	4.0894694	5.6919355
service	5.958223	3.788674	6.037499
height	5.2932205	4.2207813	5.1000986
prospect	6.8591824	4.3184614	5.959382
pleasant	6.8729715	3.6569612	6.0617914
shade	5.149162	3.5816855	5.3039503
listen	5.4111414	4.2718935	5.633415
mighty	5.7036347	4.4376683	5.4585333
country	5.502138	3.7845287	5.2731466
title	6.242898	3.655636	6.0642242
choose	5.614349	3.7482665	5.978452
village	6.0822473	4.130023	5.4129243
acquire	6.563542	4.517335	6.6653013
rank	5.2239594	4.2703586	5.1975636
bow	5.81808	3.4455707	5.6787057
doctor	4.915016	4.10139	4.984105
talent	7.025134	4.707647	6.8151207
source	5.5778522	4.396122	5.275278
lead	5.056897	4.1382384	5.606723
question	5.4957447	3.9003153	5.5882683
publish	5.3963513	3.839075	5.9210267
interest	5.8022385	4.2069855	5.6338844
serve	5.046558	3.5584002	5.5864153
divine	6.33471	3.9971614	5.6347837
put	5.81497	3.984529	5.8271065
shadow	4.953616	3.3714013	5.1624956
practical	5.5486317	3.9494948	5.935252
surface	5.0557585	3.3391566	4.9571724
account	5.56135	3.912157	5.4683995
loss	4.331412	4.4780483	4.409665
indian	4.9439764	4.776017	5.4588833
vine	6.233665	3.9807882	6.0017204
certain	4.9123306	4.5426416	5.4505286
sin	3.4461598	4.4440384	4.1850367
necessity	4.3714747	4.313444	4.86257
lose	4.652434	4.5516043	4.992426
private	4.5214663	3.6607313	5.271431
gentleman	5.7418833	3.4732397	5.389241
daughter	5.2923236	4.3735	4.763741
drive	3.9528444	4.8064904	4.6610746
strange	4.7315373	4.6031733	4.6380324
journey	5.87195	3.6107697	5.7401457
uncle	5.6280355	3.5927095	5.620854
species	5.566311	4.692286	5.3803153
think	5.512137	4.2524123	5.6067095
bed	5.52498	3.6475768	5.405832
wind	5.1011066	4.067441	4.9565835
bless	7.0467033	3.9837692	6.210397
destroy	3.9300804	4.9453635	4.779069
author	5.639801	4.2614136	5.2828603
sustain	5.1533546	4.0163317	5.6867275
black	4.1620293	4.532238	4.3551164
event	5.7982936	4.3812804	5.110441
liberty	6.958931	4.7195	5.9983926
negro	4.4759827	4.1594224	4.4251146
little	5.005339	4.118496	4.9061265
fortune	6.0917025	4.4000616	5.563613
touch	5.717979	3.650183	5.60146
kill	4.36011	5.28473	4.8159537
feature	5.202036	3.8553534	5.2127914
happiness	7.229516	4.4605126	6.41705
assume	4.2936373	3.7488647	5.0400114
notion	5.766653	4.1232243	5.360715
purchase	6.3046656	3.6848266	6.435008
faithful	6.1627455	3.6552176	5.9946404
soldier	4.397393	4.431469	4.943527
father	5.7328725	3.9620023	5.1651015
narrow	3.5112488	3.9523716	4.460864
great	5.0466356	4.246385	5.2294707
tear	3.8166375	4.2183	4.3764224
honorable	5.5794373	4.2676687	5.9410357
previous	4.5501523	4.078911	5.022102
good	5.752192	3.752123	5.980089
domestic	4.96619	3.8305948	4.8897924
glory	6.758168	4.6198297	5.9208198
lay	4.9654064	3.5269265	5.4742646
occasion	4.991427	4.402629	5.0242786
guard	4.635598	3.9415772	5.169423
whole	5.166809	4.0887017	5.139779
mouth	5.3957434	4.1523185	5.6310444
receive	6.486077	3.5815501	6.14392
take	5.289831	3.7701077	5.7806835
simple	6.0523295	3.703291	5.7743025
error	3.3287385	4.3492823	4.0677266
wisdom	6.2042217	4.069451	6.254877
rock	5.382538	4.2054563	5.145734
decide	4.8517194	4.1186786	5.571585
exclaim	5.8000617	4.588676	5.7168493
assure	6.576196	4.131918	6.40963
sign	4.9562283	3.6193404	5.2925596
preserve	6.0400124	3.4836702	5.936978
commerce	5.639012	4.309566	5.577139
plant	5.1503572	3.8697379	5.3381753
walk	5.5760546	3.6622329	5.7885075
difference	5.2295446	3.832298	5.3366385
hang	4.674891	3.8419652	4.9863024
following	6.860653	3.4412324	6.2479515
employ	4.883161	3.945901	5.9366927
