deal	4.6892924	4.1555476	5.260385
study	6.223424	4.1221538	6.384014
afford	6.458289	4.104918	5.8430767
service	5.821852	4.006994	5.836726
height	5.224902	4.471065	4.988497
prospect	6.706334	4.2821555	6.011471
pleasant	6.9638996	3.9348044	6.0804753
shade	5.096175	3.7287645	5.2707095
listen	5.0424385	4.2382903	5.236189
mighty	5.281783	4.381605	5.2852306
country	4.9635296	3.8847094	5.2760506
title	6.251995	3.7441142	6.0504093
choose	5.499611	3.4804554	5.8048177
village	6.131426	4.1217365	5.6937795
acquire	6.4739113	4.484873	6.6895113
rank	5.194958	4.0407453	5.3507915
bow	5.7966757	3.4449267	5.8031535
doctor	4.600611	4.2154574	4.714602
talent	6.956483	4.644538	6.772535
source	6.278918	4.42351	6.0378747
lead	4.725396	3.8604736	5.2346134
question	5.4957886	3.8660028	5.450722
publish	5.5705004	3.7540746	5.8970814
interest	5.8114214	3.945411	5.6104918
serve	5.2758675	3.5210848	5.7474847
divine	6.388925	3.8308764	5.584311
put	5.363765	3.687976	5.3981547
shadow	4.952991	3.4910748	5.0121126
practical	5.663254	4.011279	5.9820776
surface	5.196226	3.2068696	4.7359056
account	5.4316387	3.872637	5.550384
loss	4.485571	4.1231456	4.621608
indian	4.842382	4.8029823	5.209836
vine	6.581003	3.9039497	5.9856224
certain	4.9303627	4.633587	5.2319403
sin	3.4381313	4.3775845	4.3735213
necessity	4.1164546	4.310209	4.783363
lose	4.5959315	4.3820763	4.9307213
private	4.2932067	3.6458807	5.1664743
gentleman	5.5306907	4.019248	5.0093565
daughter	5.427365	4.1342163	4.766423
drive	4.1307077	4.630119	4.762169
strange	4.643451	4.8281455	4.633075
journey	6.114795	3.5702953	5.6822076
uncle	5.4011035	4.0552764	5.772923
species	5.3246236	4.599774	5.085746
think	5.47789	4.120685	5.607684
bed	5.532425	3.4449599	5.560106
wind	5.059178	3.9473963	5.0588307
bless	7.548294	4.106968	6.506067
destroy	3.8618762	4.9289703	4.7112684
author	5.801045	4.2643023	5.3012886
sustain	4.9884787	3.726585	5.632066
black	4.3663588	4.508341	4.262605
event	5.802018	4.5082173	5.0792775
liberty	7.182541	5.0050144	6.357107
negro	4.470167	4.4908524	4.4797993
little	4.8633	3.9250734	5.1813993
fortune	5.846568	4.1612697	5.5108786
touch	5.5357885	3.6608686	5.3237996
kill	4.2239504	5.123877	4.7541456
feature	4.9549403	3.7135775	5.126987
happiness	6.974963	4.417857	6.362043
assume	4.1051054	3.7067494	4.9827113
notion	5.8940663	4.0657444	5.6564074
purchase	6.0772543	3.6110291	6.2849336
faithful	6.3768344	3.4718235	6.1371365
soldier	4.5686755	4.4432673	5.064728
father	5.313467	4.4664965	5.0412273
narrow	3.1285927	3.866877	4.025362
great	5.1447635	4.183221	5.238125
tear	4.0215564	4.0016117	4.48065
honorable	5.4427223	4.2938943	5.7622004
previous	4.615618	3.9696717	5.163053
good	6.2915044	3.6265643	6.0904016
domestic	5.308941	3.7745395	5.202697
glory	6.4876213	4.3764477	6.049039
lay	4.7734003	3.3247714	5.713732
occasion	4.9390526	4.13834	4.7672577
guard	5.200784	3.7839944	5.3113217
whole	5.2755055	3.9250813	5.007134
mouth	4.9313455	4.264599	5.258988
receive	6.650524	3.882612	6.309863
take	5.0971975	3.6398404	5.580676
simple	6.180158	3.9156404	5.985609
error	3.428998	4.286913	4.3054543
wisdom	6.191683	4.1889615	6.0779395
rock	5.700199	4.0299773	5.290434
decide	4.987464	3.7974887	5.4321003
exclaim	5.859401	4.8506527	5.704818
assure	6.9002037	4.0360923	6.6250362
sign	5.009473	3.6056993	5.1137924
preserve	5.942835	3.7021105	5.873837
commerce	5.5270796	4.362926	5.6805882
plant	4.989598	3.901509	5.180318
walk	5.697348	3.638618	5.7767115
difference	4.746101	3.9964895	5.0571914
hang	4.8971214	3.7584772	5.276171
following	6.9509325	3.795684	6.015211
employ	5.2957497	3.9593742	6.357213
