deal	4.9249997	4.3279333	5.05579
study	6.363746	3.8569431	6.628238
afford	6.3470197	3.8450441	5.85462
service	5.9448185	4.015995	6.076806
height	5.0096946	4.482352	4.9328833
prospect	6.744208	4.387216	6.069194
pleasant	6.9597445	3.8229268	6.2961087
shade	4.9256644	3.752666	5.2077675
listen	5.086344	4.2282553	5.5605464
mighty	5.818554	4.5068216	5.6412706
country	5.493382	3.6494071	5.565036
title	6.74487	3.557435	6.1270237
choose	5.2026415	3.539796	5.7793055
village	6.1105	4.11531	5.580127
acquire	6.7094297	4.617981	6.8502073
rank	5.028884	4.0915923	4.958915
bow	5.5883656	3.2089396	5.6517477
doctor	4.85255	3.88444	4.834728
talent	6.9266133	4.631387	6.739562
source	6.045065	4.275462	5.609516
lead	4.815023	3.9771888	5.382535
question	5.342152	3.635808	5.7556214
publish	5.4770365	3.9009187	5.639564
interest	5.976324	3.7842405	5.7644978
serve	5.2485905	3.2905378	5.5934296
divine	6.335619	4.0241423	5.755975
put	5.3915906	3.908529	5.795627
shadow	4.9630904	3.402296	5.2598596
practical	5.616007	3.9852874	5.8855886
surface	5.184507	3.2069337	4.970072
account	5.5742307	3.9020875	5.5692267
loss	4.5677695	4.775746	4.6801186
indian	5.079168	5.0777817	5.229859
vine	6.216153	3.821409	5.8727427
certain	5.059422	4.5035214	5.4516497
sin	3.4679651	4.497947	4.185378
necessity	4.333723	4.172166	4.847247
lose	4.5306263	4.8154635	5.059664
private	4.1953883	3.796361	5.1485724
gentleman	5.6670947	3.4562988	5.3951316
daughter	5.4944615	4.1505165	4.8578
drive	4.146855	4.623892	4.7297287
strange	4.742204	4.8870897	4.53811
journey	6.0900087	3.6982896	5.6883097
uncle	5.8791347	3.9759827	5.6865907
species	5.3695097	4.535188	5.277282
think	5.318034	4.293424	5.31123
bed	5.1269574	3.4230099	5.116156
wind	5.0294585	4.1942835	4.894281
bless	7.2710276	4.0707603	6.3170705
destroy	3.9368477	4.9367566	4.737186
author	5.3603954	4.223966	5.0511136
sustain	5.269826	4.062177	5.734215
black	4.089972	4.202078	4.252417
event	5.96642	4.6063676	5.052372
liberty	6.713064	4.8517995	5.981147
negro	3.9358041	4.485936	4.2488484
little	5.0748224	3.9323616	4.9810915
fortune	6.09151	4.244481	5.4724865
touch	5.636491	3.8530705	5.5220575
kill	4.272705	5.007412	4.685499
feature	5.45642	3.9788017	5.5801682
happiness	7.2705536	4.189211	6.5212917
assume	4.2109623	3.8332887	5.082806
notion	5.54579	3.9160776	5.3962135
purchase	6.241858	3.7822685	6.386021
faithful	6.1659713	3.6377208	5.943628
soldier	4.3779073	4.6500626	4.8298364
father	5.721142	3.9415135	5.3853827
narrow	3.5315626	3.9666605	4.2872763
great	5.276122	4.0354986	5.1706614
tear	3.647039	4.108538	4.484572
honorable	5.603473	4.015378	5.889093
previous	4.4537053	4.070608	4.889838
good	6.352695	3.992104	6.1290846
domestic	4.83963	3.5382042	4.817002
glory	6.8931723	4.319726	6.063592
lay	4.819537	3.276201	5.709413
occasion	5.113059	4.1143823	5.077202
guard	4.4942913	4.009298	5.047289
whole	5.0276055	4.210398	5.005025
mouth	5.053367	4.4408975	5.5417027
receive	6.2442036	3.832811	6.142225
take	5.487067	3.7449822	5.86902
simple	6.2701645	3.9512131	5.8402567
error	3.2491012	4.50483	4.1163354
wisdom	6.1228657	4.088613	6.156328
rock	5.448084	4.248183	5.2092924
decide	5.128827	3.8719394	5.713461
exclaim	5.9803243	4.641487	5.823143
assure	6.7282853	3.8387127	6.630823
sign	5.3049717	3.3954353	5.4419928
preserve	5.7002897	3.4871087	5.9156704
commerce	5.57198	4.214323	5.6529427
plant	4.6063814	3.7770374	5.1041017
walk	5.6789856	3.6899304	5.8132977
difference	5.316201	3.9198263	5.3943977
hang	5.075333	3.8324058	5.230966
following	6.577884	3.4531732	6.06886
employ	4.8168273	4.2110863	6.1463995
