deal	6.168125	3.7600000000000002	5.9675
study	5.943125	4.132499999999999	6.185624999999999
afford	5.8175	3.9762500000000007	5.9193750000000005
service	5.75625	4.261875	5.8012500000000005
height	5.3393749999999995	3.7712500000000007	5.606250000000001
prospect	6.078750000000001	4.5225	5.623125
pleasant	6.714375	4.572499999999999	6.118124999999999
shade	6.001250000000001	3.995625	5.550625000000001
listen	6.031875	3.5925000000000007	5.968124999999999
mighty	5.511875000000001	4.7124999999999995	5.363124999999999
country	5.674375	3.730625	5.512499999999999
title	5.7906249999999995	3.9268750000000003	5.781875
choose	5.756875000000001	3.5787500000000003	5.907500000000001
village	5.6225000000000005	3.7756250000000002	5.4925000000000015
acquire	5.979999999999999	3.9931249999999996	6.246250000000002
rank	5.507500000000001	4.515625000000001	5.833124999999999
bow	5.6068750000000005	4.2675	5.72875
doctor	5.149999999999999	4.23	5.463125
talent	6.523125	4.501874999999999	6.35375
source	5.58125	3.7687500000000003	5.828124999999999
lead	5.880625	4.0756250000000005	5.868125
question	5.910625000000001	4.2318750000000005	6.106875
publish	5.338750000000001	3.7837500000000004	5.82
interest	5.905625	4.16875	6.236249999999999
serve	6.163125000000001	3.5399999999999996	6.11375
divine	6.014375	4.210624999999999	5.493125
put	5.806250000000001	3.761875	5.98125
shadow	5.845624999999998	4.1362499999999995	5.173124999999999
practical	5.6206249999999995	3.7387500000000005	5.6518749999999995
surface	5.089375	3.63875	5.09
account	5.928125	3.6225	6.07
loss	4.030625	4.638125	4.600625000000001
indian	5.555000000000001	4.3968750000000005	5.1825
vine	5.439999999999999	3.720624999999999	5.394374999999999
certain	5.920624999999999	3.6175000000000006	6.221875
sin	5.520625	4.540625	5.2625
necessity	5.0843750000000005	3.973125	5.241874999999999
lose	5.834375000000001	3.886875	5.604375
private	5.4468749999999995	3.9193750000000005	5.425000000000001
gentleman	6.1937500000000005	3.7731250000000003	5.838749999999999
daughter	7.107500000000002	4.4887500000000005	5.673750000000001
drive	5.5581249999999995	3.9781249999999995	5.3275
strange	5.818125	4.133125	5.629375
journey	6.174375	4.135	6.0424999999999995
uncle	5.851875	3.9893750000000003	5.547500000000001
species	5.81875	4.050625	5.836875
think	5.989375000000001	3.7175	5.975624999999999
bed	5.786875000000001	3.65	5.699374999999999
wind	6.166875000000001	3.9118749999999998	5.425000000000001
bless	6.302500000000001	4.515000000000001	5.890625
destroy	4.41375	4.7075000000000005	4.98375
author	5.780625000000001	4.05625	6.008125
sustain	5.223750000000001	3.9068750000000003	5.290625000000001
black	5.620625	3.8337499999999993	5.366875
event	5.475625	4.38375	5.9106250000000005
liberty	5.981875	4.331250000000001	5.766250000000001
negro	4.255000000000001	4.454375	4.7475000000000005
little	6.1137500000000005	3.55625	5.971874999999999
fortune	6.270625	4.3325000000000005	5.676875
touch	6.050000000000001	4.410625	5.5825000000000005
kill	3.759375	4.95125	4.3968750000000005
feature	5.880625000000001	3.8331249999999994	5.81125
happiness	6.789375	4.701874999999999	6.09875
assume	5.641875000000001	3.8650000000000007	5.883125000000001
notion	5.692500000000001	4.108125	5.779375000000001
purchase	6.018124999999999	4.343125000000001	5.726875
faithful	6.2825	4.651875000000001	5.7543750000000005
soldier	4.4575	4.989375	5.035
father	6.360625000000001	4.213125000000001	5.553125
narrow	5.132499999999999	3.64375	5.09
great	5.823125	3.785625000000001	5.841875
tear	5.094375	4.688124999999999	4.921874999999999
honorable	5.9437500000000005	4.40875	6.098750000000001
previous	5.533750000000001	3.931875	5.823125
good	6.0962499999999995	3.705	5.8925
domestic	6.143750000000001	4.175000000000001	5.8618749999999995
glory	6.5512500000000005	4.739375	5.781874999999999
lay	5.449375000000001	4.00375	5.4925
occasion	5.831874999999999	3.8468749999999994	6.225625000000001
guard	4.922499999999999	4.256875	5.389375
whole	5.8575	3.618125	5.555624999999999
mouth	5.51375	3.7993749999999995	5.472500000000001
receive	5.935625000000002	3.845625	5.948125
take	5.96625	3.8037500000000004	5.890625
simple	6.3362500000000015	3.6018749999999997	5.91875
error	5.325625	3.87875	5.895625
wisdom	6.3375	4.2768749999999995	5.925624999999999
rock	5.794375	4.060625	5.272500000000001
decide	5.761874999999999	3.9631250000000007	6.0062500000000005
exclaim	5.920624999999999	4.0925	5.863124999999999
assure	6.1625000000000005	3.6431250000000004	6.038124999999999
sign	5.588125	3.7399999999999998	5.48125
preserve	5.965624999999998	3.8056250000000005	5.8975
commerce	5.220625	3.879999999999999	5.35375
plant	5.33625	3.7649999999999997	5.340000000000001
walk	5.75625	3.70875	5.725625000000001
difference	5.6693750000000005	3.805625	6.155625
hang	5.669375	3.8312500000000003	5.6625
following	6.010625	3.7593750000000004	5.855625
employ	5.204375000000001	4.461875	5.565
