deal	6.193750000000001	3.8693750000000007	6.046874999999999
study	5.938125000000001	4.261875	6.072499999999999
afford	5.7250000000000005	3.8512500000000007	5.793750000000001
service	5.5275	4.209375	5.684374999999999
height	5.400625000000001	3.7775	5.561250000000001
prospect	6.157500000000001	4.5025	5.641875
pleasant	6.6575	4.579374999999999	6.007499999999999
shade	6.015625	4.019375	5.540625
listen	5.887499999999999	3.711875	6.01125
mighty	5.788124999999999	4.7193749999999985	5.738124999999999
country	5.269999999999999	3.9775	5.13125
title	5.963125	3.9612499999999997	5.8325000000000005
choose	5.822500000000001	3.6675	5.996875
village	5.729375000000001	3.7274999999999996	5.642500000000001
acquire	6.000625	3.99875	6.191250000000001
rank	5.7112500000000015	4.398125	5.94625
bow	5.544375000000001	4.039375000000001	5.42625
doctor	4.916875	4.074999999999999	5.1362499999999995
talent	6.533124999999999	4.488124999999999	6.298749999999999
source	5.461250000000001	3.6862500000000002	5.8306249999999995
lead	5.55125	3.9243750000000004	5.6781250000000005
question	5.987500000000001	4.21875	6.135625
publish	5.4243749999999995	3.741875	5.721875000000001
interest	5.849374999999999	4.1225000000000005	6.084374999999999
serve	5.868125000000001	3.731875	5.890625
divine	6.068125	4.195625	5.53625
put	5.6075	3.8206249999999997	5.796875
shadow	5.847499999999999	4.095625	5.18625
practical	5.4	3.91875	5.549999999999999
surface	5.34	3.735625	5.155
account	5.9331249999999995	3.683125000000001	6.057500000000001
loss	3.73625	4.574375	4.454375
indian	5.471874999999999	4.140000000000001	5.1225000000000005
vine	5.643749999999999	3.581875	5.4818750000000005
certain	5.8881250000000005	3.83875	6.1968749999999995
sin	5.37625	4.561875000000001	5.206875
necessity	5.312500000000001	3.954375	5.4156249999999995
lose	5.97125	3.8718749999999997	5.801875000000001
private	5.4137499999999985	3.9975000000000005	5.633125000000001
gentleman	6.183125	3.76375	5.9175
daughter	6.771875	4.637500000000001	5.5756250000000005
drive	5.635624999999999	4.054374999999999	5.432499999999999
strange	5.555000000000001	4.1968749999999995	5.244375
journey	6.208125	4.16875	5.989375
uncle	6.1693750000000005	3.9243750000000004	5.745000000000001
species	5.699375	4.2225	5.584375
think	6.210624999999999	3.7068749999999997	6.1325
bed	5.643125000000001	3.540625	5.501249999999999
wind	6.410625000000001	3.89375	5.548125
bless	6.194374999999999	4.45125	5.770624999999999
destroy	4.445	4.809375	5.216874999999999
author	5.6343749999999995	4.035	5.698124999999999
sustain	5.3256250000000005	4.1031249999999995	5.356875000000001
black	5.738125000000001	4.05125	5.329999999999999
event	5.4193750000000005	4.319375	5.545625
liberty	5.715000000000001	4.184375	5.716875000000001
negro	4.1675	4.478750000000001	4.593125
little	6.0025	3.725625	5.895625
fortune	6.2075000000000005	4.397500000000001	5.702500000000001
touch	6.075	4.3500000000000005	5.614375
kill	4.203125000000001	4.9087499999999995	4.914999999999999
feature	5.831875000000001	3.7306250000000003	5.5575
happiness	6.796250000000001	4.679999999999999	6.145625
assume	5.7562500000000005	3.8675000000000006	5.9906250000000005
notion	5.811250000000001	4.175625	5.94875
purchase	5.923125	4.2368749999999995	5.574374999999999
faithful	6.244999999999998	4.48375	5.68625
soldier	4.608124999999999	5.007499999999999	5.116874999999999
father	6.3625	4.3393749999999995	5.666875
narrow	5.154375	3.4762500000000003	4.909375000000001
great	6.019375	3.895625	5.9475
tear	5.0525	4.6312500000000005	4.906875
honorable	5.8687499999999995	4.59375	6.171250000000001
previous	5.258125	3.9693750000000003	5.826875
good	6.31625	3.669999999999999	6.149375000000001
domestic	6.213750000000001	4.204375000000001	5.899375000000001
glory	6.580625000000001	4.86125	5.858749999999999
lay	5.435625000000001	4.038125000000001	5.514375
occasion	5.978125	3.8193749999999995	6.17875
guard	5.30875	3.9987500000000007	5.6075
whole	5.769999999999999	3.4962500000000003	5.436250000000001
mouth	5.491875	3.7906249999999995	5.3825
receive	5.808750000000002	4.05375	5.9125000000000005
take	5.903125	3.789375	5.860625
simple	6.403125000000001	3.646875	5.920625
error	4.974375	4.210625	5.490625
wisdom	6.1625000000000005	4.1875	5.874375000000001
rock	5.77875	3.881875	5.436875
decide	5.639374999999999	4.07375	5.729375000000001
exclaim	6.08125	4.300625	5.881874999999999
assure	6.050000000000001	3.624375	6.061874999999999
sign	5.61875	3.65125	5.531250000000001
preserve	6.165625	3.88125	5.92
commerce	5.088125	4.100624999999999	5.213125
plant	5.564375	3.870625	5.281875
walk	5.864999999999999	3.7668749999999993	5.744375
difference	5.616874999999999	3.80875	6.106874999999999
hang	5.723749999999999	3.8712500000000003	5.6187499999999995
following	5.79	3.5106250000000006	5.60875
employ	5.294375	4.436875000000001	5.4750000000000005
