deal	5.858750000000001	3.8618750000000004	5.7375
study	5.988125	4.1875	6.155624999999999
afford	5.578125	3.7806249999999997	5.739375
service	5.741249999999999	4.335	5.917499999999999
height	5.2631250000000005	3.766875	5.605
prospect	6.1975	4.560625	5.7
pleasant	6.706249999999999	4.5625	6.131874999999999
shade	5.82	3.96625	5.421875
listen	5.814375	3.744375	5.828125
mighty	5.6775	4.565624999999999	5.47875
country	5.555	3.8949999999999996	5.420624999999999
title	5.744374999999999	3.8637499999999996	5.762500000000001
choose	5.780625	3.6643749999999997	6.016875
village	5.635	3.865625	5.350624999999999
acquire	5.905625	3.964375	6.271875000000001
rank	5.808750000000001	4.283125	5.918749999999999
bow	5.728124999999999	4.1937500000000005	5.836875
doctor	5.226875000000001	3.8899999999999992	5.386874999999999
talent	6.59	4.473749999999999	6.39
source	5.570625	3.68875	5.7975
lead	5.640000000000001	4.0493749999999995	5.775000000000001
question	5.955625	4.1075	6.230625000000001
publish	5.586874999999999	3.695625	5.883125
interest	5.9575000000000005	4.2	6.386249999999999
serve	5.686875000000001	3.758125	5.845
divine	6.0356250000000005	4.206874999999999	5.614375
put	5.771875	3.78	5.914375
shadow	6.005624999999999	4.16875	5.23875
practical	5.60375	3.8243749999999994	5.64875
surface	5.14625	3.8575	5.050000000000001
account	5.955	3.6525000000000007	6.076874999999999
loss	4.021249999999999	4.62875	4.566875
indian	5.4575	4.176875000000001	5.1293750000000005
vine	5.579999999999999	3.604375	5.466875
certain	5.801875000000001	3.8318750000000006	6.128749999999999
sin	5.768750000000001	4.349375	5.450625
necessity	5.24125	4.08125	5.39
lose	6.083750000000001	4.0025	5.814375
private	5.506249999999999	4.151875	5.806875000000001
gentleman	6.131250000000001	3.8081249999999995	5.861250000000001
daughter	7.033750000000001	4.5131250000000005	5.671250000000001
drive	5.567499999999999	4.108125	5.4312499999999995
strange	5.748749999999999	4.19625	5.545
journey	6.163750000000001	4.045625	6.027499999999999
uncle	5.9025	4.03	5.661875
species	5.751250000000001	3.975625	5.705625000000001
think	5.929375000000001	3.7506249999999994	5.968124999999999
bed	5.625625	3.45375	5.4868749999999995
wind	6.313750000000001	4.051875	5.39
bless	6.611250000000001	4.3525	6.095625
destroy	4.909375000000001	4.651250000000001	5.199375
author	5.6825	3.841875000000001	5.89875
sustain	5.243125000000001	3.90375	5.361875000000001
black	5.6868750000000015	3.9724999999999993	5.352499999999999
event	5.54125	4.1725	5.624375000000001
liberty	6.085625000000001	4.296875	5.753125000000001
negro	4.373125	4.28625	4.7925
little	6.01875	3.868125	5.96375
fortune	6.305625	4.50625	5.6937500000000005
touch	6.0287500000000005	4.362500000000001	5.653125
kill	4.11625	4.829375	4.619375000000001
feature	5.74375	3.7749999999999995	5.541875
happiness	7.139375	4.823749999999999	6.429374999999999
assume	5.777500000000002	3.80375	6.031874999999999
notion	5.878125	4.3931249999999995	5.819375000000001
purchase	5.834374999999999	4.299375	5.637499999999999
faithful	6.144374999999999	4.52375	5.759375
soldier	4.915625	4.990624999999999	5.31625
father	6.526875	4.1587499999999995	5.59875
narrow	5.1674999999999995	3.6568750000000003	4.966875
great	5.7787500000000005	3.9081250000000005	5.939375
tear	5.301874999999999	4.4325	5.1118749999999995
honorable	5.918125	4.595	6.1925
previous	5.458749999999998	4.115625	5.69125
good	5.9125	3.8431249999999997	5.864375000000001
domestic	6.348750000000001	4.183125	6.153125000000001
glory	6.559375	4.774375	5.786874999999999
lay	5.3100000000000005	4.105625	5.475
occasion	5.8062499999999995	3.7493749999999997	6.036250000000001
guard	5.041874999999999	4.086250000000001	5.349374999999999
whole	5.818125	3.655625	5.586875000000001
mouth	5.61875	3.7643750000000007	5.44625
receive	5.871250000000002	4.0600000000000005	5.88375
take	5.961249999999999	3.9606250000000003	5.882499999999999
simple	6.059375	3.7393750000000003	5.865000000000001
error	5.21875	4.041250000000001	5.798749999999999
wisdom	6.5125	4.4243749999999995	6.044999999999999
rock	5.8981249999999985	3.8325	5.3168750000000005
decide	5.600624999999999	4.013750000000001	5.840000000000001
exclaim	5.920624999999999	4.0925	5.863124999999999
assure	5.970625	3.730625	5.859999999999999
sign	5.565625	3.783125	5.75125
preserve	6.33625	3.9618749999999996	6.05875
commerce	5.150625	3.9568749999999993	5.3256250000000005
plant	5.555000000000001	3.751875	5.453125
walk	5.8149999999999995	3.7012499999999995	5.86125
difference	5.548125	3.7468749999999997	5.966874999999998
hang	5.74	3.8493749999999998	5.646874999999999
following	5.895625	3.705625000000001	5.8675
employ	5.135625000000001	4.436875000000001	5.448125
