deal	6.0493749999999995	3.7837500000000004	5.72875
study	5.851250000000001	4.448124999999999	6.053124999999999
afford	5.8025	3.7837500000000004	5.816875
service	5.685625	4.078124999999999	5.796874999999999
height	5.344375	3.9306249999999996	5.378125
prospect	6.22125	4.671875	5.7625
pleasant	6.52375	4.671249999999999	6.035624999999999
shade	6.4593750000000005	4.13875	5.611875000000001
listen	6.116874999999999	3.71875	6.0675
mighty	5.710625	4.686875	5.4075
country	5.578125	3.6731249999999998	5.383749999999999
title	5.74	3.9899999999999998	5.976874999999999
choose	5.8075	3.614375	5.889374999999999
village	5.749375	3.85875	5.415625
acquire	5.851250000000001	3.9587499999999998	6.131250000000001
rank	5.661250000000001	4.360625	5.861249999999999
bow	5.557499999999999	4.249375000000001	5.64375
doctor	4.9331249999999995	4.06	5.136875000000001
talent	6.539375	4.5718749999999995	6.336874999999999
source	5.695625	3.7812499999999996	5.875625
lead	5.771875	4.00125	5.799375
question	5.649375000000001	4.12	5.63
publish	5.2975	3.75	5.915000000000001
interest	5.95375	4.1525	6.211874999999999
serve	5.915000000000001	3.575625	5.8656250000000005
divine	6.0075	4.126250000000001	5.485624999999999
put	5.706874999999999	3.683125	5.828125
shadow	6.193749999999999	4.260625	5.3774999999999995
practical	5.5756250000000005	3.8868750000000003	5.7
surface	5.36	3.7787500000000005	5.13375
account	5.866250000000001	3.618125000000001	6.015
loss	4.2225	4.61625	4.723750000000001
indian	5.4375	4.187500000000001	5.130000000000001
vine	5.17875	3.8181249999999998	5.246875
certain	5.821875	3.7275000000000005	6.079999999999999
sin	5.629375	4.459375	5.353125
necessity	5.094375	4.152500000000001	5.306875
lose	5.95125	3.9281249999999996	5.780625000000001
private	5.499375	3.9012500000000006	5.447500000000001
gentleman	5.974375	3.9006250000000002	5.703125000000001
daughter	6.8025	4.515625000000001	5.706875000000001
drive	5.681875	4.020625	5.3675
strange	5.816874999999999	4.21625	5.636875
journey	6.00375	3.9856249999999998	5.873749999999999
uncle	6.254375	3.815000000000001	5.66625
species	5.703750000000001	4.211875	5.554375
think	6.000624999999999	3.67	5.934374999999999
bed	5.79625	3.52875	5.5406249999999995
wind	6.394375000000001	4.01	5.499375000000001
bless	6.640000000000001	4.436249999999999	6.060625
destroy	4.448125	4.70625	5.119999999999999
author	5.663125000000001	4.090000000000001	5.82125
sustain	5.306250000000001	3.7831250000000005	5.391875000000001
black	5.888750000000001	3.9724999999999993	5.43875
event	5.319375	4.188750000000001	5.54125
liberty	6.025	4.218749999999999	5.861250000000001
negro	4.345625	4.4087499999999995	4.6775
little	6.1018750000000015	3.5687500000000005	5.8999999999999995
fortune	6.1293750000000005	4.383125000000001	5.738125
touch	6.181875000000001	4.16125	5.574375
kill	3.83875	4.945625000000001	4.4350000000000005
feature	5.7093750000000005	3.668125	5.618124999999999
happiness	6.732500000000001	4.689374999999999	6.135000000000001
assume	5.728750000000001	3.7331250000000002	5.970625
notion	5.648749999999999	4.206250000000001	5.575000000000001
purchase	5.996249999999999	4.454375	5.768750000000001
faithful	6.496874999999999	4.527500000000001	5.87875
soldier	4.5075	4.968124999999999	5.234999999999999
father	6.6781250000000005	4.02125	5.8
narrow	5.203125	3.44875	4.964375
great	5.829375	3.806250000000001	5.869375
tear	5.52125	4.590625	5.171875
honorable	6.031250000000001	4.573125	6.229375000000001
previous	5.425000000000001	3.889375	5.702500000000001
good	5.989375	3.7774999999999994	5.83
domestic	6.215625000000001	4.126875	5.8656250000000005
glory	6.65	4.74	5.818749999999999
lay	5.5062500000000005	3.95875	5.511875
occasion	5.9025	3.7337499999999997	6.158125
guard	5.204375	4.140625000000001	5.495
whole	5.902499999999999	3.475625	5.585000000000001
mouth	5.61875	3.7643750000000007	5.44625
receive	5.876250000000001	3.8899999999999997	5.928125
take	6.068124999999999	3.783125	5.8999999999999995
simple	6.580000000000002	3.598125	6.14125
error	4.940625	4.171875	5.480625000000001
wisdom	6.4262500000000005	4.3675	5.912499999999999
rock	5.930624999999999	4.006250000000001	5.12375
decide	5.559375	4.023125	5.61
exclaim	6.18375	4.1343749999999995	5.96375
assure	6.046875000000001	3.5825	5.859375
sign	5.637499999999999	3.7325000000000004	5.774375000000001
preserve	6.038125	3.7768750000000004	5.740625
commerce	5.2875	3.9981249999999995	5.329375000000001
plant	5.727499999999999	3.70625	5.439375000000001
walk	5.87625	3.761875	5.7943750000000005
difference	5.593125	3.8043750000000003	5.936874999999999
hang	5.6812499999999995	3.821875	5.746874999999998
following	5.8825	3.708125000000001	5.695
employ	4.94125	4.140625	5.4456250000000015
