deal	5.9375	3.7406250000000005	5.819999999999999
study	5.93	4.218125	6.222499999999999
afford	6.018125000000001	3.8537500000000002	5.929375
service	5.631875	4.05375	5.756249999999999
height	5.303750000000001	3.7043749999999998	5.35125
prospect	6.109375	4.69125	5.618125
pleasant	6.3075	4.154375	5.7856250000000005
shade	5.968125000000001	4.043125	5.501875000000001
listen	5.804375000000001	3.75125	5.697500000000001
mighty	5.39	4.521875	5.215
country	5.578125	3.699375	5.557499999999999
title	5.726249999999999	3.948125	5.8031250000000005
choose	5.8625	3.6375	5.88875
village	5.702500000000001	3.7618750000000003	5.418125000000002
acquire	5.8525	4.03125	6.013125000000001
rank	5.646250000000001	4.46125	5.920624999999999
bow	5.716875	4.260625000000001	5.79125
doctor	5.322500000000001	3.9743749999999998	5.371249999999999
talent	6.52625	4.649374999999999	6.3774999999999995
source	5.654375	3.8043749999999994	5.8462499999999995
lead	5.949375	4.0200000000000005	5.78875
question	5.885625000000001	4.235625000000001	6.060625
publish	5.328125	3.6975000000000007	5.866250000000001
interest	5.923124999999999	4.216875	6.233749999999999
serve	5.973750000000001	3.61875	5.806874999999999
divine	6.0150000000000015	4.17625	5.423125
put	5.655625	3.8293749999999998	5.798125000000001
shadow	5.7731249999999985	4.085	5.14875
practical	5.551875000000001	3.96375	5.81875
surface	4.9506250000000005	3.785625	4.92875
account	5.922499999999999	3.58625	5.9125000000000005
loss	4.24625	4.58875	4.654375
indian	5.546875	4.145625000000001	5.187500000000001
vine	5.296249999999999	3.596875	5.26
certain	6.046250000000001	3.7150000000000003	5.9956249999999995
sin	5.629375	4.459375	5.353125
necessity	5.163125000000001	3.945625	5.305624999999999
lose	5.97875	3.994999999999999	5.5600000000000005
private	5.418125	3.9506250000000005	5.72625
gentleman	6.142500000000001	3.8125	5.926875
daughter	6.463125000000001	4.574375	5.478125
drive	5.723125	4.1968749999999995	5.325625
strange	5.642500000000001	4.165	5.34125
journey	6.260625	4.24375	6.028125
uncle	6.14375	3.93	5.6693750000000005
species	5.733750000000001	4.1025	5.62625
think	6.189999999999999	3.7874999999999996	5.98625
bed	5.639375000000001	3.445	5.425
wind	6.155625000000001	4.1225	5.2075000000000005
bless	6.306875	4.508125	5.81
destroy	4.4399999999999995	4.765000000000001	5.062499999999999
author	5.548750000000001	4.019375	5.763750000000001
sustain	5.306250000000001	3.7831250000000005	5.391875000000001
black	5.631875000000001	4.050625	5.355625
event	5.428125	4.228125	5.67375
liberty	5.651875000000001	4.188750000000001	5.344375
negro	4.381875000000001	4.3975	4.6606250000000005
little	5.961875000000001	3.7975000000000003	5.758125
fortune	6.1343749999999995	4.22125	5.681875
touch	6.281875	4.226875	5.788125
kill	3.8287500000000003	5.016875000000001	4.449375000000001
feature	5.668125000000002	3.6437500000000003	5.58125
happiness	6.665625	4.491874999999999	6.055000000000001
assume	5.808750000000001	3.8600000000000008	5.930625000000001
notion	5.8793750000000005	4.24375	5.646250000000001
purchase	5.928749999999998	4.28625	5.64125
faithful	6.184374999999999	4.445625	5.738125
soldier	4.549375000000001	4.913124999999999	5.15875
father	6.26375	4.23875	5.546875
narrow	5.113124999999999	3.650625	5.019374999999999
great	5.784999999999999	3.7006250000000005	5.7318750000000005
tear	5.07875	4.746249999999999	4.99125
honorable	5.89625	4.679374999999999	6.16375
previous	5.615	3.914375	5.833125000000001
good	5.989375	3.8012499999999996	5.753125000000001
domestic	6.324375000000001	4.0356250000000005	6.026875
glory	6.603750000000001	4.655625000000001	5.808124999999999
lay	5.244999999999999	4.045625	5.526875
occasion	5.76125	3.7043749999999998	5.88375
guard	5.041874999999999	4.086250000000001	5.349374999999999
whole	5.93375	3.6725000000000003	5.67625
mouth	5.4375	3.8112500000000002	5.425625
receive	5.906249999999999	3.880625	5.842499999999999
take	5.991875	3.8568750000000005	5.698124999999999
simple	6.385	3.6981250000000006	5.943124999999999
error	5.1381250000000005	4.086250000000001	5.630624999999999
wisdom	6.303125	4.266875	5.925624999999999
rock	5.9312499999999995	3.939375	5.373125
decide	5.66625	4.001875000000001	5.653125
exclaim	5.99375	4.259375	5.81125
assure	6.208124999999999	3.6487499999999997	5.993749999999999
sign	5.841249999999999	3.675	5.80875
preserve	5.927499999999999	3.7206250000000005	5.7875
commerce	5.240625	3.841249999999999	5.507499999999999
plant	5.63	3.8168749999999996	5.399375
walk	5.784375	3.7749999999999995	5.7212499999999995
difference	5.52	3.630625	5.713749999999999
hang	5.691874999999999	3.8437499999999996	5.660625
following	5.905625	3.7175000000000002	5.936249999999999
employ	5.37375	4.423125000000001	5.440625
