deal	5.944375	3.87	5.821875
study	5.995	4.146249999999999	6.166249999999999
afford	5.82125	3.9506250000000005	5.875
service	5.875	4.079375	5.6274999999999995
height	5.40875	3.83	5.606875000000001
prospect	6.21875	4.5025	5.749999999999999
pleasant	6.679375	4.4556249999999995	6.033125
shade	5.926250000000001	4.0625	5.605625000000001
listen	6.003749999999999	3.7824999999999998	5.932499999999999
mighty	5.736250000000001	4.836874999999999	5.441875
country	5.550625	3.76375	5.358749999999999
title	5.7075	3.950625	5.95625
choose	5.865625	3.601875	5.8999999999999995
village	5.838125	3.60125	5.613125
acquire	5.9262500000000005	4.035	6.270625000000002
rank	5.673750000000001	4.351875000000001	5.684375
bow	5.683749999999999	4.268750000000001	5.773124999999999
doctor	4.91625	4.245	5.244375000000001
talent	6.451875	4.37625	6.338125
source	5.77	3.6424999999999996	5.938125
lead	5.7475000000000005	4.019375	5.675625000000001
question	5.840625000000002	4.1762500000000005	5.998749999999999
publish	5.341875	3.7556250000000007	5.66875
interest	5.98	4.1362499999999995	6.1656249999999995
serve	6.069375000000001	3.6781249999999996	5.92875
divine	6.0756250000000005	4.27	5.52875
put	5.664375	3.826875	5.766875000000001
shadow	6.113124999999999	4.244375	5.346875
practical	5.631875	3.8231250000000006	5.7506249999999985
surface	5.086250000000001	3.76875	5.076875
account	5.923124999999999	3.589375	6.023125
loss	4.043749999999999	4.706875	4.604375000000001
indian	5.723125	4.156875	5.265625
vine	5.325624999999999	3.7224999999999993	5.28
certain	5.882499999999999	3.5325000000000006	6.1118749999999995
sin	5.423749999999999	4.5062500000000005	5.380625
necessity	5.125	4.059375	5.168749999999999
lose	5.811875	3.984999999999999	5.60375
private	5.596875	3.8625000000000003	5.848750000000001
gentleman	6.233750000000001	3.7849999999999997	5.902500000000001
daughter	6.429374999999999	4.627500000000001	5.45875
drive	5.635624999999999	4.054374999999999	5.432499999999999
strange	5.711249999999999	4.204999999999999	5.516875000000001
journey	6.15125	4.1775	6.046874999999999
uncle	6.5081250000000015	4.095	5.783125000000001
species	5.770000000000001	4.14375	5.588125
think	6.043125	3.7768749999999995	5.97875
bed	5.786875000000001	3.5437499999999997	5.442499999999998
wind	6.267500000000001	4.2212499999999995	5.266875
bless	6.366875	4.540625	5.9025
destroy	4.225625	4.828125	4.967499999999999
author	5.701250000000001	4.034375000000001	5.798125
sustain	5.306250000000001	3.7831250000000005	5.391875000000001
black	5.710625	3.9374999999999996	5.355625
event	5.564375	4.264375	5.5975
liberty	5.9725	4.135000000000001	5.8500000000000005
negro	4.240625	4.419375	4.515000000000001
little	6.182500000000001	3.7575000000000003	5.887499999999999
fortune	6.3575	4.551875000000001	5.79
touch	6.0512500000000005	4.1031249999999995	5.634375
kill	4.089375	5.036249999999999	4.685624999999999
feature	5.815625000000001	3.7549999999999994	5.5925
happiness	6.508125000000001	4.424375	5.995625
assume	5.69375	3.7475000000000005	5.8793750000000005
notion	5.597499999999999	4.120625	5.568125000000001
purchase	5.971874999999999	4.296875	5.70375
faithful	5.988124999999999	4.319375	5.655625
soldier	4.571250000000001	4.845624999999999	5.083125
father	6.091875	4.209375	5.573124999999999
narrow	5.079375	3.470625	4.883750000000001
great	5.876874999999999	3.6937500000000005	5.838125000000001
tear	5.125625	4.599375	5.154375
honorable	6.210000000000001	4.474374999999999	6.376875000000001
previous	5.662500000000001	3.865625	5.813125
good	5.954999999999999	3.8424999999999994	5.766875000000001
domestic	6.188750000000001	4.12875	5.868750000000001
glory	6.81625	4.6987499999999995	5.748749999999999
lay	5.4037500000000005	3.9925	5.524375
occasion	5.7974999999999985	3.6412499999999994	6.058750000000001
guard	5.14125	4.036250000000001	5.568125
whole	5.92125	3.588125	5.58375
mouth	5.546250000000001	3.8900000000000006	5.474375
receive	5.906249999999999	3.880625	5.842499999999999
take	5.994375	3.8668750000000003	5.796874999999999
simple	6.458750000000002	3.6006250000000004	5.976249999999999
error	5.438125	3.98125	5.91
wisdom	6.465625000000001	4.294375	5.9643749999999995
rock	5.552499999999999	3.978125	5.228125
decide	5.581874999999999	4.005000000000001	5.6731250000000015
exclaim	5.920624999999999	4.0925	5.863124999999999
assure	6.041875	3.60125	5.865624999999999
sign	5.491250000000001	3.735625	5.558750000000001
preserve	6.0375	3.728125	5.751875
commerce	5.368124999999999	4.039999999999999	5.304375
plant	5.546874999999999	3.6174999999999993	5.4418750000000005
walk	5.771875	3.7268749999999997	5.719374999999999
difference	5.63125	3.7206250000000005	6.045624999999999
hang	5.731874999999999	3.8337499999999998	5.656249999999999
following	6.065625	3.7087500000000007	5.92875
employ	5.168750000000001	4.410000000000001	5.39125
