deal	6.046250000000001	3.9437500000000005	5.81625
study	5.990625	4.250624999999999	6.121249999999999
afford	5.616875	3.845	5.66875
service	5.729375	4.131874999999999	5.7368749999999995
height	5.345	3.835	5.536875000000001
prospect	6.0531250000000005	4.483125	5.67375
pleasant	6.518125	4.381875	5.890625
shade	6.096875000000001	4.0425	5.61875
listen	6.000625	3.8206250000000006	5.895625000000001
mighty	5.71375	4.723749999999999	5.514374999999999
country	5.63625	3.8743749999999997	5.295624999999999
title	5.75875	3.948125	5.935625
choose	5.83625	3.57625	5.882499999999999
village	5.673125000000001	3.835	5.576250000000001
acquire	5.896875	4.055	6.295625
rank	5.718750000000001	4.323125	5.91625
bow	5.554999999999998	4.291250000000001	5.706250000000001
doctor	5.19625	4.079375	5.24625
talent	6.471875000000001	4.398749999999999	6.278124999999999
source	5.68375	3.7443750000000002	5.85875
lead	5.8412500000000005	4.0043750000000005	5.711250000000001
question	5.849375	4.09375	6.0825000000000005
publish	5.4331249999999995	3.7112499999999997	5.740625
interest	6.087499999999999	4.155	6.295624999999999
serve	5.961875000000001	3.6443749999999997	5.91
divine	5.998125000000002	4.154375	5.624375
put	5.738124999999999	3.730625	5.86125
shadow	6.098125	4.131875	5.364374999999999
practical	5.501250000000001	3.835	5.6275
surface	5.083125	3.695625	4.990625
account	5.921250000000001	3.7637500000000004	6.108125000000001
loss	4.32125	4.64	4.8025
indian	5.420625	4.0825000000000005	5.123125000000001
vine	5.681874999999999	3.596875	5.519375
certain	5.708124999999999	3.7637500000000004	6.0112499999999995
sin	5.49875	4.504375	5.354375000000001
necessity	5.206875	4.18875	5.314375
lose	5.94	3.8593749999999996	5.639375000000001
private	5.399375	3.9800000000000004	5.510000000000001
gentleman	6.161875	3.951875	5.863750000000001
daughter	7.0393750000000015	4.509375	5.692500000000001
drive	5.796249999999999	4.0775	5.3999999999999995
strange	5.936875	4.316875	5.566249999999999
journey	6.190625000000001	4.125625	6.016875
uncle	5.848125000000001	4.09375	5.64875
species	5.5600000000000005	4.206250000000001	5.479374999999999
think	6.2524999999999995	3.8018749999999994	6.064375
bed	6.280625000000001	3.5549999999999997	5.859999999999999
wind	6.276250000000001	4.100625	5.286875
bless	6.61125	4.299375	6.019374999999999
destroy	4.444375000000001	4.6850000000000005	5.0181249999999995
author	5.599999999999999	4.151875	5.798125
sustain	5.587500000000001	3.75375	5.518125000000001
black	5.614375	3.974999999999999	5.33875
event	5.221875	4.34875	5.416875
liberty	5.819375000000001	4.224375	5.569375000000001
negro	4.286875	4.441875	4.4956249999999995
little	6.208749999999998	3.6862500000000002	5.89625
fortune	6.771875	4.40125	5.974375
touch	6.1137500000000005	4.266875	5.6475
kill	4.180625	4.988749999999999	4.645
feature	5.787500000000001	3.7724999999999995	5.583125
happiness	6.708749999999999	4.608124999999999	6.1343749999999995
assume	5.8100000000000005	3.809375	5.985
notion	5.756875	4.28125	5.87375
purchase	5.919375	4.27125	5.58625
faithful	6.218125	4.504375	5.6775
soldier	4.728125	4.941249999999999	5.155625000000001
father	6.5725	4.1075	5.704375
narrow	5.179999999999999	3.6512499999999997	5.1031249999999995
great	5.8256250000000005	3.843125	5.773750000000001
tear	5.603749999999999	4.7318750000000005	5.253124999999999
honorable	6.208125000000001	4.552499999999999	6.344375
previous	5.558125	3.946875	5.830000000000001
good	6.02625	3.78875	5.821875
domestic	6.013125	4.0875	5.784375000000001
glory	6.580625000000001	4.86125	5.858749999999999
lay	5.501250000000001	3.9618750000000005	5.532500000000001
occasion	6.044375	3.8287499999999994	6.200000000000001
guard	5.126875	4.026875	5.49625
whole	5.906874999999999	3.6768750000000003	5.543125
mouth	5.531875	3.7612500000000004	5.376875
receive	6.057500000000001	3.80875	5.95625
take	6.076874999999999	3.768125	5.859999999999999
simple	6.438125000000001	3.68375	5.866875000000001
error	5.340625	3.9499999999999997	5.78125
wisdom	6.366250000000001	4.36125	5.909374999999999
rock	5.888125	3.8706250000000004	5.54875
decide	5.606875	3.928125000000001	5.674375000000001
exclaim	6.1125	4.333125	5.853124999999999
assure	6.044375	3.5556249999999996	5.983749999999999
sign	5.60125	3.7262500000000003	5.755000000000001
preserve	6.039375	3.79	5.8237499999999995
commerce	5.063125	4.076875	4.99625
plant	5.663749999999999	3.8362499999999997	5.268125000000001
walk	5.989375	3.7387499999999996	5.748125
difference	5.555624999999999	3.774375	5.972499999999999
hang	5.68375	3.83	5.7056249999999995
following	6.0425	3.821875000000001	5.940625
employ	5.2775	4.3575	5.468125000000001
