deal	5.905625000000001	3.7887500000000003	5.7975
study	5.921250000000001	4.348125	6.1899999999999995
afford	5.72125	3.98	5.82375
service	5.798125000000001	4.21125	5.632499999999999
height	5.46	3.763125	5.525
prospect	6.2425000000000015	4.594374999999999	5.73875
pleasant	6.449375	4.5112499999999995	6.1312500000000005
shade	6.224375	3.9500000000000006	5.6025
listen	5.843125000000001	3.7275	5.8325
mighty	5.628125000000001	4.54375	5.43375
country	5.54625	3.81625	5.481875
title	5.774999999999999	3.891875	5.749375
choose	5.844374999999999	3.58375	6.007499999999999
village	5.6274999999999995	3.803125	5.4
acquire	5.840625	3.8837500000000005	6.107500000000001
rank	5.697500000000001	4.336874999999999	5.860625000000001
bow	5.671874999999998	4.2943750000000005	5.739375
doctor	5.132500000000001	4.00625	5.285625
talent	6.4175	4.329374999999999	6.2124999999999995
source	5.689374999999999	3.6174999999999997	5.793749999999999
lead	5.678125	4.066875	5.7975
question	5.861875	4.105625000000001	6.154375000000001
publish	5.399375000000001	3.7025000000000006	5.756875000000001
interest	5.851874999999999	4.069374999999999	6.263125
serve	6.0287500000000005	3.588125	5.9937499999999995
divine	6.108125	4.305625	5.548750000000001
put	5.780625	3.8006249999999997	5.985625
shadow	5.974375	4.0875	5.234375
practical	5.541874999999999	3.86625	5.749999999999999
surface	5.020625	3.6393750000000002	5.0962499999999995
account	5.919375	3.6593750000000003	6.071875
loss	4.275	4.458125	4.696875
indian	5.544374999999999	4.238125	5.314375
vine	5.529374999999999	3.68375	5.506875
certain	5.78875	3.7668750000000006	6.146875
sin	5.629375	4.459375	5.353125
necessity	5.17625	4.30375	5.406875
lose	5.860625000000001	3.9399999999999995	5.568125
private	5.53125	3.8731250000000004	5.680625000000001
gentleman	6.195625000000001	3.77125	5.818125
daughter	7.033750000000001	4.5131250000000005	5.671250000000001
drive	5.42125	4.0406249999999995	5.33625
strange	5.862499999999999	4.0406249999999995	5.585000000000001
journey	6.270625000000001	4.210625	6.124375
uncle	5.9475	3.9581250000000003	5.578125000000001
species	5.6625	4.18875	5.586875
think	5.989375000000001	3.7175	5.975624999999999
bed	5.7493750000000015	3.6668749999999997	5.571249999999998
wind	6.207500000000001	4.1431249999999995	5.2299999999999995
bless	6.3775	4.554375	5.9037500000000005
destroy	4.89875	4.8168750000000005	5.275625
author	5.694375000000001	4.0025	5.8618749999999995
sustain	5.128125000000001	3.974999999999999	5.328125
black	5.749375000000001	3.9525	5.396249999999999
event	5.374375	4.318125	5.750625
liberty	5.936250000000001	4.153125	5.751875000000001
negro	4.49125	4.3575	4.8225
little	5.819375000000001	3.6362500000000004	5.857499999999999
fortune	6.2731249999999985	4.471875000000001	5.7525
touch	6.131874999999999	4.298125000000001	5.74875
kill	3.9450000000000003	4.8706249999999995	4.731875
feature	5.678750000000001	3.65625	5.558750000000001
happiness	6.931875000000001	4.766875	6.181875
assume	5.748750000000001	3.8856250000000006	5.979375000000001
notion	5.599375	4.135624999999999	5.689375
purchase	5.9537499999999985	4.314375	5.7125
faithful	6.078125	4.571875	5.708125000000001
soldier	4.625624999999999	4.881249999999999	5.131875000000001
father	6.3568750000000005	4.31625	5.595625
narrow	5.205624999999999	3.6106249999999998	5.073125
great	5.719375	3.736875000000001	5.8075
tear	5.1031249999999995	4.478125	4.97625
honorable	6.01125	4.609375	6.201875000000001
previous	5.436249999999999	4.028125	5.72625
good	5.929374999999999	3.8275	5.813125
domestic	6.214999999999999	4.088125000000001	5.925
glory	6.630000000000001	4.916875	5.918749999999998
lay	5.483125	3.975625	5.4125000000000005
occasion	5.915624999999999	3.9156249999999995	6.358125
guard	5.164375	3.908125000000001	5.3825
whole	5.84	3.7131249999999993	5.66625
mouth	5.525	3.8206249999999997	5.529375
receive	5.7475000000000005	3.926875	5.793125
take	5.951875	3.8906250000000004	5.94625
simple	6.260000000000002	3.5743750000000003	5.93375
error	4.965	4.01125	5.5531250000000005
wisdom	6.285	4.351875	5.814374999999999
rock	5.937499999999999	3.899375	5.4375
decide	5.4193750000000005	4.030625	5.635000000000001
exclaim	5.920624999999999	4.0925	5.863124999999999
assure	6.046875000000001	3.5825	5.859375
sign	5.6499999999999995	3.714375	5.73375
preserve	6.0706250000000015	3.7974999999999994	5.833749999999999
commerce	5.248125	4.04625	5.37875
plant	5.831874999999998	3.54125	5.595625
walk	5.571875	3.6656250000000004	5.729374999999999
difference	5.281249999999999	3.556875	5.918749999999998
hang	5.6012499999999985	3.769375	5.54
following	5.9625	3.813750000000001	5.836875
employ	5.329375000000001	4.3343750000000005	5.793125000000001
