deal	5.978125	3.8075	5.7250000000000005
study	6.010624999999999	4.3081249999999995	6.216875
afford	5.8549999999999995	3.9712500000000004	5.865
service	5.558125	4.0718749999999995	5.730625
height	5.368750000000001	3.79875	5.501250000000001
prospect	6.130625	4.659999999999999	5.675625
pleasant	6.8343750000000005	4.366249999999999	6.164375
shade	5.95	3.97125	5.495000000000001
listen	5.7768749999999995	3.645625	5.66
mighty	5.658125	4.645625	5.369999999999999
country	5.504375	3.793125	5.474999999999999
title	5.75875	3.948125	5.935625
choose	5.873124999999999	3.5231250000000003	5.996874999999998
village	5.652500000000001	3.65375	5.430625
acquire	5.9425	3.93375	6.244375000000002
rank	5.703125000000001	4.326874999999999	5.926874999999999
bow	5.482500000000001	3.903125	5.453125
doctor	5.132500000000001	4.00625	5.285625
talent	6.306875000000001	4.404375	6.303125
source	5.686249999999999	3.6806249999999996	6.005625
lead	5.648125	3.828125	5.6362499999999995
question	6.025	4.218125000000001	6.19125
publish	5.351875000000001	3.7225	5.773750000000001
interest	5.996874999999999	4.0337499999999995	6.302499999999999
serve	5.866875	3.6006250000000004	5.883124999999999
divine	6.069375000000001	4.109374999999999	5.376875
put	5.8343750000000005	3.8362499999999997	5.975625
shadow	5.985624999999999	4.1031249999999995	5.230624999999999
practical	5.796875000000001	3.84875	5.867499999999999
surface	5.325625	3.71625	5.156875000000001
account	5.873749999999999	3.5912500000000005	6.000000000000001
loss	4.37375	4.54625	4.830625
indian	5.4275	4.194375000000001	5.1325
vine	5.393124999999999	3.5368749999999998	5.246875
certain	5.951874999999999	3.6537500000000005	6.1187499999999995
sin	5.293125	4.56375	5.150625
necessity	5.320000000000001	3.92	5.395
lose	5.875	3.9375	5.69625
private	5.605	3.81375	5.711875000000001
gentleman	6.1106250000000015	3.863125	5.80125
daughter	7.107500000000002	4.4887500000000005	5.673750000000001
drive	5.69375	4.024375	5.4937499999999995
strange	5.686249999999999	4.325625	5.505000000000001
journey	6.21375	4.1450000000000005	5.999375
uncle	5.946249999999999	4.01	5.583125000000001
species	5.686875000000001	4.1175	5.540625
think	5.955000000000001	3.729375	5.938124999999999
bed	5.812500000000001	3.4487499999999995	5.56875
wind	6.16875	4.060625	5.503750000000001
bless	6.16625	4.470000000000001	5.771249999999999
destroy	4.448125	4.70625	5.119999999999999
author	5.81625	4.019375000000001	5.8374999999999995
sustain	5.485625000000001	3.718125	5.478750000000001
black	5.695000000000001	4.039999999999999	5.440625
event	5.47	4.2975	5.6475
liberty	5.48	4.2787500000000005	5.373125000000001
negro	4.391875000000001	4.3825	4.665
little	6.096875000000001	3.550625	5.925624999999999
fortune	6.5493749999999995	4.409375000000001	5.93125
touch	6.303125	4.265625	5.74875
kill	4.260000000000001	4.889999999999999	4.932499999999999
feature	5.756875000000001	3.7018749999999994	5.695625
happiness	6.841875000000001	4.77875	6.229375
assume	5.674375000000001	3.9325000000000006	5.998125
notion	5.668749999999999	4.2250000000000005	5.653125000000001
purchase	5.9537499999999985	4.314375	5.7125
faithful	6.088124999999999	4.5475	5.645625
soldier	4.453749999999999	5.233124999999999	4.919375
father	6.246874999999999	4.158125	5.524375
narrow	5.416874999999999	3.546874999999999	5.1675
great	5.85375	3.830000000000001	5.988125
tear	4.854375	4.755625	4.841249999999999
honorable	5.89625	4.679374999999999	6.16375
previous	5.496250000000001	3.995	5.841875000000001
good	5.932499999999999	3.78875	5.746875
domestic	6.158125	4.093749999999999	5.869375
glory	6.97625	4.806875	5.79875
lay	5.53125	4.013125	5.654375
occasion	5.808749999999999	3.755	6.0825000000000005
guard	5.10375	4.131875000000001	5.455
whole	5.9868749999999995	3.6149999999999998	5.65875
mouth	5.510000000000001	3.8406250000000006	5.49375
receive	5.926875000000001	4.01375	5.884375
take	5.940625	3.9050000000000002	5.900625
simple	6.260625000000001	3.6374999999999993	6.007499999999999
error	5.001875	4.1537500000000005	5.633749999999999
wisdom	6.41625	4.2631250000000005	5.974999999999999
rock	5.708124999999999	3.8825	5.4593750000000005
decide	5.565625	3.948125000000001	5.798750000000001
exclaim	5.93625	4.225	5.790625
assure	5.95875	3.7075	5.792499999999999
sign	5.568125	3.8825	5.633750000000001
preserve	5.985625	3.8000000000000003	5.900625
commerce	5.1475	4.123124999999999	5.32375
plant	5.521249999999999	3.769999999999999	5.335625
walk	5.963749999999999	3.7218749999999994	5.8375
difference	5.579999999999999	3.6956250000000006	5.946249999999999
hang	5.7925	3.8443749999999994	5.770625
following	6.03875	3.796875000000001	5.954375000000001
employ	5.281875000000001	4.416250000000001	5.5737499999999995
