deal	5.89875	3.89	5.72125
study	6.010624999999999	4.3081249999999995	6.216875
afford	5.7175	4.013750000000001	5.81875
service	5.68625	4.069999999999999	5.639374999999999
height	5.531874999999999	3.9018750000000004	5.719375000000001
prospect	6.1675	4.655625	5.7231250000000005
pleasant	6.800000000000001	4.476875	6.166874999999999
shade	5.753125000000001	3.998125	5.464375
listen	5.874375	3.6900000000000004	5.829375000000001
mighty	5.71	4.6587499999999995	5.611249999999999
country	5.604375	3.8475	5.3618749999999995
title	5.808124999999999	3.98625	5.86875
choose	5.85	3.63125	6.003749999999999
village	5.675000000000001	3.6475	5.460625
acquire	6.034375	4.126250000000001	6.310625000000002
rank	5.736875	4.1156250000000005	5.869375
bow	5.629999999999999	4.276875	5.716875
doctor	5.131875	4.023125	5.285625
talent	6.71625	4.621249999999999	6.410625
source	5.81875	3.7525	5.825
lead	5.918124999999999	3.9593750000000005	5.893750000000001
question	6.060625000000001	4.223750000000001	6.128125
publish	5.265625	3.775	5.879375
interest	5.974374999999999	4.16125	6.198749999999999
serve	5.9725	3.633125	6.011874999999999
divine	6.028125000000001	4.111875	5.454999999999999
put	5.687499999999999	3.7662499999999994	5.91625
shadow	5.756874999999999	4.1468750000000005	5.173749999999999
practical	5.475625000000001	3.95125	5.55875
surface	5.327500000000001	3.759375	5.128125
account	5.970624999999999	3.584375	5.8706249999999995
loss	4.2837499999999995	4.4106250000000005	4.790000000000001
indian	5.55875	4.166875000000001	5.2162500000000005
vine	5.391874999999999	3.7424999999999997	5.475625000000001
certain	5.881875	3.8562500000000006	5.9556249999999995
sin	5.47	4.481249999999999	5.3100000000000005
necessity	5.281875000000001	3.953125	5.508125
lose	5.875	3.88375	5.663125
private	5.5275	3.864375000000001	5.6450000000000005
gentleman	6.041875	3.7137499999999997	5.786875
daughter	6.508125000000001	4.5862500000000015	5.432500000000001
drive	5.698124999999999	4.13	5.402499999999999
strange	5.774375000000001	4.011875	5.578749999999999
journey	6.035625	4.065625	5.896874999999999
uncle	5.821250000000001	3.9112500000000003	5.566250000000001
species	5.531250000000001	3.9656249999999997	5.516250000000001
think	6.0575	3.654375	6.031249999999999
bed	5.8950000000000005	3.583125	5.536875
wind	6.276875	4.079375	5.340000000000001
bless	6.266875	4.520625000000001	5.919375
destroy	4.369375000000001	4.7	5.090624999999999
author	5.557500000000001	3.966875	5.825625
sustain	5.33875	3.81875	5.354375000000001
black	5.751250000000001	4.094374999999999	5.473125
event	5.447500000000001	4.21875	5.533125
liberty	5.704375000000001	4.295	5.4143750000000015
negro	4.460000000000001	4.40375	4.735
little	6.119375000000001	3.6037500000000002	5.968124999999999
fortune	6.185625000000001	4.390625000000001	5.658125
touch	6.258125	4.33875	5.887499999999999
kill	3.9006250000000002	4.9643749999999995	4.52375
feature	5.680625000000001	3.67875	5.591875
happiness	6.8025	4.874999999999999	6.190625
assume	5.82125	3.7193750000000008	5.8900000000000015
notion	5.742500000000001	4.186875	5.557500000000001
purchase	5.874999999999999	4.424375	5.551874999999999
faithful	6.043749999999998	4.471875	5.577500000000001
soldier	4.6	4.951874999999999	5.103125
father	6.218125000000001	4.214375	5.4925
narrow	5.041875	3.513125	4.813125
great	5.87	3.848750000000001	5.886875
tear	5.145625000000001	4.5512500000000005	4.940625
honorable	5.93125	4.563749999999999	6.206875000000001
previous	5.5925	3.9524999999999997	5.793750000000001
good	5.958124999999999	3.7525	5.79875
domestic	6.082500000000001	4.241875	5.801875000000001
glory	6.594375	4.713125	5.727499999999999
lay	5.431250000000001	3.8856250000000006	5.607500000000001
occasion	5.834375	3.7437500000000004	6.028125
guard	5.039375000000001	3.984375	5.49
whole	5.9556249999999995	3.6443749999999997	5.699375
mouth	5.559375	3.872500000000001	5.4225
receive	5.95	3.9724999999999997	6.00375
take	5.98625	3.854375	5.935
simple	6.43625	3.6018749999999997	5.9975000000000005
error	5.26875	4.0475	5.74875
wisdom	6.4174999999999995	4.288749999999999	5.970624999999999
rock	5.961874999999999	3.8443750000000003	5.394375000000001
decide	5.761249999999999	3.9987500000000007	5.7631250000000005
exclaim	6.2406250000000005	4.21875	6.030624999999999
assure	6.156875	3.6568750000000003	5.991249999999999
sign	5.566249999999998	3.855	5.576875
preserve	5.934999999999999	3.7824999999999998	5.7612499999999995
commerce	5.15125	4.15375	5.0512500000000005
plant	5.598125	3.8193749999999995	5.3968750000000005
walk	5.846874999999999	3.80625	5.699999999999999
difference	5.484374999999999	3.6606249999999996	5.744999999999998
hang	5.680000000000001	3.7974999999999994	5.575
following	5.950000000000001	3.633125	5.9468749999999995
employ	5.389375000000001	4.391875000000001	5.575
