deal	6.188124999999999	3.7543750000000005	5.953749999999999
study	5.934374999999999	4.17375	6.248749999999999
afford	5.634375	3.7687500000000003	5.73125
service	5.715625	4.11125	5.675624999999999
height	5.32375	3.778125	5.614375000000001
prospect	6.226250000000001	4.646249999999999	5.628125
pleasant	6.83375	4.625624999999999	6.2475000000000005
shade	5.933125000000001	3.9181250000000003	5.535625000000001
listen	5.991875000000001	3.7112500000000006	5.936874999999999
mighty	5.76625	4.6118749999999995	5.516875
country	5.6375	3.7699999999999996	5.464999999999999
title	5.776874999999999	4.036875	5.91125
choose	5.785625	3.563125	5.978125
village	5.689374999999999	3.671875	5.465624999999999
acquire	5.9075	4.09625	6.252500000000001
rank	5.899375000000001	4.258125	5.878125
bow	5.789999999999999	4.023125	5.885624999999999
doctor	4.986249999999999	4.0275	5.3675
talent	6.5893749999999995	4.548125	6.41625
source	5.644375	3.7575	5.803749999999999
lead	5.69	4.069375	5.620625000000001
question	5.985625000000001	4.01875	6.164999999999999
publish	5.4425	3.7162500000000005	5.796250000000001
interest	6.062499999999999	4.0718749999999995	6.3531249999999995
serve	5.826250000000002	3.588125	5.971875000000001
divine	6.0175	4.262499999999999	5.6968749999999995
put	5.598749999999999	3.7606249999999997	5.786875
shadow	5.847499999999999	4.095625	5.18625
practical	5.49625	4.128125	5.643125
surface	5.453125000000001	3.7518750000000005	5.253125
account	5.784375000000001	3.58875	6.068125
loss	3.9893749999999994	4.671875	4.53875
indian	5.581250000000001	4.2925	5.151249999999999
vine	5.303749999999998	3.575625	5.31
certain	5.816250000000001	3.7900000000000005	6.141875
sin	5.591874999999999	4.42125	5.50375
necessity	5.10125	3.9893750000000003	5.2225
lose	5.819999999999999	3.9231249999999993	5.660625
private	5.250624999999999	3.9643750000000004	5.5
gentleman	5.890625000000001	3.8937499999999994	5.746875000000001
daughter	6.70375	4.641875000000001	5.478750000000001
drive	5.69375	4.024375	5.4937499999999995
strange	5.890625	4.194999999999999	5.623750000000001
journey	6.035625	4.065625	5.896874999999999
uncle	6.003125000000001	3.8756250000000003	5.57375
species	5.531250000000001	3.9656249999999997	5.516250000000001
think	5.989375000000001	3.729374999999999	5.989374999999999
bed	5.761875000000002	3.4799999999999995	5.608749999999999
wind	6.301875000000001	4.09375	5.4325
bless	6.346875	4.43625	5.988124999999999
destroy	3.9775	4.95375	4.8237499999999995
author	5.81125	3.901875000000001	5.898125
sustain	5.330625000000001	3.9618749999999996	5.419375000000001
black	5.550625000000001	4.0962499999999995	5.389374999999999
event	5.479374999999999	4.194375	5.586875
liberty	5.725625000000001	4.183750000000001	5.538125
negro	4.208125000000001	4.568124999999999	4.614999999999999
little	6.093750000000002	3.5775000000000006	5.885625
fortune	6.315625000000001	4.470625	5.6762500000000005
touch	6.006875	4.244375000000001	5.6381250000000005
kill	4.0181249999999995	4.97	4.596875
feature	5.828125000000002	3.7918749999999997	5.614375
happiness	6.840000000000001	4.749999999999999	6.246249999999999
assume	5.672500000000001	3.8968750000000005	5.898125
notion	5.766249999999999	4.153125	5.741250000000001
purchase	5.931249999999999	4.313125	5.643750000000001
faithful	6.433750000000001	4.72125	5.899375
soldier	4.550625	4.8725	5.15125
father	6.206875	4.3218749999999995	5.409375
narrow	5.065	3.6187499999999995	5.040625
great	5.843125	3.7800000000000007	5.828125
tear	5.2631250000000005	4.643750000000001	5.023125
honorable	6.112500000000001	4.600624999999999	6.3031250000000005
previous	5.349374999999999	4.0131250000000005	5.79875
good	6.04875	3.604374999999999	6.045
domestic	6.114375000000001	4.005625	5.9700000000000015
glory	6.697500000000001	4.675	5.79625
lay	5.567500000000001	3.945625	5.5756250000000005
occasion	5.8062499999999995	3.651249999999999	6.008125000000001
guard	5.0225	4.066250000000001	5.33625
whole	5.9174999999999995	3.6656250000000004	5.59125
mouth	5.6087500000000015	3.8381250000000002	5.426875000000001
receive	5.76	3.98	5.855625
take	5.869375000000001	3.78625	5.869999999999999
simple	6.423125000000001	3.6212500000000003	6.04375
error	5.034375	4.128125	5.5200000000000005
wisdom	6.301875	4.246874999999999	6.011249999999999
rock	5.847499999999999	3.9050000000000002	5.26125
decide	5.717499999999999	3.9568750000000006	5.946875
exclaim	6.184374999999999	4.1625	6.02625
assure	5.925	3.5393749999999997	5.803749999999999
sign	5.55125	3.7225	5.788125
preserve	6.138125000000001	3.9424999999999994	5.963125
commerce	5.276875	3.8962499999999993	5.4906250000000005
plant	5.3999999999999995	3.8362499999999993	5.280625
walk	5.8306249999999995	3.7825	5.6918750000000005
difference	5.6975	3.7418750000000003	6.078124999999999
hang	5.823125000000001	3.7793749999999995	5.693125
following	5.814375	3.6731250000000006	5.8393749999999995
employ	5.127500000000001	4.253125	5.68375
