deal	5.984375	3.8581250000000002	5.839375
study	5.970625	4.315625	6.169999999999999
afford	5.880625	3.8268750000000007	5.89625
service	5.765625	4.04875	5.855625
height	5.425625	3.8787500000000006	5.560000000000001
prospect	6.104375000000002	4.5175	5.628125
pleasant	6.58625	4.5112499999999995	6.046249999999999
shade	5.9975000000000005	3.9537500000000003	5.5062500000000005
listen	6.121875	3.7912500000000002	6.041249999999999
mighty	5.716250000000001	4.794999999999999	5.48375
country	5.47875	3.8625	5.470624999999999
title	5.7075	3.950625	5.95625
choose	5.63625	3.6743749999999995	5.9475
village	5.55	3.774375	5.348749999999999
acquire	5.896875	4.055	6.295625
rank	5.791875000000002	4.325	5.835
bow	5.708749999999999	4.1918750000000005	5.849374999999999
doctor	5.241250000000001	3.9425	5.32625
talent	6.56875	4.448124999999999	6.3531249999999995
source	5.6831249999999995	3.7612500000000004	5.80125
lead	5.563124999999999	4.019375	5.603750000000001
question	5.918750000000001	4.0893749999999995	6.22
publish	5.399375000000001	3.7025000000000006	5.756875000000001
interest	5.863124999999999	4.084375	6.249374999999999
serve	5.908125000000001	3.691875	5.994375000000001
divine	6.1325	4.109374999999999	5.616875
put	5.66125	3.8168749999999996	5.848125
shadow	5.993124999999999	4.1375	5.381874999999999
practical	5.59875	3.892499999999999	5.7093750000000005
surface	5.326875	3.7793750000000004	5.183125
account	5.83125	3.56625	6.06125
loss	4.261874999999999	4.48625	4.718125000000001
indian	5.420625	4.0825000000000005	5.123125000000001
vine	5.296249999999999	3.596875	5.26
certain	5.62125	3.676250000000001	6.0775
sin	5.48	4.50125	5.24625
necessity	4.998125000000001	4.0356250000000005	5.209375
lose	6.083750000000001	3.9287499999999995	5.7856250000000005
private	5.55875	3.8193750000000004	5.643125
gentleman	5.9750000000000005	3.950625	5.7749999999999995
daughter	6.850625	4.505625	5.7125
drive	5.584375	4.06625	5.361875
strange	5.623124999999999	4.320625	5.390000000000001
journey	6.202500000000001	4.148125	6.024374999999999
uncle	5.890625	3.9462500000000005	5.581875000000001
species	5.7475000000000005	4.15625	5.595
think	6.077500000000001	3.7024999999999997	6.014374999999999
bed	5.855624999999999	3.47875	5.5718749999999995
wind	6.24625	3.9775	5.3725000000000005
bless	6.576875	4.339375	6.055
destroy	3.9575000000000005	4.9593750000000005	4.8374999999999995
author	5.678750000000001	3.9475000000000007	5.8187500000000005
sustain	5.279375000000001	3.93375	5.468125000000001
black	5.669375000000001	3.9718749999999994	5.3725
event	5.369375	4.296875	5.5337499999999995
liberty	5.8812500000000005	4.343125000000001	5.67
negro	4.5406249999999995	4.25	4.748125
little	5.999375	3.805625	5.853125
fortune	6.231249999999998	4.42	5.788125
touch	6.233124999999999	4.258125	5.7700000000000005
kill	4.199999999999999	4.844375	4.62
feature	5.778125000000002	3.796875	5.548125
happiness	6.78125	4.859374999999999	6.124375
assume	5.611875	3.7987500000000005	5.936875000000001
notion	5.6518749999999995	4.197500000000001	5.606250000000001
purchase	5.831874999999999	4.2725	5.635
faithful	6.2524999999999995	4.585000000000001	5.7525
soldier	4.570625	4.934374999999998	5.175625000000001
father	6.6812499999999995	3.9625000000000004	5.854374999999999
narrow	5.11375	3.5756250000000005	5.096875000000001
great	5.829375000000001	3.7962500000000006	5.86125
tear	5.6775	4.693125	5.382499999999999
honorable	5.932500000000001	4.511875	6.141875000000001
previous	5.289375000000001	3.825	5.78
good	5.932499999999999	3.78875	5.746875
domestic	6.1887500000000015	4.16875	5.857500000000001
glory	6.778125	4.7775	5.841874999999998
lay	5.331875000000001	4.0975	5.514374999999999
occasion	5.866249999999999	3.7525	6.234375
guard	5.2025	4.000625	5.594375
whole	5.76625	3.37	5.563750000000001
mouth	5.530000000000001	3.798125	5.508125000000001
receive	5.613750000000001	4.010624999999999	5.814375000000001
take	5.871874999999999	3.7700000000000005	5.7368749999999995
simple	6.520000000000001	3.6925000000000003	6.0575
error	5.069375000000001	4.158125000000001	5.6831249999999995
wisdom	6.465625000000001	4.294375	5.9643749999999995
rock	5.832499999999999	3.9525000000000006	5.3475
decide	5.500624999999999	3.999375	5.680000000000001
exclaim	5.90875	4.188125	5.759375
assure	6.044375	3.68375	5.909999999999999
sign	5.393125	3.868125	5.618125
preserve	6.260625	3.873125	5.928125
commerce	5.302499999999998	3.971875	5.528125
plant	5.6518749999999995	3.8268749999999994	5.413750000000001
walk	5.720625	3.7249999999999996	5.6743749999999995
difference	5.62125	3.706875	6.034374999999999
hang	5.75375	3.9043749999999995	5.623124999999999
following	5.75	3.5693750000000004	5.761875
employ	5.27625	4.2006250000000005	5.540000000000001
