deal	5.9925	3.8556250000000003	5.8525
study	5.898750000000001	4.513125	6.165624999999999
afford	5.788125000000001	3.9650000000000003	5.74875
service	5.668125	4.088125	5.630625
height	5.425625	3.9431250000000007	5.643125000000001
prospect	6.220625	4.52875	5.7325
pleasant	6.5424999999999995	4.5268749999999995	6.0093749999999995
shade	6.0200000000000005	3.9968749999999997	5.42125
listen	5.765625	3.834375	5.7856250000000005
mighty	5.581875	4.663749999999999	5.520625
country	5.82	3.855625	5.615625
title	5.7768749999999995	3.8637499999999996	5.8950000000000005
choose	5.734999999999999	3.6381249999999996	5.8925
village	5.761875000000001	3.7462500000000003	5.49
acquire	5.953125000000001	4.000625	6.290000000000002
rank	5.710625000000001	4.339375	5.904999999999999
bow	5.760624999999999	4.327500000000001	5.822499999999999
doctor	4.9375	4.14	5.174375
talent	6.535	4.468125	6.371874999999999
source	5.731250000000001	3.6487499999999997	5.784999999999999
lead	5.741875	3.986875	5.748750000000001
question	5.943125000000001	4.0575	6.1187499999999995
publish	5.35	3.726875	5.813750000000001
interest	6.029375	4.10375	6.253125
serve	6.0825	3.5737499999999995	5.9799999999999995
divine	6.031250000000001	4.20125	5.533125
put	5.595625	3.7043749999999998	5.795
shadow	6.0325	4.179374999999999	5.211249999999999
practical	5.596250000000001	3.81625	5.65
surface	5.34	3.7256250000000004	5.1675
account	5.94375	3.5881250000000002	5.960625
loss	4.168125	4.53375	4.6518749999999995
indian	5.423749999999999	4.1362499999999995	5.1375
vine	5.433749999999999	3.611875	5.268749999999999
certain	5.895	3.6325000000000007	6.21875
sin	5.510625	4.413125	5.44
necessity	5.401250000000001	3.834375	5.435
lose	5.95	4.018125	5.701875000000001
private	5.591249999999999	3.926875000000001	5.711875
gentleman	5.79375	3.951875	5.640000000000001
daughter	6.675625	4.559375000000001	5.49375
drive	5.674999999999999	4.15	5.39125
strange	5.7	4.2906249999999995	5.42
journey	5.9937499999999995	4.09875	5.8462499999999995
uncle	5.746875000000001	3.96125	5.415625
species	5.475625000000001	4.109374999999999	5.5406249999999995
think	6.064374999999999	3.8174999999999994	5.961874999999999
bed	5.94125	3.5924999999999994	5.578124999999998
wind	6.311875000000001	4.0962499999999995	5.475
bless	6.2581250000000015	4.529375	5.892499999999999
destroy	4.314375	4.785	4.97875
author	5.793750000000001	3.8512500000000003	5.858125
sustain	5.228125	4.001874999999999	5.35625
black	5.739375000000001	4.0825	5.450624999999999
event	5.5975	4.27125	5.514375
liberty	6.161250000000002	4.4437500000000005	5.906875000000001
negro	4.5575	4.176875	4.841249999999999
little	5.951875000000001	3.6256250000000003	5.795624999999999
fortune	6.408124999999999	4.678750000000001	5.6499999999999995
touch	6.096875000000001	4.238124999999999	5.77125
kill	4.128125000000001	4.8706249999999995	4.613125
feature	5.648125	3.669375	5.54625
happiness	6.65625	4.664999999999999	6.175624999999999
assume	5.769375000000001	3.8518750000000006	5.959375000000001
notion	5.663125	4.025	5.564375000000001
purchase	5.826875	4.115	5.564374999999999
faithful	6.296875	4.4506250000000005	5.819375
soldier	4.586250000000001	4.991249999999999	5.076874999999999
father	6.049375	4.2325	5.398125
narrow	5.046249999999999	3.4875000000000003	4.911875
great	5.908125	3.8537500000000002	5.891875
tear	4.7075	4.574375000000001	4.81125
honorable	6.011875000000001	4.74125	6.2125
previous	5.668125	3.91375	5.760625
good	5.9125	3.78625	5.795
domestic	6.175	4.109375000000001	5.851875
glory	6.689375	4.8081249999999995	5.778749999999999
lay	5.392500000000001	3.9362500000000002	5.569375
occasion	5.800625	3.8118749999999997	6.075000000000001
guard	4.8225	4.31125	5.255625
whole	5.966875	3.643125	5.723750000000001
mouth	5.72625	3.7487500000000007	5.455
receive	6.143125	3.9506249999999996	5.9174999999999995
take	5.975	3.8475	5.795624999999999
simple	6.371875000000001	3.5343750000000003	5.9225
error	5.163125	4.130000000000001	5.663124999999999
wisdom	6.421250000000001	4.4468749999999995	6.072499999999999
rock	5.97875	3.9468750000000004	5.333125
decide	5.6118749999999995	3.935625000000001	5.740625000000001
exclaim	5.969375000000001	4.23625	5.785625
assure	5.892500000000001	3.556875	5.79625
sign	5.58	3.6481250000000007	5.74
preserve	6.269999999999999	3.825625	5.973125
commerce	5.275625	4.08625	5.56125
plant	5.611874999999999	3.8324999999999996	5.30875
walk	5.944374999999999	3.7506249999999994	5.786250000000001
difference	5.76875	3.746875	6.14375
hang	5.713749999999999	3.82125	5.56125
following	6.05875	3.7475000000000005	5.97375
employ	5.112500000000001	4.355625	5.32875
