deal	6.123125	3.7743750000000005	5.91625
study	5.897500000000001	4.245625	6.115624999999999
afford	5.6156250000000005	3.8662500000000004	5.77625
service	5.590625	4.143749999999999	5.848124999999999
height	5.248125000000001	3.840625	5.434375
prospect	6.140000000000001	4.554375	5.816249999999999
pleasant	6.48125	4.606249999999999	5.979374999999998
shade	6.049375000000001	4.045625	5.473750000000001
listen	5.679375	3.72625	5.778750000000001
mighty	5.956875000000001	4.65375	5.654374999999999
country	5.590625	3.9231249999999998	5.329375
title	5.816874999999999	4.038125000000001	5.89625
choose	5.843124999999999	3.608125	5.914375
village	5.555625	3.85375	5.274375000000001
acquire	5.844375	3.9299999999999997	6.271250000000001
rank	5.716875000000001	4.385625	5.845
bow	5.686875	4.1781250000000005	5.771875
doctor	4.93375	4.194375	5.0981250000000005
talent	6.539375	4.5718749999999995	6.336874999999999
source	5.58625	3.6387500000000004	5.845625
lead	5.591875000000001	3.78375	5.613125
question	5.876875000000001	4.13875	6.060624999999999
publish	5.28375	3.65625	5.780625000000001
interest	5.9350000000000005	4.028124999999999	6.234999999999999
serve	5.866875	3.6006250000000004	5.883124999999999
divine	6.0462500000000015	4.156249999999999	5.5175
put	5.820625000000001	3.7737499999999997	6.0225
shadow	6.187499999999999	4.271250000000001	5.302499999999999
practical	5.539375000000001	4.063124999999999	5.680624999999999
surface	5.21375	3.7131250000000002	5.188125
account	5.880625	3.559375	6.015625000000001
loss	4.320625	4.456875	4.751875
indian	5.5725	4.03125	5.255000000000001
vine	5.763124999999999	3.551875	5.568125
certain	5.925624999999999	3.6000000000000005	6.190625
sin	5.72125	4.331874999999999	5.527500000000001
necessity	5.208750000000001	3.979375	5.2775
lose	5.875	3.88375	5.663125
private	5.349374999999999	3.9243750000000004	5.593125000000001
gentleman	6.13875	3.6	5.6775
daughter	7.039999999999999	4.393125000000001	5.6775
drive	5.635624999999999	4.054374999999999	5.432499999999999
strange	5.975625	4.031875	5.620000000000001
journey	6.10375	4.098750000000001	5.974374999999999
uncle	6.141249999999999	4.01125	5.51375
species	5.653125	4.1925	5.5725
think	6.04875	3.7081249999999994	6.081249999999999
bed	5.786875000000001	3.4343749999999997	5.524375
wind	6.144375	4.01875	5.49875
bless	6.275625000000002	4.603125	5.939374999999999
destroy	4.598750000000001	4.591250000000001	5.211874999999999
author	5.63625	3.9500000000000006	5.821875
sustain	5.306250000000001	3.7831250000000005	5.391875000000001
black	5.500000000000001	4.02375	5.3374999999999995
event	5.430625000000001	4.146875	5.50375
liberty	6.022500000000002	4.351875000000001	5.721875
negro	4.214375	4.5443750000000005	4.53375
little	6.096875000000001	3.550625	5.925624999999999
fortune	6.7625	4.602500000000001	5.8675
touch	6.283125	4.4575	5.768125
kill	4.235625	4.876874999999999	4.690625
feature	5.733124999999999	3.6781249999999996	5.678125
happiness	6.703749999999999	4.827499999999999	6.096875
assume	5.7406250000000005	3.8493750000000007	5.954375
notion	5.920625000000001	3.9975	6.028125000000001
purchase	5.792499999999999	4.18125	5.523125
faithful	6.20125	4.636875	5.873125000000001
soldier	4.848749999999999	5.021249999999999	5.24
father	6.360625000000001	4.1987499999999995	5.651875
narrow	5.358125	3.429375	5.128750000000001
great	5.9175	3.7531250000000007	5.83625
tear	5.145625000000001	4.5512500000000005	4.940625
honorable	5.91375	4.604999999999999	6.144375
previous	5.571250000000001	3.896875	5.733125
good	5.941249999999999	3.7681249999999995	5.839375
domestic	6.072500000000001	4.18875	5.938125000000001
glory	6.648125	4.85625	5.851249999999999
lay	5.531875000000001	4.209375	5.555625000000001
occasion	5.7749999999999995	3.689375	6.1312500000000005
guard	5.285625	3.883125	5.610625
whole	5.93375	3.6725000000000003	5.67625
mouth	5.72625	3.7487500000000007	5.455
receive	5.907500000000001	3.95125	5.95125
take	6.000624999999999	3.80125	5.874375
simple	6.360000000000001	3.631875	6.0725
error	4.999375000000001	4.151250000000001	5.626874999999999
wisdom	6.369375	4.496875	6.048749999999999
rock	5.994374999999999	3.966875	5.356250000000001
decide	5.614375	3.902500000000001	5.715625000000001
exclaim	6.160000000000001	4.279999999999999	5.953124999999999
assure	5.98875	3.6862500000000002	5.838124999999999
sign	5.5	3.7612500000000004	5.738125000000001
preserve	6.095624999999998	3.8075	5.864999999999999
commerce	5.27125	3.984375	5.446875
plant	5.778124999999999	3.7399999999999993	5.455625000000001
walk	5.720625	3.7249999999999996	5.6743749999999995
difference	5.74	3.7950000000000004	6.124375
hang	5.738125	3.97125	5.695624999999999
following	5.94375	3.7443750000000007	5.824375
employ	5.2025000000000015	4.44625	5.464375
