deal	6.00125	3.834375	5.811875
study	5.973749999999999	4.11125	6.3225
afford	5.6312500000000005	3.996875	5.815625
service	5.79	4.140625	5.786249999999999
height	5.498750000000001	3.881875000000001	5.727500000000002
prospect	6.108750000000001	4.564375	5.7
pleasant	6.7075000000000005	4.530000000000001	6.149374999999999
shade	5.8475	3.7374999999999994	5.430000000000001
listen	5.852499999999999	3.7337500000000006	5.801875
mighty	5.710625	4.686875	5.4075
country	5.57625	3.795	5.488124999999999
title	5.733749999999999	3.90375	5.753125
choose	5.833124999999999	3.60125	6.00625
village	5.538124999999999	3.7675	5.394375
acquire	5.92625	4.093125000000001	6.295625000000001
rank	5.648125000000001	4.180625000000001	5.828749999999999
bow	5.722499999999998	4.236875	5.816875
doctor	5.06875	4.205625	5.34625
talent	6.56125	4.422499999999999	6.39875
source	5.603749999999999	3.6824999999999997	5.773750000000001
lead	5.6156250000000005	3.85	5.654375
question	5.96375	4.184375000000001	6.1049999999999995
publish	5.46	3.7724999999999995	5.828125
interest	5.9625	4.046875	6.2993749999999995
serve	6.006875000000001	3.5625	6.025625
divine	6.01625	4.28625	5.45875
put	5.604375	3.7874999999999996	5.871874999999999
shadow	5.858124999999999	4.018125	5.1899999999999995
practical	5.3568750000000005	4.0375	5.609375
surface	5.115	3.501875	5.125
account	5.9331249999999995	3.605	6.03875
loss	4.592499999999999	4.59375	5.1025
indian	5.2325	4.2275	5.06875
vine	5.418749999999998	3.7193750000000003	5.4281250000000005
certain	5.863125	3.8550000000000004	6.1575
sin	5.629375	4.459375	5.353125
necessity	5.176875000000001	3.8625000000000003	5.283124999999999
lose	5.95	3.9774999999999996	5.7318750000000005
private	5.561249999999999	3.9668750000000004	5.733125
gentleman	6.2093750000000005	3.894375	5.821875
daughter	7.107500000000002	4.4887500000000005	5.673750000000001
drive	5.80125	3.9656249999999997	5.511875
strange	5.654999999999999	4.293125	5.420624999999999
journey	6.081875	4.07375	5.934374999999999
uncle	6.2281249999999995	3.9156250000000004	5.611875
species	5.531250000000001	3.9656249999999997	5.516250000000001
think	6.000624999999999	3.7087499999999998	5.993124999999999
bed	5.786875000000001	3.65	5.699374999999999
wind	6.215625000000001	4.055625	5.2425
bless	6.3775	4.554375	5.9037500000000005
destroy	4.986875	4.590625	5.378749999999999
author	5.663749999999999	3.9181250000000007	5.914375
sustain	5.39125	3.7925	5.446250000000001
black	5.557500000000001	3.940625	5.3925
event	5.3549999999999995	4.424375	5.664375
liberty	5.734375	4.366875	5.513750000000001
negro	4.158125	4.465	4.485625000000001
little	6.2	3.7306250000000003	5.964375
fortune	6.25125	4.359375	5.714375
touch	6.118125	4.295	5.628125000000001
kill	4.44125	4.773750000000001	4.938124999999999
feature	5.846250000000001	3.7274999999999996	5.56125
happiness	6.831875	4.6518749999999995	6.279999999999999
assume	5.781875	3.8518750000000006	5.9075000000000015
notion	5.663125	4.025	5.564375000000001
purchase	5.758749999999999	4.17875	5.561875000000001
faithful	6.04125	4.44	5.603750000000001
soldier	4.739375000000001	4.850624999999999	5.2993749999999995
father	6.246874999999999	4.158125	5.524375
narrow	5.16625	3.666875	4.805625
great	5.7925	3.857500000000001	5.865
tear	5.284375	4.723750000000001	5.05125
honorable	6.280625	4.646875	6.3675
previous	5.581874999999999	3.9093750000000003	5.805000000000001
good	5.929374999999999	3.770625	5.74375
domestic	6.099375000000001	4.249375	5.8256250000000005
glory	6.645625	4.794375	5.739374999999999
lay	5.604375000000001	3.99	5.548125000000001
occasion	5.90375	3.755	6.154375000000001
guard	5.25375	3.999375	5.626875
whole	5.928125	3.675625	5.7425
mouth	5.613125	3.8075000000000006	5.4262500000000005
receive	5.95	3.9724999999999997	6.00375
take	5.9575	3.8725	5.88
simple	6.401875	3.6568750000000008	5.835625
error	5.035	4.064375	5.619999999999999
wisdom	6.2250000000000005	4.461250000000001	5.895624999999999
rock	6.029374999999999	3.796875000000001	5.464375
decide	5.654374999999999	3.896875000000001	5.7162500000000005
exclaim	5.897500000000001	4.166875	5.816249999999999
assure	6.004375	3.686875	5.847499999999999
sign	5.635	3.81375	5.679375000000001
preserve	6.071249999999999	3.8550000000000004	5.845624999999999
commerce	5.184999999999999	3.9781249999999995	5.316249999999999
plant	5.588749999999999	3.7131250000000002	5.481250000000001
walk	5.739375	3.69125	5.733124999999999
difference	5.68625	3.773125	6.095
hang	5.817499999999999	3.8774999999999995	5.768749999999999
following	5.97125	3.776875000000001	5.835
employ	5.004375	4.124375	5.342500000000001
