deal	6.029999999999999	3.81625	5.866874999999999
study	5.838750000000001	4.281874999999999	6.095
afford	5.640625	3.8225000000000002	5.946249999999999
service	5.534375000000001	4.069999999999999	5.681875
height	5.308750000000001	3.8768749999999996	5.3793750000000005
prospect	6.243750000000001	4.5356250000000005	5.793125
pleasant	6.578749999999999	4.5775	6.048124999999999
shade	6.045625	3.965625	5.437500000000001
listen	6.116875	3.7218750000000007	5.931249999999999
mighty	5.500625	4.541874999999999	5.3575
country	5.523125	3.7924999999999995	5.3687499999999995
title	5.75875	3.948125	5.935625
choose	5.862499999999999	3.62875	5.911249999999999
village	5.792500000000001	3.844374999999999	5.45
acquire	5.864375	3.9462500000000005	6.128750000000001
rank	5.641875	4.35625	5.873749999999999
bow	5.583749999999998	4.225625	5.6575
doctor	5.308749999999999	4.01	5.5581249999999995
talent	6.681875000000001	4.500624999999999	6.418125
source	5.561249999999999	3.7593749999999995	5.804374999999999
lead	5.723749999999999	4.0249999999999995	5.825
question	5.859375000000001	4.141875000000001	6.071249999999999
publish	5.465	3.785	5.625
interest	6.033124999999999	4.05375	6.329999999999999
serve	6.0062500000000005	3.600625	5.988124999999999
divine	6.081875000000002	4.1831249999999995	5.56625
put	5.633125000000001	3.7693749999999997	5.926875000000001
shadow	6.005624999999999	4.09	5.1762500000000005
practical	5.466875000000001	3.8812500000000005	5.61875
surface	5.303125	3.7168750000000004	5.145625000000001
account	5.7562500000000005	3.51375	5.926875
loss	4.3425	4.57875	4.883750000000001
indian	5.646249999999999	4.244375	5.283125
vine	5.433749999999999	3.611875	5.268749999999999
certain	5.685000000000001	3.6450000000000005	5.949999999999999
sin	5.775625000000001	4.440625	5.480625
necessity	5.125000000000001	3.943125	5.34125
lose	5.875	3.88375	5.663125
private	5.708125	3.8018750000000003	5.688125000000001
gentleman	6.080000000000002	3.839375	5.88
daughter	7.063749999999999	4.4543750000000015	5.740625000000001
drive	5.624375	4.163125	5.413749999999999
strange	5.908124999999999	4.160625	5.5981250000000005
journey	6.08	4.03125	5.9275
uncle	6.203125	3.93875	5.72625
species	5.53875	4.05875	5.54875
think	6.029375	3.690625	6.048124999999999
bed	5.780625000000001	3.8137499999999998	5.47875
wind	6.09	4.175625	5.0575
bless	6.2225	4.495	5.818125
destroy	4.679375	4.6781250000000005	5.230624999999999
author	5.668125000000001	4.040625	5.821875
sustain	5.237500000000001	3.7812500000000004	5.331875000000001
black	5.773125000000001	4.071249999999999	5.395
event	5.515625	4.201875	5.593750000000001
liberty	5.284999999999999	4.232500000000001	5.146875
negro	4.19875	4.548125	4.478750000000001
little	6.130625000000001	3.589375	6.013749999999999
fortune	6.267499999999998	4.3975	5.8012500000000005
touch	5.99	4.28625	5.635625
kill	4.134375	4.863124999999999	4.741874999999999
feature	5.64625	3.6931249999999993	5.6187499999999995
happiness	6.745625	4.611249999999999	6.132499999999999
assume	5.681875000000001	3.7531250000000007	5.826875000000002
notion	5.64	4.069375	5.763750000000001
purchase	5.863749999999999	4.42125	5.571249999999999
faithful	6.494375000000001	4.4993750000000015	5.8656250000000005
soldier	4.624375000000001	4.938749999999999	5.095625
father	6.125625	4.245	5.488125
narrow	5.140625	3.4668750000000004	4.9375
great	5.8425	3.6575000000000006	5.781875
tear	5.0443750000000005	4.74625	5.007499999999999
honorable	6.096250000000001	4.398125	6.2406250000000005
previous	5.589999999999999	3.851875	5.768750000000001
good	6.012499999999999	3.800625	5.918749999999999
domestic	6.114375	4.144375	5.831250000000001
glory	6.571875	4.79375	5.778124999999999
lay	5.391875000000001	4.170625	5.603125
occasion	5.678124999999999	3.67375	6.04375
guard	4.90375	4.376875	5.374375
whole	5.794374999999999	3.5368750000000007	5.551250000000001
mouth	5.5912500000000005	3.85	5.56125
receive	5.7056249999999995	3.84	5.72125
take	6.023124999999999	3.86375	5.9475
simple	6.501875	3.620625	6.113125
error	5.30375	4.070625	5.748125000000001
wisdom	6.335625	4.325625	5.959374999999999
rock	5.85875	3.8550000000000004	5.421250000000001
decide	5.684375	3.890625000000001	5.875625000000001
exclaim	6.01375	4.285625	5.793125
assure	6.044375	3.5556249999999996	5.983749999999999
sign	5.564375	3.758125	5.711875000000001
preserve	6.0474999999999985	3.7206249999999996	5.7281249999999995
commerce	5.1425	4.0424999999999995	5.364375000000001
plant	5.6899999999999995	3.60125	5.463749999999999
walk	5.7375	3.95375	5.749375
difference	5.3862499999999995	3.60375	5.809999999999999
hang	5.798125000000001	3.9443749999999995	5.66
following	5.915	3.646875000000001	5.73625
employ	5.415000000000001	4.348750000000001	5.645625
