deal	5.883750000000001	3.799375	5.7943750000000005
study	6.010624999999999	4.3081249999999995	6.216875
afford	5.625	3.769375	5.5931250000000015
service	5.6225	4.2525	5.606249999999999
height	5.33875	3.868125	5.556250000000001
prospect	6.1468750000000005	4.574375	5.63
pleasant	6.571875	4.516250000000001	5.968124999999999
shade	5.821875	3.95875	5.414375
listen	5.908125000000001	3.69375	5.76375
mighty	5.736250000000001	4.836874999999999	5.441875
country	5.645625	3.784375	5.469374999999999
title	5.7631250000000005	3.915625	5.903124999999999
choose	5.97625	3.6837499999999994	5.95125
village	5.702500000000001	3.7937499999999997	5.36875
acquire	5.9381249999999985	3.8724999999999996	6.286250000000002
rank	5.654375000000001	4.45875	5.8025
bow	5.50125	4.32125	5.6975
doctor	4.8725	4.14875	5.034375
talent	6.375	4.267499999999999	6.173749999999999
source	5.606875	3.6531249999999997	5.771875
lead	5.798124999999999	4.219375	5.731250000000001
question	5.894375	4.153125	6.144375
publish	5.399375000000001	3.7025000000000006	5.756875000000001
interest	6.041875	4.1274999999999995	6.2837499999999995
serve	5.853750000000001	3.6925	5.79625
divine	6.022500000000002	4.2524999999999995	5.66625
put	5.666875	3.7581249999999997	5.774375000000001
shadow	5.847499999999999	4.095625	5.18625
practical	5.4624999999999995	4.000625	5.596875000000001
surface	4.9731250000000005	3.591875	5.064374999999999
account	5.936875	3.63125	6.1275
loss	4.45375	4.351249999999999	4.770625000000001
indian	5.420625	4.0825000000000005	5.123125000000001
vine	5.5456249999999985	3.6206250000000004	5.393750000000001
certain	5.651875	3.6425000000000005	6.077500000000001
sin	5.46875	4.605624999999999	5.3950000000000005
necessity	5.241874999999999	4.240625	5.418125
lose	6.035625000000001	3.9287499999999995	5.74625
private	5.293125	3.894375	5.527500000000001
gentleman	6.11	3.7756250000000002	5.76375
daughter	6.7093750000000005	4.6087500000000015	5.52125
drive	5.769374999999999	4.14375	5.529999999999999
strange	5.818125	4.133125	5.629375
journey	6.078125	4.01625	5.957499999999999
uncle	5.893750000000001	3.8981250000000003	5.577500000000001
species	5.594375000000001	4.110625	5.4775
think	6.1499999999999995	3.7987499999999996	5.935
bed	5.731875000000001	3.5406249999999995	5.451249999999998
wind	6.1775	4.165625	5.28125
bless	6.28625	4.47	5.8931249999999995
destroy	4.477500000000001	4.79375	5.050000000000001
author	5.701250000000001	4.034375000000001	5.798125
sustain	5.23625	3.921875	5.298750000000001
black	5.785000000000001	4.011875	5.40375
event	5.617499999999999	4.125	5.57875
liberty	5.707500000000001	4.205	5.5637500000000015
negro	4.22125	4.422499999999999	4.525
little	6.069375000000001	3.8206250000000006	5.8393749999999995
fortune	6.199999999999999	4.38625	5.58125
touch	6.15625	4.360625000000001	5.748124999999999
kill	3.883125	4.864999999999999	4.573125
feature	5.715000000000002	3.74125	5.523125
happiness	6.739375000000001	4.629375	6.092499999999999
assume	5.7575	3.930625000000001	5.914375000000001
notion	5.740625	4.175	5.758125000000001
purchase	5.8862499999999995	4.436249999999999	5.634375
faithful	6.043749999999998	4.471875	5.577500000000001
soldier	4.728125	4.941249999999999	5.155625000000001
father	6.255	4.295	5.4475
narrow	4.96125	3.4274999999999993	4.815625
great	5.906874999999999	3.7150000000000003	5.829375
tear	5.269375000000001	4.613125	5.003125
honorable	5.89625	4.679374999999999	6.16375
previous	5.5981250000000005	3.954375	5.949375
good	6.063749999999999	3.848749999999999	5.876250000000001
domestic	6.14875	3.91	6.0562499999999995
glory	6.536250000000002	4.741875	5.833124999999999
lay	5.742500000000001	3.7674999999999996	5.6899999999999995
occasion	5.671874999999998	3.6075	6.000625
guard	4.863125	4.237500000000001	5.104375
whole	5.93375	3.6725000000000003	5.67625
mouth	5.72625	3.7487500000000007	5.455
receive	5.830625	3.9675	5.7768749999999995
take	5.9975	3.904375	5.771249999999999
simple	6.36875	3.7075000000000005	5.84625
error	5.101875	4.020625000000001	5.64125
wisdom	6.0675	4.366875	5.798125
rock	5.771875	3.8218750000000004	5.3575
decide	5.614375	3.902500000000001	5.715625000000001
exclaim	6.001250000000001	4.288125	5.761875
assure	6.116874999999999	3.685	5.716875
sign	5.670624999999999	3.86375	5.7575
preserve	6.039375	3.778125	5.834375
commerce	5.186249999999999	3.9506249999999996	5.4425
plant	5.734999999999999	3.8987500000000006	5.37125
walk	5.89125	3.80875	5.800625
difference	5.63125	3.7206250000000005	6.045624999999999
hang	5.823125000000001	3.7793749999999995	5.693125
following	6.040625	3.728125000000001	5.850625
employ	5.215625000000001	4.486875	5.463125000000001
