deal	6.135	3.8343750000000005	5.956874999999999
study	5.966874999999999	4.263125	6.161874999999999
afford	5.828125	3.8875	5.85125
service	5.7143749999999995	4.155625000000001	5.799375
height	5.435625	3.865	5.565000000000001
prospect	6.216875	4.58375	5.614375
pleasant	6.673125000000001	4.235625	6.126874999999999
shade	5.7787500000000005	3.8812499999999996	5.556250000000001
listen	5.928125	3.73875	5.855625
mighty	5.536875	4.529999999999999	5.443124999999999
country	5.215624999999999	3.911250000000001	5.338124999999999
title	5.785625	3.93	5.899375
choose	5.8168750000000005	3.670625	5.934375
village	5.5975	3.8156250000000003	5.24875
acquire	5.88125	4.145625	6.1937500000000005
rank	5.620000000000001	4.171250000000001	5.824999999999999
bow	5.724375	4.0912500000000005	5.927499999999999
doctor	5.0600000000000005	4.024374999999999	5.244375000000001
talent	6.523125	4.470624999999999	6.358124999999999
source	5.6	3.653125	5.85625
lead	5.68125	4.028125	5.741875
question	5.8812500000000005	4.23125	6.1606250000000005
publish	5.4525	3.7275000000000005	5.720000000000001
interest	5.9399999999999995	4.15125	6.241249999999998
serve	5.834999999999999	3.7675000000000005	5.940625000000001
divine	6.010625000000001	4.138125	5.6156250000000005
put	5.601875000000001	3.7043749999999998	5.8825
shadow	6.08125	4.133125000000001	5.328749999999999
practical	5.491875	4.031875	5.640000000000001
surface	5.165625	3.861875	5.045000000000001
account	5.896875	3.6993750000000003	6.130625
loss	4.371875	4.5675	4.888750000000001
indian	5.46625	4.363125000000001	5.141875
vine	5.473125	3.8237500000000004	5.525
certain	5.83	3.83875	6.195625
sin	5.544375	4.493125	5.261875000000001
necessity	5.34625	3.944375	5.4868749999999995
lose	5.849375000000001	3.8093749999999997	5.751875
private	5.600625000000001	4.2525	5.721875
gentleman	6.09125	3.8943749999999997	5.865
daughter	6.499375	4.68375	5.484375000000001
drive	5.73625	4.068124999999999	5.380624999999999
strange	5.755000000000001	4.174999999999999	5.5675
journey	6.25375	4.310625000000001	6.032499999999999
uncle	6.105625000000001	4.04	5.56375
species	5.7493750000000015	4.301874999999999	5.608124999999999
think	6.091875	3.6249999999999996	6.1425
bed	5.965000000000001	3.679375	5.689999999999999
wind	6.335	3.9050000000000002	5.604375
bless	6.210000000000001	4.3931249999999995	5.906874999999999
destroy	3.9718750000000007	4.96875	4.8687499999999995
author	5.694375000000001	4.0025	5.8618749999999995
sustain	5.263750000000001	3.8912500000000003	5.381875000000001
black	5.585625	3.9718749999999994	5.419375
event	5.5200000000000005	4.2675	5.7925
liberty	5.897500000000001	4.400625	5.579375
negro	4.1693750000000005	4.528124999999999	4.505625
little	6.175000000000002	3.680625	5.999375
fortune	6.204375	4.39625	5.6725
touch	6.180625	4.301875	5.773750000000001
kill	3.6725000000000003	5.120625	4.394375
feature	5.648125000000001	3.63	5.578749999999999
happiness	6.68625	4.617499999999999	6.1468750000000005
assume	5.68125	3.8468750000000007	5.980000000000001
notion	5.777500000000001	4.2406250000000005	5.891250000000001
purchase	5.886249999999999	4.409375	5.5775
faithful	6.044999999999999	4.561875	5.6625000000000005
soldier	4.579375	4.805624999999999	5.099375000000001
father	6.2775	4.264375	5.519375
narrow	5.160625	3.4212499999999997	5.059375
great	5.828125	3.8512500000000003	6.016875000000001
tear	5.048125000000001	4.590000000000001	4.9506250000000005
honorable	6.010624999999999	4.628749999999999	6.199375
previous	5.564375	3.9675000000000002	5.89375
good	6.003749999999999	3.690625	5.930625000000001
domestic	6.2318750000000005	4.108750000000001	5.8950000000000005
glory	6.778125	4.6850000000000005	5.886249999999999
lay	5.4125000000000005	3.9693750000000003	5.54875
occasion	5.9262500000000005	3.8218749999999995	6.313125
guard	5.23625	3.923125	5.630625
whole	5.898124999999999	3.506875	5.651250000000001
mouth	5.72625	3.7487500000000007	5.455
receive	5.795625000000001	4.093125000000001	5.9125000000000005
take	5.96625	3.791875	5.92625
simple	6.430000000000001	3.6643750000000006	6.112500000000001
error	5.079375	4.107500000000001	5.681875000000001
wisdom	6.346875	4.295625	6.071249999999999
rock	5.684374999999998	4.135	5.316875000000001
decide	5.718124999999999	4.0	5.92625
exclaim	6.026875000000001	4.2375	5.913124999999999
assure	6.10375	3.6487499999999997	5.960624999999999
sign	5.781874999999999	3.6831250000000004	5.781875
preserve	6.20625	3.941875	5.84
commerce	5.285625	4.109999999999999	5.3737499999999985
plant	5.30875	3.9231249999999998	5.326875
walk	5.8306249999999995	3.721875	5.77125
difference	5.419375	3.6724999999999994	5.916874999999998
hang	5.671249999999999	3.7406249999999996	5.599375
following	5.808125	3.6443750000000006	5.765
employ	5.3575	4.364375	5.563750000000001
