deal	6.02375	3.8637500000000005	5.873124999999999
study	5.966875	4.132499999999999	6.204999999999999
afford	5.9506250000000005	3.9231250000000006	5.94625
service	5.549375	4.099374999999999	5.747499999999999
height	5.362500000000001	3.774375	5.6293750000000005
prospect	6.138750000000002	4.677499999999999	5.704375
pleasant	6.31625	4.34375	5.8149999999999995
shade	5.7475	3.919375	5.411250000000001
listen	5.896875	3.7606250000000006	5.96625
mighty	5.710625	4.686875	5.4075
country	5.558125	3.9087499999999995	5.376874999999999
title	5.8862499999999995	3.9262499999999996	5.9262500000000005
choose	5.788125	3.5912499999999996	5.935625
village	5.533125000000001	3.81	5.344375000000001
acquire	5.92625	4.093125000000001	6.295625000000001
rank	5.59625	4.26625	5.869375
bow	5.650000000000001	3.99625	5.49625
doctor	5.196875	4.246875	5.345000000000001
talent	6.493125	4.5175	6.3862499999999995
source	5.561875000000001	3.776875	5.866874999999999
lead	5.665625	3.9650000000000003	5.701875
question	6.086875	4.1450000000000005	6.279999999999999
publish	5.3525	3.660625	5.783125
interest	6.01875	4.241875	6.373749999999999
serve	6.075000000000001	3.5581249999999995	6.033125
divine	6.00625	4.08	5.433749999999999
put	5.806250000000001	3.761875	5.98125
shadow	5.988749999999999	4.15375	5.140624999999999
practical	5.49375	3.9581250000000003	5.73875
surface	5.325625	3.71625	5.156875000000001
account	5.926875	3.685000000000001	6.0
loss	4.503125	4.71375	4.880625
indian	5.534375	4.277500000000001	5.128125
vine	5.42625	3.7068749999999993	5.3525
certain	6.0737499999999995	3.7006250000000005	6.115625
sin	5.2975	4.559374999999999	5.168750000000001
necessity	5.09375	4.133125	5.2325
lose	5.789375	3.9375	5.618125
private	5.55875	3.9562500000000007	5.601250000000001
gentleman	6.099375	3.926875	5.883125
daughter	6.795624999999999	4.584375	5.6693750000000005
drive	5.581875	4.021249999999999	5.375625
strange	5.7625	4.0825	5.535
journey	6.1693750000000005	4.08875	6.050624999999999
uncle	5.78875	4.089375	5.474375000000001
species	5.703750000000001	4.211875	5.554375
think	5.94375	3.744375	6.003124999999999
bed	6.040624999999999	3.43375	5.788749999999999
wind	6.15	4.148125	5.41125
bless	6.477499999999999	4.3100000000000005	6.041249999999999
destroy	4.37125	4.70875	5.083125
author	5.7	3.7775000000000003	5.88125
sustain	5.464375	3.7762499999999997	5.494375000000001
black	5.695625000000001	3.9537499999999994	5.4556249999999995
event	5.613124999999999	4.396875	5.8100000000000005
liberty	6.025	4.218749999999999	5.861250000000001
negro	4.565625	4.201875	4.7787500000000005
little	6.028124999999999	3.61	5.926874999999999
fortune	6.179999999999999	4.4675	5.78
touch	6.079375	4.29875	5.62625
kill	4.008125000000001	4.880624999999999	4.6175
feature	5.68625	3.6262499999999998	5.58875
happiness	6.7425	4.6975	6.056875000000001
assume	5.676875000000001	3.7506250000000008	5.886875
notion	5.766875000000001	4.316250000000001	5.674375000000001
purchase	5.925624999999999	4.196875	5.6481249999999985
faithful	6.0406249999999995	4.465	5.633125
soldier	4.669375	4.903124999999999	5.063124999999999
father	6.430000000000001	4.032500000000001	5.7162500000000005
narrow	5.0406249999999995	3.526875	4.92
great	5.97625	3.820625	5.935625
tear	5.550624999999999	4.551875	5.234999999999999
honorable	6.011875000000001	4.74125	6.2125
previous	5.656874999999999	3.985625	5.871875
good	5.8725	3.8062499999999995	5.75375
domestic	6.135	4.18125	5.733125
glory	6.69125	4.79125	5.829999999999998
lay	5.600625	3.879375	5.593750000000001
occasion	5.988124999999999	3.7193749999999994	6.1675
guard	5.264375	3.9462500000000005	5.5562499999999995
whole	5.98125	3.4968749999999997	5.7943750000000005
mouth	5.72625	3.7487500000000007	5.455
receive	5.859375000000001	3.9793749999999997	5.9418750000000005
take	5.96625	3.8037500000000004	5.890625
simple	6.440000000000001	3.7193750000000003	5.94125
error	4.865625	4.140000000000001	5.580625
wisdom	6.425625	4.38125	5.870624999999999
rock	5.953124999999999	3.9137500000000003	5.369375
decide	5.568124999999999	4.109375	5.9193750000000005
exclaim	5.979374999999999	4.3	5.797499999999999
assure	5.9475	3.5943749999999994	5.931249999999999
sign	5.672499999999999	3.709375	5.650625
preserve	6.073749999999999	3.8200000000000007	5.8975
commerce	5.319375000000001	4.0875	5.37375
plant	5.703124999999999	3.7399999999999993	5.4825
walk	5.819375	3.8062499999999995	5.684374999999999
difference	5.632499999999999	3.8225	5.975624999999998
hang	5.755625	3.878125	5.663125
following	5.922499999999999	3.7300000000000013	5.80625
employ	5.384375	4.385000000000001	5.636875000000001
