deal	5.804375	3.85625	5.779375
study	6.010624999999999	4.3081249999999995	6.216875
afford	5.800625	3.9462500000000005	5.781874999999999
service	5.553749999999999	4.136875000000001	5.665
height	5.3412500000000005	3.6849999999999996	5.680625
prospect	6.1537500000000005	4.526875	5.545
pleasant	6.524375	4.49125	5.88125
shade	5.651250000000001	3.69125	5.3775
listen	6.0687500000000005	3.660625	5.975
mighty	5.9487499999999995	4.721874999999999	5.757499999999999
country	5.74125	3.825	5.458124999999999
title	5.736249999999999	4.0131250000000005	5.77125
choose	5.880624999999999	3.595	5.904375
village	5.9662500000000005	3.8737499999999994	5.5337499999999995
acquire	6.050625	3.978125	6.216875
rank	5.485625000000001	4.2875	5.866875
bow	5.643125000000001	4.031875	5.724375
doctor	4.969375	4.076875	5.303749999999999
talent	6.830625	4.574375	6.441874999999999
source	5.59375	3.6699999999999995	5.803124999999999
lead	5.68125	3.910625	5.689375
question	5.9887500000000005	4.255625	6.1293750000000005
publish	5.4975000000000005	3.86375	5.786875
interest	6.063749999999999	4.16625	6.258125
serve	5.878750000000001	3.624375	5.871874999999999
divine	5.850625	4.129374999999999	5.6325
put	5.795000000000001	3.5887499999999997	5.985625
shadow	5.684999999999999	4.074375	5.128125
practical	5.59	4.09	5.675
surface	5.2993749999999995	3.5693750000000004	5.413125
account	5.920624999999999	3.5950000000000006	5.9275
loss	4.010000000000001	4.418125	4.500625
indian	5.519374999999999	4.126875000000001	5.09125
vine	5.493124999999998	3.5037499999999993	5.369374999999999
certain	5.983749999999999	3.6487500000000006	6.08375
sin	5.0025	4.40125	5.261875
necessity	4.99375	3.979375	5.109999999999999
lose	5.878125000000001	3.7193749999999994	5.5825000000000005
private	5.345625	3.901875	5.647500000000001
gentleman	5.890000000000001	3.93625	5.751250000000001
daughter	6.264375	4.598125	5.3100000000000005
drive	5.64875	4.046875	5.355625
strange	5.745625	4.113125	5.635624999999999
journey	6.246250000000001	4.29375	6.006874999999999
uncle	6.1481249999999985	3.945625	5.6049999999999995
species	5.758750000000001	4.10375	5.625625
think	6.077500000000001	3.5681249999999998	6.124374999999999
bed	5.8412500000000005	3.4906249999999996	5.5962499999999995
wind	6.196875	4.218125	5.338125
bless	6.485	4.2325	6.13125
destroy	4.665000000000001	4.609375000000001	5.044375
author	5.615624999999999	4.176875000000001	5.7525
sustain	5.358125	3.8225000000000002	5.3412500000000005
black	5.6556250000000015	4.032499999999999	5.429374999999999
event	5.41625	4.328125	5.514375
liberty	5.670000000000001	4.0531250000000005	5.553750000000002
negro	4.409375000000001	4.348750000000001	4.9975
little	6.096875000000001	3.550625	5.925624999999999
fortune	6.139375	4.326875	5.59875
touch	5.9468749999999995	4.25	5.611875
kill	3.9381250000000003	4.94125	4.7325
feature	5.719375000000001	3.778749999999999	5.58875
happiness	6.6975	4.578125	6.158125
assume	5.70125	3.7756250000000007	5.8575
notion	5.833750000000001	4.315625	5.789375000000001
purchase	5.656249999999999	4.121875	5.543125
faithful	6.18375	4.506875000000001	5.721874999999999
soldier	4.548749999999999	5.0375	5.2325
father	6.106875	4.188125	5.40625
narrow	5.1518749999999995	3.495	4.913749999999999
great	5.948749999999999	3.8450000000000006	5.88125
tear	5.073125000000001	4.7475000000000005	5.04625
honorable	5.860625000000001	4.583749999999999	6.104375000000001
previous	5.631875	4.005	5.8793750000000005
good	5.94375	3.6781249999999996	5.854375
domestic	6.1274999999999995	4.0356250000000005	5.748124999999999
glory	6.5375000000000005	4.735624999999999	5.983124999999999
lay	5.471875000000001	3.92	5.620625
occasion	5.843125	3.7806249999999997	5.899375
guard	5.074375	4.0893749999999995	5.5218750000000005
whole	5.928125	3.7175	5.684375000000001
mouth	5.47125	3.7562499999999996	5.485625000000001
receive	5.8256250000000005	4.078125	5.805
take	5.975625	3.7487500000000002	5.831874999999999
simple	6.315625000000002	3.630625	5.89
error	5.07125	4.195	5.59625
wisdom	6.389375	4.342499999999999	5.975624999999999
rock	5.925624999999999	3.8343750000000005	5.41875
decide	5.578124999999999	3.940000000000001	5.653750000000001
exclaim	5.99	4.186249999999999	5.852499999999999
assure	6.0443750000000005	3.686875	5.921875
sign	5.5600000000000005	3.666875	5.721875000000001
preserve	6.13625	3.85875	5.9275
commerce	4.9399999999999995	3.984374999999999	4.9799999999999995
plant	5.903125000000001	3.5868749999999996	5.599375
walk	5.703125	3.8031249999999996	5.716875
difference	5.6875	3.7362500000000005	5.9868749999999995
hang	5.7143749999999995	3.85125	5.736249999999999
following	5.983125	3.756250000000001	5.80375
employ	5.423125000000001	4.299375	5.60375
