deal	5.7893750000000015	3.9156250000000004	5.815625
study	6.010624999999999	4.3081249999999995	6.216875
afford	5.68375	3.8387499999999997	5.8531249999999995
service	5.670624999999999	4.10875	5.578125
height	5.2375	3.8068750000000002	5.32
prospect	6.4975000000000005	4.60125	5.81125
pleasant	6.505625	4.557499999999999	5.999375
shade	6.02125	3.9425000000000003	5.4331249999999995
listen	5.765000000000001	3.6262499999999998	5.77125
mighty	5.71375	4.726875	5.624375
country	5.5737499999999995	3.7962499999999997	5.392499999999999
title	5.734375	3.9406250000000003	5.951249999999999
choose	5.775625	3.570625	5.833125
village	5.77125	3.821875	5.526875
acquire	5.934374999999999	4.0675	6.265625000000001
rank	5.690625000000002	4.327500000000001	5.783125
bow	5.564374999999998	4.267500000000001	5.678125
doctor	4.951875	4.138750000000001	5.1743749999999995
talent	6.208124999999999	4.450625	6.2456249999999995
source	5.685	3.635	5.868125
lead	5.556875000000001	3.8787500000000006	5.567500000000001
question	5.89625	4.1450000000000005	6.12625
publish	5.328125	3.7281250000000004	5.7275
interest	5.918125000000001	4.119375	6.173125
serve	5.932500000000001	3.56125	5.886874999999999
divine	6.068750000000001	4.171875	5.520624999999999
put	5.633125000000001	3.7424999999999997	5.85375
shadow	6.138125	4.15	5.230625
practical	5.6675	3.9381250000000003	5.81875
surface	5.111250000000001	3.63	5.118125
account	5.851874999999999	3.640625	5.98125
loss	4.45375	4.351249999999999	4.770625000000001
indian	5.333749999999999	4.380625	5.205
vine	5.496249999999998	3.6418749999999998	5.323124999999999
certain	5.92625	3.6650000000000005	6.218125
sin	5.578125	4.483125	5.277500000000001
necessity	5.230000000000001	3.9081250000000005	5.479374999999999
lose	5.861875	3.973125	5.639375
private	5.531875	3.8706250000000004	5.595625000000001
gentleman	5.866250000000001	3.963125	5.801875000000001
daughter	6.372500000000001	4.814375	5.357500000000001
drive	5.651874999999999	4.088749999999999	5.358124999999999
strange	5.783749999999999	4.18375	5.611875
journey	6.119999999999999	4.17	6.025625
uncle	6.041250000000002	4.046875	5.55875
species	5.6381250000000005	4.18	5.488125
think	6.124375000000001	3.7568749999999995	6.078125
bed	5.86125	3.4587499999999998	5.5962499999999995
wind	6.273750000000001	4.10625	5.286875
bless	6.235625000000001	4.621875	5.891249999999999
destroy	4.43375	4.796250000000001	5.05
author	5.678750000000001	3.9475000000000007	5.8187500000000005
sustain	5.394375000000001	3.7075	5.3568750000000005
black	5.63625	4.044375	5.4712499999999995
event	5.64625	4.20875	5.769375
liberty	5.83	4.26625	5.679375
negro	4.760000000000001	4.216875	4.958749999999999
little	6.033750000000001	3.595	5.881874999999999
fortune	6.164375	4.5218750000000005	5.79
touch	6.055	4.34125	5.606875
kill	3.9025000000000003	5.052499999999999	4.655625000000001
feature	5.81875	3.7874999999999996	5.691249999999999
happiness	6.8968750000000005	4.79125	6.211875
assume	5.8412500000000005	3.7956250000000007	5.928125000000001
notion	5.691249999999999	4.197500000000001	5.611875
purchase	5.919375	4.27125	5.58625
faithful	6.335624999999999	4.386250000000001	5.721875000000001
soldier	4.529375	4.900624999999999	5.159375000000001
father	6.160000000000001	4.265625	5.5268749999999995
narrow	5.180624999999999	3.6537499999999996	5.157500000000001
great	5.9175	3.7531250000000007	5.83625
tear	5.3531249999999995	4.573125	5.078125
honorable	6.011875000000001	4.74125	6.2125
previous	5.489375000000001	3.84625	5.806250000000001
good	5.8725	3.8062499999999995	5.75375
domestic	6.130625000000002	4.24875	5.870625
glory	6.648750000000001	4.8568750000000005	5.936875
lay	5.426875	4.04375	5.493125
occasion	5.763749999999999	3.675	6.126875000000001
guard	5.180000000000001	3.893125	5.538125
whole	5.84	3.4150000000000005	5.648125
mouth	5.48	3.8262500000000004	5.484375000000001
receive	5.963750000000001	3.931875	6.000624999999999
take	5.920624999999999	3.725	5.726249999999999
simple	6.34	3.7343750000000004	5.80875
error	5.14875	4.161875	5.7225
wisdom	6.386875000000001	4.2368749999999995	6.024375
rock	5.729374999999999	3.9987500000000007	5.353750000000001
decide	5.619374999999999	3.9337500000000007	5.7700000000000005
exclaim	6.016249999999999	4.241249999999999	5.818125
assure	5.9475	3.6925	5.88
sign	5.59125	3.6706250000000002	5.559375
preserve	5.968125	3.7600000000000002	5.89375
commerce	5.195	4.055	5.465000000000001
plant	5.476875	3.848125	5.256875000000001
walk	6.046875	3.7712499999999998	5.8568750000000005
difference	5.75125	3.7131250000000002	6.075625
hang	5.768750000000001	3.8824999999999994	5.60625
following	5.8412500000000005	3.6731250000000006	5.77125
employ	5.140000000000001	4.3025	5.586875
