deal	5.915625	3.8581250000000002	5.74625
study	6.081250000000001	4.18	6.206874999999999
afford	5.8462499999999995	4.025	5.7775
service	5.6918750000000005	4.188749999999999	5.87625
height	5.476875	3.905625	5.7043750000000015
prospect	6.093750000000001	4.503125	5.741875
pleasant	6.791875	4.475	6.210624999999999
shade	5.7075000000000005	3.8537500000000007	5.307500000000001
listen	5.849375	3.7737500000000006	5.80625
mighty	5.474374999999999	4.691875	5.3975
country	5.590625	3.9231249999999998	5.329375
title	5.7375	3.92875	5.933749999999999
choose	5.875624999999999	3.550625	5.978749999999999
village	5.77625	3.7325	5.547499999999999
acquire	6.044375	4.043125	6.185000000000001
rank	5.66375	4.34	5.89375
bow	5.728124999999999	4.313750000000001	5.81625
doctor	5.07125	3.98375	5.284999999999999
talent	6.585	4.451249999999999	6.343125000000001
source	5.881874999999999	3.7562499999999996	5.859999999999999
lead	5.6156250000000005	3.85	5.654375
question	5.915625	4.196250000000001	6.078749999999999
publish	5.48875	3.6487499999999997	5.89625
interest	5.948125000000001	4.094374999999999	6.1987499999999995
serve	5.866875	3.6006250000000004	5.883124999999999
divine	5.8568750000000005	4.086875	5.4887500000000005
put	5.771875	3.78	5.914375
shadow	5.777499999999999	4.05875	5.158124999999999
practical	5.507500000000001	3.9525000000000006	5.63625
surface	5.289375	3.6774999999999998	5.0925
account	5.851249999999999	3.638125	5.995
loss	4.8168750000000005	4.5275	5.07875
indian	5.3675	4.29375	5.12875
vine	5.180624999999999	3.7893749999999993	5.336875
certain	5.925624999999999	3.6000000000000005	6.190625
sin	5.476250000000001	4.54875	5.284375
necessity	5.423750000000001	4.115	5.4025
lose	5.789375	3.9375	5.618125
private	5.738125000000001	3.920000000000001	5.93375
gentleman	5.982500000000001	3.971875	5.724375
daughter	6.106875	4.61375	5.415
drive	5.635624999999999	4.054374999999999	5.432499999999999
strange	5.779374999999999	4.2281249999999995	5.593125
journey	6.13625	3.9543749999999998	6.061249999999999
uncle	5.728125	4.12375	5.616875
species	5.456875000000001	4.143125	5.398124999999999
think	5.940625	3.7737499999999997	5.951874999999999
bed	5.836875	3.57	5.566874999999999
wind	6.0775	4.0443750000000005	5.241874999999999
bless	6.235625000000001	4.621875	5.891249999999999
destroy	4.234375	4.7875000000000005	5.004375
author	5.6831249999999995	3.8912500000000003	5.9556249999999995
sustain	5.174375	3.9656249999999997	5.266875
black	5.801875000000001	4.021875	5.400625
event	5.430624999999999	4.322500000000001	5.589375
liberty	5.9175	4.37	5.648750000000001
negro	4.149375000000001	4.4156249999999995	4.745625
little	6.0737499999999995	3.568125	5.954374999999999
fortune	6.13125	4.470625	5.79875
touch	5.99	4.28625	5.635625
kill	3.7681250000000004	5.172499999999999	4.4475
feature	5.6137500000000005	3.5075	5.518749999999999
happiness	6.666250000000001	4.523124999999999	6.121875
assume	5.8412500000000005	3.7956250000000007	5.928125000000001
notion	5.803749999999999	4.291875	5.733750000000001
purchase	5.935625	4.24	5.666249999999999
faithful	6.60375	4.550000000000001	6.009375
soldier	4.5375	4.993124999999998	5.075
father	5.969375	4.085625	5.61375
narrow	5.121874999999999	3.5887499999999997	4.778125
great	5.9175	3.7531250000000007	5.83625
tear	5.061875000000001	4.6000000000000005	4.9775
honorable	6.011875000000001	4.74125	6.2125
previous	5.691250000000001	3.9081250000000005	5.854375
good	5.8525	3.8393749999999995	5.74
domestic	6.035625	4.12875	5.9325
glory	6.780625000000001	4.804374999999999	5.991875000000001
lay	5.455	4.028125000000001	5.545000000000001
occasion	5.783749999999999	3.69375	6.110625000000001
guard	5.0825	4.140000000000001	5.3975
whole	5.93375	3.6725000000000003	5.67625
mouth	5.52625	3.7475	5.460625
receive	6.115000000000001	4.038125	5.936249999999999
take	5.940625	3.9050000000000002	5.900625
simple	6.385625000000001	3.7312500000000006	5.863125
error	5.14875	4.161875	5.7225
wisdom	6.32625	4.3125	5.960624999999999
rock	5.869999999999999	3.9437500000000005	5.227499999999999
decide	5.557499999999999	3.9750000000000005	5.643750000000001
exclaim	5.920624999999999	4.0925	5.863124999999999
assure	5.904375	3.6806249999999996	5.810624999999999
sign	5.600625000000001	3.79375	5.751250000000001
preserve	6.149374999999999	3.7624999999999997	5.8931249999999995
commerce	5.16375	4.090625	5.443125000000001
plant	5.514374999999999	3.6962499999999996	5.386875
walk	5.833749999999999	3.7068749999999993	5.774374999999999
difference	5.686875	3.77	6.12125
hang	5.766249999999999	3.9125	5.618125
following	5.9399999999999995	3.7100000000000004	5.821875
employ	5.143125000000001	4.3525	5.41375
