deal	5.944374999999999	3.86125	5.82875
study	5.984999999999999	4.313124999999999	6.118124999999999
afford	5.564375	3.7393750000000003	5.834999999999999
service	5.644374999999999	3.9924999999999993	5.808125
height	5.35625	3.805625	5.635625
prospect	6.193125	4.644375	5.775
pleasant	6.9125000000000005	4.421875	6.171874999999999
shade	5.970625000000001	3.950625	5.633125
listen	5.83125	3.7775	5.803125
mighty	5.465000000000001	4.7075	5.307499999999999
country	5.6537500000000005	3.855625	5.480624999999999
title	5.928124999999999	4.00125	5.784375
choose	5.799374999999999	3.5625	5.936249999999999
village	5.504375000000001	3.7781249999999997	5.380000000000001
acquire	6.0375000000000005	4.013125	6.178750000000002
rank	5.727500000000001	4.315625	5.959999999999999
bow	5.665625	4.166875000000001	5.6875
doctor	4.9475	4.133124999999999	5.156875
talent	6.688125	4.491249999999999	6.43
source	5.637499999999999	3.65	5.8568750000000005
lead	5.538124999999999	4.034375000000001	5.59875
question	5.913750000000001	4.152500000000001	6.0424999999999995
publish	5.534375	3.78125	5.96125
interest	5.925	4.180625	6.253749999999999
serve	5.978750000000001	3.6093749999999996	6.004375
divine	6.060625000000001	4.118125	5.52625
put	5.771875	3.78	5.914375
shadow	6.144375	4.117500000000001	5.378749999999999
practical	5.465	3.975	5.715624999999999
surface	5.18875	3.684375	5.158125
account	5.8462499999999995	3.655625	6.02625
loss	4.264375	4.4425	4.572500000000001
indian	5.420625	4.0825000000000005	5.123125000000001
vine	5.389999999999999	3.6999999999999997	5.378749999999999
certain	5.683124999999999	3.7200000000000006	6.088125
sin	4.693125000000001	4.62875	4.96625
necessity	5.229375	4.131875	5.449375
lose	5.789375	3.9375	5.618125
private	5.262499999999999	3.93875	5.590625
gentleman	5.983750000000001	3.9662499999999996	5.7725
daughter	6.166875000000001	4.60125	5.350625000000001
drive	5.715	3.9281249999999996	5.374375
strange	5.78875	4.305	5.56625
journey	6.11	4.098125	5.909374999999999
uncle	6.04875	4.055000000000001	5.66875
species	5.5287500000000005	4.179375	5.498125
think	5.94375	3.744375	6.003124999999999
bed	5.8525	3.4793749999999997	5.544375
wind	6.079375000000001	4.2456249999999995	5.326875000000001
bless	6.463750000000001	4.313125	6.005625
destroy	4.438750000000001	4.766875000000001	4.985625
author	5.824375000000001	4.030625000000001	6.007499999999999
sustain	5.41	3.9274999999999993	5.444375000000001
black	5.590625000000001	3.99875	5.41125
event	5.43375	4.189375	5.633125000000001
liberty	6.176875000000001	4.2125	5.921250000000001
negro	4.15875	4.591875	4.403124999999999
little	5.824374999999999	3.67	5.800624999999999
fortune	6.194374999999999	4.3950000000000005	5.724375
touch	6.266250000000001	3.92	6.09875
kill	3.5093750000000004	5.15375	4.2475000000000005
feature	5.705625	3.695	5.463749999999999
happiness	6.623125	4.405625	6.114374999999999
assume	5.829375000000001	3.7250000000000005	5.901250000000001
notion	5.6518749999999995	4.197500000000001	5.606250000000001
purchase	5.904374999999998	4.305625	5.63625
faithful	6.105625	4.4025	5.782500000000001
soldier	4.333750000000001	4.91	4.86125
father	6.05	4.2475000000000005	5.413125
narrow	5.0325	3.54875	4.9712499999999995
great	5.848124999999999	3.8287500000000008	5.884375
tear	4.88875	4.49125	4.911874999999999
honorable	6.011875000000001	4.74125	6.2125
previous	5.374375000000001	3.9806250000000007	5.741250000000001
good	5.8725	3.8062499999999995	5.75375
domestic	6.128125	4.0825000000000005	5.90625
glory	6.71125	4.753125	5.83625
lay	5.460625000000001	3.9906250000000005	5.499375
occasion	5.701874999999999	3.6849999999999996	6.048125000000001
guard	5.115625	4.081250000000001	5.498125
whole	5.824375	3.5225000000000004	5.631875000000001
mouth	5.72625	3.7487500000000007	5.455
receive	5.8375	4.01625	5.861875
take	5.883125	3.75125	5.791875
simple	6.235	3.545625	5.8925
error	5.14125	4.043125	5.74375
wisdom	6.387499999999999	4.213749999999999	5.998124999999999
rock	5.916249999999999	3.89625	5.371874999999999
decide	5.440624999999999	4.0625	5.562499999999999
exclaim	6.001250000000001	4.288125	5.761875
assure	5.92125	3.5956249999999996	5.77
sign	5.593125000000001	3.6712500000000006	5.573125
preserve	5.999374999999999	3.8375	5.854374999999999
commerce	5.2225	4.024374999999999	5.423125000000001
plant	5.514374999999999	3.985	5.34625
walk	5.84375	3.8062499999999995	5.681875
difference	5.616875	3.703125	6.147499999999998
hang	5.77125	3.783125	5.691875
following	5.8568750000000005	3.6600000000000006	5.7143749999999995
employ	5.195625000000001	4.463125000000001	5.513125
