deal	6.089375	3.7725000000000004	5.937499999999999
study	6.079999999999999	4.3081249999999995	6.21125
afford	5.6293750000000005	3.9418750000000005	5.746875
service	5.7675	4.135625	5.743124999999999
height	5.458125	3.8875000000000006	5.643125000000001
prospect	6.054375000000001	4.500624999999999	5.76125
pleasant	6.468125	4.313125	5.884375
shade	6.05625	3.938125	5.61125
listen	5.675	3.7387499999999996	5.8012500000000005
mighty	5.720625000000001	4.611874999999999	5.534999999999999
country	5.576874999999999	3.7818749999999994	5.494374999999999
title	5.791874999999999	4.046875	5.91375
choose	5.873124999999999	3.51125	5.974999999999999
village	5.686249999999999	3.72	5.534375000000001
acquire	5.968749999999998	3.9343749999999997	6.281875000000001
rank	5.76	4.326249999999999	5.770625
bow	5.525625	4.0843750000000005	5.6075
doctor	5.0493749999999995	4.034375	5.101875000000001
talent	6.197500000000001	4.169375	6.213125
source	5.68125	3.67375	5.890624999999999
lead	5.644374999999999	3.85	5.7025
question	6.055000000000001	4.175000000000001	6.125
publish	5.348125	3.7718749999999996	5.79125
interest	5.8618749999999995	4.175625	6.228124999999999
serve	5.9350000000000005	3.545	6.108124999999999
divine	6.155	4.281874999999999	5.633125000000001
put	5.69	3.7543749999999996	5.886875
shadow	5.8393749999999995	4.076875	5.095
practical	5.546875	3.9899999999999998	5.788125000000001
surface	5.4025	3.700625	5.203125000000001
account	5.749375	3.584375	6.0125
loss	4.12125	4.505	4.733125
indian	5.552500000000001	4.18375	5.130625
vine	5.533124999999998	3.723125	5.401250000000001
certain	5.92625	3.6650000000000005	6.218125
sin	5.249375000000001	4.55875	5.183749999999999
necessity	5.19875	3.8818749999999995	5.34125
lose	5.9125	3.9293749999999994	5.8025
private	5.505624999999999	3.944375000000001	5.7093750000000005
gentleman	5.911875000000001	3.941875	5.6875
daughter	6.22375	4.704375000000001	5.350625000000001
drive	5.6118749999999995	4.06375	5.325625
strange	5.873125	4.349374999999999	5.446250000000001
journey	6.219375	4.1475	5.998749999999999
uncle	5.890625	3.9462500000000005	5.581875000000001
species	5.611250000000002	4.03	5.538749999999999
think	6.077499999999999	3.7112499999999993	5.998749999999999
bed	5.697500000000001	3.48375	5.4987499999999985
wind	6.235625000000001	4.0025	5.281249999999999
bless	6.352500000000002	4.548125	5.906875
destroy	4.461250000000001	4.720000000000001	5.0337499999999995
author	5.63625	3.9500000000000006	5.821875
sustain	5.341875	3.8318749999999997	5.431250000000001
black	5.582500000000001	4.071875	5.22625
event	5.5975	4.27125	5.514375
liberty	6.030625000000001	4.233750000000001	5.824375000000001
negro	4.267500000000001	4.547499999999999	4.675624999999999
little	6.005624999999998	3.6550000000000002	5.84125
fortune	6.154374999999998	4.42375	5.665
touch	6.2125	3.925625	5.896249999999999
kill	3.9006250000000002	4.9643749999999995	4.52375
feature	5.68125	3.66	5.523750000000001
happiness	6.585625	4.768749999999999	6.034375
assume	5.658125	3.7581250000000006	5.8975
notion	5.663125	4.025	5.564375000000001
purchase	5.83875	4.2093750000000005	5.446874999999999
faithful	6.057499999999998	4.299375	5.650625
soldier	4.843125	4.775625	5.009375
father	6.063125	4.238124999999999	5.484375
narrow	5.02625	3.508125	4.89
great	5.861250000000001	3.770000000000001	5.873125
tear	4.8568750000000005	4.722500000000001	4.743125
honorable	5.902500000000001	4.51	6.141249999999999
previous	5.811875	3.91875	5.821875
good	6.116875	3.5681249999999993	6.078125
domestic	6.015625000000001	4.2056249999999995	5.846875000000001
glory	6.774375	4.936875	5.851249999999999
lay	5.680625	3.975625	5.541875
occasion	5.696249999999999	3.69125	6.010000000000001
guard	5.239375	3.9712500000000004	5.56625
whole	5.93375	3.6725000000000003	5.67625
mouth	5.503125	3.836875000000001	5.44
receive	5.799375000000001	3.9187499999999997	5.97375
take	5.937500000000001	3.75	5.903124999999999
simple	6.385000000000002	3.483125	6.066249999999999
error	5.064374999999999	4.138125	5.495000000000001
wisdom	6.484375	4.324375	5.978124999999999
rock	5.847499999999999	3.9050000000000002	5.26125
decide	5.515	3.9956250000000004	5.652500000000001
exclaim	6.0575	4.359375	5.737499999999999
assure	5.834999999999999	3.60875	5.799999999999999
sign	5.354374999999999	3.730625	5.53375
preserve	6.0143749999999985	3.7443750000000002	5.900624999999999
commerce	5.1875	3.9843749999999996	5.4281250000000005
plant	5.511875	3.8524999999999996	5.251875
walk	5.526874999999999	3.6656250000000004	5.703125
difference	5.801875	3.75625	6.138125
hang	5.535625	3.7556249999999998	5.4781249999999995
following	5.815625	3.658125000000001	5.84
employ	5.315625000000001	4.305625000000001	5.43125
