deal	6.00125	3.7956250000000002	5.753125
study	5.973749999999999	4.185625	6.199375
afford	5.693125	3.99	5.863125
service	5.590000000000001	4.060625	5.650625
height	5.539375	3.8381250000000002	5.650625
prospect	6.270000000000001	4.728125	5.829375
pleasant	6.7124999999999995	4.606875	5.999999999999999
shade	5.95625	3.85	5.4731250000000005
listen	6.116875	3.7218750000000007	5.931249999999999
mighty	5.726875000000001	4.546874999999999	5.504375
country	5.58375	3.8825000000000003	5.541874999999999
title	5.809999999999999	4.05375	5.8462499999999995
choose	5.8549999999999995	3.6312499999999996	5.864375
village	5.529375000000001	3.75875	5.404375
acquire	5.88125	4.145625	6.1937500000000005
rank	5.611875	4.311875	5.848125
bow	5.513125	4.324375000000001	5.58
doctor	5.02375	4.151249999999999	5.17375
talent	6.58875	4.491874999999999	6.411875
source	5.734375	3.776874999999999	5.8237499999999995
lead	5.800000000000001	4.04625	5.729375000000001
question	5.858750000000001	4.308125	6.0356250000000005
publish	5.399375000000001	3.7025000000000006	5.756875000000001
interest	5.974374999999999	4.186875	6.185625
serve	6.018750000000001	3.546875	5.86125
divine	6.065000000000001	4.281249999999999	5.508125
put	5.666875	3.781875	5.756875000000001
shadow	6.004999999999999	4.0925	5.133124999999999
practical	5.435625000000001	3.94375	5.6725
surface	5.320625000000001	3.71	5.20875
account	5.856249999999999	3.6399999999999997	5.884375
loss	4.5131250000000005	4.474374999999999	4.7543750000000005
indian	5.7125	3.9856250000000006	5.26125
vine	5.629999999999999	3.615625	5.331250000000001
certain	5.864374999999999	3.7093750000000005	6.17
sin	5.5825	4.468125	5.573125
necessity	5.455000000000001	4.00125	5.4331249999999995
lose	5.883125	3.95875	5.56625
private	5.491875	3.7618750000000003	5.613125
gentleman	6.028125	3.93875	5.655625000000001
daughter	6.81625	4.57	5.61875
drive	5.635624999999999	4.054374999999999	5.432499999999999
strange	5.818125	4.133125	5.629375
journey	6.030625000000001	4.040625	5.88125
uncle	5.92625	4.019375	5.518750000000001
species	5.556875000000001	4.026249999999999	5.577500000000001
think	6.10875	3.696875	5.93125
bed	5.74875	3.5174999999999996	5.504999999999999
wind	6.2387500000000005	4.078125	5.095625
bless	6.60875	4.3725	6.180624999999999
destroy	4.490625	4.6625000000000005	5.080625
author	5.766875000000001	4.018750000000001	5.89875
sustain	5.41375	3.835	5.496250000000001
black	5.646250000000001	4.005625	5.418749999999999
event	5.469999999999999	4.1875	5.66375
liberty	5.935625	4.241250000000001	5.822500000000001
negro	4.4375	4.3062499999999995	4.685
little	6.138750000000001	3.56875	5.788749999999999
fortune	6.363124999999998	4.349375	5.768125
touch	6.055000000000001	4.3168750000000005	5.57625
kill	4.2318750000000005	4.7924999999999995	4.75125
feature	5.890625000000002	3.7949999999999995	5.62125
happiness	6.766875000000001	4.626874999999999	6.1987499999999995
assume	5.769375000000001	3.8518750000000006	5.959375000000001
notion	5.656874999999999	4.15625	5.745000000000001
purchase	5.971874999999999	4.296875	5.70375
faithful	6.163125	4.5024999999999995	5.681875
soldier	4.5287500000000005	4.926874999999998	5.155
father	6.45875	4.116875	5.61375
narrow	5.186249999999999	3.4975	5.0775
great	5.799375	3.830625000000001	5.806875
tear	5.145625000000001	4.5512500000000005	4.940625
honorable	6.011875000000001	4.74125	6.2125
previous	5.686875000000001	3.91875	5.79875
good	5.977499999999999	3.78	5.6606250000000005
domestic	6.056875	4.050625	5.925624999999999
glory	6.616875	4.795625	5.823124999999999
lay	5.6137500000000005	3.67875	5.599375
occasion	5.696249999999999	3.69125	6.010000000000001
guard	5.145625	4.159375	5.5249999999999995
whole	5.826249999999999	3.689375	5.641874999999999
mouth	5.670000000000001	3.846250000000001	5.3875
receive	5.97625	3.96125	5.95625
take	6.005625	3.8193750000000004	5.755624999999999
simple	6.401875	3.6568750000000008	5.835625
error	5.163125	4.130000000000001	5.663124999999999
wisdom	6.3375	4.2456249999999995	5.929999999999999
rock	5.852499999999999	3.9406250000000007	5.344375
decide	5.636875	4.14125	5.823125
exclaim	6.016249999999999	4.22625	5.75625
assure	6.075	3.55875	5.839374999999999
sign	5.6381250000000005	3.81625	5.703750000000001
preserve	5.934374999999998	3.7325000000000004	5.86625
commerce	5.1862499999999985	3.9781249999999995	5.34875
plant	5.6899999999999995	3.60125	5.463749999999999
walk	5.9906250000000005	3.74375	5.7375
difference	5.699375	3.8081250000000004	6.100625
hang	5.680000000000001	3.7974999999999994	5.575
following	5.998125	3.7443750000000007	5.869375
employ	5.050625	4.223125	5.361875
