deal	5.8843749999999995	3.8731250000000004	5.706875
study	6.042500000000001	4.248749999999999	6.180624999999999
afford	5.659375	3.9537500000000003	5.79
service	5.695625000000001	4.116875	5.776249999999999
height	5.455625	3.9318750000000007	5.653750000000001
prospect	6.0012500000000015	4.41125	5.57125
pleasant	6.6362499999999995	4.471874999999999	6.068124999999999
shade	6.023750000000001	3.97375	5.705625
listen	5.818125	3.6387500000000004	5.7943750000000005
mighty	5.555624999999999	4.6049999999999995	5.559374999999999
country	5.688125	3.776249999999999	5.4956249999999995
title	5.879999999999999	3.89625	5.9625
choose	5.87875	3.56875	5.941875
village	5.862500000000001	3.7781249999999993	5.548750000000002
acquire	6.046875000000001	4.090625	6.347500000000001
rank	5.60625	4.356875	5.86625
bow	5.487499999999999	4.2975	5.676875
doctor	5.2675	4.043749999999999	5.416249999999999
talent	6.27375	4.37125	6.109375000000001
source	5.726875	3.6687499999999997	5.835624999999999
lead	5.6925	3.82625	5.676875
question	6.0531250000000005	4.1825	6.2056249999999995
publish	5.273124999999999	3.6550000000000007	5.737499999999999
interest	5.8531249999999995	4.089375	6.167499999999999
serve	5.92875	3.6031250000000004	5.861249999999999
divine	6.00625	4.08	5.433749999999999
put	5.709375	3.59625	5.854375
shadow	6.039374999999999	4.17125	5.421249999999999
practical	5.531875	4.015625	5.675624999999999
surface	5.166875	3.7062500000000003	5.1049999999999995
account	5.906874999999999	3.5975	6.045625
loss	4.267500000000001	4.52625	4.749375000000001
indian	5.57	4.067500000000001	5.2162500000000005
vine	5.433749999999999	3.611875	5.268749999999999
certain	5.925624999999999	3.6000000000000005	6.190625
sin	5.257499999999999	4.547499999999999	5.233750000000001
necessity	5.125000000000001	3.7881249999999995	5.25625
lose	5.9818750000000005	3.8449999999999993	5.7006250000000005
private	5.323124999999999	3.9462500000000005	5.501875
gentleman	5.980000000000001	3.924375	5.750624999999999
daughter	7.030000000000001	4.426250000000001	5.718125000000001
drive	5.734999999999999	3.9068749999999994	5.4331249999999995
strange	5.766875000000001	4.16875	5.568125
journey	6.134375	4.273125	6.074999999999999
uncle	5.866875	4.041875	5.6375
species	5.6499999999999995	3.998125	5.651874999999999
think	5.9750000000000005	3.643125	6.03125
bed	5.848750000000001	3.3924999999999996	5.734374999999999
wind	6.273750000000001	4.15375	5.4281250000000005
bless	6.144375	4.375625	5.948124999999999
destroy	4.24	4.8012500000000005	4.93375
author	5.8568750000000005	3.6862500000000002	5.908125
sustain	5.319375	3.9837499999999992	5.370625
black	5.590625000000001	3.99875	5.41125
event	5.5975	4.1625	5.579375
liberty	6.195000000000002	4.4925	5.873125000000001
negro	4.553749999999999	4.1899999999999995	4.766875
little	6.096875000000001	3.550625	5.925624999999999
fortune	6.491249999999999	4.454375	5.850625
touch	6.180625	4.301875	5.773750000000001
kill	4.386875	4.74125	4.9799999999999995
feature	5.8325000000000005	3.8206249999999997	5.565625
happiness	6.829375	4.619375	6.168749999999999
assume	5.883750000000001	3.8312500000000007	5.97375
notion	5.74625	4.0893749999999995	5.681875000000001
purchase	5.7768749999999995	4.181875	5.6025
faithful	6.065625	4.5275	5.628125
soldier	4.5287500000000005	4.989374999999999	5.251875
father	6.309374999999999	4.251875	5.545
narrow	5.023124999999999	3.4381250000000003	4.84375
great	5.91125	3.790000000000001	5.859999999999999
tear	4.7625	4.645625	4.78625
honorable	5.905625000000001	4.435625	6.176875000000001
previous	5.728750000000001	3.9218750000000004	5.7875
good	5.90375	3.7049999999999996	5.781875
domestic	6.279375000000001	4.081875	6.02
glory	6.541250000000001	4.886875	5.82375
lay	5.483125000000001	3.935625	5.526875
occasion	5.696249999999999	3.69125	6.010000000000001
guard	4.9593750000000005	4.141875000000001	5.393125
whole	5.975625	3.6187500000000004	5.6625
mouth	5.532500000000001	3.7462500000000007	5.4018749999999995
receive	5.910625000000001	3.9987500000000002	5.974375
take	6.023750000000001	3.7249999999999996	5.8062499999999995
simple	6.401875	3.6568750000000008	5.835625
error	5.1118749999999995	4.10125	5.709375
wisdom	6.3881250000000005	4.380625	6.024374999999999
rock	5.8549999999999995	3.8831250000000006	5.261875
decide	5.532500000000001	4.051875000000001	5.642500000000001
exclaim	5.941875	4.221875	5.80125
assure	5.9643749999999995	3.66375	5.8618749999999995
sign	5.623125000000001	3.7199999999999998	5.460625
preserve	6.08375	3.855	5.811874999999999
commerce	5.2681249999999995	3.994375	5.399374999999999
plant	5.604375	3.618125	5.51375
walk	5.88875	3.6174999999999993	5.818125
difference	5.801875	3.7756250000000002	6.175
hang	5.723125	3.7618750000000003	5.74125
following	5.836875	3.6218750000000006	5.780625
employ	5.34125	4.175	5.562500000000001
