deal	6.160625	3.7637500000000004	5.905625
study	6.010624999999999	4.3081249999999995	6.216875
afford	5.674375	3.9775	5.815625
service	5.6518749999999995	4.123125	5.768749999999999
height	5.359375000000001	3.78125	5.3425
prospect	6.220625	4.685625	5.748125000000001
pleasant	6.58375	4.789374999999999	5.9937499999999995
shade	6.000000000000001	4.0668750000000005	5.608750000000001
listen	6.031875	3.5925000000000007	5.968124999999999
mighty	5.651249999999999	4.609374999999999	5.50125
country	5.559375	3.9425	5.368124999999999
title	5.68125	4.010624999999999	5.919375
choose	5.979374999999999	3.63875	6.027499999999999
village	5.665	3.7975	5.369999999999999
acquire	5.878125	4.01125	6.1850000000000005
rank	5.753750000000001	4.391875000000001	5.874375
bow	5.73875	4.156875	5.817499999999999
doctor	4.97375	4.166875	5.161875
talent	6.531250000000001	4.376249999999999	6.355625
source	5.63875	3.6950000000000003	5.79
lead	5.795000000000001	3.9068750000000003	5.661250000000001
question	5.8775	4.27375	6.108125
publish	5.38875	3.7756250000000002	5.724375
interest	6.02375	4.08875	6.286874999999999
serve	6.0975	3.6718749999999996	5.984375
divine	6.0356250000000005	4.1775	5.5531250000000005
put	5.772499999999999	3.635	5.801875
shadow	5.894374999999999	4.169375	5.348125
practical	5.615625	3.9206250000000002	5.8256250000000005
surface	5.189375000000001	3.7568750000000004	5.019375
account	5.868124999999999	3.6450000000000005	6.001875
loss	4.354375	4.643750000000001	4.7943750000000005
indian	5.461875	4.2025000000000015	5.048125
vine	5.624999999999999	3.605624999999999	5.46875
certain	5.760625000000001	3.8250000000000006	6.07625
sin	4.973125000000001	4.58	5.245624999999999
necessity	5.312500000000001	3.891875	5.408124999999999
lose	6.095625	3.8062499999999995	5.640625000000001
private	5.5737499999999995	3.9693750000000008	5.714375
gentleman	6.032500000000001	3.8225	5.89125
daughter	6.210625	4.498125	5.414375
drive	5.85	4.118125	5.4643749999999995
strange	5.590625000000001	4.267499999999999	5.446249999999999
journey	6.0575	4.1274999999999995	5.943749999999999
uncle	5.851875	3.9893750000000003	5.547500000000001
species	5.673125000000001	4.164999999999999	5.590624999999999
think	6.135625	3.76875	5.9575
bed	5.9075	3.369375	5.753749999999999
wind	6.0475	4.2625	5.2875000000000005
bless	6.345625	4.449375	6.0093749999999995
destroy	4.478750000000001	4.71375	4.964999999999999
author	5.701250000000001	4.034375000000001	5.798125
sustain	5.4575000000000005	3.7062500000000003	5.4662500000000005
black	5.669375000000001	3.9718749999999994	5.3725
event	5.645625	4.145	5.724374999999999
liberty	5.93625	4.11125	5.898750000000001
negro	4.211875000000001	4.584375	4.4818750000000005
little	6.078749999999999	3.6712499999999997	5.879999999999999
fortune	6.309999999999999	4.47375	5.728125
touch	6.09375	4.258125	5.64
kill	4.09875	4.9156249999999995	4.545
feature	5.7768749999999995	3.6812499999999995	5.633125
happiness	6.931875000000001	4.766875	6.181875
assume	5.775625000000001	3.8643750000000003	5.927500000000001
notion	5.6587499999999995	4.194375	5.721875000000001
purchase	5.87875	4.28875	5.5649999999999995
faithful	6.0874999999999995	4.41375	5.6468750000000005
soldier	4.35375	4.989999999999999	4.916250000000001
father	6.107500000000001	4.18875	5.475625
narrow	5.024374999999999	3.42	4.973750000000001
great	5.73	3.793125	5.776250000000001
tear	5.145625000000001	4.5512500000000005	4.940625
honorable	5.91875	4.664375	6.1925
previous	5.706250000000001	3.883125	5.913125000000001
good	6.1175	3.7137499999999997	5.895625000000001
domestic	6.035	4.230625	5.875000000000001
glory	6.5675	4.716875	5.810625
lay	5.7425	4.11125	5.641875000000001
occasion	5.768124999999999	3.7574999999999994	6.0843750000000005
guard	5.126875	4.026875	5.49625
whole	5.888749999999999	3.65125	5.6018750000000015
mouth	5.447500000000001	3.8462500000000004	5.4525
receive	5.888750000000001	3.915625	5.817499999999999
take	6.10875	3.730625	5.819999999999999
simple	6.59375	3.576875	6.028124999999999
error	5.011875	4.12375	5.630625
wisdom	6.4399999999999995	4.239375	5.979374999999998
rock	5.860625	4.008125000000001	5.331875
decide	5.727499999999999	4.088125000000001	5.97
exclaim	5.988125	4.185	5.781874999999999
assure	5.9725	3.575625	5.681875
sign	5.595625	3.7550000000000003	5.660000000000001
preserve	6.1274999999999995	3.79625	5.826874999999999
commerce	5.092499999999999	4.015625	5.2075
plant	5.5493749999999995	3.770625	5.321875
walk	5.90625	3.7399999999999998	5.8412500000000005
difference	5.635625	3.7	6.049999999999999
hang	5.891874999999999	3.9506249999999996	5.809999999999999
following	5.94375	3.7443750000000007	5.824375
employ	5.262500000000001	4.385625000000001	5.565625
