deal	4.77136265004334	5.069009744765354	4.900189027144203
study	5.212184470813997	4.929828764559753	5.338989982002828
afford	5.058688616799765	4.996572845491972	5.189973811157167
service	5.129873377719565	5.1080070526461725	5.273940481405376
height	4.891682588630078	4.79173678314166	4.849338758324139
prospect	5.050669003326923	5.102165864498539	5.1045565025285535
pleasant	5.269569394868105	4.871683191454718	4.967700552563061
shade	5.158835331451159	4.707811740141358	4.85824024042106
listen	4.928660668815921	5.131603249047415	4.971002996248852
mighty	4.750846024059559	5.116884878490357	4.967667635788131
country	5.004025493547411	5.106498595340094	5.19802463193678
title	4.991797291411483	5.064351364642657	5.177600490252465
choose	4.897410925586779	5.007590174864085	5.112019557979013
village	5.0633560592265	4.8068756469913625	4.861557341762223
acquire	5.249436737035256	4.975766513896402	5.365803078738025
rank	5.062321834865961	5.23536101207746	5.302669371371866
bow	4.850153811848461	4.9361506389965655	4.812081331619591
doctor	4.71662590126602	5.063515608541203	4.776017460594263
talent	5.278044331064546	5.065778264221778	5.386543581591452
source	5.093493351991374	5.0082062955663424	5.224610906653281
lead	4.715107567312623	5.101943186654012	4.949767337607475
question	4.769059364014477	5.118615348186355	5.144787330102264
publish	5.046827567659522	4.925466686604986	5.144168836444345
interest	4.955179389385064	5.091147524472518	5.142496394353236
serve	4.76914479979879	5.030024427857683	4.8944252251967075
divine	5.072998808730645	5.083217035197995	5.241681810347083
put	4.786858111609385	4.789367641308665	4.629222580969923
shadow	5.088301911727194	4.806677301633888	4.910759284921387
practical	5.1140326756416075	4.99320802032601	5.3037815788095255
surface	4.820829634942749	4.794196802217721	4.743780274946908
account	4.961898415800146	5.027426308214989	5.097908243733874
loss	4.674105497073029	5.222557527226069	4.972778959593088
indian	4.622941301604978	5.228661647899479	4.930003333985814
vine	4.988663285431821	4.746890583870691	4.800944806540889
certain	4.900887960905592	5.038832871907091	5.136221509263391
sin	4.343556629362096	5.430001277813024	4.943255716751837
necessity	4.789544762779173	5.152317795878336	5.111582036095298
lose	4.653960552399125	5.246514300714484	4.916623172874094
private	4.91538107371089	5.104443425850702	5.146949030176792
gentleman	4.973841648438855	4.919046367136432	4.870544264970517
daughter	5.075374414896034	5.059422989794426	4.98212443900243
drive	4.541621856268412	5.184354713506966	4.819595857675717
strange	4.700830657694547	5.179623032707713	4.888967452264275
journey	5.073141048345984	4.816781763089768	4.845114127741089
uncle	5.002738158980305	4.974424486284209	4.8502989242684595
species	4.962193290136259	5.002221080107895	5.038663097605079
think	4.7644488230887605	5.141294228831573	4.890420593475525
bed	4.823338256948983	4.724036632659278	4.666674000479091
wind	4.843069604404699	4.963070125430063	4.842690960930267
bless	5.148750237643045	5.0611656484177034	5.08734008591893
destroy	4.356017787829783	5.349346241020568	4.875733220134656
author	5.025599419017739	4.964225819969737	5.141298491140893
sustain	4.840185203267836	5.151094240717544	5.1146485420733345
black	4.810851050350157	4.686452327177584	4.6335510916625875
event	4.855541219376046	5.131769425937083	5.136679614133409
liberty	4.8440008965941	5.269105704748169	5.2031184069841245
negro	4.67776430728484	5.0046113605828415	4.712309674014785
little	4.870968195851622	4.923081705253914	4.817121294745102
fortune	5.1664943398365635	5.23183579694041	5.238423396225782
touch	4.895976539472205	5.038613675882042	4.893201064377835
kill	4.479813432225093	5.280940077480508	4.833429115072104
feature	5.055558918490718	4.907683015688705	4.970622991637644
happiness	5.175800725237211	5.082460008922351	5.208036948879909
assume	4.844745473158491	5.069815489145393	5.075011282295898
notion	4.8212416915891705	5.057601470902355	4.979954145753769
purchase	5.14131699812278	5.030343913199218	5.12797860174661
faithful	5.056682561396032	5.176900778364581	5.171625554584857
soldier	4.512954971459447	5.472405641785822	5.094319369292882
father	4.926106039432654	5.142609966248814	4.961530276064626
narrow	4.844378185552382	4.799973455914831	4.776739661331426
great	4.964713687678988	5.027475827307953	5.135586027533808
tear	4.889739838845864	5.0616367297715845	4.871894436382706
honorable	5.057357853341708	5.187332991402447	5.275334488133261
previous	4.854736745270216	5.068681608438984	5.065351026207165
good	4.82329667636474	5.078824231278087	4.969998402515273
domestic	5.080260230907973	5.014165023764494	5.157560583734773
glory	5.218740901369516	5.103011128763372	5.226402708745947
lay	4.619565269523627	4.938486590865796	4.700619906507455
occasion	4.739065627324299	5.210554987148668	5.060272936914569
guard	4.545799135860811	5.313210521874293	4.976737490698415
whole	4.86368360524291	4.986648709047979	5.021543768173493
mouth	4.784938675903842	4.7324382626307075	4.634109045747867
receive	5.035520831279911	5.025425072007367	5.137278425056931
take	4.593188678165769	5.144345094290504	4.84189764033338
simple	4.9347633659663845	4.990405743457336	5.099222660176858
error	4.655102903060834	5.180908339248143	5.069286987336361
wisdom	5.126639307552933	5.092356257465085	5.306628735403686
rock	4.8443483104814495	4.835485377791516	4.791974308694448
decide	4.810250136329405	5.11401626074029	5.1476701233187345
exclaim	4.694329564695894	5.172589610845019	4.812984363849244
assure	4.818677091247606	5.199348186941609	5.014736451472744
sign	4.777367387563363	5.086331119797362	5.041485343426304
preserve	4.909140850687983	5.048089757148847	5.08386327961183
commerce	5.089988370177026	4.998437302553427	5.1489199442006175
plant	4.943936926612279	4.78407423841187	4.788747130568513
walk	5.018420763811774	4.667771034207669	4.74118863520969
difference	4.981956883915014	4.9917776004290815	5.177117519408488
hang	4.79251151271699	4.721141401285669	4.652195841151915
following	5.03589619156867	4.944247891164451	5.120028927943627
employ	5.069596624891695	4.964126011711189	5.154457343010889
