deal	5.018558	5.0457664	5.046352
study	6.810348	4.2464843	6.068503
afford	6.6568265	4.6852713	5.8891287
service	5.854706	4.825366	6.0045815
height	5.569499	4.3155503	5.7695866
prospect	7.422722	5.169779	6.4479046
pleasant	6.7961597	3.8325956	3.9373703
shade	5.87857	3.9282203	4.587106
listen	5.9951935	4.732684	4.840799
mighty	5.699176	5.5587187	6.0631475
country	6.035837	4.9662747	6.0046625
title	6.293595	4.596705	5.944503
choose	5.3031807	4.577385	5.3665314
village	5.641971	4.08596	4.6472178
acquire	6.9688797	4.819276	6.8482265
rank	5.9466352	5.897923	6.4936943
bow	5.6072483	4.138295	4.935105
doctor	3.882753	5.2675633	4.5565596
talent	7.537061	5.2915974	7.1480284
source	6.437418	4.14299	5.561615
lead	5.620569	5.61126	5.552464
question	5.2300982	4.7296834	5.585028
publish	5.9968596	5.1880884	6.1783204
interest	6.4694877	5.3738613	6.3705916
serve	5.0609803	4.7889767	4.755524
divine	6.665008	5.108497	6.2312765
put	5.0579195	4.5554285	4.5509243
shadow	4.9242387	3.876933	4.3264894
practical	6.476942	4.32702	6.1717863
surface	5.4943056	3.518084	4.288553
account	5.344411	4.7126966	5.2429175
loss	4.4329963	4.7814507	4.597875
indian	5.3485594	4.5393014	5.0208316
vine	6.217297	4.551516	4.625244
certain	5.4706936	4.7060194	5.384715
sin	3.4410114	5.5264654	4.459939
necessity	5.1255956	5.295763	5.6792355
lose	5.0495267	4.724096	4.6642017
private	6.0123005	5.0414953	5.849405
gentleman	6.935716	4.562389	5.579695
daughter	6.9483027	4.5878944	5.800316
drive	3.6947691	5.794904	4.753546
strange	4.8348646	5.0444117	4.523645
journey	6.4433312	3.7557976	5.005497
uncle	6.2343006	4.3766537	5.5941143
species	5.6654706	4.224807	5.1706343
think	5.6467457	4.5414047	4.715146
bed	4.5847187	3.5848224	3.5782447
wind	4.4198556	5.1416264	4.746726
bless	6.8617363	3.9644394	5.0509753
destroy	3.042995	5.3125405	4.3735256
author	6.303282	4.8497744	5.515849
sustain	5.7057	4.9566317	6.209956
black	4.5587697	4.1918826	4.340786
event	5.960797	5.179598	6.1803713
liberty	6.0980635	5.5280867	6.542322
negro	5.1206045	5.10211	4.1445208
little	6.1555634	4.1868954	4.4393845
fortune	6.528432	5.3524103	6.4373264
touch	5.812943	4.201429	4.359572
kill	3.5105255	5.9057765	4.159931
feature	6.3059735	4.6187396	5.7323065
happiness	7.2988286	4.7476683	6.0081205
assume	5.200636	4.5048275	5.360382
notion	5.028308	5.058208	5.3803215
purchase	5.940664	4.9605765	5.5148616
faithful	6.1203823	4.5902424	5.9302545
soldier	5.225472	5.317756	6.295418
father	5.922276	4.485006	5.508127
narrow	4.195178	4.3252783	4.0517077
great	6.2794337	4.902924	6.128167
tear	4.257777	4.673455	3.6148548
honorable	6.2747703	5.538367	6.6493835
previous	5.3911543	4.9320383	5.2386312
good	6.2418394	4.664459	5.0776787
domestic	5.720021	4.1008153	4.969375
glory	7.5602655	5.780455	6.9796906
lay	5.2295523	4.240235	4.5299883
occasion	5.6538296	5.3943667	5.7824206
guard	5.5397525	5.6399245	6.357185
whole	6.0944147	4.7161713	5.524092
mouth	5.2222557	4.7386208	4.5949945
receive	6.2905107	4.8115015	6.0239553
take	5.516226	4.60703	4.866825
simple	6.8436294	4.204065	5.588084
error	3.419951	5.602648	5.163111
wisdom	7.585381	4.469969	7.0183372
rock	5.196171	4.5947146	5.4395747
decide	5.2961917	5.5536504	5.9391336
exclaim	6.024146	5.5439224	5.459965
assure	6.477724	5.428056	6.108308
sign	5.6917944	4.8835053	5.2024426
preserve	5.6310487	4.001064	5.236817
commerce	6.4585757	4.62649	6.010404
plant	5.5689473	3.8395414	4.9377537
walk	5.7816854	4.213372	4.4345617
difference	5.6990185	3.849467	5.3185167
hang	4.3302684	4.6506767	4.0442796
following	6.8309	4.625847	5.627002
employ	5.489005	4.5550213	5.593809
