deal	4.9799547	5.075574	5.0844
study	7.333066	4.229519	6.4276166
afford	6.689783	4.643349	5.61577
service	6.225929	4.765802	6.0877094
height	5.5866895	4.667678	5.625087
prospect	6.6294603	5.3092947	6.0563364
pleasant	7.1222973	4.278857	4.772514
shade	6.102747	2.9593494	4.326581
listen	5.651582	4.650795	4.658193
mighty	5.7447877	5.6854887	5.9953294
country	6.254957	4.939912	6.2304764
title	6.679238	4.2023125	6.1717215
choose	5.5363655	4.339701	5.405562
village	5.7930794	4.351699	4.856832
acquire	6.8147225	5.1144104	6.5819354
rank	6.0595374	5.7686367	6.7025285
bow	5.980183	4.2032127	5.594998
doctor	4.958515	4.5770965	4.6710033
talent	7.6787443	5.667226	7.2960334
source	6.7117167	4.6280274	5.940512
lead	5.2300725	5.5061207	5.318761
question	5.3772774	5.0375237	6.1316795
publish	5.9389815	4.684884	6.406149
interest	6.59867	5.408966	6.6011686
serve	5.173234	4.6662207	5.0057197
divine	6.5926085	5.257697	6.3612003
put	5.382471	4.249672	4.6381264
shadow	5.3587356	3.4364903	4.4980383
practical	6.3149514	4.387499	6.458481
surface	5.768045	3.1798754	4.7478223
account	5.312128	4.9103007	5.315707
loss	4.5204997	4.888459	4.1636868
indian	5.4862204	4.463643	5.296783
vine	5.4782014	4.4598727	4.8352675
certain	5.8735423	4.7417746	5.5539813
sin	3.9502697	4.892239	4.4274936
necessity	5.1976447	5.35605	5.8758554
lose	5.088039	4.960842	4.7455955
private	5.585213	4.9992747	5.513398
gentleman	6.687083	4.611522	5.5411973
daughter	6.7170916	4.55829	5.3421006
drive	3.6427183	6.00675	4.944361
strange	4.8286138	5.1450562	4.5325856
journey	6.3504434	3.888039	4.6726646
uncle	5.9776726	4.93419	5.523976
species	5.3433394	3.9316888	4.7723837
think	5.5497804	4.8428593	5.000967
bed	4.8536296	3.6447828	3.3866637
wind	4.6231847	4.882728	4.6902833
bless	6.502316	4.144922	5.221694
destroy	3.4824796	5.325294	4.5318465
author	6.2856493	4.6499386	5.842192
sustain	5.634137	5.301635	5.9283266
black	3.7696235	4.1561475	3.6611097
event	5.9181557	5.7547865	6.7800746
liberty	6.833878	5.2967587	7.021237
negro	4.9098406	4.861014	4.332629
little	6.041508	4.0560274	4.5910554
fortune	6.51305	5.6277766	6.5236187
touch	5.629425	4.5491095	4.4430785
kill	3.4484963	6.0510726	4.4096923
feature	6.356587	4.5108647	5.8860927
happiness	7.2654095	4.6936555	6.2661214
assume	5.516874	4.517777	5.814999
notion	4.723535	5.1030216	5.5651116
purchase	6.5218368	4.551698	5.576998
faithful	5.9967732	5.455519	6.1468472
soldier	5.386025	5.830908	6.280349
father	6.0642533	4.505158	5.467375
narrow	3.6697185	4.6406384	4.2125354
great	6.0926223	5.1264253	6.1993175
tear	4.0430527	5.008541	3.5450826
honorable	5.8808074	5.280262	6.4591036
previous	5.3200026	4.374967	5.2910914
good	6.3391533	4.5128546	5.219447
domestic	6.1016784	3.7269766	5.187912
glory	7.9646273	5.324548	7.104003
lay	5.3734665	3.759109	4.538562
occasion	5.7159505	5.378956	5.659426
guard	5.6771564	5.4582763	6.01096
whole	6.02419	4.428484	5.6063485
mouth	4.703559	4.7324157	4.245294
receive	6.141676	4.5402274	5.5974607
take	5.6120386	4.353511	4.868802
simple	7.1983914	4.0341444	5.508858
error	3.5971062	5.3167048	5.0828714
wisdom	7.040397	3.9206493	6.196435
rock	5.300685	4.2020044	4.87825
decide	5.6581936	5.03605	6.4098535
exclaim	5.8447456	5.908577	5.8794117
assure	6.508183	4.91235	5.8030696
sign	5.4045606	5.023826	5.232681
preserve	6.223037	4.229561	5.766864
commerce	6.3812566	4.2303996	6.0060105
plant	4.7174706	4.5265055	4.7178226
walk	5.863398	4.238919	4.47611
difference	5.6129117	4.1650805	5.150139
hang	4.289678	4.7547135	4.1323223
following	6.5178275	4.089525	5.630732
employ	5.8811135	4.3431363	5.5488896
