deal	4.8496795	4.884415	5.0688605
study	7.054553	4.2453165	6.1310134
afford	6.6652117	4.2108507	5.6047344
service	6.273657	4.8431435	6.074986
height	5.6938505	4.7491097	5.6138816
prospect	6.58614	5.0899796	5.8744683
pleasant	7.6762013	3.4222546	4.2635326
shade	5.863941	3.4369223	4.557192
listen	5.646644	4.692991	4.714851
mighty	5.3888087	5.4591937	5.820222
country	6.1820936	4.767442	6.275045
title	6.9639835	4.5843678	6.0379486
choose	6.0210385	4.1224804	5.746176
village	5.9651494	4.1007714	4.9343305
acquire	6.728071	5.185539	6.9105873
rank	6.750121	5.731244	6.7859817
bow	6.110281	3.5705314	4.6598916
doctor	4.6726747	4.4489202	4.380172
talent	7.520967	5.5790453	6.7908964
source	6.8243084	3.874895	6.145089
lead	5.786879	5.2814736	5.598143
question	5.427698	5.2316203	5.879612
publish	6.706274	4.663948	6.655798
interest	6.3049173	5.096489	6.45306
serve	5.464775	4.470294	5.111869
divine	7.0677094	4.6254253	6.3557534
put	5.438732	4.291852	5.015082
shadow	5.1619906	3.6524804	4.3083587
practical	6.539686	3.9357648	6.315735
surface	5.46092	3.21031	4.2133
account	5.6338587	5.0008383	5.536109
loss	4.710223	4.5985575	4.6632547
indian	5.568014	4.627082	5.418737
vine	5.927498	3.6224277	4.5057707
certain	5.3684874	4.600644	5.3427353
sin	3.96537	5.367154	4.2194295
necessity	5.2530336	5.560966	5.931591
lose	5.097757	4.676046	4.7569447
private	5.421131	4.6521072	5.7450476
gentleman	6.577979	4.865189	5.7832727
daughter	7.0580864	4.4397125	5.816576
drive	4.578558	5.913444	5.7245626
strange	5.2168865	5.0194592	4.56799
journey	6.5879774	3.6387153	5.035779
uncle	5.8833704	4.8428054	5.4927053
species	5.8706613	4.7097774	5.2797813
think	5.8375573	4.5863137	4.8624244
bed	5.2507176	3.7860985	3.8516536
wind	4.668374	4.8358364	4.842945
bless	7.1405225	3.6652384	5.2410164
destroy	3.4246762	5.4517293	4.418337
author	6.520347	4.6564255	6.024805
sustain	5.9799542	5.108572	6.5155416
black	4.578838	3.7366128	4.2652984
event	5.9367604	5.8166013	6.4236593
liberty	6.162352	4.893316	6.1493297
negro	5.266287	5.0355506	4.5821304
little	6.2988777	4.0235744	4.5992427
fortune	6.270918	5.5393395	6.398796
touch	5.9162354	4.1109295	4.6347365
kill	3.9226334	6.318864	4.6467257
feature	6.3229494	4.432222	5.7737093
happiness	7.0527225	4.5135016	5.8929133
assume	5.661451	4.860167	5.7180033
notion	5.285451	5.358905	5.898164
purchase	6.0405216	5.188718	6.2298694
faithful	6.1328316	5.319337	6.221494
soldier	5.506425	5.439773	6.210376
father	6.3688626	4.5158014	5.597648
narrow	4.442728	4.2272525	4.7824287
great	6.3823767	4.967473	6.215024
tear	4.574945	4.408102	3.750627
honorable	5.860264	5.444705	6.9586325
previous	5.616421	5.014527	5.2712317
good	6.7524567	4.3404074	5.465938
domestic	6.0810347	3.6765542	5.14999
glory	7.939473	5.5841103	7.1339436
lay	5.662825	3.8883045	4.7290816
occasion	5.816725	5.3116846	5.728699
guard	5.6366525	5.696235	6.474389
whole	6.0155773	4.3959827	5.4854903
mouth	4.9374065	4.6475587	4.580831
receive	6.572237	4.627252	6.1023974
take	5.742302	4.329085	4.9768453
simple	6.9322205	4.0970154	5.567752
error	3.8913274	5.2656145	4.9335613
wisdom	8.084265	4.500494	7.119652
rock	5.347314	4.6065745	5.161835
decide	5.2299156	5.3208156	5.8270216
exclaim	5.705787	5.907101	5.6355634
assure	6.573521	4.933589	6.1151185
sign	5.361801	4.772558	5.2273645
preserve	6.053729	4.1370234	5.596486
commerce	6.5751543	4.0610943	6.204017
plant	5.859225	3.9954996	5.1231074
walk	6.069167	4.1690993	4.6112742
difference	5.862236	4.072148	5.436632
hang	4.391013	4.485411	3.7751813
following	6.705663	4.085472	5.3831334
employ	5.750028	4.3857956	5.599484
