deal	5.0106463	4.796623	5.091156
study	7.171184	4.21597	6.2234173
afford	6.8959618	4.1764617	5.713234
service	6.4656916	4.596539	6.01515
height	5.6458683	4.484606	5.1904716
prospect	7.142487	4.8721	6.628233
pleasant	7.173828	3.9089408	4.3845143
shade	6.376212	3.5919418	4.7947526
listen	5.724565	5.235611	4.7875214
mighty	5.8641853	5.3464365	6.268057
country	6.2402983	4.7103205	6.216139
title	7.5625486	3.6522532	6.7342367
choose	5.831443	4.363492	5.445491
village	5.342452	3.8958757	4.6980333
acquire	6.7790203	4.993043	6.478022
rank	6.0453367	5.558195	6.439298
bow	5.8238153	4.2400627	4.7648535
doctor	4.672741	5.010343	4.533961
talent	7.235104	5.6116095	7.1311383
source	6.596962	3.936585	5.7828283
lead	5.504825	5.615351	5.448561
question	5.347293	4.8052	5.84998
publish	6.2656684	4.5028963	6.5700316
interest	6.3461185	4.918167	6.2347994
serve	5.5223866	4.886647	5.1532683
divine	5.9027195	4.763234	5.781063
put	5.2014403	4.431527	4.6198516
shadow	5.6769476	3.6393678	4.50673
practical	6.483402	4.4853435	6.535765
surface	5.829728	3.1256244	5.1143713
account	5.2719507	5.1005263	5.5497093
loss	4.7399993	4.5640755	4.0879135
indian	4.891811	4.805054	5.189349
vine	5.384738	4.2075853	5.074833
certain	5.645869	4.641999	5.239113
sin	3.5964947	5.1162753	4.1241317
necessity	5.250067	5.1086884	5.5149903
lose	5.2410088	4.8151517	4.7271123
private	4.8996906	5.0689454	5.4324203
gentleman	6.3265824	5.006991	5.8992114
daughter	6.6392455	4.6328535	5.135247
drive	3.6567225	6.2	5.0076003
strange	4.8225965	4.765251	4.4585996
journey	5.46548	3.8661945	4.3482666
uncle	5.5874166	5.2879047	5.144715
species	6.342136	4.256941	5.231368
think	5.466724	4.9169254	4.9283934
bed	5.1304493	3.4031177	3.8067899
wind	4.389637	4.993204	4.866696
bless	6.9281073	3.7316093	5.4166408
destroy	3.232145	5.7068467	4.4514136
author	5.8220425	5.179817	5.9955378
sustain	6.0197716	4.739329	5.577188
black	4.472244	3.7847252	4.2416596
event	6.2819057	5.502178	6.444932
liberty	6.386637	5.0288	6.4708185
negro	5.151003	5.7158566	5.114595
little	5.9570117	4.2855573	4.615985
fortune	6.1674523	5.7777896	6.6698303
touch	5.2881565	4.5442524	4.421309
kill	3.674376	6.181975	4.5014358
feature	6.3350635	4.2993846	5.8143044
happiness	7.0252013	4.877017	5.9828544
assume	5.48651	4.6199865	5.2915473
notion	3.9569678	5.7622123	5.130785
purchase	6.0266566	5.165363	6.0280743
faithful	5.972348	4.52164	6.117277
soldier	5.1285753	5.698492	6.2210126
father	5.957711	4.3495145	5.2175355
narrow	3.5221946	3.8600073	4.168763
great	6.415786	4.9807587	6.2294765
tear	4.435435	4.648121	3.8301413
honorable	5.692009	5.536778	6.301297
previous	5.686535	4.65516	5.315406
good	6.4039273	4.565472	5.3079014
domestic	5.889035	3.7184596	5.15032
glory	7.4618273	5.2200093	6.9096875
lay	5.424153	3.8864229	4.5073023
occasion	5.8879395	5.3152537	5.6470838
guard	5.7639227	5.625498	6.4825134
whole	5.9182158	4.5786734	5.498545
mouth	5.2143817	4.4389944	4.3896503
receive	6.200445	4.408859	5.679818
take	5.5508347	4.430392	4.764772
simple	6.877772	3.7028308	5.154365
error	3.700155	5.188258	4.5810947
wisdom	7.384377	3.9368305	6.5344524
rock	4.8884807	4.2664847	5.0841107
decide	5.910236	5.311463	6.210446
exclaim	6.145543	6.039482	5.6110964
assure	6.594828	5.3176994	5.930389
sign	5.17837	5.681281	5.580941
preserve	6.6256046	4.183371	5.805026
commerce	6.234164	4.796611	6.5175943
plant	5.0854616	4.34914	5.324048
walk	5.759721	4.525445	4.4997663
difference	6.113942	3.6801505	4.8779936
hang	4.546413	4.57946	4.1310983
following	6.561231	4.23499	5.6510572
employ	5.5164566	4.377006	5.173711
