deal	4.524207	4.6907587	5.0917315
study	6.7986865	4.0657296	6.026528
afford	6.8806977	4.2830544	5.7321386
service	6.0742297	4.8503394	6.044555
height	5.634885	4.156858	5.1629004
prospect	7.5074854	5.130605	6.5482073
pleasant	7.4939404	3.8040946	4.3589034
shade	5.861582	3.6429074	4.8718157
listen	5.344877	4.6079426	4.434036
mighty	5.6173296	5.463361	6.648299
country	6.236686	4.768042	6.2880363
title	6.919781	3.6369162	6.120471
choose	6.159967	4.1516123	5.56536
village	5.8054156	3.7560453	4.950298
acquire	7.41498	5.0818276	6.9266706
rank	5.40415	5.702552	5.9183598
bow	5.95307	3.6905718	5.0083804
doctor	4.2243	4.228184	4.5067377
talent	7.434082	5.418424	6.9162445
source	6.6559806	4.078	5.794693
lead	5.6898947	5.36193	5.4776278
question	5.5385075	4.8052406	5.8709383
publish	5.8299384	4.872438	6.233491
interest	6.9381304	5.236886	6.591509
serve	5.5141444	4.623267	5.130972
divine	6.5318875	5.097472	6.4859567
put	5.0656724	4.211283	4.3525887
shadow	5.1839304	3.9113479	4.568746
practical	6.090813	4.126886	6.2573404
surface	5.8007383	3.2054741	4.766354
account	5.2645698	4.8601627	5.3362193
loss	4.412086	5.2416315	4.133879
indian	5.2069845	4.221259	5.1805162
vine	5.644684	4.4213057	4.3823466
certain	5.876161	4.5198393	5.6650863
sin	3.4050045	5.2451963	4.3866053
necessity	5.2218633	5.0892906	5.388852
lose	5.2162976	4.8752394	4.7259183
private	5.472755	5.0697484	5.85429
gentleman	6.5446863	4.97272	6.190664
daughter	6.7255955	4.7235336	5.543306
drive	4.0113487	5.784054	4.9949355
strange	4.5188026	5.2468867	4.5220695
journey	5.698655	3.381089	4.4367194
uncle	5.1468544	4.839122	5.148725
species	5.518957	4.06926	4.9674706
think	5.477091	4.7374716	4.9629245
bed	5.1062465	3.4537432	3.7699137
wind	4.515892	4.663745	4.608468
bless	6.68441	3.8930292	5.417003
destroy	3.6558428	5.1545258	4.189463
author	6.023452	4.8060913	5.9123936
sustain	5.415304	4.9192605	5.8598247
black	4.602246	3.798271	4.3506947
event	5.568179	5.2954693	6.2190337
liberty	6.2247224	5.0020027	6.494436
negro	5.3752413	4.789117	5.0252037
little	6.030173	4.177501	4.6189547
fortune	6.495992	5.2047515	6.112531
touch	5.7712884	4.488865	4.707644
kill	4.1542583	5.4421735	4.3812275
feature	6.102954	4.572219	5.987529
happiness	7.248518	4.8492346	5.9948864
assume	5.601089	4.3592477	5.4456367
notion	4.3051558	5.051995	5.065469
purchase	6.0493956	5.0603642	6.052419
faithful	6.482886	5.0327315	6.403517
soldier	5.1078577	5.374777	6.061265
father	5.867276	4.4019327	5.3915105
narrow	3.8955646	4.3662696	4.2243695
great	6.3519826	5.0642734	6.4376826
tear	4.1052585	4.490257	3.6043043
honorable	5.9673996	5.486468	6.4477973
previous	5.359648	4.9581013	5.4261775
good	6.275733	4.6922326	5.3411174
domestic	6.2960925	4.063572	5.503771
glory	7.6365786	5.231327	7.244034
lay	5.6093845	3.9202378	4.5594454
occasion	5.8283615	5.423935	5.724463
guard	4.942582	5.717045	6.2948904
whole	6.1265955	4.6045914	5.7884264
mouth	4.629844	4.385252	4.118667
receive	6.142787	4.7915497	5.838628
take	5.52403	4.3359675	4.831694
simple	6.092488	4.164583	5.4193025
error	3.2001386	5.2041483	4.3544793
wisdom	7.630786	4.153454	6.957021
rock	5.1204886	4.5315285	5.0757637
decide	5.569092	4.7994876	5.6466746
exclaim	6.0629005	5.7045307	5.617081
assure	6.5581994	5.1706753	6.3270226
sign	5.885159	4.7170167	5.474753
preserve	6.5445814	3.9853344	5.580344
commerce	6.4873276	4.619822	6.4783287
plant	5.2391744	4.4001694	4.5688906
walk	5.810981	4.4265537	4.5021424
difference	5.4505353	3.9827042	4.972275
hang	4.335525	4.4463325	4.106269
following	6.6456456	4.3516836	5.7892213
employ	6.322012	4.4662914	5.8643875
