deal	4.700207	5.342275	5.0898075
study	7.0938396	4.1828303	6.1648135
afford	7.170935	4.33957	6.038251
service	6.394486	4.714744	6.12449
height	5.494626	4.5445065	5.468972
prospect	7.2263565	5.446666	6.4690466
pleasant	6.935097	3.6609478	3.995267
shade	5.714431	3.3795366	4.663091
listen	5.973848	4.3349943	4.868721
mighty	5.252405	5.2612777	5.6675243
country	6.0550337	5.0135636	6.1427684
title	6.767322	4.0694776	6.3424177
choose	6.026053	4.651056	5.7757797
village	5.959702	4.5902767	4.8612623
acquire	7.1947584	4.4752517	6.890578
rank	6.0925975	5.49597	6.371967
bow	5.9926248	4.013829	5.004445
doctor	4.115506	5.1828327	4.376614
talent	7.530694	5.383974	7.34478
source	6.913171	4.5042143	6.370299
lead	5.0375085	5.4956336	5.44573
question	5.5086665	5.1055446	6.1086545
publish	6.6067452	4.430545	6.2506924
interest	6.665987	5.383795	6.785518
serve	5.5040603	4.451556	5.1408167
divine	6.222286	5.0595064	6.0291862
put	5.5333223	4.6619377	5.0387974
shadow	5.082575	3.8837454	4.7251053
practical	6.809963	3.9570951	6.268466
surface	5.697491	3.1600962	4.490047
account	5.671968	5.208765	5.718132
loss	4.4650965	4.9479203	4.5230184
indian	4.8638945	4.8243833	5.136607
vine	6.4831734	4.2014704	5.2379465
certain	5.613049	4.703506	5.5844646
sin	3.4039533	4.940567	4.3103404
necessity	5.593999	5.684106	6.176987
lose	4.9988627	4.822054	4.609324
private	6.3340273	5.1620164	6.431348
gentleman	6.4600987	4.976763	5.810329
daughter	6.3916802	4.657624	5.2793727
drive	4.2942877	6.2619715	5.284607
strange	5.0080686	5.1341963	4.7475233
journey	6.003687	4.517466	4.7345185
uncle	6.0981107	5.23695	5.8354044
species	6.0483375	3.9073174	5.21492
think	5.7104387	4.7076592	5.0589423
bed	5.11048	3.5201356	3.860153
wind	4.7236605	5.6969876	5.182254
bless	6.548849	3.9635065	5.272785
destroy	3.3289049	5.630156	4.4526243
author	5.929247	4.8908143	5.877593
sustain	6.2640905	5.215543	6.588955
black	4.0478306	3.7026443	3.7165217
event	5.575649	5.68809	6.11359
liberty	6.4135885	5.6220717	6.5189376
negro	5.1964965	5.1541142	4.4991555
little	6.190068	4.2529054	4.72186
fortune	6.8454647	5.042309	6.366763
touch	5.8400745	4.480685	4.7679467
kill	3.5218592	6.3247366	4.7084594
feature	6.274687	4.5152607	5.975234
happiness	6.818387	5.205989	5.9526772
assume	5.1701827	4.165755	5.1690392
notion	4.831505	5.4635158	5.5167127
purchase	6.3756	4.922656	6.0002265
faithful	6.126228	5.1142893	6.079105
soldier	5.791392	5.357923	6.112004
father	5.8959727	4.3905835	5.5437593
narrow	3.4562092	4.3188596	4.162651
great	6.1793103	5.2735147	6.286627
tear	4.3494225	4.4378233	3.534006
honorable	6.126556	5.0552926	6.765196
previous	5.867571	4.9139543	5.754912
good	6.3083315	4.776962	5.479061
domestic	6.4805355	4.169617	5.4014134
glory	7.30262	5.3457894	6.901166
lay	5.636225	4.0351353	4.9753428
occasion	5.7763376	5.13023	5.722177
guard	5.1850643	5.7171755	6.496739
whole	5.9844723	4.532231	5.6482854
mouth	4.7702	4.7889028	4.358379
receive	6.5376234	4.657818	6.0755663
take	5.6778383	4.4202695	4.8976574
simple	7.23935	4.271085	6.0027013
error	3.6256	5.4685183	4.8669214
wisdom	7.124521	3.9123688	6.5220833
rock	5.204071	4.319261	4.924281
decide	5.414477	5.529785	6.1295223
exclaim	6.362941	5.5851655	5.6820884
assure	6.7274246	5.0083013	5.9702406
sign	5.0311284	4.7170343	5.399192
preserve	6.242271	4.2842793	5.8137665
commerce	5.9863563	4.446969	6.0976696
plant	5.3517327	4.3642097	5.1403985
walk	6.129054	4.262758	4.650293
difference	5.7160034	3.951002	5.2102184
hang	4.198045	4.86691	4.1228676
following	6.2699633	4.374207	5.2433224
employ	5.8970985	4.2556524	5.843895
