deal	5.2460384	5.1688647	5.2145677
study	6.4532537	4.5680017	6.1831493
afford	6.502867	4.441738	5.908732
service	6.1343226	4.811703	6.0648966
height	5.92327	3.9401264	5.5497274
prospect	6.723687	5.4214516	6.4112673
pleasant	7.2392397	3.7843132	4.3966174
shade	5.41123	3.7895932	4.312043
listen	6.2494383	4.617891	4.7625303
mighty	5.4909368	5.359043	5.79162
country	6.242064	5.0400414	6.208982
title	6.382996	4.4319596	6.2543755
choose	5.7167635	4.5773892	5.4696116
village	5.8406973	4.4532237	4.8038073
acquire	6.8494353	4.883219	6.9214406
rank	6.106989	5.3057613	6.5134726
bow	6.039117	3.3981292	4.7984385
doctor	4.9710426	4.6355453	4.9892507
talent	7.242992	5.369829	7.335663
source	6.869297	4.3052235	6.2270947
lead	5.7224636	5.1654086	5.182154
question	5.4345694	4.822996	5.867212
publish	6.3353257	4.650755	6.474312
interest	6.8446703	5.383215	6.6113815
serve	5.4931655	4.7782397	5.112684
divine	6.7935014	4.9784813	6.504094
put	5.146714	4.0873675	4.4333487
shadow	5.1643295	3.5981069	4.2750816
practical	6.2432675	4.3472414	6.340373
surface	5.071435	3.46669	4.649738
account	5.6189337	4.8139896	5.269523
loss	4.5756044	4.8267226	4.3134522
indian	5.4495435	5.0931168	5.2658668
vine	6.421627	4.346166	5.419024
certain	5.8479915	4.8192797	5.6600738
sin	3.517794	4.897594	3.7679453
necessity	4.984324	5.245379	5.7806473
lose	5.221692	4.716005	4.9604883
private	5.8504734	5.002323	5.8126144
gentleman	6.573324	4.791003	5.7075486
daughter	6.821499	4.3654222	5.3924475
drive	4.4951534	5.8759365	5.1782436
strange	4.9351993	5.5240183	4.768858
journey	6.2653503	4.160928	4.8237863
uncle	6.00721	5.4099526	5.52762
species	5.5032754	4.022248	5.052066
think	5.6844897	4.588346	4.8809075
bed	5.1194887	3.5929646	3.8186371
wind	4.8210173	4.820216	4.820647
bless	6.6211457	3.8460958	5.1704516
destroy	3.5872967	5.699934	4.8147645
author	6.279057	5.1410847	6.0308514
sustain	6.132223	4.499609	5.6919546
black	4.205851	4.439515	4.3384843
event	5.9569874	5.518792	6.295889
liberty	6.0098553	5.039331	6.5041256
negro	5.208215	5.137684	4.995762
little	6.2345953	4.1854677	4.6110954
fortune	6.712474	5.738403	6.513831
touch	5.8710456	4.064625	4.5633082
kill	3.5482757	6.1516294	4.3410296
feature	6.7488313	4.511899	6.1054645
happiness	7.372633	4.918125	6.221615
assume	5.398651	4.203059	5.591643
notion	4.845609	5.2560196	5.314228
purchase	5.7863646	5.1426606	5.9415507
faithful	6.441827	5.359554	6.7971687
soldier	5.632708	5.73122	6.7386656
father	6.145723	4.3243437	5.3038177
narrow	3.7736287	3.8936548	3.8683534
great	6.282405	5.125716	6.2274995
tear	4.3501005	4.7309957	3.7904048
honorable	6.3212633	5.0560846	6.241806
previous	5.149954	4.3234205	4.9029565
good	6.509984	4.4040604	5.3844438
domestic	6.06319	4.240299	5.510313
glory	7.362584	5.3327627	7.0239944
lay	5.539757	3.925445	4.60258
occasion	6.3221235	5.3216567	5.938336
guard	5.5034647	5.482976	6.6182156
whole	6.0912523	4.564933	5.6990347
mouth	5.348125	4.897226	4.4771285
receive	6.471385	4.8222346	6.115864
take	5.667428	4.328292	5.0522146
simple	6.874086	4.0580287	5.6622896
error	4.1260552	4.7225604	4.752388
wisdom	7.35382	3.9862273	6.594029
rock	4.996653	5.0017843	5.1192617
decide	5.6321983	5.1086197	5.9262037
exclaim	6.1612115	5.5491395	4.9401574
assure	6.4801855	5.039681	5.9072313
sign	5.670029	4.754595	5.3199353
preserve	6.2476783	4.3946123	5.6459446
commerce	6.1977296	4.8482027	6.236837
plant	5.5701027	4.3059516	4.915026
walk	5.7236204	4.3068905	4.3215384
difference	5.414699	4.1115203	5.08723
hang	4.8376346	4.4246793	4.1673403
following	6.610494	3.863789	5.375691
employ	5.5632257	4.850656	5.9011607
