deal	5.4155087	5.3426323	5.5195794
study	6.7879457	4.449568	6.2508497
afford	6.770399	4.248454	5.705003
service	6.5494266	4.7536077	6.102234
height	5.366235	4.399904	5.3716564
prospect	7.083512	5.37971	6.4248743
pleasant	7.619316	4.180554	4.9424453
shade	5.672656	2.8044498	3.8878
listen	5.8774776	4.8138385	5.114621
mighty	6.270235	5.270824	6.0834827
country	6.1226306	4.952237	6.0757875
title	6.0676084	4.172886	5.774047
choose	6.1656966	4.4779363	5.8550124
village	5.7791133	4.4391484	5.1625023
acquire	7.248037	5.091774	6.6299987
rank	5.936116	5.6513743	6.6576686
bow	5.2646384	4.6131535	5.109708
doctor	4.764706	5.1418495	4.830832
talent	7.504866	5.4983544	6.934674
source	6.2763267	4.566041	5.9493346
lead	5.441939	5.4391108	5.6172466
question	5.106968	5.1724353	6.032047
publish	6.0459175	5.163533	6.5261545
interest	6.693005	5.0487823	6.583306
serve	6.2858067	4.463152	5.4806376
divine	6.4752045	5.0582786	6.126583
put	5.1998143	4.452246	4.923283
shadow	5.2806053	3.070075	3.9199686
practical	6.255807	4.4057326	6.023134
surface	5.7462378	3.1994417	4.2431455
account	5.696709	4.9206944	5.250349
loss	4.3215175	4.9088554	4.3204603
indian	5.1604886	4.488891	5.0091376
vine	6.7856445	3.7016716	4.709934
certain	5.625812	5.0440283	5.6906385
sin	3.541825	4.730241	3.9722881
necessity	4.7814674	5.1684046	5.3722944
lose	5.2657647	4.550667	4.6315904
private	5.6074295	5.0454726	6.150635
gentleman	5.997147	5.1999354	5.750903
daughter	6.706554	4.8338337	5.5428433
drive	3.767325	5.7920027	4.78744
strange	5.2888303	4.9716744	4.7812414
journey	6.253158	4.52596	5.538366
uncle	5.3137627	4.9330034	5.2542887
species	5.188999	3.5346856	4.4767904
think	5.78387	4.7878103	5.0872493
bed	5.696815	3.7368155	4.0415783
wind	4.5441446	4.9351788	4.710031
bless	7.024323	4.4489474	5.622467
destroy	3.8700352	5.455317	4.514686
author	5.9745064	5.2563987	5.912958
sustain	5.8124065	4.499788	5.988695
black	3.2458823	4.0948215	3.9171364
event	6.216916	5.533227	6.4080553
liberty	6.391104	5.2531033	6.6458015
negro	5.405235	4.800651	4.466886
little	6.2067423	4.252761	4.7949986
fortune	6.4655085	5.656593	6.2311525
touch	5.8078938	4.7428594	5.0228767
kill	3.7770393	5.5008163	4.248616
feature	6.2257376	4.4950047	5.514489
happiness	7.295028	4.803555	5.921345
assume	5.3507776	4.9554114	5.6552577
notion	4.6136055	5.561195	5.6309605
purchase	5.9582367	4.6729393	5.625343
faithful	6.6340923	4.9486303	6.5722427
soldier	5.469607	5.8492007	6.439023
father	6.1140785	4.2713404	5.4221115
narrow	4.620035	4.223301	4.911522
great	6.355523	5.037696	6.2253394
tear	4.0863295	4.854003	3.7162013
honorable	6.2936387	5.395934	6.6467104
previous	5.087207	4.867032	5.1800337
good	6.717746	4.611154	5.48081
domestic	6.2795057	4.2608113	5.3984914
glory	7.5231705	4.9836326	6.8691015
lay	5.3040247	4.019833	4.8038535
occasion	6.134773	5.357831	6.051771
guard	5.3715377	5.3813663	6.3754387
whole	6.4018865	4.5876	5.781111
mouth	4.9151864	4.9042854	4.5982275
receive	6.1818314	4.831172	5.716448
take	5.691271	4.5190887	5.012809
simple	6.994939	4.227447	5.6894484
error	3.795856	5.2989244	5.1086345
wisdom	7.7868657	4.5013776	6.6935997
rock	4.9316006	4.2868795	5.093019
decide	5.3344207	5.4718246	5.8493934
exclaim	5.542557	5.8865957	5.2747755
assure	6.053395	5.2837186	5.8382545
sign	5.0448728	4.842511	4.9320784
preserve	6.7423573	4.112207	5.729063
commerce	6.5693994	4.4291306	6.2165513
plant	5.088236	4.1814337	4.5972414
walk	5.6820188	4.1075296	4.4764814
difference	4.9972525	4.0755596	4.772255
hang	4.473619	4.59799	4.063569
following	6.48619	4.6265893	5.709828
employ	5.897907	4.653643	5.688317
