deal	5.615699	4.803904	5.0179944
study	6.9816394	3.9197884	5.8547106
afford	6.38154	4.1718626	5.3189774
service	6.331282	4.3329134	5.8473206
height	5.4503183	4.465054	5.4879775
prospect	6.8294663	4.966722	6.5286226
pleasant	6.6604633	3.6360116	4.2274528
shade	5.207223	3.387983	4.0485454
listen	6.148311	4.4888024	4.89105
mighty	5.5820246	5.4871526	6.312729
country	6.2422457	4.661945	6.0203342
title	6.54875	4.408597	6.315752
choose	5.3768907	4.697957	5.192239
village	5.6198597	4.24982	4.7918997
acquire	6.8778706	4.887947	6.9721994
rank	5.90136	5.762412	6.5006227
bow	6.1458616	4.3415437	5.3713713
doctor	4.27183	4.7239356	4.743613
talent	7.6301527	5.423287	7.4345217
source	6.502621	4.621228	5.8895903
lead	5.5582385	5.371993	5.5016537
question	5.358971	4.798898	5.970603
publish	6.9560084	4.6190076	6.5654955
interest	6.6007833	5.3757687	6.4836273
serve	5.6106744	4.1805334	4.648561
divine	6.2669935	5.0008764	6.4576235
put	5.1035614	4.44356	4.37027
shadow	4.808594	3.5233586	3.897388
practical	6.4497685	4.0568304	6.0996485
surface	5.554312	3.3540869	4.7015834
account	5.1459923	5.181207	5.1855955
loss	4.084938	5.083454	4.0810637
indian	5.3789	4.7064843	5.4474173
vine	5.598606	4.950649	5.4933767
certain	5.6553307	4.6489897	5.4348707
sin	3.8315244	5.2159567	4.582685
necessity	5.1491795	5.2433267	5.689218
lose	5.026947	4.690237	4.792981
private	5.5175405	5.035743	5.7259893
gentleman	6.47514	4.6115856	6.037619
daughter	6.357352	4.868506	5.832137
drive	4.0264034	6.152087	4.842633
strange	5.0934505	4.86419	4.3883514
journey	6.2112374	4.190345	5.117804
uncle	5.498573	4.945809	5.254083
species	6.1152105	4.20499	5.0572815
think	5.659877	4.708377	5.005237
bed	5.527831	3.8069434	3.9431236
wind	4.6276608	5.0815034	4.784317
bless	6.8958197	3.6483085	5.202888
destroy	3.1741908	5.518593	4.484026
author	5.8795786	4.875304	5.786952
sustain	6.1624846	5.0949364	6.13441
black	4.2752495	4.1118245	4.6041594
event	6.348918	5.3297167	6.423893
liberty	5.8914175	5.1603804	6.634351
negro	5.2314444	4.687963	5.066796
little	6.0107656	4.2503233	4.641639
fortune	6.347277	5.467237	6.4376698
touch	5.9839864	4.360067	4.748262
kill	3.4148607	6.3454723	4.13198
feature	6.8391776	4.3756785	5.78003
happiness	7.0622306	4.6679187	6.1528482
assume	5.265187	4.568209	5.635945
notion	4.6518106	5.2690353	5.6001472
purchase	6.296073	4.4614196	5.865199
faithful	6.52272	4.8625703	6.472745
soldier	5.554474	5.274211	6.063729
father	5.8883643	4.573399	5.395554
narrow	4.788718	4.2452292	4.8737073
great	6.1123614	5.039302	6.2835426
tear	4.314053	4.9924865	3.4666948
honorable	6.380417	4.8770385	6.271767
previous	5.595729	4.939883	5.6078796
good	6.48531	4.58758	5.4724298
domestic	5.86065	3.9182293	4.973345
glory	7.5273857	5.1284647	7.189045
lay	5.5991893	3.8279877	4.48808
occasion	6.1298604	5.2664604	5.780614
guard	5.3460803	5.3471966	6.339639
whole	6.24824	4.388246	5.6635756
mouth	5.562952	4.584263	4.5235977
receive	6.397746	4.8725724	5.8495
take	5.41441	4.4227357	4.809562
simple	6.4841065	4.1479754	5.2901053
error	3.7250853	5.1541233	4.921642
wisdom	7.299271	4.5795407	6.9737473
rock	5.080045	4.8095245	5.2849283
decide	5.3553476	4.9462576	5.826599
exclaim	5.852784	6.127256	5.5611897
assure	6.1218443	4.8436265	5.7439938
sign	5.5096498	4.9250717	5.4470434
preserve	6.553179	3.7548199	5.6228294
commerce	6.5890937	4.3599133	6.393734
plant	5.211537	4.5983	4.9563236
walk	5.8757463	4.251484	4.459078
difference	5.454756	3.6875434	5.015664
hang	4.567141	4.4226317	3.9495196
following	6.6316156	4.293484	5.6968927
employ	5.7639213	4.2446404	5.7296076
