deal	5.1582475	5.6859083	5.6892033
study	7.41722	4.326947	6.2471895
afford	6.312028	4.2136574	5.4009075
service	5.854245	4.936068	6.0230083
height	5.5331078	4.3604393	5.585951
prospect	7.3120503	5.0301046	6.600393
pleasant	7.556369	3.757726	4.520015
shade	5.136811	3.295552	4.021998
listen	5.865237	4.773852	4.9509287
mighty	5.7822504	5.6139646	6.430132
country	6.1133227	5.1053867	6.238613
title	6.8529444	3.673848	6.0898566
choose	5.722408	4.461202	5.6613607
village	5.6859417	4.2073407	4.821023
acquire	6.8627777	4.5281787	6.5384693
rank	6.1765075	6.1798596	6.664996
bow	5.254864	4.235294	5.061132
doctor	3.9233408	5.117963	5.080827
talent	7.057844	5.7735534	7.33528
source	6.5257683	4.739122	6.0600834
lead	5.5668845	5.831451	5.695505
question	5.2880635	4.8267555	5.897109
publish	6.4939995	4.438472	6.0158234
interest	6.6063695	5.3073277	6.496829
serve	5.534059	4.6824894	5.24967
divine	6.6435127	5.3143272	6.501656
put	4.991855	4.361292	4.6636353
shadow	4.750886	3.480163	4.1296415
practical	5.8282843	4.404665	6.1072397
surface	5.688722	3.6132839	4.58208
account	5.422119	4.9830413	5.5110145
loss	4.443801	4.865216	4.231702
indian	5.4906845	4.6822476	5.3161974
vine	5.807926	4.204891	4.22161
certain	5.834971	4.6389284	5.5980005
sin	3.2267478	5.267557	3.8890328
necessity	5.2105103	5.3490863	5.5963836
lose	5.2432737	4.4662123	4.629057
private	5.560296	4.841391	5.901869
gentleman	6.6852326	4.9139347	5.944953
daughter	6.679579	4.744868	5.7932863
drive	4.578903	6.4134626	5.5124826
strange	5.3779855	5.255915	4.685913
journey	6.523826	3.5296497	4.736569
uncle	5.1960115	4.9987283	5.4542246
species	5.8597074	3.9430995	5.0926394
think	5.940674	4.6325436	5.010768
bed	4.902035	3.6008813	3.7457051
wind	4.296328	5.072963	4.779585
bless	6.861633	3.9276743	5.21414
destroy	3.373952	5.591337	4.609998
author	6.4393306	4.97659	6.116412
sustain	5.8973618	4.9816155	5.991304
black	4.0627723	4.267924	4.0764704
event	6.1304483	5.4332623	6.395438
liberty	6.314261	5.068596	6.640124
negro	5.079527	4.5836926	4.76151
little	5.917385	4.2257175	4.637098
fortune	6.2163544	5.4002037	6.11911
touch	5.7073865	4.3720446	4.7467937
kill	3.819057	6.145312	4.576068
feature	6.547562	4.446295	5.8205767
happiness	7.2290115	4.7024097	6.2672653
assume	5.299929	4.659315	5.415209
notion	5.3425117	4.9953017	5.709352
purchase	6.5833597	4.4856	5.788838
faithful	5.8856907	5.141608	5.79197
soldier	5.1430283	5.362508	6.019154
father	6.049396	4.582498	5.6257997
narrow	4.3253326	4.291012	4.457296
great	6.236631	5.1872997	6.4705625
tear	4.514172	4.826785	3.8465471
honorable	6.221993	5.5531745	7.221809
previous	5.7993293	4.4369435	5.2236533
good	6.3305974	4.57446	5.2734222
domestic	5.8195276	3.8278604	5.26472
glory	7.5177712	5.5360737	7.127072
lay	5.17096	4.157026	4.777931
occasion	5.7507076	5.2595654	5.860094
guard	5.30107	5.4686737	6.211525
whole	6.2853155	4.560541	5.8315516
mouth	4.886951	5.211348	4.5057373
receive	6.6494217	4.495934	5.80025
take	5.5994964	4.3238997	4.9270277
simple	6.914982	3.676177	5.2531157
error	3.5272148	5.4053	5.0026717
wisdom	7.4704313	4.481156	6.5904245
rock	4.584153	4.7049046	4.8075933
decide	5.7662206	4.593567	5.6206403
exclaim	5.5879602	6.040634	5.617819
assure	6.7961555	5.033072	6.0053763
sign	5.605199	4.7044787	5.3003225
preserve	5.8474255	4.228918	5.532414
commerce	6.0453844	4.684717	6.4719324
plant	5.6189933	4.01594	4.8986197
walk	5.6915307	4.5348196	4.4797416
difference	5.700266	4.1716237	5.3111396
hang	4.3828816	4.3894234	4.1230717
following	6.132017	4.150448	5.5368357
employ	6.0405073	4.4071417	5.803811
