deal	5.175341	5.118617	5.2549443
study	7.1821756	4.7209644	6.3035927
afford	6.4463573	4.8422813	5.790219
service	6.8533483	5.10532	6.506116
height	6.2022233	4.9587784	5.6138287
prospect	7.3147497	5.0882983	6.6439385
pleasant	7.5181303	3.6508353	4.410469
shade	5.4620366	3.7130117	4.7490077
listen	5.7898107	5.0115843	4.9907813
mighty	5.533816	5.5266623	5.9698815
country	6.0475335	5.0066414	6.1267514
title	6.3879256	4.4722185	6.327095
choose	5.5323105	4.3419533	5.0234127
village	5.4414697	4.0598965	4.761112
acquire	6.7926145	5.5528607	6.9734645
rank	5.824652	5.7645245	6.521348
bow	6.4615874	4.2814317	5.5072737
doctor	4.5827117	4.6679	4.6573567
talent	7.4418697	5.8458223	7.523213
source	5.479232	4.8204837	5.9324408
lead	5.241863	5.833699	5.5762615
question	5.3825264	5.0804505	5.9071665
publish	6.2274184	4.7954483	6.490565
interest	6.629959	5.4642277	6.4435854
serve	5.444291	4.8298225	4.9050083
divine	6.3639016	4.724119	6.112293
put	4.866538	4.5873404	4.5494785
shadow	5.041665	3.7541966	4.504189
practical	6.1407323	4.0633144	6.075613
surface	5.6351533	2.845386	4.1935716
account	5.6409903	4.8198943	5.3651567
loss	4.7891784	5.1575956	4.3110833
indian	5.5160584	5.0772667	5.6545753
vine	6.1673136	3.0117023	4.353345
certain	5.559706	4.79636	5.2626147
sin	3.9651835	5.0708976	4.449825
necessity	5.4538536	5.462433	6.00381
lose	5.0914426	4.642927	4.2864823
private	5.5759974	5.5083876	5.8144283
gentleman	6.539519	5.108069	5.863569
daughter	7.0851808	4.719448	5.7374396
drive	4.0017576	6.5906715	5.2173924
strange	5.0128527	5.404025	4.5192304
journey	6.6340923	4.0907145	4.8146615
uncle	6.175947	5.2584386	5.5142097
species	5.821998	3.7188635	5.092599
think	5.634131	4.8883114	4.9629173
bed	5.351388	3.6545463	3.762704
wind	4.388515	4.820313	4.611
bless	6.6335325	4.1632915	5.2563562
destroy	3.606612	5.5342493	4.621038
author	5.806515	5.0022073	5.881893
sustain	6.052092	5.0152392	6.133721
black	4.2883315	4.3138084	4.0338106
event	6.272392	5.45466	6.725437
liberty	6.0931215	5.3122387	6.3802094
negro	5.793067	5.4842587	5.2079945
little	5.9382653	4.2917705	4.5548887
fortune	6.8991103	5.4177866	6.5525165
touch	5.5588017	4.4397264	4.087252
kill	3.2044709	5.8722143	4.029895
feature	6.400407	4.6460414	6.2862577
happiness	7.0193753	4.7375956	5.907717
assume	5.520422	4.8062897	5.6303964
notion	4.775038	5.7579083	5.5164924
purchase	6.3698125	5.5694947	6.288961
faithful	6.1118636	5.3321004	6.4778385
soldier	5.539819	5.4323707	6.066145
father	5.964609	4.7428775	5.4733343
narrow	3.7053432	4.564054	3.8783484
great	6.3990564	5.1745434	6.392018
tear	4.182187	4.5662694	3.4055676
honorable	5.9215174	5.5936728	6.712188
previous	5.486897	4.973096	5.2755933
good	6.3151646	4.8015766	5.2779903
domestic	6.205926	4.008293	5.1923
glory	7.643137	5.253528	7.2405353
lay	5.4973655	4.235538	4.478154
occasion	5.58334	5.358077	5.803923
guard	5.0927696	5.8927646	6.413492
whole	6.0413876	4.4358206	5.5822115
mouth	4.811557	4.600505	4.0631814
receive	6.564245	4.8318057	5.8208437
take	5.4406714	4.6290727	4.654685
simple	7.1828356	3.8800604	5.293538
error	3.5992968	5.2756886	4.6189327
wisdom	7.770733	4.1164036	6.8101473
rock	4.8295555	4.5181465	4.4604015
decide	5.227178	5.3088098	5.6115546
exclaim	5.8551016	5.612919	5.250966
assure	6.6878433	5.3203506	6.256222
sign	5.0022984	4.5693803	5.012765
preserve	6.2971034	4.0033264	4.988983
commerce	6.3951344	4.705512	6.2886558
plant	5.8191123	3.5646195	4.886302
walk	5.7407756	4.4906583	4.7060356
difference	5.373581	3.7917957	4.773033
hang	4.402094	4.390034	3.8490586
following	6.637444	4.2845163	5.5072947
employ	6.275797	4.680792	6.0048914
