deal	5.132183	4.9585867	5.632472
study	7.0267015	4.578182	6.1929607
afford	6.9494348	4.4175367	5.6164837
service	7.077127	4.5101156	6.1703935
height	6.2592845	4.1230116	5.7009964
prospect	7.2495527	5.0394926	6.5139847
pleasant	7.4163866	3.3508298	4.569479
shade	5.1254177	3.909719	4.6467466
listen	5.6724415	5.1016426	4.9019556
mighty	5.5053368	5.4956927	6.0918913
country	6.1239505	4.690046	5.890648
title	6.811292	3.6820745	5.7762446
choose	6.095102	4.3992295	5.4539695
village	5.841382	3.9493709	4.926675
acquire	7.2837744	4.941861	6.3833704
rank	6.566634	5.495473	6.7554555
bow	5.929041	4.488801	5.7163353
doctor	5.087014	5.1535583	5.1503906
talent	7.8184447	5.4068255	7.4583273
source	6.671072	4.0873346	5.900438
lead	5.3160324	5.402629	5.4269614
question	5.410451	4.9177384	5.674488
publish	6.1972847	4.7057652	6.3535223
interest	6.4742265	5.1478868	6.0704746
serve	5.4615574	4.3293123	4.5706706
divine	6.391002	4.6714716	6.2913284
put	5.3863	4.3021297	4.7862916
shadow	4.968597	3.6328511	4.5264554
practical	6.233287	3.7385545	5.928955
surface	5.367341	3.249889	4.512914
account	5.3917747	4.9995303	5.5026937
loss	4.398476	4.516356	3.9447298
indian	5.18509	4.4866595	5.020278
vine	5.2370386	3.8842208	4.391898
certain	5.765133	4.49703	5.353182
sin	3.439028	4.616579	4.0826783
necessity	5.4968553	5.2621994	5.858083
lose	5.431636	4.337621	4.572164
private	5.575213	5.1740837	5.886901
gentleman	6.3638535	4.773545	5.7533755
daughter	6.951653	4.407818	5.7041287
drive	4.083893	5.6971583	4.905108
strange	4.7634354	5.085107	4.6175117
journey	6.7916737	3.9352388	4.7207165
uncle	6.28748	5.009801	5.7450037
species	5.3752885	4.3824253	4.7667074
think	5.6028385	4.716423	5.121851
bed	5.2872567	3.77172	4.039365
wind	4.5603223	5.3770638	5.17148
bless	6.934235	3.8751857	5.0529923
destroy	3.4611692	5.345369	4.5250964
author	5.83105	4.9477983	5.756135
sustain	5.978888	4.7318296	5.7326813
black	3.8458104	4.039226	3.8461127
event	5.925638	5.5311537	6.497873
liberty	6.1422467	5.020234	6.6443977
negro	4.750064	5.224042	4.8619733
little	6.1768374	4.1220694	4.667029
fortune	6.0772104	5.117572	5.916135
touch	6.157579	4.32132	4.8712306
kill	3.1834002	6.532859	4.7047377
feature	6.190983	4.7817717	6.0570273
happiness	7.12441	4.614424	6.1162143
assume	5.622158	4.391919	5.359955
notion	4.986494	5.4642186	5.73761
purchase	5.636799	4.8042283	5.3390765
faithful	6.907991	4.740916	6.325215
soldier	5.632756	5.300869	6.055578
father	5.8823805	4.411822	5.376928
narrow	4.4448233	3.7162304	4.192046
great	6.3256054	4.96704	6.336717
tear	4.0706253	4.531274	3.4758935
honorable	6.483367	5.2339296	6.8759117
previous	5.9472146	4.3534255	5.253605
good	6.4347844	4.571232	5.384936
domestic	6.2875977	4.204263	4.971488
glory	7.481986	5.121949	6.849475
lay	5.5468655	4.2499666	4.7235794
occasion	6.0363603	5.051122	5.8256125
guard	5.2944603	5.4400177	6.4668484
whole	6.166511	4.324661	5.602208
mouth	5.6132073	4.619362	4.804142
receive	6.577673	4.5993786	5.911586
take	5.6533356	4.354986	4.8317614
simple	6.7195864	3.9510345	5.219749
error	4.1120205	5.2584295	4.9737554
wisdom	7.481488	4.3000464	6.7042747
rock	4.778303	4.5855284	4.92993
decide	5.6114645	5.3753366	5.7903175
exclaim	6.1703186	5.479579	5.2250524
assure	6.534229	5.1688886	5.80248
sign	4.8115635	4.7835083	4.964974
preserve	6.811201	4.0249	5.497718
commerce	6.797695	4.7067046	6.3990297
plant	5.356511	4.5510464	5.3147836
walk	5.6538935	4.4465084	4.570763
difference	5.649598	4.035794	5.1865044
hang	4.215562	4.655927	3.8596754
following	6.670348	4.5544233	5.790164
employ	5.668824	4.2159886	5.3039775
