deal	4.836915	4.8249903	4.7643414
study	6.920024	4.18596	6.0303593
afford	6.871657	4.558622	5.6403117
service	7.0270963	4.926245	6.6686473
height	5.419216	4.8222065	5.4862175
prospect	7.3308573	5.44981	6.270361
pleasant	7.6598463	3.6497297	5.1249704
shade	5.092688	3.4519303	4.385938
listen	5.505742	5.23069	4.9144573
mighty	5.453807	5.293642	6.301509
country	5.9496703	4.956047	6.04963
title	7.2559547	4.534579	6.3332596
choose	6.1294136	4.507282	5.746633
village	5.6444616	4.188363	5.0210934
acquire	7.711158	5.2873225	6.8939075
rank	5.4276958	5.7645006	6.0551395
bow	5.9601393	3.6678848	5.006108
doctor	4.1712246	4.553748	4.3585567
talent	7.6334553	5.8279247	7.23967
source	6.3217864	4.257744	5.4902754
lead	5.2002287	5.7290487	5.5163
question	5.7610626	5.0933013	5.7656817
publish	6.324522	4.584751	6.3615837
interest	6.782023	5.2006435	6.3781385
serve	5.637472	4.74083	5.4306936
divine	6.2433333	5.146014	6.386718
put	5.2308545	4.2071066	4.385932
shadow	5.0047736	3.590471	4.314995
practical	6.758118	4.6311984	6.3318596
surface	5.395438	3.4682155	4.507304
account	5.250975	5.0366354	5.104237
loss	4.6698523	4.8307285	4.4472065
indian	5.3279486	4.5960712	5.226467
vine	5.3405714	4.1642942	4.4557066
certain	5.5609813	4.742023	5.3760257
sin	3.5933557	4.921774	4.5010276
necessity	5.650379	5.062673	5.4531155
lose	5.3401937	4.7026563	4.889451
private	5.4591255	5.308232	5.903593
gentleman	6.4352503	4.8840313	5.80804
daughter	6.9214635	4.9205503	5.86922
drive	3.8846238	6.348286	5.1503267
strange	5.1365576	4.9109573	4.689657
journey	6.1703725	3.7895405	4.533086
uncle	5.0107713	4.8439264	5.0782123
species	5.7994475	3.6441152	5.095178
think	5.6201463	4.750314	4.9852448
bed	4.9191375	3.1033897	3.7200928
wind	4.5268393	4.9526653	4.911453
bless	7.0759015	3.9846592	5.5391293
destroy	4.140505	5.285883	4.723643
author	5.9908557	4.9321446	5.9317513
sustain	5.5585403	4.993029	6.0764685
black	3.6644723	4.104321	3.9193835
event	5.948351	5.5916753	6.7794013
liberty	6.262316	4.6590466	6.2458124
negro	5.62931	4.607676	4.863442
little	6.307891	4.1217604	4.6132045
fortune	6.1641426	5.570155	6.063101
touch	5.710971	4.331291	4.8107114
kill	3.2152302	6.052058	3.8275702
feature	6.2852345	4.5020466	5.8922462
happiness	7.3542066	4.667071	6.237995
assume	5.6923046	4.7715836	5.7099814
notion	5.0401945	5.6507597	5.379117
purchase	6.1103587	4.986976	5.8948355
faithful	6.3839808	4.6130695	6.23849
soldier	5.324376	5.119377	5.9586887
father	5.915366	4.6235857	5.57473
narrow	4.1537676	4.167162	4.7999487
great	6.2874026	4.8926334	6.1276927
tear	4.118881	4.5483747	3.50112
honorable	5.7754817	5.6892176	6.641261
previous	5.933798	4.7635493	5.193007
good	6.322357	4.4460764	5.384048
domestic	6.2084394	3.9378092	5.036263
glory	7.354233	5.286868	6.901617
lay	5.442385	3.7570844	4.392252
occasion	5.736765	5.235486	5.5980787
guard	4.987933	5.6293845	5.8889575
whole	6.074093	4.358146	5.5186696
mouth	4.2005877	4.9119096	4.2806563
receive	6.4548798	4.70291	5.8377385
take	5.6272645	4.4240303	4.8931646
simple	7.0181265	4.065932	5.9696207
error	3.6922393	5.66052	5.0786796
wisdom	7.554466	4.3452835	6.779475
rock	4.8795185	4.537772	5.178107
decide	5.910826	4.962488	5.9076395
exclaim	5.4836864	6.089896	5.1219687
assure	6.4085035	5.517019	6.1948185
sign	5.5434036	4.799323	5.488494
preserve	6.4987326	4.2670336	5.573715
commerce	5.93289	4.8914022	6.075281
plant	5.3775487	3.8898442	4.53036
walk	5.257186	4.1435695	4.184014
difference	5.254542	4.2387657	4.972646
hang	4.371555	4.347475	4.1671376
following	6.814123	4.213556	5.613426
employ	6.046094	4.7278686	5.7795115
