deal	4.9425545	5.159895	5.0021887
study	7.1863375	4.2094207	6.0878377
afford	6.014241	4.8768067	5.647674
service	6.558763	4.9284368	6.273093
height	5.806348	4.8033104	5.711705
prospect	7.0486884	5.5188107	6.3758054
pleasant	7.3893523	4.206477	4.485372
shade	5.5146685	3.7328675	4.461604
listen	5.9742045	4.8295717	4.514857
mighty	5.6313953	5.2724013	6.065289
country	5.811616	5.087234	6.1667647
title	6.794387	4.252936	6.002063
choose	5.8915153	4.500409	5.474614
village	5.8404512	3.8714595	4.6767097
acquire	7.205479	5.0264864	6.735295
rank	6.574224	5.47916	6.546436
bow	5.9252715	4.0145617	5.1452007
doctor	5.057723	4.5537934	5.212701
talent	7.604545	5.529048	7.1480885
source	6.5715256	4.235053	5.831975
lead	5.4233656	5.555379	5.6409545
question	5.2946906	4.982355	5.918827
publish	6.606639	4.567933	7.0207872
interest	6.256136	5.3024054	6.408593
serve	5.7493625	4.5700345	5.028278
divine	6.0500402	5.318219	6.0935507
put	5.081024	4.189287	4.4209847
shadow	5.2608833	3.8480325	4.3525906
practical	6.471838	4.03158	6.300909
surface	5.5017033	3.3720198	4.476385
account	5.3706837	4.9703417	5.4202538
loss	4.517948	4.853248	4.0403886
indian	5.1781826	4.4270964	5.1667657
vine	5.5590534	4.186309	4.409774
certain	5.2113605	4.6578326	5.1314273
sin	3.325775	5.5687904	4.5860634
necessity	5.138647	5.592063	5.932364
lose	5.2032104	4.78723	4.617318
private	5.3042593	5.14839	5.767106
gentleman	6.299465	5.027774	5.6727905
daughter	6.3378363	4.8530917	5.3590837
drive	3.9271805	6.1334257	5.0389752
strange	4.759125	4.991169	4.4187465
journey	6.278178	4.068589	4.934681
uncle	5.5506625	4.8737183	5.551041
species	5.3452997	4.0424013	5.023446
think	5.607203	4.7660623	4.871892
bed	5.0597	3.4977756	3.6181135
wind	4.216741	5.201616	4.5280695
bless	6.593031	4.0783615	5.0485845
destroy	3.8769474	5.436669	4.6758804
author	6.0392513	4.929163	5.9839196
sustain	5.8837175	4.8053656	6.1829376
black	3.9381063	4.3318844	4.59746
event	5.910709	5.679412	6.425702
liberty	6.24114	5.353844	6.3975716
negro	5.1059318	5.786051	5.1491914
little	6.0231295	3.9594338	4.498631
fortune	6.7020354	5.7570305	6.6115613
touch	5.6256623	4.3229995	4.569469
kill	3.814239	6.3393545	4.5810404
feature	6.698517	4.253987	6.118162
happiness	7.0635962	5.251939	6.0217466
assume	5.196051	4.741982	5.234318
notion	4.7579637	5.2403803	5.2141166
purchase	6.1380486	4.9890995	5.8901744
faithful	5.43382	4.823736	5.4368553
soldier	5.312855	5.3048134	6.172144
father	5.864565	4.497716	5.3959503
narrow	3.9513822	3.98491	4.006123
great	6.188821	5.1099577	6.2707195
tear	4.2109103	4.974438	3.8788056
honorable	5.937893	5.001556	6.197345
previous	5.003068	4.787865	5.0898924
good	6.2163777	4.716283	5.170905
domestic	5.99259	4.374466	5.443355
glory	7.976219	5.7668	7.254013
lay	5.365318	3.9592419	4.600413
occasion	5.600163	5.3850017	5.753681
guard	4.859844	5.5349283	6.2409754
whole	5.9402947	4.4167805	5.597113
mouth	4.975243	4.313739	3.9221292
receive	6.5769095	4.4583087	5.9104104
take	5.505428	4.51433	4.872042
simple	6.814399	4.2666526	5.6102552
error	3.5520484	5.356858	4.9231973
wisdom	7.6703744	3.9309916	6.626225
rock	4.716096	4.800462	5.1751776
decide	5.1969366	5.395146	5.862584
exclaim	5.940681	5.6690516	5.3553524
assure	6.073752	5.3828897	5.642611
sign	5.427933	4.9197245	5.3872623
preserve	6.165727	4.334105	5.692176
commerce	6.0165567	4.7091784	6.7627153
plant	5.0067596	4.486178	4.653968
walk	5.872113	4.4083486	4.4405427
difference	4.8840704	4.278819	5.024261
hang	4.1388702	4.5391626	3.9791458
following	6.4495034	4.129994	5.3936625
employ	5.738755	4.3122377	5.66849
