deal	5.0564137	4.992209	5.263319
study	7.2051253	4.336824	6.4803967
afford	6.281938	4.476702	5.331505
service	6.2326846	4.8268356	6.1648517
height	5.435027	4.3993864	5.5380044
prospect	6.703276	5.052416	6.3945937
pleasant	7.1026716	3.7366276	4.5980506
shade	5.3394494	3.6689193	4.4873714
listen	5.8500004	4.5473666	4.710994
mighty	5.301793	5.49569	5.9644523
country	6.036131	4.717393	6.185868
title	6.69508	4.217405	6.319052
choose	6.025546	3.9161048	5.4509807
village	6.010684	3.9317362	4.965801
acquire	6.9506865	4.9669905	6.6646004
rank	6.2389026	5.7142186	6.807925
bow	6.0448475	4.2843256	5.4961834
doctor	4.4717884	4.2796855	4.081842
talent	7.466557	5.3998623	7.313242
source	6.80189	4.4107356	5.6682186
lead	5.3665075	5.4617996	5.6386495
question	5.672988	4.626167	5.747469
publish	6.1365013	4.8808703	6.492307
interest	6.527619	5.109374	6.3384852
serve	5.5277824	4.252526	4.8653774
divine	7.033943	4.6634817	6.3150587
put	5.263529	4.2703342	4.5301924
shadow	4.5972886	3.5676835	4.1259265
practical	6.524895	4.396786	6.7219076
surface	5.8525395	3.4161477	4.8510437
account	5.763112	4.850623	5.480141
loss	4.347781	5.2092023	4.2056527
indian	5.256813	4.873965	5.432214
vine	5.567402	4.300019	4.4426637
certain	5.683705	4.56476	5.3532205
sin	4.049967	5.079298	4.608823
necessity	5.4037466	5.3688273	5.744501
lose	5.1644306	4.6415706	4.715921
private	5.257023	4.8886724	5.6984615
gentleman	6.461479	4.905956	6.1681466
daughter	6.7737975	4.645285	5.7045937
drive	4.48168	5.5558515	5.473801
strange	4.9941306	4.8376036	4.619015
journey	6.0495925	3.256692	4.4008403
uncle	5.519724	4.9016504	5.5727186
species	5.392571	4.1402555	4.850778
think	5.5994515	4.5684247	4.922103
bed	5.0837417	3.6042182	3.4807944
wind	4.232853	5.233507	4.793103
bless	6.66671	4.187971	5.1495886
destroy	3.3147755	5.224905	4.163007
author	6.121284	4.866445	5.923076
sustain	5.7511735	4.997591	5.8641176
black	4.1629558	4.3645606	4.5584555
event	5.74391	5.2264724	6.2435207
liberty	6.282267	5.1309776	6.6571965
negro	5.06244	4.273294	4.541264
little	5.9533777	4.1092467	4.5509667
fortune	6.3024735	5.6797924	6.3663836
touch	5.821767	4.4389906	4.6322274
kill	4.012041	5.742869	4.367568
feature	6.5372887	4.5850716	6.039491
happiness	7.4984756	4.8389187	6.0909786
assume	5.287729	4.654121	5.5940886
notion	5.5914693	5.038556	5.7425337
purchase	5.6918473	4.982511	5.8100104
faithful	6.2501554	5.1637683	6.350606
soldier	5.567301	5.387599	6.2432775
father	5.8674555	4.5260386	5.2951574
narrow	3.7036355	4.5892186	4.563617
great	6.3705263	4.60235	6.121376
tear	4.465013	4.7371936	3.4846032
honorable	6.0886436	4.9998307	6.6531196
previous	5.441211	4.528314	5.1942124
good	6.4515576	4.453712	5.2937064
domestic	6.070089	3.618567	5.4951844
glory	7.5240536	5.414296	6.9151134
lay	5.6700397	3.7364876	4.432905
occasion	5.6473203	5.2068443	5.5609365
guard	5.2037196	5.5526195	6.530927
whole	6.001103	4.1063075	5.5905375
mouth	5.163053	4.9113216	4.4978485
receive	6.506923	4.554101	5.9777155
take	5.568061	4.2701488	4.8504167
simple	6.7353964	4.0391574	5.1985373
error	4.0926685	5.211078	4.8877664
wisdom	8.002368	4.1050997	6.5841293
rock	5.081935	4.6515813	5.2531776
decide	5.3759165	5.1999784	5.840376
exclaim	6.1764717	5.4802837	5.4061337
assure	6.1917663	5.0213733	5.9867783
sign	5.4992743	4.562072	5.0511007
preserve	5.882108	3.8780138	5.2793274
commerce	6.450305	4.042189	6.3717
plant	5.4742146	4.297252	4.722461
walk	5.7244887	4.12366	4.414962
difference	5.6392336	3.5817437	4.6196337
hang	4.257346	4.229933	3.9610014
following	6.727429	4.262237	5.6932836
employ	5.884148	3.7737436	5.3452673
