deal	5.5619926	5.1231546	5.3760395
study	6.7522364	4.2430234	5.91502
afford	6.4544177	4.356482	5.727983
service	5.8970084	4.670834	5.7069206
height	5.766851	4.260293	5.519088
prospect	7.280485	5.0138373	6.1965413
pleasant	7.695055	3.7466278	4.741918
shade	5.5057573	3.647719	4.543259
listen	5.2780833	4.5557294	4.595335
mighty	6.1588526	5.0095224	6.3625345
country	6.2156324	4.978979	6.285043
title	6.780387	4.0970826	6.024692
choose	6.0920954	4.393797	5.5466914
village	5.509862	4.510503	4.765726
acquire	6.7342463	4.959694	6.8819284
rank	5.7142863	5.5402546	6.289959
bow	5.9293766	3.6742213	4.9505544
doctor	4.878807	5.2590137	5.409811
talent	7.4716706	5.7915697	7.238636
source	6.0129366	4.1864777	5.650861
lead	5.042323	5.5839663	5.331417
question	5.553716	4.581611	5.734227
publish	5.7438416	4.920355	6.0913095
interest	6.442802	5.0984607	6.4872856
serve	5.680671	4.5225754	5.0724173
divine	6.7225914	4.854224	6.5786114
put	4.851213	4.433488	4.493406
shadow	5.233997	3.8583496	4.496612
practical	6.1952715	4.367648	6.049209
surface	5.4531198	3.5083885	4.5701113
account	5.59675	5.0334463	5.4524164
loss	4.525215	5.0119433	4.46019
indian	5.225207	4.8317175	5.4147863
vine	5.3698735	3.7885256	4.4424114
certain	5.744436	4.6596727	5.5764465
sin	3.96523	5.2116127	4.4420743
necessity	5.088951	5.446878	5.528523
lose	5.239615	4.7114487	4.8591037
private	5.373541	5.156684	5.787011
gentleman	6.2483253	4.9418306	5.7140994
daughter	6.593433	4.499669	5.2761784
drive	3.8628623	6.235607	4.9945064
strange	5.0586658	4.898991	4.415148
journey	5.8651066	3.8399236	5.0894423
uncle	5.944172	5.3036027	5.9158792
species	6.315749	4.2012467	5.2630424
think	5.699707	4.553024	4.8536377
bed	5.1305704	3.5038555	3.759067
wind	4.821248	5.396577	4.9327087
bless	7.2831926	4.0196157	5.6103587
destroy	3.4049728	5.700278	4.5083795
author	5.6829233	5.3337927	5.897792
sustain	5.968412	4.4943666	6.1435575
black	4.090464	3.7627947	4.019372
event	6.025123	5.399905	6.7014475
liberty	6.1182814	5.0777407	6.2092986
negro	4.4150944	5.1753974	4.7084937
little	5.9780073	4.30749	4.627755
fortune	6.2436967	5.407419	6.156834
touch	5.8882294	4.1703377	4.434405
kill	3.5693755	6.4589787	4.574525
feature	6.245362	4.46857	5.740302
happiness	6.888042	4.6268663	5.9121137
assume	5.4448385	4.376076	5.447226
notion	3.9501374	5.1364975	5.2166953
purchase	5.9398737	4.8069835	5.7832766
faithful	6.248435	4.792002	6.0548153
soldier	5.2691216	5.195598	5.978263
father	5.738626	4.445518	5.2828856
narrow	4.038477	4.0796638	3.8303351
great	6.28783	5.108819	6.3795605
tear	4.2441816	4.782533	3.596939
honorable	5.550573	5.5730124	6.524742
previous	5.2721524	4.849475	5.2899327
good	6.3522487	4.6506553	5.4168935
domestic	5.954888	3.81959	5.2557096
glory	7.4258823	5.3329167	7.153166
lay	5.254755	4.001131	4.5505404
occasion	5.860882	5.519843	5.945161
guard	5.2332764	5.3964043	6.098236
whole	6.0791287	4.6691966	5.8361397
mouth	4.9045134	4.9143476	4.4680142
receive	6.4771566	4.527367	5.8358965
take	5.425536	4.463533	4.731639
simple	6.7700763	3.8571272	5.456589
error	3.283911	5.4461555	4.987996
wisdom	7.7449484	3.7344594	6.8037257
rock	4.8786583	4.638977	4.8792324
decide	5.869037	4.9908657	5.954832
exclaim	5.775458	5.875007	5.2544923
assure	6.2202682	5.377967	5.9271684
sign	5.47002	5.005279	4.9268475
preserve	6.282231	4.1179185	5.760135
commerce	7.032246	4.4461823	6.6830134
plant	5.107744	4.1925697	4.805234
walk	5.654913	4.76004	4.574279
difference	5.176749	3.5851905	4.9205313
hang	4.1620097	4.649349	4.0536423
following	6.486489	4.2120705	5.405757
employ	5.974054	4.913799	5.8545184
