deal	5.2824364	5.186889	5.1684394
study	7.069398	4.08101	6.1375184
afford	6.7846375	4.490108	5.9029207
service	6.5031996	4.935206	5.9460363
height	5.65499	4.7705073	5.725935
prospect	6.7278156	4.951543	6.235224
pleasant	6.86784	3.6911595	4.024677
shade	5.589221	3.6994264	4.638662
listen	5.808255	5.319621	5.3735714
mighty	6.156245	5.4937043	6.351737
country	6.3490868	4.894581	6.1443295
title	7.102395	4.3966064	5.8834696
choose	5.5938025	4.338832	4.8797903
village	5.417862	4.3230157	4.654059
acquire	7.058982	4.706068	7.0663157
rank	6.2682333	5.8213124	6.4768424
bow	6.028912	4.456599	5.257421
doctor	5.030408	5.045092	4.6616335
talent	7.7846775	5.535874	7.305852
source	5.9782825	4.633743	6.073556
lead	5.7482815	5.423155	5.6644406
question	5.369808	5.1675334	6.125284
publish	6.3184457	4.7541995	6.3388424
interest	6.5725665	5.162367	6.4610558
serve	5.7277946	4.6610937	4.8319
divine	6.1892624	4.9369555	5.7431846
put	5.519852	4.3073378	4.569038
shadow	4.875985	4.012905	4.497503
practical	5.77903	4.2786074	6.052047
surface	5.4268527	3.3783066	4.5036116
account	5.5097313	5.251663	5.341444
loss	4.4037786	5.038016	4.3715997
indian	5.534579	4.793416	5.6191072
vine	5.6299324	4.4788785	4.7161226
certain	5.74383	5.1006174	5.8528094
sin	3.577669	5.1644087	3.9067724
necessity	5.27544	5.285081	5.8097286
lose	5.2251763	4.8869624	4.837304
private	5.5669646	5.0082693	5.9188347
gentleman	6.800533	4.6296973	5.848858
daughter	6.897101	4.6657066	5.3443933
drive	3.7728167	6.0888243	4.7936616
strange	5.291105	4.9351296	4.833509
journey	6.528869	4.4084053	5.0896225
uncle	6.093281	5.059707	5.477044
species	5.4240136	4.570991	4.7729716
think	5.8818736	4.8943567	5.039224
bed	5.337076	3.3575225	3.7633657
wind	4.4010286	5.109881	4.6857243
bless	7.303356	3.9252455	5.3988123
destroy	3.2047787	6.020631	4.458604
author	6.277786	5.071148	6.15541
sustain	5.934222	4.962945	6.013888
black	3.9328122	4.276535	4.3725443
event	6.348037	5.436805	6.4782743
liberty	6.174395	5.174695	6.3608913
negro	5.2383156	5.1502595	4.5574856
little	6.257512	4.250066	4.5982757
fortune	6.6661854	5.49605	6.6088185
touch	6.0862994	4.3740673	4.626392
kill	3.9361346	6.6068554	4.857186
feature	6.3589168	4.5525565	6.1030884
happiness	7.1359572	5.067011	6.1152487
assume	5.7373657	4.4562616	5.729056
notion	5.192021	5.249192	5.664468
purchase	6.334065	5.047623	6.243099
faithful	6.0057807	4.533127	5.9525876
soldier	5.570771	5.3290057	6.1906304
father	6.219381	4.230351	5.387357
narrow	3.9546788	3.721426	3.821764
great	6.2350183	5.0353713	6.0914674
tear	4.670945	4.5734525	3.7358668
honorable	5.81553	5.322874	5.902224
previous	5.829283	4.4922395	5.5454535
good	6.568593	4.8017807	5.4163556
domestic	5.5788975	4.1181927	4.8948135
glory	7.7900863	5.1994367	7.048767
lay	5.518693	3.9787748	4.5433474
occasion	5.873482	5.709186	5.757966
guard	5.429766	5.382499	6.3675256
whole	6.2877984	4.3931055	5.5184793
mouth	5.0564966	4.6898484	4.250736
receive	6.793108	4.488182	5.920397
take	5.7417984	4.367329	4.8978767
simple	7.0981655	3.7152328	5.5603275
error	4.1236467	5.5547733	5.029052
wisdom	7.227185	4.148544	6.7453985
rock	5.502396	4.2083826	5.1252866
decide	5.6118345	5.2363157	6.0833745
exclaim	6.2364383	6.335079	5.6752405
assure	6.667197	5.502657	6.081556
sign	5.2997756	5.4241033	5.383666
preserve	6.382688	4.1782045	5.445455
commerce	6.406603	4.2735167	6.101878
plant	5.251877	4.1649013	4.8000746
walk	6.067246	4.3363786	4.591353
difference	5.782589	4.262595	5.3596706
hang	4.6246004	5.0532246	4.083196
following	6.9822755	4.327905	5.65866
employ	5.9161057	4.6719413	5.6403546
