deal	4.6334605	5.388993	4.794846
study	6.596329	4.3867116	5.802099
afford	6.7223177	4.1947823	5.312998
service	6.4244146	4.97019	6.178494
height	6.153721	4.1872706	5.912549
prospect	7.219692	4.8476505	6.3863363
pleasant	7.1621156	3.2900023	4.1688914
shade	5.4858522	3.442813	4.518534
listen	5.992067	5.0038805	5.0431094
mighty	5.994996	5.686298	6.1344457
country	6.1430383	4.8453026	6.0370393
title	6.4623966	3.8944867	5.889776
choose	5.348676	4.089252	4.983101
village	5.289899	4.498338	4.7365894
acquire	6.491076	4.979371	6.7115984
rank	5.883735	5.839755	6.630328
bow	6.046478	3.941693	5.0002947
doctor	5.078285	4.9834023	5.018347
talent	7.5878477	5.930997	7.5112295
source	6.6018453	4.2661114	5.642078
lead	5.7449446	5.2905216	5.6469436
question	5.1496935	4.850981	5.644597
publish	6.4018655	4.707713	6.165959
interest	6.296034	4.9609976	5.982405
serve	5.9415	4.3156633	5.0463552
divine	6.6932783	5.345456	6.503854
put	5.0788145	4.307363	4.5038133
shadow	4.7928133	3.4494796	4.2383757
practical	6.454362	4.759387	6.426265
surface	6.006146	3.6326158	4.8189697
account	5.6318555	4.711247	5.3122683
loss	4.252941	4.8933372	4.3688493
indian	4.7746277	4.846301	5.1309614
vine	5.5222077	3.976061	4.358296
certain	5.742292	4.4753213	5.4358673
sin	3.3822343	4.965502	4.481785
necessity	5.235532	5.5633144	5.5506763
lose	5.028091	4.6328177	4.6332703
private	5.287977	5.059785	5.507383
gentleman	6.7079268	4.900665	6.022774
daughter	6.7443266	4.525511	5.5151005
drive	3.9282022	6.315919	4.972145
strange	4.806882	5.068182	4.3203473
journey	6.228072	4.0123854	5.0818152
uncle	6.094069	5.0580444	6.064233
species	5.776774	4.325561	5.035151
think	5.537168	4.609309	4.8775187
bed	5.0520506	3.3923693	3.9985435
wind	4.485473	4.959191	4.8381777
bless	6.9014454	4.388315	5.4806623
destroy	3.4270244	5.39281	4.5150943
author	6.219801	4.7951713	5.6431313
sustain	6.0553184	5.145459	6.3230643
black	4.611218	3.6292496	4.335914
event	6.4813805	5.447534	6.8054905
liberty	6.688925	5.1160283	6.6731834
negro	5.247624	5.0601187	4.793297
little	6.0460615	4.1254277	4.4813533
fortune	6.263036	5.357789	6.2048826
touch	5.7982135	4.489098	4.719593
kill	3.4372783	6.088312	4.223276
feature	6.5378532	4.5535984	5.8826785
happiness	7.0002294	4.6047106	5.8808565
assume	4.9885755	4.712428	5.4212656
notion	4.6506863	5.3250365	5.2028136
purchase	5.624424	5.100537	5.7316923
faithful	6.0811367	5.13587	6.346834
soldier	5.4644976	5.904638	6.3948536
father	6.1911235	4.342425	5.4914694
narrow	4.066993	3.9683583	4.2725787
great	6.1072235	4.85106	6.0489197
tear	3.596468	4.9193497	3.5145912
honorable	6.4928303	5.6177197	6.80487
previous	5.1828976	4.6866894	5.244667
good	6.249696	4.554489	5.272701
domestic	6.102843	3.7901554	5.1064234
glory	7.6434755	5.5414457	7.3292794
lay	5.3026495	3.8326566	4.589386
occasion	5.9309974	5.2089357	5.588114
guard	6.22026	5.6167364	7.0425367
whole	5.967448	4.3640666	5.590491
mouth	5.289792	4.486267	4.686893
receive	6.6590014	4.5544686	5.8292847
take	5.568943	4.1682515	4.6778817
simple	6.8202696	3.5732155	5.244109
error	4.1518254	4.881654	4.674282
wisdom	7.7906237	4.1896906	7.145871
rock	4.7949333	4.5839634	5.1314015
decide	5.5180545	5.043296	5.9709144
exclaim	6.2508283	6.003553	5.801177
assure	6.530959	4.9584703	5.960968
sign	5.521486	4.7420816	5.442973
preserve	6.580718	3.6173482	5.5069847
commerce	6.41002	4.246688	6.2852635
plant	5.411361	3.8145761	4.7841125
walk	5.6889086	4.2040305	4.6763105
difference	5.100356	3.6059735	4.6969247
hang	4.606825	4.3014565	3.9778953
following	6.930521	4.1586113	5.6226153
employ	6.028092	4.4070444	5.783812
