deal	5.060222	4.9343634	4.8121176
study	6.9356403	4.226455	6.0923643
afford	6.2591376	4.4776216	5.5430937
service	6.3387	4.8519874	6.2714453
height	5.58691	4.8160896	5.658449
prospect	7.376151	4.981974	6.3162737
pleasant	7.5592904	3.564536	4.4928613
shade	6.0007224	3.5476506	4.6310143
listen	5.766848	4.6976852	4.5881963
mighty	6.0960913	5.0722866	5.9529867
country	6.2243214	4.852598	6.0282383
title	6.739008	4.1113863	6.3516283
choose	5.7388253	4.5277624	5.4013057
village	5.8314395	3.941748	4.4838357
acquire	6.955123	4.8788133	6.437762
rank	6.2762156	5.542702	6.30161
bow	5.5071673	4.0233555	5.0840745
doctor	4.4814587	4.391311	5.0589576
talent	7.1546974	5.515788	7.205537
source	6.7901278	4.4376216	5.995325
lead	5.813798	5.4253645	5.3558335
question	5.1372013	4.71924	5.5594535
publish	6.592597	4.774249	6.6542244
interest	6.461164	5.2206545	6.2686143
serve	5.7109075	4.531467	5.1826754
divine	6.970504	4.89211	6.38796
put	5.1088834	4.4463153	4.601626
shadow	5.1060634	3.8683372	4.491524
practical	6.237602	4.445687	6.0806756
surface	5.63819	3.1460822	4.674078
account	5.4187236	4.857197	5.289177
loss	4.63861	4.768944	3.9687595
indian	5.398047	4.6433616	5.456707
vine	5.443961	4.414892	4.598535
certain	5.6313195	4.818966	5.541779
sin	4.025475	4.9846	4.138791
necessity	4.9919257	5.4080734	5.732991
lose	5.5025015	4.838771	4.7123685
private	5.924604	5.1163006	6.017032
gentleman	6.6336756	4.5529146	5.665426
daughter	6.891085	4.5247602	5.6762943
drive	4.230293	6.295371	5.3052063
strange	4.9189577	5.2903237	4.695793
journey	6.8172007	3.9100366	5.2276907
uncle	6.174935	4.7231054	5.810653
species	6.003381	4.092579	5.2623444
think	5.6662707	4.7359314	4.932606
bed	5.254056	3.2643971	3.6417782
wind	4.376153	4.9854784	4.743227
bless	6.770422	3.7009969	5.126755
destroy	3.5924582	5.7651105	4.589708
author	6.32458	4.6260796	5.8549423
sustain	5.921403	4.5717463	5.888127
black	4.2053704	3.9026947	4.1309514
event	6.2855897	5.3258123	6.804747
liberty	6.192543	5.1672297	6.420409
negro	5.412685	5.1459427	5.4551044
little	6.1286154	4.095641	4.6099296
fortune	6.6121373	5.328126	6.354961
touch	5.856435	4.210834	4.5849533
kill	4.1111145	6.0137835	4.362644
feature	6.7638474	4.5206823	5.928376
happiness	7.194024	5.331756	6.295002
assume	4.9626594	4.6213517	5.290329
notion	4.833612	5.444309	5.4636335
purchase	6.506146	5.3329926	6.668701
faithful	6.32377	4.4859858	5.9639587
soldier	5.6616125	5.4304347	6.384768
father	6.2410336	4.1949306	5.3562484
narrow	3.8267403	4.154489	3.7475455
great	6.5235343	4.993575	6.205743
tear	4.410933	4.652041	3.6803358
honorable	6.074573	5.2346992	6.2104564
previous	5.295517	4.6134586	5.1746798
good	6.4918704	4.639358	5.3402033
domestic	6.5299673	3.5548632	5.178569
glory	8.069454	5.423096	7.1196737
lay	5.5667453	3.9343402	4.654955
occasion	5.9720488	5.2368674	5.5927625
guard	5.0465117	5.195665	6.0379205
whole	6.1989284	4.448967	5.336565
mouth	5.408409	4.822319	4.3360543
receive	6.6440725	4.6851816	5.9736376
take	5.5967083	4.410836	4.8836727
simple	6.9685636	3.6381125	5.5304494
error	4.1188545	5.3128214	4.8915195
wisdom	7.556042	4.1013093	6.4386144
rock	5.5775695	4.255936	4.9995413
decide	4.927068	4.828504	5.5631704
exclaim	6.1366014	5.7809486	5.4723153
assure	6.6466403	5.276516	6.206275
sign	5.3551216	5.173145	5.6532993
preserve	6.0901346	4.439743	5.584899
commerce	6.5611396	4.966888	6.3227215
plant	5.737417	4.1800056	5.193938
walk	6.0564365	4.4272075	4.62253
difference	5.36351	3.897884	5.059472
hang	4.3669357	4.5723834	3.8908033
following	6.952398	4.1957936	5.6293993
employ	5.7558966	4.42628	5.7015324
