deal	4.9287014	5.229264	4.9564934
study	7.1436143	4.104423	6.1529408
afford	6.7449846	4.1105947	5.5042706
service	6.278525	4.804628	6.08884
height	5.5551014	4.1573052	5.449909
prospect	7.1555495	5.1526494	5.9983892
pleasant	7.256305	4.066975	4.5280147
shade	5.8972154	3.1683228	4.466781
listen	5.7549553	4.8449793	4.472705
mighty	5.3348937	5.178103	6.201379
country	6.2701144	4.8784485	6.051111
title	6.8289604	4.439762	5.74753
choose	6.0106936	4.3349586	5.5026665
village	5.714345	4.6293535	5.0504036
acquire	7.323932	4.9730597	6.753851
rank	6.133231	6.054481	6.36005
bow	5.9046736	4.280526	5.5125065
doctor	4.605325	4.3334208	4.815496
talent	7.772683	5.610732	7.443137
source	6.724562	4.3796644	5.903036
lead	5.5362535	5.488796	5.4286065
question	5.163017	4.953876	6.0255713
publish	6.296725	4.854802	6.4177628
interest	6.716877	5.0373936	6.3098965
serve	5.653863	4.3532076	5.0119834
divine	6.0259266	4.982183	6.308229
put	5.149506	4.299649	4.7707624
shadow	5.2797475	3.913204	4.886042
practical	6.417297	3.5511675	5.8848686
surface	5.458972	3.606686	5.01293
account	5.3418546	5.027006	5.363136
loss	4.4578495	5.179064	4.393911
indian	5.2242546	4.841538	5.180342
vine	6.0270257	3.42116	4.3904476
certain	5.4951625	4.757619	5.193898
sin	3.9239936	5.0225177	4.32343
necessity	5.0782547	5.13156	5.729839
lose	4.981334	4.8106174	4.694357
private	5.7534137	4.601419	5.580012
gentleman	6.4263334	4.606009	5.5272355
daughter	6.8550634	4.3144097	5.1755204
drive	3.5985732	5.6918607	4.757816
strange	4.8464284	4.7811937	4.1124215
journey	6.2413125	3.9135687	4.6069155
uncle	6.0995684	5.413374	6.426977
species	5.914251	3.9648635	5.2865415
think	5.4706926	4.761629	4.9372873
bed	5.280445	3.8138618	3.774137
wind	4.777304	4.68536	4.725547
bless	6.645983	4.078726	5.0377865
destroy	3.2514381	5.4411182	4.5960517
author	6.136502	4.925553	5.8187795
sustain	6.166967	5.3213615	6.5657434
black	4.7961564	4.074165	4.5739098
event	6.030246	5.297472	6.3890944
liberty	6.1902313	5.4009104	6.5172977
negro	5.291025	4.469088	4.6711636
little	5.903982	4.17776	4.561515
fortune	6.620627	5.338234	6.414977
touch	5.676988	4.7530985	4.9411893
kill	3.181323	6.3126297	4.130163
feature	6.5962977	4.248903	5.9054613
happiness	7.205142	4.8192225	6.1584845
assume	5.017209	4.759659	5.2887216
notion	4.1876044	5.630473	5.378057
purchase	5.63847	4.693571	5.2892985
faithful	6.48016	4.937696	6.60969
soldier	5.518852	5.6174083	6.322157
father	5.8979807	4.5158496	5.2549644
narrow	3.7726917	4.476511	4.153894
great	6.407371	4.9520016	6.364347
tear	4.387321	4.8629565	3.626328
honorable	5.8764944	5.2439632	6.225808
previous	5.3674607	4.809663	5.053363
good	6.32865	4.7412095	5.302666
domestic	6.2483582	3.9997742	5.541411
glory	7.928345	5.0347037	7.0965676
lay	5.27829	4.2470775	4.7419524
occasion	6.034886	5.4695554	5.859659
guard	5.3229055	5.2569613	6.156541
whole	6.1497183	4.4719944	5.6227427
mouth	4.9750834	4.8264422	4.509972
receive	6.413981	4.516825	5.660854
take	5.567123	4.3960238	4.7907605
simple	6.887309	4.1084	5.728648
error	3.0352676	5.4254627	4.6262736
wisdom	7.494323	4.2184463	6.8871336
rock	5.172831	4.7741847	5.235605
decide	5.4869504	5.23345	5.7135057
exclaim	5.4621	5.63657	5.3531494
assure	6.470168	5.2075152	5.5916595
sign	6.324139	4.839786	5.68338
preserve	6.718064	3.8363342	6.0115476
commerce	6.557386	4.3363166	6.236604
plant	5.7649984	3.4765868	4.7410426
walk	5.9481034	4.237185	4.3994136
difference	5.173188	4.201211	4.7385306
hang	4.7015467	4.361817	4.066923
following	6.4143653	4.2547693	5.3404117
employ	5.84758	4.2272854	5.5327253
