deal	5.0257187	5.467971	5.4712496
study	6.810566	4.283516	6.0826387
afford	6.429845	4.5667744	5.8960404
service	6.2480326	4.755227	6.0284486
height	6.01492	4.376889	5.751253
prospect	7.289568	5.0975437	6.796246
pleasant	6.99645	4.067149	4.687494
shade	5.470518	3.5903218	4.315357
listen	5.413239	4.9039254	4.838589
mighty	6.44556	4.978187	6.3051972
country	6.063092	4.9072967	6.146558
title	7.0375934	3.9269693	6.047634
choose	5.7612386	4.2809095	5.308076
village	5.7152348	4.233438	4.827609
acquire	6.7609305	4.8172646	6.6090364
rank	6.158046	5.766761	6.3240356
bow	6.002942	4.092061	4.917397
doctor	4.691624	4.9751477	4.8760715
talent	7.5525007	5.2516484	7.0542107
source	6.0145016	4.741732	5.819762
lead	5.5453844	5.5492725	5.609764
question	5.3505864	4.6036634	5.7563686
publish	7.0845914	4.593849	7.1280193
interest	6.299623	4.81832	6.0370827
serve	5.62596	4.7472744	5.383022
divine	6.6466484	5.1896825	6.3547173
put	5.127539	4.442444	4.6834445
shadow	5.5974464	3.6305752	4.780649
practical	6.43024	4.945052	6.610534
surface	5.579025	2.8202794	4.404561
account	5.4967027	5.0283704	5.5130672
loss	4.0174236	4.7369227	4.2175245
indian	5.6222706	4.623233	5.564257
vine	5.6799674	3.9758024	4.42551
certain	5.6742406	4.886299	5.6945934
sin	3.8859258	5.3604374	4.56658
necessity	5.320298	5.411183	6.004931
lose	5.00216	4.991696	4.904763
private	5.720767	5.1446567	5.599075
gentleman	6.4453425	5.0150204	6.030668
daughter	6.730587	4.728875	5.6515145
drive	4.3771276	6.140627	5.1582828
strange	4.880782	4.9746776	4.7047415
journey	5.85926	4.108692	5.2316856
uncle	5.5933075	4.800719	5.15998
species	6.14211	4.014488	5.3562274
think	5.665054	4.723836	5.1845975
bed	5.232091	3.162313	3.7578204
wind	4.8493986	4.905633	4.843158
bless	6.5409145	3.9775753	5.2950773
destroy	3.4791193	5.5753374	4.2706313
author	5.9836087	4.9395523	6.116131
sustain	5.857539	4.7666445	6.2313886
black	3.971189	3.983056	4.2567463
event	6.031154	5.3102484	6.431657
liberty	6.086407	5.05451	6.5617547
negro	4.845751	5.1435165	4.7194324
little	6.164634	4.2301955	4.8176794
fortune	5.938891	5.5052266	6.30842
touch	5.569749	4.562369	4.6289673
kill	3.3746288	6.1776195	4.3378844
feature	6.4753838	4.436316	6.0969415
happiness	6.7983923	4.7392507	5.9527993
assume	5.674572	4.6133814	5.803856
notion	5.124987	5.3295617	5.629937
purchase	6.2937555	4.7356286	5.9338913
faithful	6.557865	4.693349	6.1045685
soldier	5.3018227	5.5356836	6.0206194
father	5.9617777	4.360155	5.484168
narrow	4.2216463	3.9398198	4.527068
great	6.479825	5.0882797	6.3359885
tear	3.7954333	5.1759963	4.019388
honorable	6.423134	5.172484	6.678606
previous	5.6820865	4.6634746	5.6452103
good	6.4420257	4.6027412	5.4406285
domestic	5.7057858	4.3473625	5.2231116
glory	7.1314187	5.3829064	6.930397
lay	5.273324	4.1212053	4.887207
occasion	6.083822	5.417637	6.026472
guard	5.392488	5.5093417	6.0143642
whole	6.166647	4.3290186	5.623584
mouth	4.791661	4.7834954	4.4516234
receive	6.670335	4.627441	5.8961344
take	5.4121833	4.622841	4.9903975
simple	6.70329	3.66999	5.1261125
error	3.510395	5.7621427	5.0490146
wisdom	7.394616	3.9246325	6.5351825
rock	5.5763197	4.219009	5.5283813
decide	5.6231785	4.8544703	5.7546372
exclaim	5.7813325	5.73991	5.238981
assure	6.5712495	5.429181	6.1557336
sign	5.1674886	5.044852	5.3762007
preserve	5.8692827	4.3599143	5.381
commerce	5.9828677	4.6467805	6.2474856
plant	5.5038843	3.8621821	4.7985253
walk	5.737532	4.4043126	4.5401034
difference	5.351107	3.5620365	4.9070797
hang	4.3920364	4.489668	3.7837467
following	6.9068127	4.0430884	5.7642326
employ	6.020039	4.395266	5.6519237
