deal	4.9166427	5.11949	5.139635
study	7.1257534	4.4156995	6.144081
afford	6.753812	4.5720177	6.0269723
service	6.210137	4.5641093	5.8163433
height	5.862045	4.7978835	5.8413544
prospect	7.107247	5.497518	6.6951795
pleasant	7.3655863	3.5272827	4.4103737
shade	5.870771	3.1390798	3.9312365
listen	5.562029	5.020402	4.925447
mighty	5.8300047	5.3632884	6.059423
country	6.430351	4.9092817	6.229426
title	6.542114	4.6810274	5.9568677
choose	5.8192277	4.2721825	5.3756027
village	5.685418	4.282678	4.700734
acquire	7.65273	4.7861314	6.8720584
rank	5.8760023	5.633564	6.4611173
bow	6.1001163	4.2402983	4.9323874
doctor	4.2298994	4.8886156	4.379242
talent	7.815738	5.5370665	7.165984
source	6.6735077	4.385366	5.690705
lead	5.33367	5.235917	5.26828
question	5.492749	4.7097654	5.822613
publish	7.0288687	4.558691	6.6477237
interest	6.643848	4.945945	6.2844048
serve	5.4427385	4.553614	4.930593
divine	6.565532	5.0468264	6.232387
put	5.097715	3.9930472	4.532989
shadow	5.2388344	3.0941565	4.0380764
practical	6.540859	4.514816	6.1144423
surface	6.1089764	2.9248993	4.5498204
account	5.6319036	5.056554	5.3627048
loss	4.5986037	4.870789	4.205098
indian	5.3773603	4.84872	5.3534236
vine	6.069091	3.1911657	4.6246347
certain	5.8000345	4.614237	5.5196104
sin	3.587956	5.4828486	4.371962
necessity	4.906189	5.5311146	5.862668
lose	5.359275	4.5521274	4.4326205
private	5.8996844	4.956159	5.75684
gentleman	6.613397	5.0059695	5.8498383
daughter	6.499785	4.6517467	5.146285
drive	4.2356005	6.032431	5.0009394
strange	4.870682	4.989309	4.4337425
journey	6.5835905	4.3070555	5.0551534
uncle	5.494978	4.9278975	5.0854087
species	5.4090314	4.1185055	4.78087
think	5.654373	4.575801	4.792991
bed	5.0658965	3.6438022	3.8457246
wind	4.940856	4.6949253	4.8648367
bless	6.694312	3.6887896	4.966904
destroy	3.36927	5.1584983	4.04686
author	6.6761594	5.09787	5.978267
sustain	5.73332	5.349718	6.4199524
black	5.0465527	4.1125927	4.235934
event	6.141619	5.4784646	6.391558
liberty	6.652105	5.2676644	6.6343694
negro	5.389191	4.9335213	4.789918
little	6.049347	3.9230425	4.4876456
fortune	6.6539607	5.1348143	6.1956124
touch	5.9517035	4.249471	4.455489
kill	3.3957896	6.08035	4.184331
feature	6.16831	4.016702	5.5516443
happiness	7.469089	4.7710533	5.929061
assume	5.836032	4.7161508	5.7091928
notion	4.5922356	5.5225024	5.472361
purchase	6.16854	4.786832	5.722769
faithful	6.348717	4.788331	6.161928
soldier	5.498247	5.155985	5.670491
father	6.1121173	4.378831	5.275833
narrow	4.027383	4.6438403	4.2684364
great	6.6190176	4.937898	6.2741985
tear	3.8357728	5.0860806	3.5680861
honorable	5.7333746	5.457131	6.4598722
previous	5.471095	4.556749	5.2073417
good	6.363154	4.4006534	5.362537
domestic	6.456775	3.9955761	5.190789
glory	7.6490984	5.7705426	7.19471
lay	5.1606617	3.65338	4.4132824
occasion	5.9260817	4.9542694	5.7462163
guard	5.177293	5.489155	5.9669704
whole	6.3318067	4.2748237	5.561188
mouth	5.3159633	4.63056	4.6407824
receive	6.5056334	4.4859486	5.7736497
take	5.584274	4.1105986	4.6532207
simple	6.6817393	3.84581	5.318697
error	3.244164	5.273044	4.5355844
wisdom	7.878354	4.067653	6.4943075
rock	5.2547345	4.2590814	4.818944
decide	6.1056066	4.480044	5.6625223
exclaim	5.9145436	5.4717855	5.46305
assure	6.393798	5.069233	5.8366613
sign	5.487018	4.443168	5.0157604
preserve	6.2452993	4.1008124	5.477236
commerce	6.6153946	4.0197434	6.269553
plant	5.2800674	3.726979	4.4101806
walk	5.8929505	3.8567038	4.4637847
difference	5.379041	3.3613892	4.8724604
hang	4.311104	4.4917064	4.2031627
following	7.050601	4.339681	5.831004
employ	6.2957954	4.353334	5.956435
