deal	5.124133	5.401823	5.716706
study	6.699769	4.556028	5.9046617
afford	6.3149185	4.707924	5.702967
service	6.3686237	5.015935	6.294113
height	5.8245077	4.045904	5.3549023
prospect	7.0074797	5.2877083	6.504055
pleasant	7.515205	3.6980026	4.6471725
shade	5.3288345	3.0946493	4.2974052
listen	5.826298	4.9710016	4.8279047
mighty	5.7913375	5.5939374	6.4896307
country	6.2057033	4.853915	6.289568
title	6.625922	4.113419	5.9491987
choose	5.6312037	4.386155	5.4081287
village	5.3681946	3.7692444	4.4624186
acquire	6.6805797	5.1379004	6.428
rank	5.8257904	5.7218065	6.606146
bow	5.793897	3.9309072	5.4090037
doctor	4.8314548	4.604384	4.9830737
talent	7.6737623	5.817047	7.38519
source	6.679446	4.400094	6.0225444
lead	5.4511194	5.3596935	5.596734
question	5.2510233	4.9958034	5.696019
publish	6.5043426	4.757563	6.899061
interest	6.474569	4.9102383	6.371643
serve	5.3758235	4.730589	5.3314834
divine	6.0889845	5.3408203	6.153564
put	4.952048	4.462511	4.662974
shadow	5.148424	3.6266718	4.60868
practical	6.03969	4.193731	5.9475794
surface	5.29942	3.2803876	4.6011386
account	5.4455633	4.8892508	5.33263
loss	4.447938	4.9159727	4.317565
indian	4.9354105	4.745961	5.1960793
vine	5.6825843	4.0514193	4.5276313
certain	5.694614	4.643173	5.5216613
sin	3.1367288	4.7771163	3.6561537
necessity	5.5139	5.363491	5.8569384
lose	4.6700892	4.621807	4.370011
private	5.317988	4.83433	5.6028953
gentleman	6.6263995	4.931445	5.9653797
daughter	6.49165	4.4418087	5.4934564
drive	3.663211	6.415921	5.438213
strange	4.8551035	5.0754023	4.7233534
journey	6.480102	4.041828	4.674245
uncle	5.2011585	4.645558	5.4302864
species	5.0854006	4.323313	4.852023
think	5.481347	4.776227	4.8857775
bed	5.249606	3.1055727	3.679255
wind	4.364399	4.8303466	4.823817
bless	6.178384	4.5698686	5.68295
destroy	3.2201378	5.636999	4.2363954
author	6.3464694	5.104399	6.0655103
sustain	5.8999076	4.72787	6.031369
black	4.038744	3.9546635	4.306677
event	6.269894	5.336733	6.6246524
liberty	6.168182	5.241301	6.544327
negro	4.8925133	4.968	4.8351
little	5.8601274	4.0401115	4.499404
fortune	6.795305	5.516858	6.6425343
touch	5.773513	4.1369624	4.73007
kill	3.3301437	6.236085	4.28599
feature	6.148455	4.2887945	5.9940443
happiness	7.620179	4.734392	6.3437233
assume	5.321108	4.9086637	5.854192
notion	5.1307907	5.1744943	5.2402773
purchase	6.0698314	4.4789596	5.8136663
faithful	6.9774466	4.998261	6.6914415
soldier	5.479589	5.5711365	6.531519
father	5.3784876	4.3412795	5.1288376
narrow	3.9343448	3.5986762	4.119499
great	6.255079	5.0563316	6.3390455
tear	4.3246307	4.9218683	4.1020412
honorable	5.94667	5.487812	6.5343885
previous	5.464183	4.5469174	4.9467673
good	6.210113	4.6544456	5.377082
domestic	5.9424744	3.8608243	5.173953
glory	7.5718884	5.1162024	6.935492
lay	5.166384	4.0700274	4.4327035
occasion	5.6615143	5.372623	5.876424
guard	5.024597	5.3086624	6.2677007
whole	5.9823895	4.529134	5.7112226
mouth	4.460087	4.405261	4.2288003
receive	6.2067122	4.7784777	5.9618626
take	5.327027	4.474762	4.9002614
simple	6.5917225	3.9962568	5.3134727
error	3.6551979	5.4674253	4.9106197
wisdom	7.284798	4.0174494	6.283357
rock	4.7582245	4.6651025	5.038693
decide	5.1953416	5.112793	5.974144
exclaim	5.391412	6.0749407	5.3918285
assure	6.521496	5.160788	5.9538875
sign	5.808924	4.3611445	5.4621325
preserve	6.0527754	4.2469625	5.6334105
commerce	6.451591	4.483899	6.324044
plant	5.5172076	4.2695312	5.0179257
walk	5.8742576	4.339465	4.5260878
difference	5.562248	3.950419	5.0032125
hang	4.4175224	4.520778	4.565238
following	6.85204	4.1415024	5.6267595
employ	5.908951	4.4558945	5.441263
