deal	5.2081246	5.0642433	5.3629255
study	6.544169	4.125765	5.542615
afford	6.7728505	4.341993	5.6148205
service	6.350713	4.773286	6.003211
height	5.71815	4.327518	5.6409497
prospect	7.3787365	4.926971	6.6529474
pleasant	7.548084	3.6506228	4.8345103
shade	5.683111	3.4786403	4.2371826
listen	5.5950413	4.7092113	4.7903085
mighty	6.020333	5.4817033	6.4481673
country	6.3307347	4.8927326	6.416747
title	7.3720636	3.947849	6.513594
choose	5.857293	4.2916393	5.4230433
village	5.182181	4.9440365	5.063245
acquire	6.892794	4.8440237	6.652255
rank	6.0703506	5.849723	6.8940334
bow	5.546745	4.3927817	5.17164
doctor	5.1948805	4.752535	5.2298985
talent	7.130951	5.57845	6.8845882
source	6.380311	4.295839	5.755763
lead	5.7021427	5.1195645	5.5696588
question	5.1700478	4.821073	5.621293
publish	6.654113	4.770106	6.493639
interest	6.644478	5.1899195	6.39679
serve	6.08088	4.2698236	5.3615065
divine	6.206877	5.2420225	5.955327
put	5.0950737	4.013739	4.4991865
shadow	4.968801	3.8032618	4.2897677
practical	6.6261725	4.0750246	6.3108654
surface	5.416582	3.5037374	4.699362
account	5.551683	5.288906	5.5584807
loss	4.7103853	4.7412276	4.070459
indian	5.0859528	4.666686	5.0832896
vine	5.444927	4.437041	4.4451556
certain	5.2143717	4.748956	5.3152275
sin	3.9795957	4.9126115	4.3019705
necessity	5.1559052	5.065014	5.4451475
lose	5.289764	4.5877857	4.6918015
private	5.59603	4.9867706	5.5109997
gentleman	6.708701	4.5540133	5.7560387
daughter	6.786526	4.8658047	5.56287
drive	4.175614	5.719338	5.0383124
strange	5.217082	5.047072	4.636411
journey	5.7297306	3.893589	4.6739273
uncle	5.886328	4.674246	5.5835342
species	5.8993073	3.9380043	4.970784
think	5.6878133	4.62692	4.8180075
bed	5.0500035	4.187852	4.2520947
wind	4.463146	4.914967	4.5716023
bless	6.593202	3.8234675	4.733529
destroy	3.4907434	5.5476475	4.521549
author	6.2462606	4.674311	5.797781
sustain	6.001543	4.45506	6.180892
black	4.0768433	3.970468	4.226382
event	6.1955194	5.393384	6.354118
liberty	5.7072463	5.218524	6.2844286
negro	5.785908	5.1361566	5.5234876
little	6.1629105	4.1378527	4.675796
fortune	6.759163	5.1672683	6.2924795
touch	5.523366	4.141362	4.5105443
kill	4.096649	6.1242814	4.433505
feature	6.359509	4.5312533	5.977113
happiness	7.0566683	4.848542	5.709361
assume	5.03889	4.371963	5.5627837
notion	4.705876	5.054624	5.305219
purchase	6.383117	4.465609	5.896945
faithful	6.030274	4.916274	6.274007
soldier	5.7035637	5.4822545	6.430703
father	5.8207245	4.5275993	5.305148
narrow	4.093906	4.3294244	4.3334236
great	6.2584863	5.0610213	6.2203236
tear	3.8793488	4.694001	3.5099034
honorable	6.580623	5.0958323	6.8150077
previous	5.2229505	4.531918	5.1051464
good	6.314957	4.759567	5.3149066
domestic	6.2757554	3.8622885	5.317085
glory	7.4179077	5.0475626	6.790612
lay	5.227926	4.000425	4.7196836
occasion	6.1577177	5.1290827	5.8271627
guard	5.327415	5.41126	6.529498
whole	6.1485105	4.2531815	5.729523
mouth	4.68981	4.662455	3.9123259
receive	6.4490023	4.615937	5.9278207
take	5.3832636	4.2461853	4.576498
simple	6.476313	3.6976557	5.2504673
error	3.904336	5.0561304	5.2468786
wisdom	7.259673	4.2359405	6.4675217
rock	5.2668457	4.502561	4.8658943
decide	5.6390443	4.9936953	5.75482
exclaim	5.877531	5.3275857	5.2145267
assure	6.920947	5.009384	6.243477
sign	5.8425307	4.834373	5.3724165
preserve	6.2247763	3.6870265	5.3712378
commerce	6.5793195	4.404509	6.2662396
plant	5.200023	4.5142007	4.872814
walk	5.675	4.355662	4.543271
difference	5.1156373	3.7854922	4.7687626
hang	4.4516516	4.2216825	3.7207623
following	6.4184537	4.2865996	5.408612
employ	5.7630286	4.4842215	5.666133
