deal	4.772437	5.404873	5.128944
study	7.3030844	4.3055863	6.3059177
afford	6.8711014	4.660741	6.042004
service	6.169798	4.9266267	6.224263
height	6.0440173	4.6554904	5.7774734
prospect	7.244198	4.8639083	6.203386
pleasant	7.099539	3.5531895	4.5565095
shade	5.121157	3.5049226	3.9687681
listen	5.1920414	4.9198747	4.7345567
mighty	5.4470463	5.399542	5.6347513
country	6.193874	4.758716	6.1102953
title	6.7740135	4.503525	6.2264605
choose	5.8871293	4.241689	5.368482
village	5.5235167	4.1017065	4.7078013
acquire	7.062216	5.415349	7.058911
rank	6.000555	5.4381657	6.6486373
bow	5.309562	4.150468	5.0355997
doctor	3.427649	5.324394	4.492067
talent	7.3414526	5.8542385	7.151334
source	6.2705812	4.4886994	5.4318094
lead	5.413323	5.7260914	5.7130527
question	5.2790084	4.8628097	5.6561904
publish	6.4860516	4.6523943	6.3344584
interest	6.495846	5.340179	6.5638733
serve	5.25674	4.3475885	4.774251
divine	6.4944797	4.865529	6.300552
put	5.169221	4.434206	4.6125135
shadow	4.4773693	3.4977622	3.8928688
practical	5.9473596	4.223536	5.86604
surface	5.8527083	3.5330884	4.3803735
account	5.2687416	4.949422	5.171602
loss	3.7471094	4.9208627	4.3139415
indian	5.0764427	4.8302217	5.085719
vine	5.6255403	3.790923	4.9875135
certain	5.645509	4.6677713	5.4063787
sin	3.390419	4.991773	4.166978
necessity	5.6175265	5.3438873	5.975851
lose	5.2065144	4.8247557	4.5226407
private	5.5116763	5.1877375	6.042226
gentleman	6.4104586	4.899539	5.923152
daughter	6.3524942	5.029979	5.8236713
drive	4.0795193	6.1809134	5.1402555
strange	5.1013727	5.275835	4.914848
journey	6.241265	4.0837936	4.697397
uncle	5.9019327	4.7593927	5.472823
species	5.205017	4.0005174	4.7451205
think	5.6338124	4.758443	4.9536185
bed	5.11175	3.716334	4.185398
wind	4.288945	5.2388926	4.767941
bless	6.62591	4.422638	5.468927
destroy	3.403424	5.7074594	4.5273046
author	6.0318513	4.829866	5.5721483
sustain	5.5081353	4.714102	5.741393
black	3.4747915	3.7671766	3.7462273
event	5.589707	5.5077825	6.3773665
liberty	6.0728207	5.1897106	6.2560883
negro	4.9889317	4.767706	4.480531
little	6.1300635	4.0986676	4.441727
fortune	6.4237814	5.680107	6.3534117
touch	5.808242	4.180989	4.3648763
kill	3.9349222	6.3702307	4.688379
feature	6.3909473	4.3602314	5.873996
happiness	6.6896954	5.0343833	5.8117723
assume	5.0996017	4.5803328	5.397625
notion	5.14736	5.5413804	5.600284
purchase	6.107683	5.3308573	6.1052384
faithful	6.8406096	5.0125847	6.8376074
soldier	5.635836	5.505887	5.9979167
father	5.750643	4.4962354	5.4169354
narrow	4.299811	3.2960162	4.2516103
great	6.17889	5.117421	6.1297965
tear	3.876275	4.748303	3.7173421
honorable	5.6575985	5.5772834	6.507136
previous	5.547162	4.78003	5.652285
good	6.2496123	4.814803	5.344721
domestic	6.3552103	3.9608877	5.017218
glory	7.36899	5.3554296	6.672311
lay	5.4555864	4.1173453	4.5593147
occasion	5.7378325	5.3878975	5.6821074
guard	5.286844	5.757568	6.5089903
whole	5.9775143	4.2966514	5.4294696
mouth	4.3469286	5.1158514	4.880408
receive	6.505152	4.650663	5.966449
take	5.45108	4.565763	4.8528547
simple	6.5348296	3.8159182	5.347576
error	3.5366342	5.4211254	4.7915163
wisdom	7.268986	4.2987685	6.210642
rock	5.050196	4.7159195	5.3450403
decide	5.5988655	5.344387	5.8195705
exclaim	5.984688	5.635684	5.2660995
assure	6.4080944	5.0312233	5.5432744
sign	4.54193	5.3382444	4.8551326
preserve	5.939369	4.0501432	5.417078
commerce	6.3357196	4.5418644	6.3978534
plant	5.994201	4.0285654	5.4023733
walk	5.877417	4.2157707	4.6837645
difference	5.3912907	4.1427083	4.904912
hang	3.810932	4.45085	3.5257378
following	6.415634	4.440344	5.7884645
employ	5.9452477	4.648545	5.569641
