deal	5.3345537	4.79265	5.0699534
study	7.2080445	4.3218155	5.808506
afford	6.5218334	4.0717797	5.191589
service	6.588016	4.7945986	6.2606316
height	5.7136173	4.6406593	5.45125
prospect	7.182766	5.1213236	6.545779
pleasant	7.5242863	3.812915	4.3990364
shade	5.7644763	3.7187	4.3150983
listen	5.975199	4.606447	4.368576
mighty	5.7416654	5.487564	6.445202
country	6.400419	4.687781	6.229577
title	6.738858	4.0036354	6.056667
choose	5.676638	4.620539	5.424579
village	5.484751	4.3401723	4.664613
acquire	7.371248	5.098144	7.302117
rank	5.673727	5.305418	6.1525
bow	5.9442625	4.383135	5.1149797
doctor	4.606619	5.0234222	4.709711
talent	7.692219	5.9362793	7.3964844
source	6.670931	3.700574	5.3671937
lead	5.4621778	5.2849727	5.515747
question	5.3377824	4.7285233	5.8131194
publish	7.2330003	4.477393	6.7248564
interest	6.8113146	4.971368	6.4561357
serve	5.580445	4.418271	5.0313425
divine	6.5711036	4.6578298	6.092168
put	5.0893784	4.321597	4.49052
shadow	5.150427	3.5843632	4.604495
practical	6.3831053	4.263733	5.9114637
surface	5.4790964	3.4077697	4.3500323
account	5.558352	5.0562553	5.349999
loss	4.185849	4.3738956	4.055463
indian	5.508172	4.6557074	5.328163
vine	6.145588	3.68035	4.5282135
certain	6.080833	4.4155636	5.5816674
sin	2.7552056	5.42951	4.2293406
necessity	5.62458	4.9251328	5.991724
lose	5.1030893	4.603763	4.36962
private	4.7537804	5.1516495	5.3717837
gentleman	6.4248857	4.7631927	5.6383405
daughter	6.6333323	5.105821	5.5243034
drive	3.9213715	5.7689724	4.802824
strange	5.2518473	4.9516945	4.5868707
journey	6.3454385	4.0514774	5.04929
uncle	5.133945	5.5326576	5.2422495
species	5.424227	3.868712	4.8833447
think	5.673996	4.783639	4.986489
bed	4.836698	3.6506922	3.9988298
wind	4.68349	4.997436	5.0305204
bless	6.695427	4.1240406	5.1898775
destroy	3.3343606	5.6805725	4.2389665
author	6.5252495	4.672502	5.8841305
sustain	6.1396475	4.6011577	6.2425404
black	4.365411	4.363386	4.225758
event	6.392255	5.436161	6.6592135
liberty	6.779004	5.1262302	6.668588
negro	5.0856442	5.1559763	5.123618
little	6.086717	4.0413127	4.4956837
fortune	6.534773	5.352809	6.319845
touch	5.367357	4.6259613	4.468008
kill	3.7700036	6.2307987	4.4726887
feature	6.431584	4.418414	5.7169333
happiness	7.529346	4.6256366	6.1298394
assume	5.5400977	4.6564717	5.6889067
notion	5.261935	5.0069227	5.477418
purchase	6.294884	4.120407	5.5299873
faithful	5.793626	5.6276016	6.5600615
soldier	5.642601	5.341748	6.231605
father	5.612952	4.856778	5.2238483
narrow	3.834959	4.3068194	4.2389045
great	6.314367	4.9531	6.2821603
tear	4.24751	4.6366982	3.918586
honorable	5.879292	5.527644	6.6197085
previous	5.27104	4.498595	5.0737104
good	6.240569	4.564683	5.1763725
domestic	5.909451	4.140835	4.9564905
glory	7.6822653	5.5052776	7.3335533
lay	5.597804	3.9455106	4.5651317
occasion	5.54299	5.0946684	5.5020046
guard	5.4321203	5.8499794	6.2842007
whole	6.145725	4.233236	5.5983443
mouth	5.0137086	4.6369863	4.194688
receive	6.531384	4.504384	5.782093
take	5.5541286	4.3930116	4.6745462
simple	6.448415	3.9868429	5.0964456
error	3.2998614	5.398075	4.807506
wisdom	7.0404477	4.6588693	6.6413555
rock	4.8860474	4.727214	4.9540052
decide	5.6272964	4.879547	5.6566124
exclaim	5.5859804	5.800687	5.117256
assure	6.5713906	4.935747	5.706542
sign	5.7643557	4.787696	5.213067
preserve	6.760764	4.043063	5.5101647
commerce	6.0984654	4.30729	6.1052537
plant	5.0209284	4.3660297	4.6457043
walk	5.6343403	4.582422	4.3436193
difference	5.782036	3.5389347	5.1973257
hang	4.510189	4.3067603	3.9850402
following	6.8223476	4.2161303	5.420715
employ	6.040221	4.4176455	5.828393
