deal	5.262085	4.9882255	5.1396036
study	7.123373	4.1205864	5.7785373
afford	6.6146417	4.4152784	5.724027
service	6.15496	4.5947375	5.7434087
height	5.5743184	4.6604476	5.79355
prospect	7.533099	5.4075427	6.7635646
pleasant	7.56209	3.462807	4.412393
shade	6.024504	3.0180893	4.5757914
listen	5.5729933	5.0159492	4.8284726
mighty	5.455849	5.5576744	6.278813
country	6.0803347	4.8826113	6.152801
title	6.2040844	4.1498246	6.0449457
choose	5.6918845	4.3276095	5.6014156
village	5.9488144	4.193556	4.868056
acquire	6.7942805	4.9797497	6.5938587
rank	5.7147	5.8172035	6.6599426
bow	5.7318616	4.4661536	5.404459
doctor	4.7369914	4.975094	4.8156557
talent	7.285263	5.9699373	7.2153983
source	6.3126197	4.340794	6.0315046
lead	5.633761	5.4007683	5.5460987
question	5.310804	4.9939013	5.8415422
publish	6.6926227	4.3310537	6.389099
interest	6.776084	5.164912	6.4872255
serve	5.4783835	4.2434072	4.9457107
divine	6.6646056	5.308331	6.4478045
put	5.2144175	4.2189407	4.713756
shadow	5.7517605	3.4549847	4.7232256
practical	6.466046	4.117061	6.119694
surface	5.193432	3.1088672	4.3797464
account	5.3433785	5.2274017	5.459194
loss	4.272176	5.149284	4.486402
indian	5.1488037	5.0176005	5.5925903
vine	5.8159475	3.8268466	4.64133
certain	5.650249	4.9739695	5.605839
sin	3.7308345	5.2627854	4.1532717
necessity	4.97308	5.1981483	5.6503096
lose	4.9214454	4.939195	4.4158173
private	5.3744316	4.8399577	5.679358
gentleman	6.2602925	4.932747	5.8650026
daughter	6.491251	4.882215	5.409084
drive	3.7584403	5.850042	4.9230695
strange	4.9486914	5.02302	4.44247
journey	6.1570783	3.6004243	4.000549
uncle	5.765709	5.439831	5.9443226
species	5.556479	4.0170336	5.222443
think	5.738394	4.9968495	5.160534
bed	5.34822	3.329318	3.4957032
wind	4.589041	5.0556316	4.8799324
bless	6.8958907	3.7944038	5.276592
destroy	3.2211752	5.32598	4.2985997
author	5.594881	4.893188	5.69557
sustain	5.372735	4.880293	5.898276
black	4.3557787	3.957814	4.0462246
event	6.0522623	5.427375	6.6497564
liberty	6.0980196	4.9502673	6.236442
negro	4.962674	4.7305894	4.7168612
little	6.011471	4.103636	4.619126
fortune	6.2036767	5.594942	6.491396
touch	5.195969	4.76583	4.538271
kill	3.3978128	6.047907	4.5040355
feature	6.488089	4.5965414	6.307061
happiness	7.084612	4.529064	6.2184157
assume	5.4526796	4.7195387	5.820939
notion	4.8647356	5.152806	5.6288347
purchase	5.1604733	4.2549663	5.0841556
faithful	5.9376445	5.0944242	6.0019937
soldier	5.203313	5.7585955	6.1090612
father	5.605318	4.63814	5.275996
narrow	3.7803497	4.48419	4.1353717
great	6.2756	4.969112	6.1915708
tear	4.154431	4.753648	3.8001347
honorable	6.0160365	5.505677	6.4111853
previous	5.6090884	4.2412157	5.0063114
good	6.23319	4.617802	5.2847223
domestic	5.99514	3.462594	5.10113
glory	7.3476253	5.2456713	7.1487465
lay	5.792024	3.846976	4.82653
occasion	5.6710844	5.638596	5.9975734
guard	4.7936707	5.6694493	6.063828
whole	6.22807	4.4513273	5.8023305
mouth	5.342566	4.53431	4.7143307
receive	6.5487266	4.710204	5.6935644
take	5.5707874	4.3848543	4.875581
simple	6.7720165	4.5215116	5.6184916
error	3.584597	5.542899	4.9390965
wisdom	7.601594	4.410385	7.07819
rock	5.2472496	3.9126134	4.904155
decide	5.3971577	5.1793795	5.4823046
exclaim	6.2020655	5.8209915	5.783721
assure	6.6879616	4.9735575	5.864989
sign	5.431483	5.0720434	5.6916723
preserve	6.2839923	3.9828167	5.5218306
commerce	6.8671727	4.933462	6.878671
plant	5.4045467	4.3656178	5.101027
walk	5.6499	3.999856	4.229469
difference	5.633946	3.9444988	5.426132
hang	4.2860255	4.4154058	4.0108457
following	6.90705	4.424777	5.8539333
employ	6.196507	4.344786	5.826602
