deal	5.401415	5.184526	5.661802
study	6.872373	4.1815658	6.0088606
afford	6.7523937	4.698	5.706785
service	5.872958	4.880315	6.1209702
height	5.754807	4.8570333	5.9346957
prospect	6.665794	5.5013475	6.423257
pleasant	6.93747	3.8539433	4.2831244
shade	5.040467	3.955767	4.445374
listen	6.016342	4.9097543	5.194449
mighty	5.3113914	5.518565	5.942339
country	6.082348	4.991255	6.241335
title	6.869569	3.8414605	5.82281
choose	5.6545963	4.371626	5.3190203
village	6.051328	4.4153137	5.369376
acquire	7.0142813	5.4058456	6.864396
rank	5.816991	6.106532	6.403743
bow	6.080269	4.438695	5.08077
doctor	4.9651995	4.8292246	5.119958
talent	6.965404	5.7688746	7.259234
source	6.86028	4.5126734	6.344052
lead	5.327077	5.34583	5.5730147
question	5.92144	4.563301	5.769517
publish	6.084406	4.753521	6.2384458
interest	6.5625544	5.3273067	6.5797443
serve	5.449149	4.531052	5.0252132
divine	5.96587	5.2991276	6.1564817
put	5.383371	4.4508686	4.6193347
shadow	4.5480576	3.9222183	4.302066
practical	6.4425745	3.9652503	6.3427687
surface	5.060313	3.4153972	4.3406253
account	5.2171	5.2001476	5.4393106
loss	4.6813765	5.01335	4.5392437
indian	5.302724	4.731243	5.5503488
vine	5.308832	4.827238	4.9290433
certain	5.4081407	5.0017214	5.4713693
sin	3.467028	5.0065923	4.079262
necessity	5.2860622	5.287833	6.0017195
lose	5.1552076	4.984551	4.6868687
private	5.4607153	5.285108	5.5485616
gentleman	6.9670787	5.1188183	6.136247
daughter	6.62484	4.658008	5.6276674
drive	4.276324	5.99683	5.5287976
strange	4.765806	5.2199497	4.372978
journey	6.3177886	4.21558	4.943644
uncle	5.8177757	5.261844	5.333499
species	6.3113704	4.009773	5.39281
think	5.475852	4.8907437	4.9125433
bed	5.3345795	3.8519764	4.109064
wind	4.577269	5.3439565	4.969129
bless	6.2971478	4.1788664	4.8970904
destroy	3.514665	5.467269	4.316378
author	6.4542747	4.761921	6.1205745
sustain	6.277632	5.1643853	6.61532
black	4.053199	4.3387995	4.160343
event	6.058717	5.351511	6.3101573
liberty	5.7806177	5.151376	6.295765
negro	5.3099756	5.376071	4.7467623
little	5.986886	4.285451	4.6411867
fortune	6.1296573	5.549137	6.0598145
touch	5.625497	4.708787	4.6161685
kill	4.042534	5.9128776	4.571911
feature	6.0589986	4.8653474	5.960528
happiness	6.446033	4.9392853	5.6756177
assume	5.379493	4.582674	5.489153
notion	5.0968757	5.491084	5.8131123
purchase	5.726232	5.2500753	5.7564316
faithful	6.0082884	4.511732	6.203431
soldier	5.1483727	5.732242	6.451919
father	6.0879006	4.553545	5.531352
narrow	4.279236	4.2243505	4.5160465
great	6.2538576	5.1767297	6.415058
tear	4.198599	4.833723	3.809159
honorable	6.1953225	5.262376	6.829382
previous	5.092333	5.2558775	5.263972
good	6.3110733	4.771067	5.351179
domestic	6.234652	4.119622	5.1346765
glory	7.2860518	5.28301	7.012214
lay	5.533227	4.14247	4.5874166
occasion	5.7290645	5.5069437	5.891877
guard	5.302928	5.786762	6.57199
whole	5.8085594	4.5934367	5.602086
mouth	5.3343773	4.300558	4.3110147
receive	6.4096537	4.8648887	6.0735617
take	5.7884912	4.536926	4.893318
simple	6.933052	4.263672	5.6660457
error	3.5921614	5.618412	4.8272476
wisdom	7.8638487	3.6758397	6.76593
rock	5.03584	4.293836	4.8251576
decide	5.977444	5.152583	5.652301
exclaim	5.772594	5.978359	5.179789
assure	6.7926216	5.055404	6.1476126
sign	5.0637693	4.938453	5.4357033
preserve	6.181517	3.8290064	5.191966
commerce	6.16801	4.7060738	6.080894
plant	5.378844	4.8801055	5.0323176
walk	5.9259305	4.4623713	4.577742
difference	5.2946224	4.253807	4.5878353
hang	4.256261	4.696179	3.597531
following	6.3621345	4.1351566	5.416701
employ	5.8736553	4.4329567	5.6541944
