deal	5.1705894	4.94092	5.1420217
study	7.0796957	4.2806025	6.3334327
afford	6.625145	4.2616906	5.933291
service	6.1332006	5.0961485	6.155836
height	5.7616196	4.7335987	5.713869
prospect	7.21733	5.0318904	6.507427
pleasant	7.544624	3.7878933	4.7803497
shade	5.410661	3.7522008	4.5329895
listen	5.7598963	4.805326	4.883654
mighty	5.652565	5.345751	6.347503
country	6.063344	4.778105	6.071842
title	6.35539	4.604568	6.4803705
choose	5.5725145	4.2022133	5.2469463
village	5.6977997	3.6301317	4.3307157
acquire	7.132897	4.8528996	7.0578966
rank	5.7658954	5.8569937	6.5588803
bow	6.6145277	3.9350896	5.4925256
doctor	4.298188	5.056352	4.730702
talent	6.854183	5.8458962	7.007972
source	6.3513284	4.3370423	6.100053
lead	5.209942	5.529458	5.535168
question	5.115963	4.860123	5.897708
publish	6.6656666	4.154668	6.2534714
interest	6.440986	4.9121776	6.2109075
serve	5.685946	4.77377	5.3979735
divine	6.6931157	4.6772895	6.1847444
put	4.9310455	4.4001713	4.5838876
shadow	5.26071	3.515062	4.091293
practical	6.262258	4.4729214	6.3844967
surface	5.4284797	2.8943324	4.1539164
account	5.2184534	5.182346	5.465204
loss	4.1140566	5.157922	4.2642746
indian	5.1211224	4.669564	5.4305897
vine	6.089333	3.1001225	3.8067837
certain	5.744362	4.5836034	5.508308
sin	3.7519915	4.7336397	4.3049736
necessity	4.9925323	5.5089917	5.6535997
lose	5.032728	4.8722515	4.695194
private	5.1330686	5.2218647	5.929733
gentleman	6.395903	5.014032	5.7049747
daughter	6.843828	4.844287	5.852625
drive	3.8763552	6.06238	4.8298755
strange	4.8608956	5.262088	4.6114216
journey	6.507938	3.8255305	4.8878207
uncle	5.972703	5.202125	5.6112843
species	5.768668	4.0749483	4.994757
think	5.5873947	4.697663	4.903257
bed	5.1738415	3.6729462	4.049118
wind	4.834099	5.122221	4.854448
bless	6.431862	4.231258	5.2642136
destroy	3.5539966	5.3513403	4.4810047
author	6.193974	4.9399137	6.006568
sustain	5.7704544	4.565615	5.685538
black	4.002958	4.056819	3.8831348
event	6.2365637	5.1391835	6.626605
liberty	6.3871446	4.942306	6.3989925
negro	5.365416	4.764561	5.1100245
little	5.951643	4.3596587	4.742321
fortune	6.1472898	4.977008	5.899639
touch	5.509231	4.616433	4.7168107
kill	3.5645165	6.245328	4.4105096
feature	6.1906123	4.398665	5.7028646
happiness	6.8854036	4.733053	5.6896553
assume	5.197102	4.6952267	5.515955
notion	4.7745323	5.589681	5.622586
purchase	6.2764454	4.699563	5.5012054
faithful	5.708615	5.495697	6.462721
soldier	5.352748	5.6538963	6.46049
father	5.743358	4.497602	5.347274
narrow	4.5382357	4.0364933	4.4927487
great	6.215156	4.9495854	6.2328176
tear	4.3111725	4.882523	3.7020688
honorable	5.629636	5.182198	6.323476
previous	4.863042	4.8331447	5.3758597
good	6.13351	4.612511	5.2002506
domestic	5.688417	4.1757917	5.400562
glory	7.5512743	5.4050417	7.217829
lay	5.51876	4.0117393	4.657171
occasion	5.714344	5.309612	5.984147
guard	5.1830516	6.001537	6.7477183
whole	5.964448	4.316328	5.5715704
mouth	5.6748123	5.0740685	4.8234196
receive	6.41792	4.9145956	5.919569
take	5.506219	4.554535	5.024442
simple	6.8568635	3.7495098	5.5552254
error	3.577792	5.860171	5.1884985
wisdom	7.261794	4.5623245	6.8197017
rock	5.266198	4.3620424	5.048557
decide	5.0254297	5.2909703	5.761898
exclaim	6.2042875	5.961729	5.4091854
assure	6.637533	4.822436	5.89538
sign	5.869751	4.4892454	5.5481567
preserve	6.362458	4.3070354	5.7949195
commerce	6.46193	4.3726845	6.1856513
plant	5.981992	3.7805502	4.822862
walk	5.64208	4.3497996	4.4814177
difference	5.1896477	3.6042056	4.815848
hang	4.3582096	4.3279366	3.7441716
following	6.439481	4.358363	5.6130314
employ	6.049944	4.282443	5.983995
