deal	5.2101145	4.9539547	4.9211097
study	6.5402236	4.2472568	5.593148
afford	6.224405	4.619278	5.7169347
service	6.2295623	5.1576347	6.3244305
height	5.6399827	4.556576	5.167
prospect	6.692859	5.0754905	6.367854
pleasant	7.173142	3.8639176	4.5728354
shade	5.937022	3.4244094	4.310169
listen	5.6926756	4.795182	4.5059013
mighty	5.6419563	5.861814	6.2845716
country	6.504677	4.716509	6.179548
title	6.1717153	4.4861994	6.0074058
choose	6.275158	4.0775714	5.4539604
village	5.643469	4.1275163	4.760366
acquire	6.8303757	4.9525156	6.71494
rank	6.167385	5.659995	6.274894
bow	6.0041237	4.3889832	4.7345486
doctor	4.888017	4.580267	4.593645
talent	7.775253	6.23053	7.509595
source	7.036991	4.614073	6.035733
lead	5.499071	5.1911416	5.3912115
question	5.612415	4.991599	5.8205676
publish	5.924597	4.7346063	6.096274
interest	6.4696035	5.259296	6.560246
serve	5.6675515	4.4988074	5.088342
divine	6.739685	4.933902	6.31386
put	5.3900437	4.0991325	4.3415985
shadow	5.0274825	3.6365175	4.175841
practical	6.339958	4.1573553	5.841465
surface	5.572542	3.8943882	4.266646
account	5.490529	4.936873	5.4611034
loss	4.1377935	4.653968	3.6951504
indian	4.9361587	4.582603	5.224095
vine	6.57515	4.3198624	4.7233815
certain	5.7515593	4.9660063	5.7854257
sin	3.1071117	4.576647	3.8090644
necessity	5.0636654	5.325494	5.5574026
lose	4.9212976	4.6940694	4.520079
private	5.738971	4.888091	5.6475153
gentleman	6.7160172	4.754628	5.740697
daughter	6.4870787	4.9466414	5.579229
drive	4.0548573	5.604496	4.6214304
strange	4.9183993	5.0330377	4.6098313
journey	5.978059	4.100843	4.5520062
uncle	5.775793	4.926801	5.485471
species	5.3882732	4.055164	4.7338734
think	5.7227483	4.7463236	4.8872075
bed	4.90185	3.607623	3.5965075
wind	4.8610773	4.941845	4.6593904
bless	6.666348	3.9888682	5.3084517
destroy	3.6079624	5.40521	4.2934365
author	6.495803	4.73473	6.098214
sustain	5.38306	5.136289	5.775938
black	4.6332016	3.525037	3.8727818
event	5.8845716	5.7538443	6.2441115
liberty	6.426633	4.9452305	6.4294634
negro	5.178367	5.4821677	5.109119
little	6.0213866	3.9788415	4.4741373
fortune	6.7996216	5.56436	6.286413
touch	5.404331	4.406542	4.531964
kill	3.7556138	5.8801074	4.187485
feature	6.437321	4.72769	6.294721
happiness	7.5375233	4.713589	6.0427866
assume	5.682495	4.713858	5.5487375
notion	4.856839	5.7123117	5.7674546
purchase	6.3263054	4.52212	5.832787
faithful	6.068222	5.1484046	6.6002684
soldier	5.471934	5.697631	6.225463
father	6.029831	4.4506836	5.45656
narrow	3.7212338	4.441587	4.464362
great	6.340247	4.8049083	5.9667087
tear	4.0798826	4.751645	3.6236267
honorable	6.040652	5.948384	6.792404
previous	4.7744923	4.4526067	4.699394
good	6.1830907	4.56238	5.0694046
domestic	6.59488	3.9458907	5.4942894
glory	7.3592978	5.0616837	6.931932
lay	5.168986	3.8541524	4.3374987
occasion	5.6061425	5.252211	5.5808706
guard	5.3939333	5.709466	6.5997086
whole	5.994989	4.169984	5.3092337
mouth	4.680142	4.4898276	4.28564
receive	6.313953	4.5798492	5.641456
take	5.454047	4.1815033	4.5783205
simple	6.619068	3.9261613	5.2374454
error	4.008402	5.25803	5.0849023
wisdom	7.843382	4.184277	6.364546
rock	5.0093627	3.9620683	4.680455
decide	5.8224964	5.4482803	5.979493
exclaim	6.14913	5.7287445	5.664541
assure	6.1770444	5.248721	5.765917
sign	5.5284376	5.4834213	5.5424933
preserve	6.808029	3.794536	5.6902113
commerce	6.7988076	4.1716943	6.0603366
plant	6.188277	4.075623	5.08399
walk	5.8531027	4.0949235	4.410248
difference	5.3582625	4.461612	5.1080832
hang	4.364318	4.3117757	3.722097
following	6.4547606	4.191677	5.612524
employ	5.9410253	4.448351	5.7398467
