deal	4.8057423	5.117836	5.2064085
study	7.7100706	3.9046335	6.514045
afford	6.503875	4.6553397	5.464141
service	6.0064044	4.658919	6.223844
height	5.414954	4.5336676	5.4200845
prospect	7.33051	5.112384	6.3607836
pleasant	7.1701164	3.5190883	4.2927856
shade	6.113648	3.1882448	4.166322
listen	6.095891	4.623975	4.8164196
mighty	5.5335503	4.93893	5.712985
country	5.970962	4.836246	6.2344913
title	6.244153	4.029198	5.589557
choose	5.5264187	4.3129497	5.1283603
village	6.0261164	4.3096743	4.9186034
acquire	7.107941	4.417701	6.6071653
rank	5.6608114	5.9083514	6.0806656
bow	6.299	4.252042	5.3359776
doctor	5.4314637	4.074094	4.7594333
talent	7.036681	5.7361383	7.0011587
source	6.336225	4.933354	5.572996
lead	5.472539	5.347236	5.531246
question	5.226032	4.8880224	5.689443
publish	6.5077405	4.7225223	6.5531864
interest	6.3589654	5.391795	6.278968
serve	5.4277577	4.55071	5.117458
divine	6.308763	5.0558405	6.216429
put	5.16538	4.376144	4.6156545
shadow	5.390398	3.396543	4.385911
practical	6.8397017	4.356156	6.217557
surface	5.3226748	3.5485222	4.164156
account	5.2137876	4.8738637	5.3475814
loss	3.5654948	4.973975	4.151941
indian	5.167436	4.5962086	5.3803163
vine	5.8110447	4.629002	5.1150427
certain	5.3399854	4.70401	5.1164527
sin	3.3305302	5.068247	4.2356396
necessity	5.2042685	5.291291	5.771299
lose	4.869531	4.468289	4.41017
private	5.4711237	5.077209	5.907568
gentleman	6.5942883	4.8146753	5.8486257
daughter	6.495721	4.908542	5.606596
drive	4.0945206	5.730874	5.3065886
strange	5.043411	5.042841	4.666072
journey	6.1369376	3.427599	4.2840734
uncle	5.871546	4.4143953	5.2944865
species	5.8668194	4.160309	5.3733325
think	5.5152206	4.456717	4.723691
bed	5.270305	3.5944693	3.9135952
wind	4.4222875	4.9323483	4.642291
bless	6.4516354	3.8288245	5.1969824
destroy	3.569139	5.6735544	4.8919744
author	5.967352	4.789198	5.9447803
sustain	5.431591	4.9419336	5.899165
black	4.837622	3.9332423	4.4138374
event	5.591399	5.3500023	6.262171
liberty	6.2316833	4.9569626	6.5534334
negro	5.910074	4.845402	5.0241685
little	6.054864	4.145323	4.461691
fortune	5.737708	5.5135984	6.043698
touch	5.5052795	4.139564	4.389259
kill	3.5995402	6.1352534	4.365879
feature	6.301713	4.5275097	6.0035267
happiness	6.687153	4.8432903	5.6945868
assume	5.5020885	4.7727346	5.643779
notion	5.0815144	4.892764	5.272572
purchase	5.7438917	4.269298	5.627276
faithful	5.1524034	4.9380145	5.880873
soldier	5.420184	5.3567038	6.1246896
father	5.941557	4.56261	5.5310082
narrow	4.174777	3.8630366	3.926404
great	6.291852	4.9137945	6.1239963
tear	3.804688	4.682437	3.287467
honorable	6.0170784	5.0767775	6.254004
previous	5.462267	4.6169543	5.2351727
good	6.251963	4.588133	5.194465
domestic	5.693428	4.056097	5.285633
glory	7.3491993	5.028452	6.751404
lay	5.5645533	3.8494596	4.456829
occasion	5.7352448	5.435795	5.5984755
guard	5.2002883	5.4057417	6.057041
whole	6.0729074	4.350005	5.521065
mouth	5.469922	4.804069	4.783986
receive	6.4980717	4.7364645	6.0257864
take	5.6380734	4.3250647	4.9103413
simple	7.2523413	4.264182	5.8504205
error	3.548037	5.4396267	4.766708
wisdom	7.388194	4.6696234	6.586421
rock	5.1786084	4.7725897	5.058857
decide	5.2532787	5.2817492	5.506896
exclaim	5.6735735	5.6720376	5.404154
assure	5.920229	5.505653	5.749124
sign	5.7560244	4.818071	4.988091
preserve	5.4175615	4.429369	5.4981575
commerce	6.189131	4.636295	5.7824163
plant	5.8978963	4.0122595	5.028538
walk	5.9415874	4.062403	4.517292
difference	5.1587486	3.95693	4.8955455
hang	4.7099075	4.5693154	4.270995
following	6.5626516	4.4383006	5.6429806
employ	6.0600743	4.4839363	5.9198003
