deal	5.12935	4.057784	5.4729
study	6.1174607	3.9772162	6.031187
afford	6.457049	3.6854243	6.0841126
service	5.7151203	3.923799	5.572483
height	5.661386	3.989208	5.7628527
prospect	6.2916403	4.2373176	5.691903
pleasant	6.8324766	3.5964866	6.201936
shade	5.8767643	3.2869813	5.6119256
listen	5.966553	3.8467307	5.962182
mighty	5.634023	4.5780873	5.4208527
country	5.745765	4.140266	5.6176248
title	5.6734605	4.244902	5.7432876
choose	5.490675	3.555553	5.8812237
village	6.039162	4.0622683	5.597148
acquire	6.1923156	3.9418077	6.580761
rank	5.223738	4.428953	5.004825
bow	6.056776	3.4321592	5.999296
doctor	4.464864	3.78128	4.8093367
talent	6.477532	4.724681	6.499011
source	6.078362	3.8129272	5.8974056
lead	5.3838525	4.2605066	5.620818
question	5.0644884	4.2155232	5.611087
publish	5.9168243	3.9295275	5.9577165
interest	6.064219	4.4242744	6.037822
serve	5.49874	3.554205	5.763236
divine	5.9715204	4.1290545	5.4201264
put	5.210311	3.8524961	5.526623
shadow	5.0938444	3.7818906	5.1037536
practical	6.0301304	4.042473	6.004779
surface	6.000839	3.514856	5.8825927
account	5.463409	4.3082614	5.379471
loss	4.529433	4.4579062	4.642927
indian	5.2088385	4.1248193	5.098919
vine	5.8443017	3.7892127	5.0194974
certain	5.41353	4.1914206	5.468741
sin	4.038139	4.2152867	4.6870847
necessity	5.3990164	4.2248664	5.4397964
lose	5.403431	4.27515	5.4200697
private	5.027483	3.9378269	5.2872496
gentleman	6.01442	4.061463	5.6928253
daughter	6.167921	4.1881084	5.543439
drive	4.780865	4.5361004	5.063464
strange	5.1843295	4.4666657	5.1082473
journey	5.861824	3.9952765	5.680756
uncle	5.747674	4.477903	5.367225
species	6.034231	3.8438408	5.2795773
think	5.609862	4.2985005	5.6122813
bed	5.3071914	3.8025053	5.385866
wind	5.3001695	4.2861705	5.0482497
bless	6.5736094	3.985077	5.9636436
destroy	4.054326	4.6963224	4.518422
author	6.087023	4.3309374	5.882652
sustain	5.2633047	4.1110497	5.361285
black	4.7916193	3.67584	4.6516657
event	5.511209	4.391473	5.262253
liberty	5.907319	4.3444805	5.827598
negro	4.998075	3.977643	4.760367
little	5.927204	3.8224225	5.7294207
fortune	5.929371	4.4064207	5.6574097
touch	5.5964413	4.379965	5.6209073
kill	4.366582	4.9231815	4.7564974
feature	5.657509	3.9935677	5.929416
happiness	6.380176	4.2999253	5.9307857
assume	4.986368	4.131754	5.5974665
notion	5.253292	4.4870234	5.3333254
purchase	5.64076	3.8952188	5.808695
faithful	5.8452997	3.989685	5.8581123
soldier	5.3219004	4.648906	5.3707385
father	5.8891497	4.0878115	5.666962
narrow	4.6208725	3.106138	5.046992
great	5.8700104	4.1819806	5.790534
tear	4.6099453	4.3923597	4.7734833
honorable	4.931519	4.0408173	5.2553124
previous	5.443207	4.048512	5.3240814
good	5.982204	4.117792	5.9143224
domestic	5.558861	3.7297382	5.3487163
glory	6.8020988	4.3976326	6.1587048
lay	5.302604	3.539709	5.4123683
occasion	5.6758327	4.102152	5.68875
guard	5.292883	4.3472996	5.5159183
whole	5.7867384	3.881201	5.5636983
mouth	5.12727	4.016046	5.112036
receive	6.076213	4.1130815	5.719626
take	5.4789658	3.8120728	5.610395
simple	6.2449207	4.0175395	5.788972
error	4.1767216	4.4050765	4.5445347
wisdom	6.6375713	3.7515984	6.2245436
rock	5.7607207	4.0728106	5.6238627
decide	5.3409476	3.9594922	5.776835
exclaim	5.9627347	4.663006	5.9393735
assure	6.0419436	4.0542355	5.8688693
sign	5.4747367	4.279912	6.0039144
preserve	5.897924	3.7670186	5.9635057
commerce	6.151402	3.912943	5.9841733
plant	5.659551	3.709502	5.3437724
walk	5.9866133	3.6344292	5.7875366
difference	5.1246486	3.8925936	5.277508
hang	4.585724	4.240666	4.840908
following	6.0610723	3.640967	5.669805
employ	5.799904	3.7790074	5.9544806
