deal	5.0710564	3.9659762	5.4487596
study	6.5874763	4.0141783	6.275047
afford	6.335724	4.1176023	6.0224047
service	5.677655	4.1895504	6.0082045
height	5.461239	4.082757	5.5335627
prospect	6.525504	4.4224772	5.701019
pleasant	7.0737896	3.4770327	6.466158
shade	5.4766808	3.6486416	5.806559
listen	5.5811734	3.9346957	5.819907
mighty	5.389226	4.320628	5.2921233
country	5.8271165	4.1765485	5.5013237
title	6.149984	3.7025435	5.7870293
choose	5.6803904	3.6586869	5.954418
village	5.954969	4.1429534	5.478703
acquire	6.4653635	4.0279927	6.429444
rank	5.4409704	4.6378427	5.449456
bow	5.4844565	3.3646834	5.856048
doctor	4.912181	3.6463172	5.010706
talent	6.28469	4.3522477	6.203116
source	6.232535	3.9671059	5.8551526
lead	5.1767464	4.4810343	5.5415697
question	5.0229588	4.274415	5.3253818
publish	6.334501	3.786664	5.786513
interest	5.8775473	4.4166856	5.8726416
serve	5.569929	3.8784888	5.9846654
divine	5.7051396	4.468174	5.2889204
put	5.2750072	3.848283	5.4892297
shadow	5.0869393	3.6428335	5.2478642
practical	6.3340516	3.9651856	6.2383957
surface	5.8499875	3.2443938	5.6615334
account	5.4235034	4.2603035	5.36083
loss	4.572364	4.4864216	4.553311
indian	5.2800093	3.986616	5.154544
vine	5.7165523	3.8793294	5.3364244
certain	5.381264	4.0942583	5.542594
sin	3.9671369	3.9588103	4.3315964
necessity	5.1099334	4.4302506	5.1870813
lose	5.261603	4.443539	5.208584
private	5.297269	4.0267663	5.5482454
gentleman	5.946435	4.2538705	5.894288
daughter	5.9196076	4.1174307	5.5062914
drive	4.9195757	4.652917	5.0455794
strange	5.220613	4.537996	5.0806584
journey	5.8882246	3.541241	5.555954
uncle	5.7626076	4.215859	5.4686184
species	5.9147487	3.8372607	5.425645
think	5.6914396	4.2082644	5.6163483
bed	5.5271864	3.775185	5.1401553
wind	5.518988	4.268691	5.231257
bless	6.077592	4.0011377	5.927349
destroy	3.9162285	4.918017	4.4546185
author	6.3036838	4.219454	5.701833
sustain	5.550858	3.6807718	5.5193744
black	5.251918	4.11555	5.1020284
event	5.2555656	4.275936	5.102111
liberty	5.6259394	4.4947786	5.660367
negro	5.301618	4.5486727	5.275707
little	5.946457	3.9413817	5.772518
fortune	6.001582	4.588548	5.620482
touch	5.7940116	3.9617348	5.5979257
kill	4.2510376	5.0774674	4.6171002
feature	5.5796866	4.0755816	5.7796555
happiness	6.1259017	4.470612	5.7463818
assume	4.9157324	3.9335868	5.5125093
notion	5.1012363	4.38754	5.1188684
purchase	5.780924	3.8589187	5.7410994
faithful	5.703254	4.0183673	5.8515005
soldier	5.405326	4.4528623	5.7842603
father	5.7814064	3.736213	5.4363866
narrow	4.8484325	3.4842558	5.112738
great	5.980934	4.2896967	5.8276463
tear	4.8680363	4.1151	4.8203564
honorable	5.257992	4.273878	5.391369
previous	5.658226	4.0056615	5.416008
good	6.2606416	4.072201	6.087714
domestic	5.6990447	4.086645	5.8561187
glory	6.4731903	4.427819	5.941816
lay	5.7477217	3.3991408	5.7120595
occasion	5.5669694	4.2707415	5.5569725
guard	4.826316	4.2000637	5.36792
whole	5.8621683	3.9114826	5.59025
mouth	5.124215	3.8999748	5.246623
receive	5.9372644	4.132161	5.756306
take	5.4208775	3.8708482	5.5453916
simple	6.6224723	3.8211465	5.9579754
error	4.06683	4.516596	4.6881504
wisdom	6.8940673	3.5688252	6.3741555
rock	5.7074924	4.0746794	5.3078914
decide	5.042935	4.222191	5.3969407
exclaim	5.5448375	4.59247	5.836742
assure	5.9183116	4.2838683	5.77695
sign	5.5375214	4.3282194	5.8387756
preserve	5.7831583	3.732752	5.8995047
commerce	5.715308	4.009325	5.8342915
plant	5.7572885	3.6167955	5.6443653
walk	5.731633	3.8665714	5.722954
difference	4.9324965	3.664223	5.357031
hang	4.7686276	4.1584244	5.1139708
following	6.038828	3.776003	5.735616
employ	5.7892885	3.7587693	5.9839196
