deal	4.9540634	4.098759	5.4259367
study	6.198285	3.7319434	6.1842604
afford	6.302137	4.1801677	5.9918294
service	5.5803795	3.9105473	5.774226
height	5.8258433	3.921538	5.5462704
prospect	6.0748487	4.1386085	5.478704
pleasant	6.702606	3.5801537	6.366358
shade	5.59106	3.763277	5.6763773
listen	5.470915	3.65179	5.81665
mighty	5.664545	4.350134	5.4086285
country	5.626463	4.111849	5.578018
title	6.1297183	3.8946865	6.03181
choose	5.2909346	3.760472	5.575331
village	5.6018467	3.8978112	5.315714
acquire	6.133699	4.002878	6.373623
rank	5.5788875	4.29502	5.59476
bow	6.0209446	3.5095525	5.853864
doctor	4.9425592	3.6319685	5.0194473
talent	6.376666	4.308633	6.405429
source	6.036836	4.171272	5.6537385
lead	5.284294	4.3236103	5.439093
question	5.1898475	4.3309746	5.4224744
publish	5.7607946	4.0127482	5.742329
interest	5.895459	4.4073286	5.8641686
serve	5.429262	3.8763518	5.7738867
divine	6.2672873	4.037076	5.534567
put	5.172356	3.932331	5.451468
shadow	5.3588705	4.0363483	5.4336076
practical	6.0732045	3.8930752	6.1789026
surface	5.4359207	3.5841646	5.568643
account	5.486753	4.180181	5.367363
loss	5.0865445	4.5153093	5.006394
indian	5.261435	3.9495962	5.1754174
vine	5.4965763	3.6615806	5.2005
certain	5.43056	4.1422534	5.469811
sin	3.8360207	4.6526566	4.296016
necessity	5.074175	4.5057874	5.2658796
lose	5.3227262	4.106649	5.297909
private	4.778139	4.3568754	5.138855
gentleman	5.921493	4.078929	5.770032
daughter	6.0221753	3.9239874	5.6138606
drive	4.3552284	4.6382003	4.7913456
strange	5.2259545	4.316267	4.7714844
journey	5.874923	3.5252862	5.6285458
uncle	5.526645	3.8609426	5.097398
species	5.6848984	4.2520943	5.5175333
think	5.584296	4.1272707	5.534146
bed	4.9607515	4.0198655	5.044215
wind	4.942314	4.1510215	4.966704
bless	6.2897944	4.0710845	6.0938215
destroy	4.2775536	4.407578	4.69446
author	6.12313	4.0334578	5.857095
sustain	5.4248137	3.8493106	5.4657826
black	4.800172	4.034212	5.232609
event	5.4939528	3.9156225	5.402579
liberty	5.8871956	4.2034407	5.7141743
negro	5.2124014	4.5817156	5.0825853
little	5.784423	3.948961	5.611144
fortune	5.8331513	4.3827057	5.552486
touch	5.920599	4.1882195	5.621784
kill	4.0595827	5.094999	4.7145276
feature	5.7955213	3.9904919	5.787203
happiness	6.4437895	4.4898653	6.172528
assume	5.191129	3.860491	5.566838
notion	5.325741	3.9597254	5.009853
purchase	5.690988	3.6722984	5.7598033
faithful	5.971559	3.9709146	6.167302
soldier	5.2210703	4.236858	5.5036225
father	5.38052	3.8869941	5.2309065
narrow	4.4364114	3.478634	4.4582224
great	5.8861523	4.168383	5.761685
tear	4.47349	4.1775594	4.8604774
honorable	5.181384	4.170927	5.3849335
previous	5.4777236	3.6723833	5.1285357
good	6.0707474	4.195545	5.9360685
domestic	5.395316	3.8393636	5.927698
glory	6.6052322	4.451876	6.0280356
lay	5.574905	3.617605	5.583485
occasion	5.581957	4.407478	5.555788
guard	5.0462327	4.039896	5.5353827
whole	5.7127533	3.8252678	5.5642977
mouth	4.8471193	4.3302407	4.984128
receive	6.0594616	4.009983	5.9316764
take	5.513692	3.726715	5.6198545
simple	6.675868	3.946507	6.303154
error	4.3203893	4.320941	4.6025925
wisdom	6.873927	3.7383962	6.146121
rock	5.546187	4.3345695	5.3752685
decide	5.2425814	3.8784459	5.659322
exclaim	5.718355	4.7676196	5.7569814
assure	6.2253995	4.183802	5.9051523
sign	5.3981285	4.199295	5.8729053
preserve	5.920541	3.8273163	5.9237423
commerce	5.6490784	4.0747175	5.7062693
plant	5.198086	4.014844	5.247985
walk	5.487194	3.7459533	5.709249
difference	5.423179	4.047661	5.741077
hang	4.715846	4.136561	4.839645
following	6.341759	4.083819	5.9832187
employ	5.7147627	3.783277	5.8866467
