deal	5.0821524	4.23344	5.570167
study	6.1526217	3.7784855	6.1104317
afford	6.215231	3.7236366	6.045972
service	5.4355626	3.9079473	6.0577354
height	5.621197	3.9380486	5.6261463
prospect	6.5952835	4.24681	5.927002
pleasant	6.781128	3.722978	6.149759
shade	5.668924	3.420685	5.8198166
listen	5.6654525	4.0548596	5.7586718
mighty	5.272424	4.669264	5.075754
country	5.704133	4.1766624	5.579744
title	5.5740447	3.974201	5.5860696
choose	5.6529045	3.7645018	5.8540587
village	5.5700035	3.7479982	5.377037
acquire	5.931062	3.8711867	6.2252116
rank	5.2207327	4.621151	5.3722672
bow	5.5512576	3.6683395	5.80503
doctor	4.908393	3.7891042	5.1954055
talent	6.2368646	4.4229403	6.099946
source	6.258702	4.327018	5.979366
lead	5.051378	4.1315913	5.4721375
question	5.192067	4.2061396	5.5122447
publish	5.6346593	4.285684	5.6864944
interest	5.887973	4.177586	5.7374034
serve	5.563252	3.808319	5.973725
divine	5.9339676	4.1678734	5.1084642
put	5.123317	3.807843	5.3144197
shadow	5.004754	3.609069	5.2063375
practical	6.618548	4.1762576	6.4440193
surface	5.7105	3.3345654	5.4869013
account	5.413318	4.2206025	5.4278555
loss	4.818648	4.4141226	4.799773
indian	5.1351748	4.0609984	4.8968644
vine	5.9315896	3.827201	5.2894983
certain	5.4610386	4.161507	5.5306234
sin	4.0298915	4.1673846	4.234733
necessity	5.0779376	4.07205	5.0934143
lose	5.403738	4.0920143	5.372798
private	5.020707	4.059574	5.3394985
gentleman	5.766327	4.139334	5.6204185
daughter	6.0270324	4.055984	5.6879196
drive	4.7140603	4.591355	5.082577
strange	5.4068527	4.086788	5.0573335
journey	5.946294	3.6703525	5.480267
uncle	6.0303392	4.312934	5.5891066
species	5.41581	3.9343085	5.18081
think	5.6782556	4.1296597	5.5684376
bed	5.3661876	3.5663347	5.471921
wind	4.8689237	4.195406	5.041264
bless	6.686822	3.8864663	6.0400577
destroy	4.016209	4.395503	4.535704
author	5.8288326	4.430481	5.6942644
sustain	5.3900065	4.062087	5.4542046
black	4.7890596	3.7293003	5.18735
event	5.5115767	4.475661	5.3458138
liberty	5.9610367	4.1890073	5.923212
negro	5.3866873	4.15557	5.187416
little	5.858032	3.848921	5.651586
fortune	5.6553373	4.5375924	5.576369
touch	5.7210703	4.069908	5.592804
kill	3.9950528	4.821683	4.61442
feature	5.8330016	3.932175	5.7490196
happiness	6.361925	4.270866	5.8949676
assume	5.272828	4.231101	5.5744553
notion	5.228202	4.3476744	5.0264864
purchase	5.0156026	4.402958	5.6474967
faithful	5.5670514	4.112596	5.6290083
soldier	5.089481	4.6137605	5.542956
father	5.742881	3.9100199	5.5039654
narrow	4.2375116	3.2966185	4.879615
great	6.008216	4.1833324	5.883522
tear	5.03548	4.078765	5.02688
honorable	5.0142317	4.24698	5.2205634
previous	5.7712307	3.8921812	5.577052
good	5.802313	3.9840565	5.872699
domestic	5.638146	3.8257718	5.5624633
glory	6.6568894	4.5477676	6.0673428
lay	5.1984396	3.5613418	5.475932
occasion	5.5738344	4.4243617	5.5746613
guard	4.9374256	4.3692737	5.6764274
whole	5.7603927	3.8709524	5.5662045
mouth	5.0700116	3.9402344	5.1013527
receive	5.676506	4.033872	5.741691
take	5.4173074	3.9103632	5.614542
simple	6.153894	4.021284	5.756771
error	4.2297106	4.2895403	4.602991
wisdom	6.691988	3.5168529	5.996918
rock	5.574763	3.8341358	5.350853
decide	5.0794263	4.244855	5.685109
exclaim	5.605271	4.5149713	5.7699
assure	6.1639576	4.3564463	5.8388987
sign	5.207917	4.0183897	5.7422357
preserve	5.6968613	3.5463512	5.8435545
commerce	6.19908	4.1844773	5.8226805
plant	5.465884	3.4383366	5.2839494
walk	5.9563823	3.8321075	5.8836627
difference	5.3395677	3.8380413	5.524839
hang	4.735973	4.0819035	5.133946
following	6.0219245	3.869568	5.892233
employ	5.5108404	3.8905787	5.916884
