deal	4.912627	4.302872	5.3722687
study	6.496557	3.8785555	6.437456
afford	6.2477574	4.3219237	5.957778
service	5.803165	4.2399793	6.1389766
height	5.66175	3.9472864	5.538875
prospect	6.4303455	4.6287527	5.6286435
pleasant	6.723033	3.578806	5.930516
shade	5.5885024	3.6657186	5.5355763
listen	5.552753	3.8910668	5.725793
mighty	5.379915	4.5888405	5.17861
country	5.7859774	4.2609115	5.590968
title	5.883916	3.7696543	5.621541
choose	5.300703	3.5861511	5.446072
village	5.695058	4.247441	5.252381
acquire	6.452241	4.19031	6.358826
rank	5.552624	4.2495527	5.579025
bow	5.5483065	3.3288789	5.861292
doctor	4.8718324	3.5507512	5.1777363
talent	6.2624702	4.4234486	6.4766655
source	6.2576523	4.0998664	5.719107
lead	5.0969963	4.124117	5.39572
question	5.080838	4.321792	5.5028205
publish	5.987862	4.0472455	5.8164806
interest	6.0004683	4.339383	5.8612375
serve	5.5244737	3.856266	5.7444396
divine	6.2870684	4.109236	5.4254193
put	5.3442025	3.7997217	5.4567523
shadow	5.12208	3.5721998	5.187132
practical	5.5126705	3.777823	6.0340986
surface	5.491732	3.1163971	5.4469666
account	5.4202805	4.315963	5.4454026
loss	4.8349705	4.6861935	4.9527607
indian	5.5432954	4.037554	5.046532
vine	6.1446447	3.3590271	5.3285456
certain	5.392081	4.311197	5.4145775
sin	4.0572224	4.454973	4.414036
necessity	4.751566	4.380035	5.130046
lose	5.3334017	4.1671667	5.347211
private	5.103483	4.022516	5.301398
gentleman	6.0355015	4.0764003	5.9300413
daughter	6.2334347	3.7330809	5.869389
drive	4.6780906	4.3902903	4.8751264
strange	5.137686	4.3008194	5.1120386
journey	5.837873	3.9575548	5.5963874
uncle	5.4186506	4.187445	5.5555944
species	5.6276436	4.121768	5.189839
think	5.665658	4.034581	5.66076
bed	5.6826286	3.9078197	5.6232543
wind	5.2602267	4.084891	5.1410656
bless	6.4418297	3.879087	6.1381474
destroy	4.1028323	4.6395664	4.5512586
author	5.9952917	4.007407	5.814547
sustain	5.79226	4.188504	5.754648
black	4.716544	3.867524	4.9622717
event	5.5830903	4.2383895	5.451811
liberty	5.791679	4.5512834	5.6422935
negro	5.451388	4.2980494	5.321915
little	5.980908	3.8191543	5.743534
fortune	5.9884667	4.4630394	5.5858717
touch	5.5568576	4.203236	5.5689836
kill	4.1699276	5.0085588	4.623067
feature	5.868432	4.0293164	5.7927375
happiness	6.8116336	4.375922	6.229777
assume	5.164109	3.9458604	5.404083
notion	4.919297	4.3464537	4.8180895
purchase	5.7581077	3.8203871	5.6733584
faithful	5.935504	3.7166646	6.104646
soldier	5.1241446	4.492651	5.4432034
father	5.6857758	3.8476515	5.5900702
narrow	4.441332	3.3712087	4.583195
great	5.8086567	4.305933	5.7615004
tear	4.815878	4.2555513	4.9925404
honorable	5.257945	4.3157873	5.140444
previous	5.2346387	4.31546	5.269787
good	6.2821026	4.097985	6.215496
domestic	5.647563	3.9801185	5.853298
glory	6.872078	4.340871	6.133544
lay	5.541764	3.809269	5.5305786
occasion	5.419049	4.396152	5.5127172
guard	4.934683	4.2206383	5.546276
whole	5.827458	3.9440222	5.5917745
mouth	5.4136057	3.895639	5.2204695
receive	5.9838424	3.9968846	5.9086857
take	5.542133	3.8238149	5.648444
simple	6.352437	3.995758	5.88845
error	4.0042458	4.302112	4.475144
wisdom	6.728762	3.5190465	6.3623376
rock	5.7983713	3.9252775	5.441715
decide	5.314148	4.1554146	5.649968
exclaim	5.725905	4.257254	5.9087267
assure	6.103172	4.3449836	5.9250426
sign	5.233054	3.8287914	5.9056306
preserve	6.0929484	3.8595176	5.8436985
commerce	5.4167	3.9354382	5.43209
plant	5.8624687	3.700231	5.474733
walk	5.5272923	3.6799302	5.709453
difference	5.613855	3.8832088	5.6394296
hang	5.050026	4.1458573	5.089843
following	5.496335	3.8414192	5.619049
employ	5.650592	3.919424	6.03814
