deal	4.71482	4.0987186	5.2560983
study	6.1559215	4.1989374	5.99634
afford	6.155683	4.0349636	6.0335155
service	5.621169	3.8913112	5.8170776
height	5.4521155	3.7321568	5.4189997
prospect	6.3243093	4.3331814	5.7782164
pleasant	6.634993	3.6793199	6.2824974
shade	5.7785764	3.5729651	5.7534757
listen	5.996394	3.9410594	5.9459114
mighty	5.6658	4.5118384	5.3888435
country	5.674947	4.172286	5.5369444
title	6.062795	4.130463	5.4961457
choose	5.522122	3.5828748	5.7603188
village	5.470646	3.8929589	5.247809
acquire	6.3478775	4.1738634	6.3337545
rank	5.179052	4.643053	5.383355
bow	5.547501	3.1072497	5.716017
doctor	4.3638797	4.156996	5.193425
talent	6.3261704	4.9058867	6.3478317
source	6.0725794	3.8981085	5.790047
lead	5.3275747	4.2985764	5.4837127
question	5.050376	4.2512326	5.470923
publish	5.968626	4.3429093	5.60458
interest	6.124818	4.349162	6.020031
serve	5.629316	3.8261302	5.6781816
divine	5.8932257	4.0783596	5.491618
put	5.1000543	3.9096303	5.4152336
shadow	5.149651	3.61605	5.2212443
practical	6.146756	4.451932	6.0811815
surface	5.918046	3.4597478	5.8015428
account	5.502092	4.5049605	5.446409
loss	4.951081	4.320707	4.992553
indian	5.1383677	4.1602407	4.7612867
vine	6.4187694	3.8084536	5.456568
certain	5.4297585	4.182299	5.613103
sin	4.095511	4.320355	4.6022673
necessity	4.995381	4.3197217	5.1245384
lose	5.395891	4.121003	5.432438
private	5.0933642	4.090662	5.4761834
gentleman	5.7763863	3.960842	5.719117
daughter	6.2815986	4.0487914	5.775008
drive	4.73213	4.4994273	4.89557
strange	5.2702823	4.412069	4.872375
journey	6.1991324	3.9375405	5.6806493
uncle	5.637134	4.0978265	5.6246395
species	5.949556	4.2789173	5.4046955
think	5.5302567	4.245702	5.5586786
bed	5.8862877	3.7661085	5.4766564
wind	5.4544125	4.110576	5.3020887
bless	5.9694877	3.8298626	5.6603265
destroy	4.091034	4.5499506	4.572181
author	5.849535	4.416828	5.5658555
sustain	5.599156	3.8560405	5.6760893
black	4.4125357	3.4836226	4.7711945
event	5.3655615	4.2989874	5.062575
liberty	5.5980206	4.046428	5.765395
negro	5.433157	4.224017	4.7517347
little	5.8889837	3.9341383	5.629247
fortune	5.76222	4.677537	5.5268726
touch	5.8093934	4.0155835	5.5863805
kill	4.2241316	4.968365	4.514143
feature	5.6469336	4.157134	5.6170077
happiness	6.4985776	4.591614	6.102452
assume	5.37072	3.853501	5.581237
notion	5.0609612	4.314775	4.889489
purchase	5.680763	3.7454884	5.7870164
faithful	5.0567665	3.9579601	5.871479
soldier	5.207251	4.4093385	5.2989006
father	5.5191307	3.9573956	5.3091283
narrow	4.109419	3.217534	4.4711466
great	5.784137	4.163465	5.735892
tear	4.745993	4.1639	4.8585196
honorable	5.0009155	4.4096184	5.5359316
previous	5.58041	4.0413933	5.368232
good	6.0325956	4.145538	5.9916453
domestic	5.3305216	4.0644565	5.7781177
glory	6.5535016	4.320919	6.054667
lay	5.2570906	3.775364	5.506467
occasion	5.849558	4.4019995	5.719284
guard	5.0606384	4.110969	5.591142
whole	5.702674	3.8763523	5.541879
mouth	5.173688	3.9892797	5.012954
receive	5.9235754	3.9994311	5.909757
take	5.4193935	3.7615676	5.4880624
simple	6.45035	4.1490545	5.958352
error	4.219761	4.417482	4.72382
wisdom	6.874618	3.656841	6.275509
rock	5.677499	4.0512075	5.2925925
decide	5.272109	4.268967	5.51306
exclaim	5.3391495	4.539326	5.8811984
assure	6.1368027	4.2428756	6.1103816
sign	5.678096	4.2829056	5.8880744
preserve	6.060967	3.8057256	5.8824024
commerce	6.0986266	4.2057147	6.008763
plant	5.5571704	3.99591	5.4593987
walk	5.7292256	3.7587557	5.8708887
difference	5.3071823	3.7888992	5.5495095
hang	5.003192	3.7647197	4.881266
following	5.9209723	4.06306	5.590864
employ	5.6891146	3.897007	6.0449076
