deal	5.2769356	4.2319565	5.717204
study	6.7090464	4.166606	6.505104
afford	6.350317	4.0425706	6.084373
service	5.914983	3.854409	6.189014
height	6.015663	4.007504	5.693079
prospect	6.4282207	4.454235	5.6964746
pleasant	6.6809335	3.4705234	6.309486
shade	5.7476664	3.506134	5.918231
listen	5.6410427	3.8790672	5.6537266
mighty	5.642392	4.1480107	5.4588866
country	5.6878347	4.107778	5.601014
title	5.815162	3.940517	5.5854316
choose	5.689159	3.8074715	6.0595627
village	5.4598036	3.6609008	5.2324653
acquire	6.2294564	4.122246	6.4515634
rank	5.616761	4.431291	5.365867
bow	5.807877	3.3420339	5.7910666
doctor	4.6331615	4.19994	4.995311
talent	6.4997406	4.4645233	6.5185127
source	5.9490733	4.187535	5.8477826
lead	5.3407464	4.19879	5.6396847
question	5.1026115	4.2463994	5.4940596
publish	5.9704123	3.9598339	5.6978197
interest	5.9768515	4.228872	5.9717584
serve	5.6597214	3.6807997	6.046782
divine	6.0637712	4.124266	5.3464127
put	5.2051244	3.6708999	5.5604553
shadow	5.377233	3.6446922	5.389532
practical	5.727251	3.8912258	5.978676
surface	5.6666894	3.3642917	5.4894533
account	5.2602453	4.334713	5.4800777
loss	4.3244033	4.292691	4.8088512
indian	5.357736	4.2708755	5.231143
vine	5.9074087	3.7087834	5.3934584
certain	5.2327104	4.026772	5.4721756
sin	4.358862	4.2814956	4.6280622
necessity	5.162842	4.2114515	5.2265854
lose	5.251775	4.175167	5.5151396
private	4.8372984	4.1168585	5.3826404
gentleman	5.957779	4.191319	5.823117
daughter	6.247261	4.1071396	5.8325257
drive	4.825446	4.569574	5.373266
strange	5.3264027	4.263499	5.2504373
journey	5.9820156	3.8808453	5.8335214
uncle	5.695045	4.558225	5.3170843
species	5.5759344	3.9597797	5.1027803
think	5.681929	4.220666	5.8092136
bed	5.4644465	3.7917728	5.273884
wind	5.079454	3.9868252	5.1413555
bless	6.052379	3.4273136	5.7169533
destroy	4.1550922	4.675387	4.904311
author	6.0649204	4.515503	6.0137553
sustain	5.2203074	3.9187999	5.277708
black	4.7070622	3.94244	5.060784
event	5.386438	4.3258734	5.2555213
liberty	5.5712733	4.132723	5.5384765
negro	5.346248	4.329336	5.1443377
little	5.933703	3.9024646	5.8222985
fortune	5.864658	4.5964856	5.647295
touch	5.7254148	4.004913	5.476824
kill	4.3512588	4.872169	4.741232
feature	5.8297043	4.1017585	5.9487143
happiness	6.507045	4.350425	6.176599
assume	5.319089	4.1063967	5.461544
notion	5.1574054	4.4015117	5.116909
purchase	5.5784745	3.9236934	5.7815833
faithful	5.95553	4.177957	5.678078
soldier	5.1546884	4.4960084	5.4285364
father	5.5920787	3.8709455	5.4642167
narrow	4.4103417	3.377112	4.987004
great	5.868163	4.235165	5.858146
tear	4.475555	3.7600973	4.7724967
honorable	5.1933994	4.100011	5.5292816
previous	4.9173512	3.9259827	5.261643
good	6.022118	3.9676745	6.1264906
domestic	5.78129	4.254165	5.779166
glory	6.713689	4.6500673	6.202905
lay	5.5266633	3.5636528	5.626506
occasion	5.4308786	4.4349155	5.5882735
guard	4.9099407	4.0920973	5.3883657
whole	5.8471603	3.8494778	5.851057
mouth	5.282903	4.318861	5.1600885
receive	5.7673454	3.806718	5.765337
take	5.6353617	3.7390466	5.791621
simple	6.4978967	3.7319686	5.9164915
error	4.2606025	4.354882	4.815756
wisdom	6.525863	3.6940944	6.2545705
rock	5.971675	3.9471798	5.631714
decide	5.3398113	4.117637	5.5804768
exclaim	5.5591993	4.521473	5.658972
assure	6.4440556	4.2677946	5.985529
sign	4.976984	3.5828183	5.538573
preserve	5.7326384	3.8230374	5.9779215
commerce	6.0966973	4.2551403	5.814594
plant	5.6218557	3.7571063	5.528165
walk	6.017467	3.6396747	5.966852
difference	5.3505707	3.786086	5.404139
hang	4.698624	3.788716	4.9439
following	5.9743614	3.833987	5.8720818
employ	5.8308344	4.1432357	6.1804695
