deal	4.812415	4.068903	5.412073
study	6.360054	4.0807543	6.2403116
afford	6.1684756	4.0027747	6.06265
service	5.8586836	4.0548224	5.745452
height	5.8664417	3.754003	5.6233397
prospect	6.378912	4.2059097	5.7703176
pleasant	6.7456846	3.2706199	6.4495397
shade	5.855106	3.3936684	5.9288836
listen	6.0449915	3.8888385	5.809394
mighty	5.595436	4.495822	5.4904757
country	5.7139473	4.1339207	5.577364
title	6.024757	3.9412227	5.801592
choose	5.641449	3.7318873	5.89899
village	6.0540423	3.919363	5.5070057
acquire	6.3418636	4.160471	6.364785
rank	5.5846186	4.543533	5.5034237
bow	6.01039	3.4291291	5.983508
doctor	4.926633	3.4620767	5.427872
talent	6.5638275	4.767685	6.5584273
source	6.18699	3.7836046	5.9183493
lead	5.309123	4.14769	5.520865
question	4.9959946	4.1873755	5.4078894
publish	5.749928	4.126614	5.527374
interest	5.9067087	4.0916414	5.9116197
serve	5.8152018	3.6567833	5.9450517
divine	5.7505617	4.148732	5.3432884
put	5.0422153	3.8285158	5.468383
shadow	5.2432446	3.592082	5.3640347
practical	6.2822866	4.0670953	6.2298036
surface	5.5236206	3.5097444	5.4583387
account	5.398431	4.1948886	5.4542856
loss	4.898559	4.1327887	4.8988123
indian	5.685304	4.310132	5.2284927
vine	5.5292377	3.8889718	5.134453
certain	5.462519	4.0290823	5.6550236
sin	4.1379256	4.469598	4.585232
necessity	5.074082	4.2544737	5.31744
lose	5.324389	4.0854597	5.46254
private	5.0544567	4.3261957	5.3888326
gentleman	6.1565065	4.1154437	5.8311167
daughter	6.2058773	4.1705503	5.8470674
drive	4.886958	4.6202726	5.04568
strange	5.2004995	4.474108	4.9845285
journey	5.760706	3.7190607	5.644536
uncle	5.829401	4.302671	5.5311313
species	5.7132363	4.1825986	5.2856197
think	5.5659666	4.293733	5.611883
bed	5.199468	3.6931877	5.3650136
wind	5.1486855	4.145734	5.0598874
bless	5.947023	3.9951823	5.785575
destroy	4.28623	4.685457	4.7384467
author	5.980507	4.2688003	5.630287
sustain	5.514719	4.0353856	5.502303
black	4.863675	3.918332	5.0619216
event	5.4934664	4.1938796	5.3694882
liberty	5.8009725	4.226161	5.7357616
negro	5.0397806	4.5617	4.845175
little	5.9852085	3.8027236	5.7591367
fortune	5.933293	4.458742	5.589926
touch	5.5235944	4.020822	5.590897
kill	4.111317	4.8714952	4.6585464
feature	5.611923	3.9442677	5.808123
happiness	6.4836116	4.375793	5.9634657
assume	5.2349706	4.1365275	5.6202126
notion	5.2324004	4.4141717	5.1976447
purchase	5.613207	3.8240669	5.5110874
faithful	6.2428665	3.9086409	6.1666083
soldier	5.101754	4.470094	5.4007993
father	5.853911	4.18874	5.5883737
narrow	4.6407275	3.3323781	4.8502817
great	5.895678	4.2067175	5.837517
tear	4.4356804	4.139098	4.589374
honorable	4.9653873	4.1220236	5.186659
previous	5.215688	3.964672	5.3214927
good	6.0341177	3.9843657	6.065714
domestic	5.131225	3.965216	5.554767
glory	6.736761	4.5821657	6.1521034
lay	5.2657566	3.530141	5.6088843
occasion	5.784126	4.222583	5.686755
guard	4.7739844	4.39456	5.465617
whole	5.765733	3.8438025	5.674053
mouth	5.193622	4.127313	5.1249914
receive	5.7989635	4.1389475	5.8643365
take	5.500777	3.8886015	5.7901893
simple	6.4047246	3.9201422	5.8819757
error	4.085187	4.260657	4.5301466
wisdom	6.5162063	3.9494221	6.328053
rock	5.643295	3.948537	5.398097
decide	5.193248	4.2512794	5.535078
exclaim	5.485423	4.80575	5.9969864
assure	6.141841	4.5202394	5.947499
sign	5.10583	3.8231666	5.7011676
preserve	5.9454365	3.5928447	5.9774923
commerce	5.8366427	3.871356	5.6494493
plant	5.449637	4.0940237	5.5013285
walk	5.999393	3.6919565	6.06756
difference	5.039863	3.997759	5.436248
hang	4.969706	4.144001	5.116225
following	5.990428	3.6201603	5.80247
employ	5.5819902	3.9316838	5.922405
