deal	4.8792863	4.070603	5.4608026
study	6.061473	3.9759536	6.061756
afford	6.033587	4.173117	6.123616
service	5.9272566	4.274653	5.962377
height	5.339711	3.8439064	5.570434
prospect	6.0972795	4.4570136	5.544992
pleasant	6.7690325	3.4038253	6.127253
shade	5.673927	3.6841826	5.976
listen	5.437743	3.8259208	5.749413
mighty	5.6790924	4.509339	5.2809367
country	5.7549653	4.1582365	5.5219693
title	6.126795	4.230885	5.649192
choose	5.212663	3.8662338	5.5596976
village	5.635411	3.7720199	5.413376
acquire	5.940941	3.9692552	6.0685363
rank	5.3579707	4.375835	5.416293
bow	5.633705	3.1720583	5.606812
doctor	5.1363225	3.8656793	5.2852077
talent	6.4809256	4.3869724	6.8266487
source	5.5664673	3.902274	5.8268514
lead	5.07712	4.276147	5.4473934
question	5.075519	4.195977	5.5551624
publish	5.756123	3.853936	5.3611197
interest	5.9453874	4.2430053	5.94868
serve	5.378499	3.95328	5.985811
divine	5.9369774	4.251055	5.3110685
put	5.0905147	3.8700247	5.529685
shadow	5.1013474	3.6902926	5.4026284
practical	5.9036655	3.955965	6.018698
surface	5.3221498	3.2965484	5.452872
account	5.534541	4.4088616	5.570448
loss	4.829502	4.402806	4.8181186
indian	5.3226333	4.2082496	5.0681553
vine	5.4150867	3.4339216	5.0367823
certain	5.4077845	4.187788	5.571295
sin	4.126744	4.716106	4.294671
necessity	4.952451	4.5688357	5.222654
lose	5.405904	4.2102304	5.3552065
private	5.128624	4.3660336	5.372553
gentleman	6.140214	4.194237	5.8408184
daughter	6.0907507	4.3363185	5.712811
drive	4.813511	4.57712	5.0313153
strange	5.4179735	4.374584	5.0592422
journey	6.128807	3.6470976	5.5977845
uncle	5.8926296	4.0464354	5.6705885
species	6.2576237	4.3811674	5.5936613
think	5.4496007	4.1662297	5.6154304
bed	5.5969944	3.8118227	5.3308897
wind	5.2171726	3.8626108	4.995928
bless	6.5381827	4.200392	6.126061
destroy	3.9925177	4.4768715	4.625082
author	6.0333443	4.256225	5.716124
sustain	5.4127235	4.112389	5.450523
black	4.9799643	3.9843333	5.0896354
event	5.337555	4.3258924	5.2470427
liberty	5.559724	4.2841225	5.475981
negro	5.1161666	4.564798	5.1471524
little	5.777561	3.8408942	5.71901
fortune	6.225077	4.699546	5.7593126
touch	5.82611	3.976365	5.548506
kill	3.9366217	4.9537334	4.48088
feature	5.5288725	4.095217	5.754077
happiness	6.5127463	4.6766405	5.9144225
assume	5.0924263	4.0064125	5.2248373
notion	5.0810456	4.2923484	4.9613295
purchase	6.113143	4.261785	6.216141
faithful	5.932197	3.8491724	5.962372
soldier	5.026578	4.364437	5.3114667
father	5.7157288	4.1486654	5.5502467
narrow	4.2240696	2.9710665	4.7146325
great	5.754262	4.17139	5.8004684
tear	4.586996	4.10924	4.7988815
honorable	5.3353934	4.5758066	5.3022785
previous	5.1931105	4.1156025	5.2526965
good	6.0408573	4.1326566	6.1617856
domestic	5.5114493	4.24252	5.655213
glory	6.5052056	4.4881897	5.9920077
lay	5.496039	3.5712729	5.6222544
occasion	5.7379966	4.3409557	5.6508465
guard	4.9416046	4.2434587	5.7149177
whole	5.6854343	3.8127904	5.625681
mouth	4.7726974	4.427479	4.807811
receive	6.0616913	4.127823	5.9303837
take	5.438172	3.866949	5.587359
simple	6.0680246	4.0365705	5.7754507
error	4.0964355	4.4266624	4.728127
wisdom	6.62442	3.7884996	6.1843815
rock	5.6097536	4.3064294	5.324505
decide	5.3122954	4.1405916	5.932835
exclaim	5.5435534	4.5114946	5.916178
assure	6.0896664	4.1367617	5.7978964
sign	5.296056	4.084055	5.897644
preserve	6.1333947	3.7805126	5.8915806
commerce	5.8521504	3.896987	5.729823
plant	5.2704263	3.875972	5.18223
walk	5.6762123	3.6720545	5.8781047
difference	5.30199	3.512781	5.483769
hang	4.809919	3.7831326	4.996273
following	5.9664536	3.7713459	5.7573266
employ	5.673222	3.8528974	5.9824505
