deal	4.9542894	4.107277	5.7182283
study	6.202796	4.3275685	6.299996
afford	6.0530715	4.0848317	5.8592677
service	5.817131	3.9813056	5.996501
height	5.6143	4.0629005	5.2741137
prospect	5.939972	4.2711487	5.638865
pleasant	6.8291273	3.619317	6.0951147
shade	5.7615943	3.5833526	6.014728
listen	5.488098	3.8899531	5.233178
mighty	5.582605	4.278322	5.2291613
country	5.677808	4.304185	5.5603447
title	5.781556	3.98766	5.6356335
choose	5.3923454	3.5487063	5.6262817
village	5.8255305	3.7213254	5.6819644
acquire	6.0696754	3.9576435	6.245755
rank	5.4043956	4.4216948	5.480393
bow	5.6860447	3.3372664	5.7386937
doctor	4.881488	3.5644596	5.439236
talent	6.5303	4.6745443	6.563676
source	5.663237	4.3410373	5.4819107
lead	5.3872004	4.35584	5.6266065
question	4.96934	4.195382	5.453388
publish	5.7953267	4.0902977	5.565404
interest	5.993047	4.3366084	5.91381
serve	5.6101403	3.708668	6.0111713
divine	5.9919295	4.4745407	5.6319633
put	5.0944276	3.7248473	5.315148
shadow	5.4061437	3.6720994	5.528721
practical	6.1192436	3.802897	6.166358
surface	5.902377	3.6511023	5.65306
account	5.306834	4.1741476	5.3557935
loss	5.0363946	4.3300514	5.2216234
indian	5.5364184	4.319331	5.279455
vine	5.4496927	3.8553445	5.1653304
certain	5.318059	4.0639863	5.456817
sin	4.053536	4.5588293	4.55549
necessity	4.9842916	4.1969285	5.2778673
lose	5.261007	4.0613823	5.3787804
private	5.044725	4.03722	5.307503
gentleman	5.867655	4.2804008	5.8852816
daughter	6.05618	4.161564	5.6650453
drive	4.5772624	4.566105	4.949289
strange	5.190037	4.534767	4.8446493
journey	5.8094416	3.6469564	5.789451
uncle	5.520062	4.2631917	5.3080783
species	5.5804663	4.3701997	5.313818
think	5.4272084	4.168923	5.532217
bed	5.529037	3.470132	5.4368563
wind	5.1553297	4.2266355	5.2801743
bless	6.2463746	3.8922215	6.133913
destroy	4.0108643	4.3616314	4.8060365
author	5.740206	4.560257	5.6598473
sustain	5.7913723	3.8529177	5.7024007
black	4.868101	3.932352	5.2675295
event	5.3089075	4.2499933	5.2072597
liberty	5.6424217	4.4858427	5.49953
negro	5.037486	4.521881	5.12652
little	6.0541954	3.728299	5.7968135
fortune	5.6933975	4.369291	5.4589396
touch	5.9715242	4.0307856	5.611277
kill	3.9551928	4.595524	4.773796
feature	5.7364483	4.3120565	5.8455925
happiness	6.127033	4.42282	5.7502666
assume	5.206578	3.8829105	5.363249
notion	4.894638	4.148753	4.962535
purchase	5.558195	3.9767618	5.8761897
faithful	6.052552	3.9412358	5.9472027
soldier	5.0430536	4.3896675	5.239893
father	5.7706575	3.849166	5.590958
narrow	4.45583	3.549932	4.8060374
great	5.8658586	4.102469	5.8044853
tear	4.8907433	4.0948067	4.853915
honorable	5.0752645	4.248457	5.552112
previous	5.2061453	3.5976772	5.2370787
good	5.8566594	3.987973	5.9801583
domestic	5.941582	3.927659	6.060996
glory	6.3168826	4.7896223	5.793226
lay	5.558314	3.4791603	5.5677705
occasion	5.4449897	4.60297	5.369535
guard	4.4239306	4.302207	5.3999405
whole	5.8741407	3.8165708	5.6398363
mouth	4.8926783	3.9507594	4.8339477
receive	5.9556284	3.8977346	5.9900827
take	5.385065	3.8056383	5.62136
simple	6.248951	3.9851995	5.7811112
error	4.111771	4.3674545	4.5765924
wisdom	6.5584064	3.8704684	6.15853
rock	5.6172986	4.270054	5.3171997
decide	4.9365315	4.0820785	5.5788603
exclaim	5.8669877	4.6654754	5.6653223
assure	5.918416	4.190311	5.5898376
sign	4.8282332	4.1390715	5.4305983
preserve	5.8384647	3.7923355	5.910892
commerce	5.391408	3.9005492	5.456548
plant	5.3228226	4.234459	5.3557854
walk	5.637198	3.8747544	5.811408
difference	4.9749227	3.9139605	5.136947
hang	5.1584105	3.8000042	5.2728095
following	5.9131613	3.8100321	5.8217783
employ	5.787663	3.9200678	5.9328623
