deal	4.7939787	4.3013	5.444432
study	6.3706512	3.6712387	6.2888246
afford	5.7962036	4.198394	5.9040055
service	5.5975356	3.9129858	5.7054334
height	5.7596674	3.9994588	5.611725
prospect	6.1669173	4.3150005	5.5348425
pleasant	6.8046074	3.4338636	6.2600245
shade	5.565063	3.4133153	5.6831064
listen	5.591455	3.9540982	5.6155357
mighty	5.6226664	4.536349	5.4723973
country	5.695568	4.0637703	5.5363207
title	5.652124	3.9667468	5.5763674
choose	5.4083576	3.5986102	5.7163143
village	5.839137	3.7584975	5.33301
acquire	6.1542344	4.1280265	6.1908584
rank	5.4959254	4.5217156	5.4824247
bow	5.804114	3.2777963	5.9265847
doctor	4.800909	3.7282445	5.0897055
talent	6.1571193	4.4987936	6.237362
source	5.7838163	4.032897	5.701387
lead	5.227116	4.0909433	5.458142
question	4.8954744	4.23411	5.294397
publish	5.722561	4.237348	5.6974964
interest	5.8610187	4.1215835	5.844718
serve	5.4007206	3.8549523	5.8017592
divine	6.5059457	4.0921755	5.857748
put	5.2078547	3.7852767	5.4450808
shadow	5.2238407	3.4193451	5.2967997
practical	5.901452	3.7738087	6.0656753
surface	5.7895017	3.4278972	5.594915
account	5.429701	4.3500967	5.421029
loss	4.7572155	4.684396	4.656303
indian	5.6075015	4.102562	5.2889566
vine	5.9441404	3.929007	5.4376607
certain	5.2436585	4.1460133	5.5767083
sin	4.385707	4.0997844	4.4634376
necessity	5.150764	4.337534	5.150676
lose	5.175336	4.2730093	5.2754545
private	5.009006	4.0507865	5.5087237
gentleman	6.029185	3.909388	5.753168
daughter	5.995165	4.1299067	5.6923294
drive	4.8065553	4.373046	5.164367
strange	5.3550262	4.3718424	5.0221124
journey	5.901605	3.4142816	5.7339816
uncle	5.503802	4.393441	5.396745
species	5.644114	4.236044	5.3200006
think	5.523725	4.1798263	5.607353
bed	5.2994494	3.998801	5.1502557
wind	5.2742863	3.9525795	5.1488004
bless	6.2567253	3.7966068	5.9649935
destroy	4.164517	4.821475	4.7110415
author	5.9228935	4.136423	5.6615133
sustain	5.385608	4.4931374	5.4339576
black	4.537553	3.8258834	4.9923573
event	5.4666944	4.244917	5.172663
liberty	5.5223713	4.199624	5.793191
negro	5.269346	4.079494	5.195809
little	6.030678	3.7393749	5.750113
fortune	6.001627	4.364946	5.657538
touch	5.668819	4.3778334	5.457925
kill	4.3584046	4.903228	4.640033
feature	5.956912	3.995633	5.8445964
happiness	6.744447	4.164398	6.1906815
assume	5.11068	3.8826408	5.405479
notion	5.3909087	4.2196856	5.1474533
purchase	5.7424445	3.8351355	5.6930532
faithful	5.6747403	4.176822	5.9921484
soldier	5.0002985	4.2256975	5.2883368
father	5.887391	3.8143764	5.5153065
narrow	4.469924	3.372842	4.5648756
great	5.7900696	4.1834545	5.7661037
tear	4.6019444	4.171928	4.8573184
honorable	5.0247817	4.356918	5.4584727
previous	5.3210845	4.0913386	5.276534
good	6.0025783	3.981601	5.9667926
domestic	5.703259	3.817103	5.8742614
glory	6.606705	4.3672915	5.969976
lay	5.491815	3.6079643	5.543169
occasion	5.581014	4.2547855	5.6096783
guard	4.3958035	4.1631317	5.1990433
whole	5.755253	3.7772954	5.63364
mouth	5.1451936	4.118423	5.2681575
receive	5.800193	4.1414185	5.8816524
take	5.374617	3.8313928	5.5343313
simple	6.2234154	4.057851	5.5674887
error	3.899433	4.5752096	4.416935
wisdom	7.3468647	3.392627	6.624744
rock	5.687768	4.1603875	5.484185
decide	5.016327	4.22877	5.4414635
exclaim	5.768467	4.4646144	5.7814727
assure	6.307486	4.1796055	5.91645
sign	5.0074773	4.001489	5.675458
preserve	5.968887	3.955635	5.6960316
commerce	5.6520147	3.9569697	5.710579
plant	5.548831	3.795548	5.6257114
walk	5.7103477	3.5268574	5.665151
difference	5.253247	3.9334807	5.4565945
hang	4.9191775	3.9760392	4.9537473
following	5.7456727	4.0057793	5.541903
employ	5.5575047	3.8740456	5.8803396
