deal	4.76375	4.348234	5.3968825
study	6.3720646	4.108449	6.218165
afford	6.567068	4.004192	6.1429825
service	5.6865916	4.0423117	6.046895
height	5.358217	3.8450956	5.4907727
prospect	6.339391	4.2337418	5.6725197
pleasant	6.8314667	3.250201	6.397558
shade	5.9181547	3.5476003	5.956183
listen	5.2549825	3.9057095	5.6362476
mighty	5.408308	4.3424277	5.3501306
country	5.634332	4.1369553	5.6288805
title	6.28914	3.937653	5.814895
choose	5.2407603	3.6511993	5.5090284
village	5.8218956	3.9583583	5.511828
acquire	5.879606	4.181217	6.2404194
rank	5.2407575	4.528224	5.3688273
bow	5.6527	3.4301867	5.8870635
doctor	4.8631387	3.6625817	5.1707206
talent	6.589567	4.5430384	6.563424
source	5.9602747	4.1926527	5.7446275
lead	5.33779	4.313799	5.6796846
question	5.1095276	4.2639556	5.4899163
publish	5.554307	3.9034088	5.4669805
interest	5.7164187	4.247743	5.974776
serve	5.2898436	3.7234473	5.8251643
divine	6.1985936	4.586033	5.493781
put	5.1962113	3.8809733	5.48127
shadow	5.3439455	3.5795312	5.3285275
practical	6.0052586	3.8778083	6.16698
surface	5.6073155	3.4420629	5.579622
account	5.242672	4.3543253	5.3710036
loss	5.1896286	4.4048977	5.1461377
indian	5.104199	4.3132463	4.9922204
vine	5.7603006	3.9586778	5.5415263
certain	5.2640743	4.0820184	5.3709984
sin	4.2743683	4.4548717	4.614662
necessity	5.118414	4.0303907	5.218097
lose	5.2997932	4.1449347	5.362344
private	5.1942844	3.9593968	5.439124
gentleman	6.007778	3.9818876	5.8542366
daughter	6.3611856	4.264349	5.7303114
drive	4.6949067	4.5254655	4.784358
strange	4.854086	4.6314816	4.8573723
journey	6.109898	3.5983093	5.8871827
uncle	5.085013	4.4309926	4.925435
species	6.0074067	3.9801745	5.30147
think	5.5025287	4.1857686	5.6850715
bed	5.2968526	3.755101	5.243245
wind	5.0926895	4.0451636	5.0811205
bless	6.5365763	4.1196814	6.16081
destroy	3.7671535	4.592497	4.5059075
author	5.8802	4.2802925	5.6672006
sustain	5.1959195	4.298418	5.365142
black	4.992429	3.775505	5.0587573
event	5.3908224	4.269089	5.3162284
liberty	5.644649	4.323168	5.5304193
negro	5.4959507	4.4085603	5.2525663
little	5.9072146	3.819264	5.699289
fortune	6.2734084	4.4499083	5.7177505
touch	5.4074607	4.1345425	5.55129
kill	4.201049	4.8259068	4.584622
feature	5.464172	4.220091	5.5913725
happiness	6.367774	4.476483	5.986265
assume	4.8997636	4.0456057	5.423967
notion	4.878798	4.1770816	5.038821
purchase	5.5108953	4.2612076	5.588795
faithful	6.1427593	4.144927	6.3428965
soldier	4.6095586	4.564023	5.3268166
father	5.419359	4.0277176	5.3608937
narrow	4.4650717	3.3281898	4.797859
great	5.762994	4.257514	5.6919675
tear	4.559654	4.0162077	4.843456
honorable	5.125972	4.0020533	5.345301
previous	5.2293487	3.947073	5.38371
good	5.9476905	4.133617	5.984846
domestic	5.7683206	3.7840707	5.711034
glory	6.765035	4.58416	6.2763968
lay	5.0556455	3.5340495	5.4850345
occasion	5.3948345	4.4806933	5.4676085
guard	4.9996004	4.6574244	5.816473
whole	5.6155605	3.8615184	5.547938
mouth	4.9648366	3.833172	4.942181
receive	5.6736383	4.137996	5.7296543
take	5.349686	3.915544	5.583027
simple	6.1321487	3.8721824	5.807994
error	4.2358365	4.3664584	4.7468996
wisdom	6.6514673	3.6915457	6.2486744
rock	5.6084523	4.0254073	5.1631403
decide	5.050208	4.420315	5.49955
exclaim	5.6585007	4.5911355	5.761074
assure	6.370671	4.2260065	5.870794
sign	5.1260138	3.8090692	5.759615
preserve	5.889033	3.7573028	5.9096174
commerce	5.82275	3.7596297	5.6960096
plant	5.279458	3.7302732	5.4286747
walk	5.930831	3.8276627	6.088534
difference	5.1934695	3.9384654	5.2654834
hang	4.592797	4.0966473	4.883041
following	6.198822	3.940881	5.9168544
employ	5.7191176	3.7064672	5.9936085
