deal	5.3136277	3.8383975	5.635414
study	6.157067	4.274074	5.997609
afford	6.339287	4.0868187	6.070194
service	5.871061	4.006348	6.0754223
height	5.6915236	4.0019364	5.891849
prospect	6.2708755	4.470366	5.6810136
pleasant	6.817933	3.5328	6.364881
shade	5.7027025	3.6318934	5.647454
listen	5.491975	3.801075	5.689845
mighty	5.2802105	4.646182	5.350269
country	5.709249	4.068206	5.530589
title	5.8999023	3.8078105	5.8801894
choose	5.541307	3.7277036	6.0038905
village	5.6107087	3.802218	5.2211847
acquire	6.313738	4.199439	6.0957255
rank	5.341959	4.3399467	5.384379
bow	5.709292	3.5834785	5.8670835
doctor	4.7623067	3.704595	5.2774677
talent	6.5056114	4.6413746	6.359317
source	6.3970604	4.231714	5.6861796
lead	5.16671	4.1346726	5.5445414
question	5.1213493	4.209854	5.5199523
publish	5.441406	3.9062803	5.129641
interest	5.864055	4.2995644	5.9632316
serve	5.3594446	3.8766012	5.750145
divine	5.7913837	4.3378916	5.5160375
put	5.138983	3.7888415	5.3791714
shadow	5.1444573	3.633792	5.143634
practical	5.705153	4.026295	5.9334183
surface	5.4131904	3.625151	5.607977
account	5.383847	4.4352436	5.5071034
loss	5.1387634	4.2797337	5.266675
indian	5.5757732	4.002088	5.243476
vine	5.797878	3.9157567	5.722811
certain	5.5053773	4.2506723	5.538508
sin	3.9926455	4.414723	4.4163265
necessity	5.229574	4.3724504	5.106062
lose	5.4371614	4.148874	5.5530543
private	5.225015	4.1301217	5.6034074
gentleman	6.199585	3.9041681	5.9801254
daughter	6.268671	4.192265	5.791043
drive	4.9157224	4.3947673	5.0773025
strange	4.9428253	4.2451663	4.9776707
journey	5.89192	3.8519957	5.655138
uncle	5.860526	4.471247	5.31754
species	5.515106	4.1525655	5.0335093
think	5.4938955	4.2305546	5.6530433
bed	5.346052	3.7950087	5.4812384
wind	5.5026374	4.035524	5.3206286
bless	6.1205516	3.7752955	5.944197
destroy	4.3297896	4.591347	4.650912
author	5.935523	4.164141	5.5556927
sustain	5.587079	3.9220552	5.537327
black	4.725718	3.8408186	4.851048
event	5.366135	4.3760676	5.2904077
liberty	5.617886	4.3137374	5.566032
negro	5.027207	4.2639694	5.111186
little	5.956764	3.8090086	5.756862
fortune	5.945487	4.524092	5.6236796
touch	5.8904977	4.063655	5.7869368
kill	4.15281	4.6822853	4.565119
feature	5.7630734	4.0697074	5.913638
happiness	6.8149786	4.24315	6.326829
assume	5.0855203	3.9767327	5.6479816
notion	4.9646378	4.2263694	5.1123834
purchase	5.7618914	3.9867735	5.761439
faithful	5.7449374	4.37865	5.8365197
soldier	4.939294	4.625151	5.3791356
father	5.8374124	3.9880779	5.6134973
narrow	4.2286177	3.532498	4.876841
great	5.8704076	4.2452993	5.735229
tear	4.5497994	4.0265055	4.6007943
honorable	5.296932	4.0690136	5.691999
previous	5.138925	3.805008	5.5407367
good	6.0833755	3.9483478	6.1272173
domestic	6.039968	3.7726939	6.0019937
glory	6.6364393	4.5069275	6.0164914
lay	5.4144206	3.7585003	5.776366
occasion	5.645366	4.453038	5.56943
guard	4.6516314	4.430925	5.3627524
whole	5.843464	3.8257468	5.714478
mouth	5.053999	4.1831017	5.012955
receive	6.015589	4.085018	5.9191914
take	5.415798	3.904374	5.5897026
simple	6.3497586	4.0255165	5.8984923
error	4.120947	4.365171	4.8100157
wisdom	6.5783577	3.773459	6.3835206
rock	5.4767103	3.749997	5.288299
decide	5.5407276	4.1269846	5.8932657
exclaim	5.5757213	4.332714	5.8977585
assure	6.215147	4.1248116	6.008643
sign	5.2773223	4.2390847	5.682918
preserve	5.9919825	3.5631962	5.8867135
commerce	5.6911945	4.0653334	5.5480113
plant	5.442383	3.9678435	5.516777
walk	5.6196957	3.7172034	5.6569877
difference	5.176738	3.8901594	5.5414333
hang	4.918302	4.0224786	5.0275197
following	6.053321	3.7836475	5.8697896
employ	5.769069	3.9454448	5.9585238
