deal	4.9816637	4.2511134	5.6372905
study	5.9351187	4.0443063	5.9471564
afford	6.243335	3.9045615	5.9036603
service	5.8851695	4.0601144	5.8681464
height	5.5003915	4.011446	5.485771
prospect	5.8890853	4.3658376	5.4457793
pleasant	6.763732	3.6600947	6.3908086
shade	5.693539	3.5569844	5.761796
listen	5.2125096	3.9147956	5.5918984
mighty	5.385088	4.3235106	5.3982477
country	5.624481	4.2978396	5.5655375
title	5.9649553	3.837335	5.842503
choose	5.2907605	3.7735398	5.5709944
village	5.615243	3.7576282	5.5568886
acquire	6.076957	4.115729	6.3951807
rank	5.204556	4.49567	5.401856
bow	5.8150773	3.681148	5.9249215
doctor	4.5707345	3.9906418	5.3200393
talent	6.6351385	4.582514	6.4292636
source	5.766884	3.9166734	5.6489515
lead	5.07974	4.1280417	5.4202394
question	5.0347605	4.0652246	5.3687882
publish	6.2384534	4.2204924	5.789106
interest	5.831916	4.4146123	5.8842473
serve	5.378496	3.9975586	5.5126424
divine	5.6128488	4.167462	5.283191
put	5.226032	3.8179367	5.4273725
shadow	5.216342	3.8574898	5.2779646
practical	5.6550193	4.0147324	5.916063
surface	5.569316	3.3318744	5.6467347
account	5.5121	4.295327	5.5495834
loss	4.808686	4.3012934	4.828846
indian	5.309345	3.994662	5.1444936
vine	5.558614	3.5545192	5.508156
certain	5.3824706	4.2190166	5.567627
sin	3.5839763	4.3255925	4.232154
necessity	5.104386	4.31208	5.222147
lose	5.325789	4.071826	5.3645926
private	4.904086	4.1895905	5.227833
gentleman	6.0248456	4.1132793	5.9021063
daughter	6.0758867	4.0466413	5.760962
drive	4.67744	4.4257793	4.7844343
strange	5.0891137	4.301607	4.9374123
journey	5.703313	3.5203602	5.7009635
uncle	5.5462484	4.2028465	5.4476986
species	5.663635	4.2954063	5.314148
think	5.5417433	4.2099195	5.6817875
bed	5.5716424	3.90126	5.6636806
wind	4.789561	4.3932323	5.009968
bless	6.4917316	3.842136	5.946593
destroy	4.1679425	4.58567	4.656167
author	5.7333713	4.3714356	5.59113
sustain	5.430315	4.202698	5.4725604
black	4.9124813	3.8352334	5.003115
event	5.253242	4.3250637	5.092572
liberty	6.0228677	4.3305416	5.7012153
negro	5.1842623	4.36605	4.850048
little	5.9576902	3.8611553	5.7728767
fortune	5.882358	4.408579	5.5065875
touch	6.041024	4.097999	5.861069
kill	4.647052	4.773592	4.908223
feature	5.8470306	4.190886	5.8076577
happiness	6.2755423	4.31606	5.927949
assume	4.9773226	3.9642594	5.359966
notion	4.715289	4.387175	4.8567324
purchase	5.524974	3.9165795	5.644106
faithful	5.1866665	4.3461537	5.737854
soldier	4.998472	4.3546567	5.3595805
father	5.525556	3.956871	5.352027
narrow	4.1433163	3.517228	4.639111
great	5.6931324	4.203195	5.7735972
tear	5.1858773	4.014561	5.237758
honorable	5.060311	4.463981	5.455207
previous	5.2384334	3.989056	5.1552134
good	6.078925	4.128587	6.030892
domestic	5.75075	4.0330186	5.806768
glory	6.4796877	4.3100224	6.081098
lay	5.6748457	3.6057248	5.6824336
occasion	5.2257442	4.4106684	5.3442397
guard	4.9785995	4.455694	5.531645
whole	5.654427	3.8414268	5.5179505
mouth	5.0562444	4.293476	5.146312
receive	6.1633453	4.0972137	6.0304003
take	5.3606234	3.851267	5.476623
simple	6.2917585	3.9138596	5.905319
error	3.7973208	4.4893427	4.4563327
wisdom	6.0708385	3.8606293	5.8227377
rock	6.044848	3.9878309	5.5747943
decide	5.1283402	4.2389007	5.405024
exclaim	5.9450846	4.5852513	6.135394
assure	5.8342886	4.184048	5.6678853
sign	4.970104	4.243683	5.8390813
preserve	6.055079	3.9369335	5.601168
commerce	5.521998	4.0271893	5.437846
plant	5.626761	3.521835	5.6716747
walk	5.515472	3.904715	5.724588
difference	5.2521086	3.7254808	5.340084
hang	4.852483	4.1804686	4.9402385
following	5.923783	3.937834	5.6865144
employ	5.6794524	3.7273693	6.059507
