deal	4.9104843	4.4460707	5.538765
study	6.4119325	3.984006	6.225993
afford	6.140342	4.253232	6.0010767
service	5.7958546	3.8541796	6.0302644
height	5.237432	4.0780654	5.2212996
prospect	6.4471946	4.640484	5.9528537
pleasant	6.665281	3.5432122	5.928415
shade	5.7256804	3.4351697	5.7721596
listen	5.684065	4.038659	5.6456623
mighty	5.3784347	4.5780363	5.5136533
country	5.7088327	4.1666985	5.627652
title	6.261996	4.048691	5.874857
choose	5.514459	3.6128814	5.743873
village	5.5269885	3.9404624	5.371365
acquire	6.2617526	3.8541498	6.389123
rank	5.2158637	4.514109	5.539359
bow	5.588612	3.4226744	5.7851057
doctor	4.9764957	3.7566051	5.2585073
talent	6.6149664	4.4697437	6.618559
source	6.1596103	4.011937	5.7947464
lead	5.3916216	4.0879245	5.5466404
question	5.033928	4.3713403	5.322958
publish	5.76865	4.343229	5.5304236
interest	5.9169283	4.2454195	5.852366
serve	5.678732	3.7392743	5.967265
divine	5.869017	4.2721157	5.2723002
put	5.2082253	3.6848805	5.4057903
shadow	5.0112963	3.4591835	5.2419972
practical	5.8904605	3.9642441	5.8685427
surface	5.495211	3.5361326	5.540144
account	5.402654	4.2908335	5.5059304
loss	4.464029	4.5150757	4.712617
indian	5.451795	4.315384	5.1482186
vine	5.310846	3.9578333	5.070576
certain	5.5261683	4.207452	5.6080112
sin	3.8285427	4.370349	4.190125
necessity	5.078065	4.2755184	5.0191026
lose	5.1120977	4.013173	5.2759647
private	5.2990828	4.1438413	5.6270266
gentleman	6.264558	4.0960293	6.079238
daughter	6.016783	4.0937595	5.5906324
drive	4.5929537	4.5719366	4.707282
strange	5.223855	4.5279217	5.008832
journey	5.873594	3.7577288	5.781688
uncle	5.754793	4.064116	5.3344274
species	5.687778	4.1147118	5.293809
think	5.6353283	4.1865335	5.6975718
bed	5.4046965	3.8830774	5.491497
wind	5.135069	3.995882	5.187707
bless	6.2958164	4.1464386	5.9990306
destroy	3.818739	4.6770782	4.540908
author	5.9089384	4.436611	5.597761
sustain	5.415048	3.9353428	5.3746595
black	5.0082436	4.020634	5.1677833
event	5.617795	4.2324142	5.395864
liberty	5.8133183	4.62363	5.765006
negro	5.351063	4.5472703	5.4048476
little	6.008967	3.8469746	5.733545
fortune	6.1612706	4.836028	5.86719
touch	5.7139144	3.8413227	5.639215
kill	4.3062854	4.897585	4.723675
feature	5.73577	3.9650931	5.6154675
happiness	6.542402	4.672079	6.1432776
assume	5.2600174	3.8750505	5.673456
notion	5.018406	4.2313175	4.6845307
purchase	5.5225863	4.012295	5.462172
faithful	6.464197	3.804472	6.294294
soldier	4.9003916	4.4483237	5.5171647
father	5.8595304	3.996653	5.477873
narrow	4.4245205	3.4392831	4.938718
great	5.9842753	4.309991	5.905594
tear	4.391589	4.0508957	4.3999844
honorable	5.3705378	4.2838907	5.539863
previous	5.7634892	3.9819536	5.6833324
good	6.079553	4.1508517	6.0534115
domestic	5.644595	3.7717543	5.6521406
glory	6.5038366	4.3866973	6.0305343
lay	5.2758684	3.7657077	5.4601054
occasion	5.662657	4.340673	5.563633
guard	4.619751	4.176337	5.6491117
whole	5.7867417	3.8545153	5.6461096
mouth	4.9265776	4.1635494	5.2529807
receive	5.994548	4.096727	5.9454703
take	5.4411387	3.8147266	5.5823956
simple	6.600158	3.7742522	6.016808
error	4.1391826	4.315696	4.705002
wisdom	7.3390136	3.5301564	6.660584
rock	5.5267434	4.2992516	5.2504153
decide	5.331526	4.22282	5.734336
exclaim	5.706733	4.6398373	5.895749
assure	6.197585	4.205823	5.9134984
sign	5.2643175	4.266762	5.879083
preserve	5.941059	3.7987418	5.87572
commerce	5.8353863	4.0350924	5.7616115
plant	5.3695507	3.9691164	5.426495
walk	5.8775826	3.540474	5.9066014
difference	5.0139756	3.9119983	5.223469
hang	5.0188637	4.1356063	4.899364
following	6.1555037	3.8266282	5.9523077
employ	5.579512	3.7136838	5.8346124
