deal	4.8153977	4.305957	5.4008436
study	6.1361966	3.8885636	6.2854614
afford	6.311446	4.242839	6.075571
service	5.753756	3.9555945	5.780766
height	5.6911097	3.7926037	5.5595226
prospect	6.3114753	4.340025	5.615358
pleasant	6.7025223	3.4316273	6.196859
shade	5.885188	3.771628	5.7629814
listen	5.608808	4.0602565	5.5694895
mighty	5.682369	4.8137064	5.3561535
country	5.7544894	4.1370955	5.6602764
title	5.738732	3.9852083	5.709901
choose	5.191833	3.5676553	5.53076
village	5.744227	3.7693887	5.4443355
acquire	6.06745	3.6501765	6.3795147
rank	5.0943117	4.5521407	5.442212
bow	5.666862	3.610769	5.8107004
doctor	5.2993393	3.711538	5.377924
talent	6.5935335	4.4351606	6.578834
source	5.9330835	4.0732903	5.749655
lead	5.3497915	4.253464	5.6212425
question	5.2225404	4.16036	5.3911595
publish	5.4896564	4.211688	5.716873
interest	5.9572635	4.4294105	6.0760565
serve	5.5522313	3.8923542	5.8504176
divine	6.152058	4.321055	5.62225
put	5.163867	3.9016476	5.391369
shadow	5.326236	3.8425317	5.172224
practical	6.3375225	3.6867943	6.058219
surface	5.5514207	3.5509565	5.682599
account	5.616131	4.231892	5.541773
loss	5.0599937	4.2484236	4.89664
indian	5.2790384	4.0867457	5.003387
vine	5.9181137	3.465811	5.7637115
certain	5.5400515	4.132648	5.5272617
sin	3.5841057	4.4840193	4.2912464
necessity	4.8772926	4.3355703	4.954721
lose	5.207042	4.139619	5.351173
private	5.2572184	4.0824976	5.55223
gentleman	6.0402365	4.0934224	5.8508782
daughter	6.395988	4.0608144	5.774625
drive	4.9069195	4.347169	5.069426
strange	4.9934154	4.3848066	4.9600267
journey	5.900652	3.6031709	5.579457
uncle	5.5659475	4.155451	5.409598
species	5.582921	4.0182476	5.1548944
think	5.474951	4.194603	5.621087
bed	5.748118	3.6883266	5.6690273
wind	5.521751	4.028707	5.17283
bless	6.371334	3.9755216	6.0838165
destroy	4.222466	4.556125	4.600652
author	5.8731627	4.350762	5.7747874
sustain	5.586185	3.9696386	5.406105
black	4.480686	4.03012	4.794606
event	5.4313917	4.312209	5.3859963
liberty	5.709859	4.2105713	5.6804667
negro	5.2773447	4.2494392	5.036958
little	5.992153	3.8975723	5.7131343
fortune	5.8506656	4.4483647	5.456556
touch	5.80939	4.0306687	5.6334295
kill	4.3528376	4.8738027	4.7410717
feature	5.7607446	4.250878	5.772405
happiness	6.726804	4.0515532	6.233263
assume	4.9823685	4.0846753	5.45298
notion	5.0773926	4.024235	5.017833
purchase	5.4643226	3.7770305	5.733283
faithful	5.3958282	4.138178	5.9218497
soldier	4.978424	4.4865355	5.457617
father	5.812145	3.9450243	5.5755863
narrow	4.383111	3.6008446	4.9129066
great	5.9095044	4.177188	5.8619604
tear	4.815857	4.1674523	4.7761807
honorable	5.214938	4.394746	5.480947
previous	5.5389466	3.6034904	5.443422
good	6.1217737	4.0496554	6.1263785
domestic	5.6839395	3.8917954	5.8255043
glory	6.854269	4.4564915	6.2095056
lay	5.48835	3.6341026	5.5900598
occasion	5.555356	4.4041605	5.4117546
guard	4.608274	4.3993964	5.3703556
whole	5.7122245	3.8381677	5.6211267
mouth	5.099311	4.2912493	5.1032214
receive	5.948414	4.108173	5.8874826
take	5.384743	3.8599322	5.5564637
simple	6.6569953	3.8822079	6.043441
error	4.6258383	4.465322	4.829357
wisdom	6.5168633	3.4901679	6.3589163
rock	5.6215925	3.8994706	5.164744
decide	5.1034875	4.253169	5.4893456
exclaim	5.6517797	4.4638505	5.793503
assure	5.912745	4.320258	5.8358636
sign	5.1942334	4.2263603	5.6748123
preserve	5.988466	3.5704973	5.938383
commerce	5.4655657	3.9611223	5.641059
plant	5.720022	3.710731	5.6539035
walk	5.697118	3.716347	5.744596
difference	5.130331	4.0502005	5.393751
hang	4.668627	3.8133519	4.9456744
following	6.292846	3.9097564	5.9758325
employ	5.5458226	3.8249943	5.805253
