deal	4.964111	4.3361564	5.6202645
study	6.273401	3.879096	6.146055
afford	6.188929	3.9622517	6.123016
service	5.8530674	4.008232	5.9525075
height	5.559991	3.9385684	5.3445196
prospect	5.901205	4.152368	5.590416
pleasant	6.905941	3.3837137	6.376778
shade	5.929832	3.6690285	5.9326487
listen	5.5843415	3.85849	5.663703
mighty	5.698637	4.5824294	5.6542406
country	5.747503	4.1430836	5.6116185
title	5.648592	3.7011895	5.6317863
choose	5.4674425	3.779445	5.904215
village	5.845475	3.897868	5.378409
acquire	6.17839	3.9764636	6.504304
rank	5.5067387	4.575232	5.518431
bow	5.843492	3.7371056	5.88111
doctor	4.6824937	3.866652	5.1763287
talent	6.6365657	4.6275897	6.6168623
source	5.9647503	4.2630825	5.675081
lead	5.3785973	4.4236536	5.5677786
question	4.878932	4.134448	5.4501686
publish	5.667095	4.08775	5.669707
interest	5.884995	4.2944946	6.0079503
serve	5.86349	3.9816496	5.9248476
divine	5.7482414	4.3531623	5.2274094
put	5.315456	3.6891851	5.451862
shadow	5.315895	3.6999776	5.533182
practical	5.7010126	3.7546337	5.9764724
surface	5.6064615	3.3433378	5.412008
account	5.468146	4.278505	5.4416647
loss	4.780297	4.1846128	4.879138
indian	5.4584913	4.1830053	5.0326185
vine	5.5207534	3.4077826	5.3139334
certain	5.42644	4.217524	5.5184846
sin	4.0321536	4.389695	4.2587886
necessity	4.4856634	4.24747	5.044454
lose	5.639717	4.2276626	5.537805
private	4.9317303	3.9949532	5.32935
gentleman	6.137626	4.0989785	5.81991
daughter	6.056468	4.0458536	5.4295025
drive	4.7638144	4.689604	5.121864
strange	5.069968	4.522462	4.9665546
journey	6.212385	3.7710876	5.909079
uncle	5.715274	4.3050003	5.3173
species	5.5948725	4.057789	5.067254
think	5.474282	4.1937103	5.617338
bed	5.2938538	3.7420352	5.2859235
wind	5.1854067	4.180168	5.2345085
bless	6.0908136	3.7727046	5.755523
destroy	4.2879314	4.3600874	4.616128
author	5.871419	4.151019	5.639114
sustain	5.3057933	4.2054977	5.5287366
black	5.105274	3.8045952	5.19057
event	5.385754	4.305169	5.2560253
liberty	5.931521	4.4321127	5.5693493
negro	5.3082285	4.02476	5.1571293
little	5.9553585	3.852197	5.7637086
fortune	6.100112	4.4350657	5.875758
touch	5.8503127	4.3019004	5.700227
kill	4.3182507	4.713075	4.64887
feature	5.647875	4.129089	5.589884
happiness	6.750739	4.230159	6.2542343
assume	5.373857	3.939214	5.5716357
notion	5.1460085	4.569502	5.1018896
purchase	5.913419	3.9001377	6.015254
faithful	5.6610236	4.2387686	5.909017
soldier	5.079855	4.5432887	5.460588
father	5.6752353	4.0489163	5.2891426
narrow	4.4584184	3.9565535	4.823686
great	5.930823	4.2959585	5.8075294
tear	4.794189	4.201046	4.944396
honorable	5.392071	4.2504253	5.3998632
previous	5.424396	3.8718925	5.0260286
good	6.1564827	4.1195254	6.180269
domestic	5.7510805	3.875543	5.7230635
glory	6.5651326	4.2548437	5.998438
lay	5.595832	3.7612596	5.6970587
occasion	5.6435037	4.4095073	5.5134478
guard	5.089959	4.4177938	5.4790487
whole	5.878697	3.8241582	5.6191382
mouth	4.760061	4.1176276	5.093667
receive	5.9881845	4.067586	5.9551115
take	5.687282	3.8075547	5.6699
simple	6.7392726	3.7095716	6.2395644
error	4.1174726	4.626941	4.6035438
wisdom	6.8049994	3.7563345	6.5427237
rock	5.8115263	3.9926767	5.402849
decide	5.37484	4.1802106	5.8399796
exclaim	5.4073043	4.8499393	5.5975304
assure	6.09381	4.270352	5.9089375
sign	5.7304273	4.11935	5.847743
preserve	6.072253	3.5919325	5.7425847
commerce	5.720029	3.8363712	5.589477
plant	5.188765	3.7577512	5.441008
walk	5.953618	3.824144	5.7980323
difference	5.162758	3.7911546	5.519949
hang	4.8133125	4.1487327	5.0201025
following	6.109238	3.8227758	5.721646
employ	5.751844	3.9168966	6.0177174
