deal	5.037018	4.1221156	5.1885204
study	6.09332	3.8982158	6.094164
afford	5.9098773	3.865654	5.8429756
service	5.6980505	3.9567342	5.9616404
height	5.804985	4.1218505	5.8406806
prospect	6.2891054	3.8250897	5.806781
pleasant	6.9325085	3.5727904	6.056993
shade	5.725046	3.6356966	5.730049
listen	5.5762625	3.8870494	5.62355
mighty	5.697873	4.604633	5.291524
country	6.0142894	4.0237813	5.6946216
title	6.161669	3.8831415	5.7999372
choose	5.5583153	3.8558745	5.769054
village	5.934988	3.8826206	5.2803297
acquire	6.126074	4.3063097	6.3465757
rank	5.6616697	4.489236	5.647374
bow	5.6847873	3.5586634	5.6970797
doctor	5.1942124	3.3589585	5.3236976
talent	6.059939	4.629833	6.2470875
source	5.225651	3.6601858	5.27116
lead	5.358628	4.106022	5.5257907
question	5.08582	4.0734367	5.4514937
publish	5.6623526	4.0210447	5.5459046
interest	6.002081	4.0791454	5.9453773
serve	5.284935	3.85999	5.705589
divine	5.839165	4.2413054	5.3942895
put	5.2314444	3.9207845	5.450498
shadow	5.417019	3.8821907	5.3021035
practical	5.9953136	3.9350765	6.0952764
surface	5.931491	3.2832484	5.6852765
account	5.2938557	4.193875	5.449154
loss	4.645485	4.378902	4.615952
indian	5.1686273	4.285644	4.9434996
vine	5.6060557	3.7979488	5.3875012
certain	5.233261	4.0714364	5.4916883
sin	4.6287155	4.36975	4.777374
necessity	5.026341	4.580706	5.197805
lose	5.475711	4.134188	5.367088
private	5.115289	4.0860925	5.526038
gentleman	6.147507	4.134896	5.8347244
daughter	6.292155	4.010388	5.820534
drive	4.548952	4.8418007	4.7762465
strange	5.0002003	4.3261595	5.0126104
journey	6.0506477	3.6073942	5.523532
uncle	5.866794	3.806458	5.5236993
species	6.151452	3.9629858	5.2555566
think	5.6082153	4.216168	5.590883
bed	5.5467834	3.6738956	5.4697447
wind	5.5046644	3.9804215	5.2839403
bless	6.1221204	3.8619223	5.718987
destroy	4.2450314	5.0042315	4.5644383
author	5.7794275	4.0812426	5.681798
sustain	5.452679	4.187843	5.3016963
black	4.9943657	3.7980256	5.0500116
event	5.6236663	4.108696	5.427779
liberty	5.889785	4.270153	5.6392794
negro	5.1705856	4.0716677	5.1862154
little	5.820055	3.7860723	5.7516394
fortune	6.0484023	4.477132	5.7017736
touch	5.679649	4.162787	5.444641
kill	4.464511	4.8187895	4.5626683
feature	5.3652396	3.873557	5.61633
happiness	6.604903	4.2726493	5.8973455
assume	5.0637064	4.0337353	5.7719917
notion	4.9200344	4.3526645	5.045015
purchase	5.8846545	4.0787573	5.7917805
faithful	6.1038256	3.6129324	5.8425455
soldier	4.94368	4.2672677	5.2733736
father	5.6434274	3.8359828	5.51755
narrow	4.7721634	3.2758994	4.993558
great	5.946366	4.1646256	5.8707438
tear	4.526536	4.1232724	4.596504
honorable	5.5146847	4.3218946	5.5434813
previous	5.2033024	3.8123925	5.406525
good	5.95712	4.007727	5.90357
domestic	5.769192	3.8904479	5.7227554
glory	6.7365084	4.5590773	6.16283
lay	5.58531	3.6669064	5.605545
occasion	5.463036	4.237315	5.5503273
guard	4.5159836	4.170953	5.413391
whole	5.9571333	3.8035	5.8130183
mouth	4.967305	4.0864606	5.161811
receive	5.9207063	4.075093	5.89634
take	5.4089518	3.864171	5.576612
simple	6.119075	3.9583113	5.55613
error	4.165595	4.1344824	4.7487392
wisdom	6.6854467	3.6191094	6.425968
rock	5.6046143	4.1209807	5.18753
decide	5.3735256	4.0071864	5.7567596
exclaim	5.500665	4.441957	5.6153474
assure	6.5033226	4.110711	6.055695
sign	5.552752	4.0071325	6.062288
preserve	6.1300673	3.6236303	5.6952686
commerce	6.2277756	3.846586	5.893261
plant	5.53188	3.8714826	5.5861897
walk	6.023178	3.8044455	5.9125214
difference	4.8668137	3.761232	5.46801
hang	4.982111	3.83643	4.9205217
following	5.9125633	3.7351506	5.8259006
employ	5.4882965	3.95196	6.0862575
