deal	4.635726	4.321385	5.13337
study	6.4201517	3.9685118	6.2665234
afford	5.9610224	3.9537783	5.8736277
service	5.818229	4.0663	6.0357966
height	5.9051723	4.2294683	5.5960207
prospect	6.2266893	4.351313	5.718614
pleasant	6.874351	3.4342499	6.000386
shade	6.015715	3.5225852	5.880175
listen	5.3808575	3.867744	5.367753
mighty	5.438968	4.371702	5.3952436
country	5.650223	4.0500455	5.5527287
title	5.8718605	3.8778408	5.9070454
choose	5.4907293	3.7795644	5.8540053
village	5.574494	4.062617	4.952182
acquire	5.9860215	3.9788072	6.205313
rank	4.996545	4.593218	5.3448534
bow	5.759545	3.3469234	5.6407
doctor	5.0489197	3.8857386	5.182076
talent	6.4846873	4.6955833	6.4624033
source	6.0495114	3.827993	5.794716
lead	4.9850874	4.220454	5.4136424
question	5.101963	4.401703	5.4720516
publish	6.110107	3.9870615	5.756892
interest	5.7574196	4.1993756	5.761311
serve	5.638405	3.7526238	6.08882
divine	5.815779	4.4343653	5.7427497
put	5.345621	3.8360238	5.593545
shadow	5.2474384	3.6921587	5.3289175
practical	5.976283	3.7772543	6.2188854
surface	5.8223715	3.5412617	5.5625944
account	5.417784	4.3760242	5.405665
loss	4.568089	4.4810925	5.0096655
indian	5.361465	4.0509744	4.951228
vine	5.8973184	3.780923	5.4896307
certain	5.43444	4.178626	5.5719795
sin	3.9825075	4.6458025	4.607505
necessity	4.9663982	4.4069486	5.0883455
lose	5.1700277	4.169996	5.2959375
private	5.085074	4.0165653	5.354585
gentleman	6.1768537	4.1252203	5.8617206
daughter	6.0838003	4.079103	5.5327377
drive	5.146174	4.5125175	5.1911635
strange	5.062999	4.499037	5.013569
journey	6.310759	3.8059287	5.6010165
uncle	5.73036	4.207842	5.4394584
species	6.1997876	4.1967335	5.690906
think	5.5639377	4.156142	5.645041
bed	4.887547	3.6445293	5.117473
wind	5.4695086	4.2137184	5.2198496
bless	6.039841	3.8825674	6.13359
destroy	4.1573224	4.553197	4.36501
author	6.3248425	4.345638	5.9745283
sustain	5.7842607	3.879829	5.585886
black	4.6404624	4.033216	5.0367584
event	5.387835	4.3092594	5.217969
liberty	5.311739	4.1663675	5.542376
negro	5.1764936	4.125502	5.3048186
little	5.755209	3.7513602	5.667732
fortune	5.896789	4.5499935	5.6368976
touch	5.876261	4.007706	5.5644927
kill	3.9394584	5.030159	4.445165
feature	5.870755	4.272081	5.757697
happiness	6.142953	4.251454	5.936167
assume	5.2300735	4.008518	5.5674663
notion	4.6166987	4.20831	4.8427267
purchase	5.4638343	3.9324496	5.710456
faithful	6.144868	3.9127247	5.829339
soldier	4.982118	4.4353814	5.4299154
father	5.6237235	4.0182304	5.2967024
narrow	4.699286	2.9355044	4.9491777
great	5.8099594	4.265993	5.760874
tear	4.4101295	4.1713324	4.5522876
honorable	5.332058	4.34267	5.575784
previous	5.081763	3.9117155	5.021609
good	5.9174805	4.194205	5.958156
domestic	5.715035	3.8852367	5.67523
glory	6.740644	4.550214	6.1608586
lay	5.715819	3.6301951	5.7110624
occasion	5.713775	4.4357166	5.6611314
guard	4.839261	4.3282237	5.5608897
whole	5.6346073	3.9108038	5.574465
mouth	5.0384617	4.0913134	5.1335745
receive	5.994491	4.010967	5.946917
take	5.5055003	3.8571265	5.6191535
simple	6.6414375	3.8226619	5.9065886
error	4.147002	4.3049417	4.7124915
wisdom	6.660645	3.9173105	6.608381
rock	5.6905437	4.4116607	5.4784517
decide	4.958353	4.3669505	5.4799404
exclaim	5.7286305	4.289585	6.067087
assure	5.8482213	4.213689	5.7994347
sign	4.968687	4.052108	5.772666
preserve	5.5727515	3.6612515	5.8785396
commerce	5.6892257	3.581418	5.79196
plant	5.5554376	3.7825267	5.4791145
walk	5.945077	3.935898	5.7557735
difference	5.112317	3.8110514	5.3909397
hang	4.7939076	4.1633906	5.0908127
following	5.962567	3.895991	5.834608
employ	5.8573766	3.7994473	5.920895
