deal	5.2921777	4.545534	5.7724094
study	6.3205156	3.931192	6.1579266
afford	6.205397	3.9986348	6.0667663
service	5.7788215	3.8781478	5.9255414
height	5.508813	3.9866223	5.5737915
prospect	6.027713	4.0971155	5.6587234
pleasant	6.8586802	3.6109993	6.1724615
shade	5.820352	3.5612721	5.7405877
listen	5.7227206	3.7269592	5.820643
mighty	5.5015397	4.3050904	5.4102798
country	5.7323523	4.1496663	5.6808724
title	5.6719036	3.6267128	5.548865
choose	5.591707	3.725081	5.8816156
village	5.7688503	3.9917047	5.282961
acquire	6.0726433	3.884366	6.343501
rank	5.25499	4.322404	5.447419
bow	5.6965876	3.261602	5.5204964
doctor	5.0707264	3.6336334	5.536016
talent	6.479431	4.613913	6.5461736
source	5.8034105	3.9673176	5.469873
lead	5.235697	4.2892613	5.59548
question	5.2097545	4.12412	5.621741
publish	5.854738	3.8895905	5.2463503
interest	5.9732523	4.127742	5.909904
serve	5.426169	3.73857	5.9533386
divine	5.7744813	4.4288936	5.250693
put	5.227221	3.8695235	5.460118
shadow	5.24535	3.832795	5.259342
practical	6.054642	4.1576543	6.0771937
surface	5.699114	3.3720863	5.592838
account	5.428824	4.282713	5.3635798
loss	4.499215	4.193238	4.683673
indian	5.4717426	4.060843	5.387889
vine	6.0279593	3.9596727	5.4218535
certain	5.4625435	4.1922007	5.5112977
sin	3.8872416	4.1874413	4.2039795
necessity	4.811596	4.392644	5.2448645
lose	5.4093	4.096061	5.34947
private	5.2212973	4.078982	5.380817
gentleman	5.7932982	4.176471	5.743825
daughter	5.9101734	3.7963238	5.3840275
drive	4.6766167	4.4199467	4.8244896
strange	5.278506	4.355686	5.0355625
journey	6.3012905	3.380299	5.840482
uncle	5.697265	4.313846	5.3879843
species	5.5250454	4.259413	5.4720798
think	5.5562124	4.2010145	5.6280484
bed	5.396925	3.5166066	5.499206
wind	5.239801	4.0227127	5.1320076
bless	6.3579865	3.6462123	5.891254
destroy	4.1451554	4.5462894	4.7572503
author	5.662336	4.2623844	5.441512
sustain	5.184291	4.1772003	5.462213
black	4.7191324	3.9371655	4.963177
event	5.365337	4.054572	5.359679
liberty	5.779996	4.2310953	5.610921
negro	4.6823945	4.162479	4.9985895
little	5.9942126	3.8660307	5.814754
fortune	6.0986457	4.321451	5.785166
touch	5.684779	4.1720324	5.6960287
kill	4.201547	4.999029	4.8396626
feature	5.823606	4.19027	5.9221554
happiness	6.8902564	4.3019056	6.2486506
assume	5.308175	3.9908226	5.7101545
notion	4.8765736	4.1144094	5.1022925
purchase	5.45315	3.9042306	5.4647155
faithful	5.9461718	4.1062584	5.8884554
soldier	5.1421475	4.477745	5.531966
father	5.681055	3.6596484	5.4090557
narrow	4.328696	3.6364176	4.993842
great	5.868102	4.2300143	5.815487
tear	4.582817	3.9623675	4.768216
honorable	5.2578955	4.209006	5.753622
previous	5.137884	3.6143456	5.0064964
good	5.986922	4.04298	6.016442
domestic	5.91161	3.913204	6.016543
glory	6.213128	4.490775	5.9025087
lay	5.4378023	3.663105	5.63933
occasion	5.369522	4.3575234	5.4737663
guard	4.838291	4.353079	5.5565567
whole	5.7073836	3.826206	5.766699
mouth	5.543077	4.169821	5.487376
receive	6.035636	4.0194864	5.9343925
take	5.3650346	3.8423796	5.6463394
simple	6.334397	3.8662302	6.018835
error	4.3538837	4.349244	4.9971538
wisdom	6.7338405	3.6130269	6.3713346
rock	5.8387814	4.0405526	5.638426
decide	5.500812	4.1230702	5.590227
exclaim	5.673268	4.542589	5.902128
assure	6.0709667	4.248742	5.8203654
sign	5.181774	4.080623	5.595989
preserve	6.421916	4.014555	6.24062
commerce	5.8269076	3.627253	5.8924675
plant	5.5684195	3.94597	5.6052246
walk	5.891551	3.7746942	5.88534
difference	4.97176	3.8691201	5.14942
hang	4.686587	4.046988	5.1722918
following	5.714986	3.7937613	5.5974183
employ	5.602885	3.8603256	6.0301723
