deal	4.602824	3.9339547	5.3507276
study	6.5206485	4.122348	6.264931
afford	6.2235837	4.083316	5.998539
service	5.78328	4.027713	5.946427
height	6.0402684	3.9583118	5.7836146
prospect	6.5610814	4.4393873	5.82781
pleasant	6.547747	3.3419042	6.088064
shade	5.9202695	3.5000577	6.1227264
listen	5.451417	3.733016	5.7361307
mighty	5.607172	4.6223803	5.316142
country	5.7138977	3.9860656	5.619209
title	6.089802	3.935146	5.6933265
choose	5.4962707	3.6057956	5.887108
village	5.7470036	3.605002	5.4901447
acquire	6.5064383	4.0248265	6.2403584
rank	5.41344	4.353107	5.450739
bow	5.6591706	3.430154	5.711692
doctor	4.6414475	3.4751298	5.0981054
talent	6.0934033	4.7293425	6.2073884
source	5.70988	4.184322	5.6171784
lead	5.0899563	4.3029494	5.2701144
question	4.8397303	4.208453	5.3748236
publish	5.397691	3.9223526	5.5016394
interest	5.7904177	4.2650566	5.876176
serve	5.517512	3.7777467	5.8008413
divine	6.058218	4.329322	5.4916267
put	5.2002273	3.8568509	5.4572215
shadow	5.225412	3.970605	5.4367085
practical	6.152532	3.6621807	6.3956223
surface	5.579582	3.500453	5.649523
account	5.1934085	4.167709	5.313812
loss	4.4180255	4.2844315	4.5986567
indian	5.492581	3.9882867	5.2954354
vine	5.6330075	3.5837765	5.498188
certain	5.267775	4.143908	5.5029106
sin	4.1096425	4.475873	4.5635333
necessity	4.981289	4.3241043	5.199541
lose	5.364612	4.046973	5.3753376
private	4.781617	4.147878	5.2362876
gentleman	6.0317187	4.152598	5.79573
daughter	6.35646	4.036703	5.771695
drive	4.8430657	4.464246	4.759132
strange	5.1859426	4.530479	5.0430484
journey	6.230586	4.028687	5.4120483
uncle	5.757137	4.297465	5.5717874
species	5.5786996	4.060197	5.47545
think	5.31753	4.26379	5.5463424
bed	5.245713	3.870227	5.1670036
wind	5.391506	4.281461	5.2104473
bless	6.43745	3.763726	5.92101
destroy	4.2957435	4.3463683	4.6375346
author	5.862184	4.1502185	5.7291636
sustain	5.435199	4.1254888	5.546151
black	4.82542	3.823464	5.2169313
event	5.440848	4.202266	5.3177333
liberty	6.0245895	4.26085	5.698726
negro	5.6413054	4.102928	5.684961
little	5.7205505	3.871448	5.657702
fortune	5.9264255	4.638686	5.584614
touch	5.7371864	4.1679792	5.524201
kill	4.2103276	4.8415074	4.428782
feature	5.75345	4.1032953	5.798776
happiness	6.853462	4.280732	6.144064
assume	5.126925	3.8574796	5.331981
notion	5.1767974	3.9834042	5.124751
purchase	5.624619	3.8127887	5.8165994
faithful	5.994289	3.9206064	6.021969
soldier	5.2231936	4.353916	5.379025
father	5.6595016	4.0326643	5.4115605
narrow	4.558586	3.7287292	5.123888
great	5.813749	4.1736293	5.785428
tear	4.1625266	3.9592357	4.6869082
honorable	5.218966	4.1968393	5.376355
previous	5.243384	3.5560799	5.294177
good	6.0401244	4.015213	6.037853
domestic	5.917044	3.7659872	5.948663
glory	6.70518	4.3831606	6.028908
lay	5.383604	3.6670518	5.485211
occasion	5.34134	4.12533	5.3332443
guard	5.1769304	4.139421	5.6464524
whole	5.662565	3.9798143	5.620955
mouth	4.7659245	4.2259765	5.1368327
receive	5.754661	4.1429157	5.687206
take	5.477329	3.7429554	5.571164
simple	6.066646	3.873205	5.8752503
error	3.9218442	4.0677805	4.772506
wisdom	6.867527	3.7308958	6.51329
rock	5.7440705	4.252055	5.320692
decide	5.2604585	4.0029993	5.767088
exclaim	5.637636	4.286512	5.8862486
assure	6.426736	4.006748	6.039184
sign	5.285079	4.1978893	5.731916
preserve	6.0585856	3.4709604	5.7477713
commerce	6.3350153	3.8738515	6.046084
plant	5.4240217	3.748555	5.3384576
walk	6.0234666	3.7236512	5.9428277
difference	4.916828	3.7245524	5.2046857
hang	4.977653	3.8888314	5.0374775
following	6.1171813	3.7477198	5.900389
employ	5.407702	3.7613149	5.6413903
