deal	4.541562	4.4457507	5.5138283
study	6.0051203	4.0192747	6.0260468
afford	6.1836324	4.0327616	5.9810023
service	5.3263154	3.974644	5.8151655
height	5.9000864	4.0248213	5.5322804
prospect	6.339088	4.2359147	5.676236
pleasant	6.3894415	3.7137167	6.0556808
shade	5.4453397	3.5965357	5.7970595
listen	5.4716983	4.037414	5.614086
mighty	5.759592	4.295775	5.4900618
country	5.621604	4.3422995	5.539585
title	5.8320627	3.7517188	5.765656
choose	5.664446	3.9490063	5.808795
village	5.607898	3.844725	5.5010247
acquire	5.798259	3.970107	5.9790087
rank	5.6212983	4.593161	5.500926
bow	5.695884	3.3560019	5.6987286
doctor	4.6107454	3.740461	5.0951657
talent	6.2854447	4.495837	6.190001
source	6.073041	4.2872925	5.611283
lead	5.0763493	4.2599244	5.5078077
question	4.978589	4.2064276	5.264201
publish	5.64486	4.0178566	5.546695
interest	5.7688155	4.3144846	5.807586
serve	5.491369	3.9049106	5.8048763
divine	5.8452563	4.329064	5.3376102
put	5.2849846	3.879974	5.3995037
shadow	5.3523173	3.6965284	5.3356338
practical	5.6084046	3.7456744	5.8877273
surface	5.84824	3.3640268	5.5759106
account	5.2804494	4.3016267	5.3698077
loss	4.539586	4.273107	4.723835
indian	5.2401466	4.1403213	5.2565346
vine	6.007166	3.7073853	5.5936236
certain	5.5227003	4.2114654	5.429515
sin	3.9265795	4.3940325	4.4409447
necessity	5.052192	4.506209	5.2432814
lose	5.2520313	4.220818	5.290742
private	5.0831594	4.1508512	5.393134
gentleman	5.9922786	4.454446	5.8751044
daughter	6.2317557	4.1087584	5.7151837
drive	4.5468388	4.509301	5.008568
strange	5.187062	4.766211	5.031263
journey	6.2511206	4.0695715	5.6795654
uncle	5.610692	4.4754586	5.242504
species	5.359594	4.178956	5.0116167
think	5.600634	4.295043	5.6238666
bed	5.6286597	3.8767517	5.5802417
wind	5.1171036	4.102702	5.1285744
bless	6.1092076	3.8517518	5.966472
destroy	4.242247	4.509346	4.6863174
author	5.7912755	4.4740124	5.7222424
sustain	5.6138415	3.8747783	5.412884
black	4.7048006	3.9774432	5.0520167
event	5.648288	4.4230614	5.465814
liberty	5.695733	4.4049916	5.5864277
negro	5.15615	4.6350474	5.123027
little	5.8635135	3.8539767	5.552985
fortune	5.8731513	4.4693627	5.5659204
touch	5.8745813	4.205017	5.688487
kill	4.2714067	5.3005147	5.081277
feature	5.8122716	4.344497	5.8110843
happiness	6.6177645	4.3846684	6.101818
assume	5.0892606	4.096039	5.3179293
notion	4.786227	4.3631334	5.083392
purchase	5.6157017	4.008271	5.941621
faithful	6.173634	4.043311	6.08163
soldier	5.440804	4.3610153	5.491713
father	5.3921967	4.0470185	5.279792
narrow	4.2725115	3.8281302	4.624783
great	5.938582	4.2591944	5.8857827
tear	4.7035666	4.1335998	4.77497
honorable	5.0670547	4.291335	5.188068
previous	5.3756657	3.6339343	5.3944755
good	6.0062156	4.189018	6.0154934
domestic	5.6660004	4.1422033	5.623459
glory	6.52118	4.4918656	6.0213504
lay	5.4240694	3.5747998	5.6393485
occasion	5.430125	4.258707	5.4861746
guard	5.506094	4.2796845	5.8099985
whole	5.83452	3.91286	5.573342
mouth	5.1719966	4.368242	5.158432
receive	6.0431337	4.188712	5.904275
take	5.451483	3.8553274	5.70315
simple	6.4341507	3.9083245	5.9578586
error	3.7384782	4.5837793	4.69119
wisdom	6.674287	3.9269824	6.0586286
rock	5.869059	4.0172124	5.537083
decide	5.237067	4.0697584	5.7381477
exclaim	5.4236135	4.553517	5.682416
assure	6.0102453	4.4112306	5.8701897
sign	5.3550425	4.00351	5.961551
preserve	6.0609303	3.6501698	5.8196144
commerce	5.9191236	3.939604	5.8563075
plant	5.6125374	3.714425	5.467069
walk	5.5246253	3.745921	5.837626
difference	5.310566	3.7004843	5.4654155
hang	4.8396297	4.2165174	5.0813637
following	6.1473775	3.8921933	5.9508576
employ	5.646145	3.763157	5.876278
