deal	4.5393353	4.4665155	5.0295515
study	5.9544406	3.835645	6.0691466
afford	6.144585	4.2135735	5.8951073
service	5.7135096	4.2220836	5.8728127
height	5.7471557	3.8010273	5.529839
prospect	6.456631	4.2986803	5.7292366
pleasant	6.7900157	3.4200559	6.1592073
shade	5.6143556	3.4227073	5.651902
listen	5.8171434	4.038452	5.919033
mighty	5.520078	4.529646	5.3293
country	5.7303085	4.1837287	5.558909
title	5.738046	3.9329133	5.6839027
choose	5.499554	3.689283	5.827399
village	5.636715	3.917428	5.2727537
acquire	6.0187273	4.1168337	6.238774
rank	5.269426	4.3840394	5.444643
bow	5.4853754	3.1452162	5.9185996
doctor	4.9938555	3.9737723	5.1539583
talent	6.5257263	4.512392	6.4377174
source	5.775634	3.7592032	5.703982
lead	5.6067543	4.2715445	5.6713963
question	4.939996	4.1832438	5.327684
publish	5.610347	4.1525683	5.427026
interest	5.6788974	4.5567737	5.7587614
serve	5.5730624	3.9397032	6.026158
divine	5.7618995	4.3390145	5.2726974
put	5.35207	3.8503587	5.455946
shadow	5.150966	3.6966467	5.0834928
practical	5.743357	3.620438	6.034808
surface	5.6215982	3.274807	5.6733594
account	5.251543	4.3293843	5.4009356
loss	4.441367	4.2773056	4.6075525
indian	5.262829	4.23019	5.28298
vine	5.5710716	4.1136756	5.216331
certain	5.4949822	4.3445983	5.4890327
sin	3.6453722	4.0404353	4.248725
necessity	5.0818124	4.5484457	5.131425
lose	5.160151	4.025319	5.3967066
private	4.980048	4.2996616	5.5070186
gentleman	6.0421515	3.9633768	5.8503866
daughter	6.1242943	3.9327343	5.8622866
drive	4.6782665	4.623061	4.9447746
strange	5.1618195	4.388685	5.1250896
journey	5.8810315	3.8052602	5.39949
uncle	5.6985455	4.1037726	5.4646173
species	5.4550004	3.701871	5.1769023
think	5.505252	4.143726	5.609726
bed	5.377004	3.5119326	5.3743415
wind	5.232121	4.1055627	5.119758
bless	6.1998324	4.0610857	5.9895225
destroy	4.110088	4.6908503	4.570232
author	5.9597936	4.1773806	5.6294885
sustain	5.3447304	4.0033607	5.4455547
black	4.961999	3.9951775	5.0104074
event	5.527709	4.492285	5.444223
liberty	5.860959	4.517005	5.843718
negro	5.1501884	4.6650667	4.825796
little	5.97773	3.8673778	5.8045983
fortune	5.781313	4.685095	5.4908133
touch	5.384782	4.245735	5.456851
kill	4.1825733	4.807741	4.5643196
feature	5.9861836	4.359441	5.8316
happiness	6.6262774	4.4505725	6.088774
assume	4.969591	4.188479	5.3038116
notion	5.1968455	4.329713	5.098085
purchase	5.027261	4.3003335	5.6666064
faithful	6.0227594	3.7834656	6.042343
soldier	4.925983	4.4500213	5.4811068
father	5.606151	3.983052	5.542088
narrow	4.6672044	3.4714923	5.0460753
great	5.7013884	4.1587534	5.7090073
tear	4.5906763	4.3537436	4.5960703
honorable	5.074893	4.4036465	5.356781
previous	5.301781	4.0281425	5.32049
good	6.01407	4.1409388	5.9402595
domestic	5.7940507	3.8848844	6.0085936
glory	6.7458467	4.5523376	6.1676126
lay	5.4683194	3.653634	5.5559297
occasion	5.5655556	4.3916526	5.4339447
guard	5.0305276	4.5363646	5.8108754
whole	5.753413	3.896717	5.6319504
mouth	5.137314	4.212239	5.3851395
receive	5.6709557	4.0139494	5.906828
take	5.538678	3.8813415	5.684685
simple	6.238692	3.956557	5.916973
error	4.3017693	4.091229	4.760264
wisdom	6.4432836	3.7755873	6.090223
rock	5.757599	3.8072352	5.345992
decide	5.1204205	4.260256	5.676175
exclaim	5.964616	4.8222213	6.0587187
assure	5.9570503	4.228784	5.7711754
sign	5.4649262	4.036758	5.6979346
preserve	6.3085623	4.042775	6.0708375
commerce	5.8630977	3.820307	5.8805056
plant	5.412532	3.9461153	5.4430118
walk	5.889319	3.7088442	5.8475566
difference	5.1849895	3.925112	5.3994236
hang	4.514554	4.2876725	4.8825693
following	6.30013	3.7643294	6.041744
employ	5.891778	3.8946686	6.0789876
