deal	4.8338623	4.3120365	5.1378803
study	6.4709363	3.8852055	6.44621
afford	6.1555605	4.1209807	5.8659368
service	5.8787193	3.736596	5.7040505
height	5.555839	3.6654615	5.5790668
prospect	6.365532	4.093205	5.51407
pleasant	7.1965475	3.3314126	6.2303376
shade	5.8493166	3.3581314	5.7287526
listen	5.284216	3.865688	5.618175
mighty	5.6339073	4.433295	5.558649
country	5.9279304	4.0370893	5.580249
title	5.5763	4.1481204	5.2427983
choose	5.551637	3.7951746	5.8305364
village	5.552226	4.1751733	5.3049397
acquire	6.287508	3.990648	6.516421
rank	5.449139	4.278837	5.381154
bow	5.720892	3.2496939	5.779064
doctor	4.644016	3.480085	5.003943
talent	6.625222	4.161777	6.715857
source	5.644529	4.058057	5.8940873
lead	5.3519793	4.144105	5.5308423
question	5.008908	4.2612886	5.300842
publish	6.294774	4.393607	5.877834
interest	5.940419	4.1412377	5.835385
serve	5.660272	3.6350577	6.02418
divine	5.7025127	4.2139473	5.272721
put	5.23518	3.9208603	5.357667
shadow	5.3497906	3.6262276	5.1797166
practical	6.11518	3.9852176	6.223823
surface	5.573237	3.4456694	5.659132
account	5.416048	4.3236504	5.298751
loss	4.8045473	4.056721	4.7072077
indian	5.264719	4.289858	5.220752
vine	6.0054083	3.9473207	5.492863
certain	5.4503264	4.2934566	5.440846
sin	3.865639	4.383032	4.0310373
necessity	5.1477456	4.1226444	5.2000685
lose	5.304318	4.1856775	5.185672
private	4.8326306	4.135438	5.2400537
gentleman	5.9147515	4.088573	5.6824865
daughter	6.057336	4.0564213	5.62167
drive	4.489984	4.591409	4.8161917
strange	5.105869	4.530214	5.014573
journey	6.137425	3.9719272	5.689757
uncle	5.896723	3.8303607	5.760741
species	5.5497074	4.0967245	5.197312
think	5.6218514	4.2650456	5.606054
bed	5.7642794	3.683048	5.434587
wind	5.0492296	4.067058	4.90973
bless	6.383971	4.1046124	6.0615315
destroy	4.2295384	4.6176596	4.761462
author	5.961364	4.384849	5.7628646
sustain	5.0263195	3.7069852	5.384222
black	4.5481853	3.9465408	4.753301
event	5.6443114	4.286057	5.3586817
liberty	5.9818325	4.1502957	5.819572
negro	5.5890384	3.8713696	5.098433
little	5.9477286	3.8211977	5.628451
fortune	6.1946645	4.395443	5.655256
touch	5.804839	4.05704	5.625739
kill	4.3214197	5.296006	4.762445
feature	5.649872	3.8059874	5.6235085
happiness	6.7284074	4.179638	6.032125
assume	5.0375814	3.9267473	5.242614
notion	4.7828827	4.2136316	4.880773
purchase	5.474864	3.8337526	5.592036
faithful	5.744654	4.0752416	5.7225513
soldier	5.0994306	4.21767	5.373018
father	5.580481	3.959799	5.5124297
narrow	4.6457148	3.5942461	4.9013414
great	5.837004	4.160738	5.641253
tear	4.6074405	4.095257	4.7458353
honorable	5.0327444	4.026392	5.1801195
previous	4.9087615	3.7299905	4.9939156
good	6.0806556	4.072723	5.8877554
domestic	5.5853686	3.6617332	5.640617
glory	6.657691	4.3678713	6.0707355
lay	5.490777	3.4090686	5.4814596
occasion	5.678655	4.3387957	5.564872
guard	4.814678	4.194815	5.402781
whole	5.799739	3.7672257	5.5711036
mouth	4.9001937	3.9173555	4.898753
receive	5.737837	4.0661707	5.6505146
take	5.5533214	3.8958306	5.5629196
simple	6.3158016	3.8688862	5.915032
error	4.229246	4.1120377	4.3576617
wisdom	6.613365	3.5547934	6.18613
rock	5.2440844	4.2067122	5.315212
decide	5.393719	4.194933	5.565559
exclaim	6.0052667	4.563862	5.867849
assure	5.740014	4.309762	5.4343925
sign	5.1906962	4.260271	5.699617
preserve	6.0618453	3.800925	5.87886
commerce	6.0347567	3.950833	6.0705166
plant	5.443447	3.7468421	5.429067
walk	5.89698	3.692273	5.796118
difference	5.354827	3.809055	5.317589
hang	4.657725	4.1166644	4.8711843
following	6.1486206	3.7445498	5.6951904
employ	5.885957	3.6833875	6.0431595
