deal	4.7840915	4.419287	5.5846505
study	6.1560183	3.9280803	6.2028174
afford	6.0699053	3.9669251	5.7858663
service	5.557132	3.9830756	5.7662196
height	5.7719274	4.350593	5.5948853
prospect	6.2125044	4.4018555	5.7558002
pleasant	7.0030518	3.2467377	6.287118
shade	5.7565727	3.5432658	6.071616
listen	5.336169	4.2518053	5.4778934
mighty	5.5847325	4.7186413	5.4974647
country	5.797146	4.114159	5.6258507
title	6.462586	3.6528482	6.002364
choose	5.6465178	3.567852	5.985023
village	5.709148	3.6974082	5.2466474
acquire	6.029457	3.8409715	6.032467
rank	5.1437087	4.238558	5.3753366
bow	5.742446	3.5368195	5.652156
doctor	4.673125	3.771557	5.308009
talent	6.2449017	4.5929685	6.372964
source	5.8037457	3.9573045	5.455419
lead	5.475139	4.1943545	5.756054
question	5.174059	4.4412556	5.549492
publish	6.0871315	4.141504	5.5848165
interest	5.9354076	4.373393	5.9666386
serve	5.437612	3.821528	5.815344
divine	5.7632174	4.310709	5.3970165
put	5.2733817	3.8266375	5.5748296
shadow	5.2756963	3.7276065	5.428548
practical	5.943526	3.8872826	6.105624
surface	5.6457767	3.5981534	5.706727
account	5.4831104	4.16672	5.3975487
loss	4.9534793	4.2903953	4.964541
indian	5.3513227	3.9829166	5.1841717
vine	5.8092556	3.5972018	5.8157563
certain	5.4679556	3.9434242	5.5630727
sin	4.2537146	4.468983	4.756903
necessity	5.036257	4.448769	5.3206105
lose	5.567859	3.984188	5.515666
private	4.946812	4.093445	5.2519584
gentleman	6.170968	4.192401	5.9708242
daughter	6.0435867	4.0119405	5.717953
drive	4.992839	4.463269	4.9747534
strange	5.1781955	4.2662597	4.961684
journey	6.4686747	3.6920407	5.777714
uncle	6.0087886	3.8862028	5.7712975
species	5.4144096	4.2644825	5.3579235
think	5.579622	4.206536	5.7075777
bed	5.2632647	3.7979982	5.3424335
wind	5.0642586	4.158826	5.0476174
bless	6.3086643	4.0628395	6.0734673
destroy	4.069485	4.62936	4.545349
author	6.119283	4.3215184	5.712237
sustain	5.3553915	3.938708	5.1933727
black	4.794767	4.0884147	4.945376
event	5.6081467	4.5001864	5.4333787
liberty	5.6977057	4.322887	5.625532
negro	5.290971	4.4996424	5.3687077
little	5.921493	3.7665043	5.7353497
fortune	5.9869637	4.520584	5.6623306
touch	5.5677233	4.008476	5.465179
kill	4.4776998	5.003874	4.918583
feature	5.6140046	4.1348453	5.7057266
happiness	6.646082	4.3723235	6.249344
assume	5.5342717	3.7633471	5.571914
notion	5.176728	4.0788283	5.2423797
purchase	5.5913944	3.9014058	5.772587
faithful	5.469824	3.9500017	5.684138
soldier	5.0640106	4.191459	5.42896
father	5.5993986	3.8908732	5.4439797
narrow	4.2542806	3.403318	4.6999855
great	5.902806	4.1939816	5.854494
tear	4.559574	3.992123	4.9212933
honorable	5.290423	4.1815166	5.3304167
previous	5.3408365	3.7093759	5.1377134
good	6.041649	4.0437036	6.0226073
domestic	5.7652936	3.930699	5.7281365
glory	6.866351	4.78973	6.301014
lay	5.5209665	3.7185438	5.7381186
occasion	5.515918	4.4449205	5.494661
guard	4.8422995	4.222259	5.55949
whole	5.9510818	3.800801	5.765236
mouth	5.233261	4.1193194	5.002726
receive	5.9012666	4.034046	5.8203206
take	5.5940437	3.848333	5.66165
simple	6.2023664	3.6908665	5.7864714
error	4.4836926	4.0570846	4.8941555
wisdom	6.7098336	4.0919333	6.268036
rock	5.633515	4.3766413	5.221671
decide	5.1998706	4.3739796	5.7321653
exclaim	5.5309534	4.6178794	5.9732823
assure	6.237391	4.2516856	6.0497556
sign	5.5220656	4.163228	5.949977
preserve	6.2044683	3.7887237	5.8556705
commerce	5.996844	3.9456882	5.731132
plant	5.816851	3.6261668	5.859614
walk	5.961349	3.8104243	5.907133
difference	5.3424563	3.8034394	5.5690727
hang	4.735078	3.920126	4.950341
following	6.227043	3.7765307	5.7664504
employ	5.923295	3.8468547	6.0598946
