deal	5.2303543	4.268304	5.4004545
study	6.083098	4.176855	6.356896
afford	6.251807	4.01652	6.0855665
service	6.099523	4.083963	6.117427
height	5.1473284	3.943316	5.398271
prospect	6.718357	4.3052497	6.1924596
pleasant	6.7025166	3.9323506	6.05936
shade	5.286422	3.9192905	5.3607545
listen	5.11839	4.1759114	5.3299074
mighty	5.8223987	4.7120295	5.5409408
country	5.206088	3.948693	5.3126183
title	6.327571	3.5214133	5.870316
choose	5.056207	3.5560534	5.6504292
village	5.9697833	4.067665	5.602442
acquire	6.8062625	4.379571	6.732882
rank	5.4746513	3.9420478	5.3817654
bow	6.0459375	3.246315	6.100073
doctor	5.3782277	4.0070324	5.45864
talent	7.174751	4.6265287	7.0475063
source	6.001839	4.3230658	5.7400837
lead	5.140458	3.998863	5.636282
question	5.9762955	4.4350033	5.839916
publish	5.581155	4.1355524	5.665984
interest	5.4642653	4.6438756	5.272869
serve	5.1377873	3.1766877	5.8394933
divine	6.3630457	4.150981	5.571766
put	5.217685	3.8116486	5.563609
shadow	5.4726524	3.6659622	5.5528884
practical	5.713179	4.0902476	6.0315084
surface	4.947713	3.477116	5.054607
account	5.219674	3.9117098	5.386738
loss	4.416431	4.4549685	4.666725
indian	5.386378	4.8934174	5.332652
vine	6.0055294	3.756893	5.6868205
certain	4.955424	4.576292	5.13803
sin	4.006099	4.405211	4.479779
necessity	4.2899723	4.5597725	4.979003
lose	4.7781777	4.639351	5.568843
private	4.1622877	3.8203335	5.0106425
gentleman	5.6173954	3.556117	5.7119083
daughter	5.4743176	4.1413336	5.185439
drive	4.1565504	4.687446	4.6048474
strange	4.6859183	4.94883	4.4304357
journey	5.5632505	3.9051127	5.4782243
uncle	6.123068	3.5768454	6.2348833
species	5.1605787	4.444074	4.8413095
think	5.347638	4.4154115	5.3802843
bed	5.2530384	2.994374	5.4547186
wind	5.2025185	3.9206955	5.190107
bless	7.39954	3.965255	6.3653407
destroy	4.060313	4.9019766	4.805293
author	5.351282	4.3047476	5.0242662
sustain	5.108581	3.9528725	5.669716
black	4.429836	4.38592	4.667584
event	5.992977	4.4504924	5.1297164
liberty	6.3866715	5.1345286	5.993329
negro	4.595182	4.7031755	4.7071443
little	5.6181145	3.953867	5.3206787
fortune	6.000029	3.9878392	5.5768228
touch	5.3467197	3.7077546	5.510618
kill	4.25132	4.880802	4.8130608
feature	5.4286556	3.8120267	5.413288
happiness	7.1507382	4.4468102	6.484873
assume	4.615808	3.6759567	5.0885444
notion	5.7430644	4.0759735	5.601501
purchase	5.906748	3.709357	6.0852127
faithful	6.522681	3.5744016	6.119007
soldier	4.2872415	4.887867	4.9845066
father	5.8691797	3.86502	5.472514
narrow	3.7950344	3.8204532	4.4239335
great	5.2734137	4.2920647	5.146845
tear	3.8011603	4.121715	4.24367
honorable	5.755432	3.9492726	6.161212
previous	3.897038	3.9360557	4.6913786
good	5.9538927	3.528032	5.9971404
domestic	5.1790586	3.960928	5.06319
glory	6.6188316	4.6458898	6.0804596
lay	4.7626524	3.258004	5.6369786
occasion	4.381131	4.007907	4.6594734
guard	4.9347672	3.9637878	5.236899
whole	5.510281	4.3137703	5.3638234
mouth	5.0032387	3.9592996	5.2782736
receive	6.118179	3.6752887	6.2005444
take	5.288906	3.795137	5.6423755
simple	6.2917128	3.920754	6.034418
error	3.558739	4.181904	4.213805
wisdom	6.524973	4.036058	6.348505
rock	5.2675576	4.0441823	5.1601934
decide	4.9534926	4.0938206	5.5371203
exclaim	5.5300074	4.721535	5.3311634
assure	6.5772457	4.15348	6.4632607
sign	4.810985	3.4107325	5.1939244
preserve	5.710861	3.5293655	5.8012686
commerce	5.962778	4.5267196	5.841344
plant	4.9716206	3.6571112	5.086728
walk	5.8402057	3.7185194	6.162086
difference	5.1006646	3.784458	5.287995
hang	5.2249255	3.6143394	5.47955
following	5.9926515	3.6469543	5.7865634
employ	4.5628104	3.9925127	5.6659927
