deal	4.751584	4.534575	5.1882668
study	6.188924	3.7989523	6.5438266
afford	6.177108	4.127965	5.697344
service	5.311855	4.0255394	5.6956525
height	5.297161	4.0798497	5.2047443
prospect	6.9212713	4.0875225	6.0406537
pleasant	6.8702135	4.0133824	5.868362
shade	5.0116143	3.4492867	5.4962463
listen	5.358195	4.1680884	5.747776
mighty	5.726468	4.118181	5.323237
country	5.7489233	3.9784153	5.5836716
title	6.102047	3.8839312	5.9576135
choose	5.501763	3.4181814	5.9655066
village	5.8628054	3.8055243	5.617707
acquire	6.56732	4.6287255	6.6158915
rank	5.114296	4.010947	5.135668
bow	6.0702214	3.4043853	5.7659683
doctor	4.838798	3.9779565	4.894799
talent	6.668586	4.334186	6.6263123
source	6.230124	4.1951094	5.556293
lead	4.994211	4.109752	5.7167244
question	5.3748975	4.0315757	5.593439
publish	5.656239	3.9121394	5.6661515
interest	5.612364	4.2158475	5.762645
serve	5.0506682	3.4445868	5.647685
divine	6.1268334	3.508711	5.350889
put	5.351348	4.0415173	5.6148796
shadow	4.574118	3.327876	5.165193
practical	5.28773	4.2671785	5.9947915
surface	5.129397	3.2705584	4.913362
account	5.4119396	4.211649	5.48238
loss	4.1266766	4.229919	4.3913856
indian	4.2093596	4.643545	4.8687963
vine	6.0746946	3.7847843	5.9141808
certain	5.0967517	4.3390613	5.2575254
sin	3.6747015	4.1080985	4.3736286
necessity	3.960114	4.055625	4.5288253
lose	4.1064625	4.837883	5.2819138
private	4.3248734	4.025398	5.2757754
gentleman	5.5050507	3.8202453	5.3919864
daughter	5.7304354	4.213127	5.341817
drive	4.075927	4.855655	4.6321425
strange	4.5559464	4.87058	4.5725036
journey	5.9731474	4.0113616	5.626102
uncle	6.0864954	3.9844897	6.023242
species	5.403025	4.8051805	5.024273
think	5.6956754	4.214451	5.712837
bed	5.792553	3.4824626	5.583593
wind	5.2547493	4.144572	4.999443
bless	7.2901697	3.8481715	6.197242
destroy	3.6827753	4.8273273	4.59596
author	5.457711	4.2193513	5.2028217
sustain	5.0829573	4.038486	5.374042
black	4.2122273	3.6187785	4.450389
event	5.3945794	4.673494	4.779022
liberty	6.871374	4.3451443	5.9172544
negro	4.112877	4.11557	4.5997324
little	5.262721	3.7256145	5.2726164
fortune	5.899273	4.1927934	5.456774
touch	5.7845564	3.9164267	5.6111
kill	4.1297574	5.1096854	4.88622
feature	5.575818	4.020692	5.499332
happiness	6.9357963	4.4167824	6.4532013
assume	4.1816316	3.7843685	5.065211
notion	5.8569794	4.0068617	5.717612
purchase	6.157427	3.7397413	6.4005556
faithful	5.7959013	3.9835477	5.714725
soldier	4.533769	4.4300866	5.058792
father	5.503588	4.306732	5.25833
narrow	3.7146559	3.886373	4.6279244
great	4.9208703	4.234981	5.34379
tear	3.8761475	3.968278	4.347839
honorable	5.7686663	4.496453	5.9360485
previous	4.281999	4.05826	4.9431777
good	5.7742	3.5161486	5.956529
domestic	4.4008374	3.9028423	4.827017
glory	6.8606377	4.1244793	6.155796
lay	5.208415	3.1535635	5.9617066
occasion	4.7394514	4.5211325	4.9043174
guard	4.810283	4.0128922	5.308901
whole	5.1530905	3.9784513	5.2566376
mouth	5.235446	4.2911186	5.486657
receive	6.47718	3.795538	6.2248163
take	5.0206695	3.672772	5.5920615
simple	6.1459937	3.8117461	5.966974
error	3.593175	4.1918154	4.5214043
wisdom	6.0896297	4.1782513	6.250144
rock	5.4922123	4.239525	5.08846
decide	4.915219	3.7896955	5.6018877
exclaim	5.9917884	4.5394897	5.632173
assure	6.740696	3.9497151	6.502034
sign	5.335629	3.5500417	5.1915402
preserve	5.6576805	3.7360108	5.591268
commerce	5.2920103	4.632204	5.4036527
plant	4.84182	4.1060143	5.1538596
walk	5.6485233	3.9107819	5.8210926
difference	4.854912	4.0763407	5.1697803
hang	4.857428	3.3753104	5.284257
following	6.318725	3.5458026	5.758087
employ	5.198959	3.8614902	6.4288273
