deal	5.331045	4.199695	5.774547
study	6.140177	3.9969585	6.8070307
afford	5.9413233	3.8813844	5.4929543
service	5.828768	3.7940655	5.6424026
height	4.925884	4.391718	4.806013
prospect	6.4183407	4.2379513	5.6458
pleasant	6.9805098	3.8205788	6.2197824
shade	5.327383	3.7478104	5.206233
listen	4.732661	4.183826	5.3222027
mighty	5.7055197	4.496048	5.5226417
country	5.5249767	3.7811375	5.3461757
title	6.2833757	3.9476292	5.557375
choose	5.3004675	3.6734333	5.759603
village	6.1442566	4.5029826	5.628458
acquire	6.0799747	4.408144	6.2492876
rank	5.019326	3.8625512	5.263361
bow	5.9481153	3.2288802	6.2605853
doctor	4.7298565	3.846397	4.940014
talent	6.7244754	4.7098546	6.4717946
source	5.686783	4.2631564	5.6019273
lead	5.2752676	4.0121064	5.624896
question	4.899563	3.9562857	5.410491
publish	5.469272	4.261279	5.7922187
interest	6.056321	4.142518	5.8080792
serve	5.381011	3.4134521	5.6049886
divine	6.6369324	3.9694347	5.8262563
put	5.170429	3.6202438	5.374977
shadow	4.9326754	3.434363	5.104071
practical	5.484277	3.976944	5.9511137
surface	5.065446	3.4018095	4.9631925
account	6.0045314	4.0739846	5.5057397
loss	4.6928153	4.393477	4.8112345
indian	4.926102	5.1599364	5.10051
vine	6.202492	3.9540453	5.8071723
certain	5.114906	4.4266014	5.379415
sin	3.8525867	4.4304414	4.527774
necessity	4.1903176	4.1896405	4.6682115
lose	4.604886	4.4141436	5.045699
private	4.096167	4.004855	5.0487027
gentleman	5.7416973	3.5916364	5.8412256
daughter	5.198372	4.6024632	4.6926656
drive	4.1008377	4.7889457	4.76453
strange	4.6022673	4.7259364	4.5619483
journey	6.0618687	4.357964	5.8230977
uncle	5.3669024	3.5511017	5.5290537
species	5.6219187	4.9632506	5.3340025
think	5.2201753	4.0724964	5.3746076
bed	5.07712	3.6921449	5.084942
wind	5.2187743	3.6977825	4.968435
bless	7.43495	3.7405684	6.4223747
destroy	3.6774683	4.7069316	4.494683
author	6.2560678	4.636815	5.987909
sustain	5.3022785	3.6725526	5.5976667
black	4.1575065	4.8220563	4.3181086
event	6.0441008	4.461328	5.2309833
liberty	6.8585997	4.429352	6.034428
negro	4.3212376	4.4464774	4.571068
little	5.1190224	3.8940291	4.9391727
fortune	6.1529326	4.6655617	5.635992
touch	5.7918744	3.7012718	5.7148247
kill	4.41224	5.4652104	5.0111365
feature	5.589508	3.9919338	5.4530625
happiness	7.1260786	4.542388	6.3703923
assume	4.906236	3.6686966	5.3647156
notion	6.106555	4.013073	6.0944276
purchase	6.098851	4.0279713	6.172391
faithful	6.09972	3.2440844	5.7466545
soldier	4.587191	4.1922026	5.0129237
father	5.4739637	4.567743	5.016897
narrow	3.953188	3.5674844	4.270657
great	5.385803	4.1908255	5.3820624
tear	4.171495	3.9499767	4.883581
honorable	5.316398	4.1807203	5.6633186
previous	4.6364264	4.163056	5.174971
good	5.9519467	3.765523	6.292026
domestic	5.1130714	3.618504	4.9961953
glory	6.7311125	4.4866486	6.030597
lay	4.718231	2.9392014	5.4529424
occasion	5.56109	4.298509	5.0999103
guard	4.869618	3.6925802	5.2196965
whole	5.2521534	4.318157	5.1872654
mouth	4.662693	4.4778595	5.0668354
receive	5.8950844	3.8661408	6.0533776
take	5.4700513	3.7426982	5.74967
simple	6.1999617	3.6927776	5.8813314
error	3.8618793	4.5175166	4.5269756
wisdom	6.043133	4.34384	6.0874424
rock	5.385506	4.3277035	5.129644
decide	4.8272047	4.0697675	5.5616436
exclaim	5.630727	4.850481	5.605464
assure	6.9248333	3.8634882	6.9643526
sign	5.094128	3.5082808	5.2515492
preserve	5.782631	3.3674302	5.77252
commerce	5.5123024	4.191577	5.564888
plant	4.6933713	3.9100342	5.17584
walk	5.944411	3.3813424	5.899643
difference	5.172519	3.7081351	5.4124393
hang	4.667446	3.5036676	4.982617
following	6.5711813	3.773272	5.8829584
employ	5.035237	3.6349728	5.7214346
