deal	4.7948685	4.9673615	5.240585
study	5.933297	3.7501	6.2350683
afford	6.3355155	3.8590546	5.5737553
service	5.407673	3.6719298	5.658221
height	5.1373067	4.2877383	5.1951227
prospect	6.755764	4.324918	6.048195
pleasant	7.0640755	4.048499	6.327219
shade	4.8339353	3.6302361	5.1340466
listen	5.2589912	4.147299	5.5866804
mighty	5.6545725	4.4500856	5.441269
country	5.347345	3.771737	5.187931
title	6.8393745	3.8446999	5.986499
choose	5.0007987	3.5320659	5.540525
village	6.042576	3.7467978	5.5339804
acquire	6.68472	4.6382594	6.7307734
rank	5.0239573	4.0822253	5.3372445
bow	5.678563	3.655501	5.6024218
doctor	4.9065523	4.07868	4.799528
talent	6.962978	4.6161776	6.694672
source	5.8431606	4.2595983	5.6742225
lead	4.8271775	4.112403	5.5978107
question	5.5511975	3.7989626	5.8947377
publish	5.758346	3.867487	5.583603
interest	5.5517163	3.4973521	5.6164618
serve	4.9974823	3.3200097	5.154916
divine	6.2557125	3.9395843	5.5470467
put	5.850361	3.8117614	5.8070626
shadow	4.8193645	3.3343804	5.2823997
practical	5.632317	3.8934343	5.8868356
surface	5.039267	3.077654	4.926259
account	5.3939185	3.9749389	5.5187287
loss	4.2001443	4.135579	4.730377
indian	5.402214	4.9086084	5.645353
vine	5.8101406	3.8008432	5.607917
certain	4.913134	4.6745977	5.349911
sin	3.152088	4.3279705	4.2001233
necessity	4.3601923	4.2939525	4.859382
lose	4.3193617	4.288881	4.9565644
private	4.39404	3.687363	5.111294
gentleman	5.7367	3.394888	5.303659
daughter	5.5935535	4.1178164	4.786491
drive	4.2363367	4.8716564	4.6618214
strange	4.956397	4.9756985	4.651999
journey	6.42453	3.711468	5.812266
uncle	5.1056685	3.976444	5.295271
species	5.453964	4.7679977	5.2804875
think	5.379454	4.289795	5.478089
bed	5.437172	3.284598	5.484038
wind	5.0652313	4.343133	4.9865294
bless	7.1567	4.1391644	6.4842157
destroy	3.5244482	5.077483	4.5279493
author	5.596489	3.9018764	5.3084307
sustain	4.7411556	4.119884	5.620236
black	4.415213	5.136383	4.5584297
event	5.8503017	4.3862667	4.921733
liberty	6.693823	4.445293	6.2424154
negro	5.0311193	4.1131735	4.5608397
little	5.084969	3.889026	5.2621875
fortune	5.8184953	4.0290084	5.6150236
touch	5.522177	3.837504	5.5630646
kill	4.424957	5.2308955	4.6100435
feature	4.955816	4.156429	4.9966936
happiness	6.564398	4.1753616	6.488305
assume	3.7406988	4.0406976	4.7851644
notion	5.247619	4.00251	5.3362722
purchase	6.2915077	3.5753539	6.158036
faithful	6.202391	3.5468502	5.8542204
soldier	4.528988	4.4713106	5.115518
father	5.8885336	3.8564622	4.857115
narrow	3.8532057	3.6347287	4.7590275
great	5.4059725	4.190284	5.3426137
tear	3.5552168	3.9946563	4.1033173
honorable	5.8543205	4.1202064	5.936763
previous	4.6862693	3.8274388	5.1323876
good	6.57427	4.108153	6.4721117
domestic	5.3209076	3.5440602	5.1958065
glory	6.7107725	4.146194	5.96214
lay	4.7180576	3.3839283	5.530061
occasion	5.5524263	4.0787373	5.256666
guard	4.962271	3.9355435	5.5564346
whole	4.877921	3.7168539	4.950764
mouth	5.520228	4.1568813	5.6688795
receive	6.5628204	3.937297	5.826026
take	5.221361	4.108229	5.9122305
simple	5.9543486	3.6620786	5.7507114
error	3.576581	4.0060854	4.516474
wisdom	6.2412934	3.841797	5.9591866
rock	5.434816	4.1366334	5.2255855
decide	4.8762655	3.8812766	5.612794
exclaim	6.0878277	4.894272	5.908285
assure	6.4226933	3.9943464	6.2931166
sign	5.1155047	3.7743363	5.2837534
preserve	5.758249	3.7738538	5.6366906
commerce	5.667153	4.457285	5.6551332
plant	4.7200613	3.8550804	4.8990107
walk	5.260047	3.9746227	5.6972485
difference	4.884369	4.0424566	5.2552624
hang	4.5218105	3.7651532	4.8429165
following	6.9639816	3.3903246	6.004123
employ	4.9567976	3.8718824	5.6917906
