deal	4.9028153	4.3324933	5.0446343
study	5.9078856	3.798211	6.0299287
afford	6.0771923	4.312435	6.0027056
service	5.5519485	3.6426966	5.9842744
height	5.0709734	4.3950734	5.0399833
prospect	6.818044	4.3579617	5.8995514
pleasant	6.9092073	3.6657991	6.2267046
shade	4.6286945	3.4811025	5.0888224
listen	5.587448	4.32656	5.807339
mighty	5.3908553	4.4823704	5.551545
country	5.584099	3.3430123	5.4038815
title	6.6188383	3.972526	5.8883376
choose	5.6218185	3.7034047	6.1276693
village	6.1109886	4.051078	5.5605397
acquire	6.834839	4.3064547	6.6441917
rank	5.153015	4.313343	4.999607
bow	5.8593636	3.8412952	5.7408752
doctor	5.090873	4.065445	5.1911297
talent	6.7372465	4.577229	6.7323422
source	5.9898915	4.310081	5.703746
lead	4.9539466	4.0560575	5.5484023
question	5.233709	4.087523	5.3995833
publish	5.8789325	4.2261376	5.748548
interest	5.5018167	3.9740593	5.2800555
serve	4.7948885	3.0203552	5.442921
divine	6.0437217	4.109556	5.415868
put	5.9206734	3.8963532	6.0750427
shadow	4.3752613	3.5317092	4.7306685
practical	5.3095083	3.8359027	5.7054677
surface	4.7235527	3.4712749	4.703674
account	5.860323	3.968358	5.781087
loss	4.1306067	4.381402	4.438792
indian	5.119537	4.8485746	5.346976
vine	6.2932043	3.6108298	5.295406
certain	5.103416	4.4627604	5.5281076
sin	3.5346556	4.544	4.4783707
necessity	4.5050573	4.245255	5.0036407
lose	4.7109995	4.274904	5.1444807
private	4.266242	3.5651205	4.943294
gentleman	5.738213	3.8922517	5.789881
daughter	5.861466	4.176258	4.957433
drive	3.9475918	4.6715374	4.6329575
strange	4.9803963	4.654223	4.84285
journey	6.2611074	3.7381334	5.974308
uncle	5.9214587	3.9254737	6.3725796
species	5.6101565	4.308887	5.426681
think	5.5437603	4.1477094	5.5226517
bed	5.480577	3.5791163	5.391078
wind	4.936119	4.142871	4.5451393
bless	7.3586307	4.0457015	6.261132
destroy	4.0189095	4.916813	4.9071693
author	5.5004425	4.4957075	5.2908244
sustain	5.1698585	3.9291973	5.8035927
black	4.666692	4.316033	4.6205473
event	6.192661	4.1457224	5.128887
liberty	6.692573	4.6963253	5.7899075
negro	4.1742597	4.3401833	4.33992
little	5.200698	4.194825	4.998547
fortune	6.1765594	4.503636	5.6415296
touch	5.2703705	3.8348281	5.455097
kill	4.653854	5.0487127	5.1383653
feature	5.3967967	3.6464746	5.3606715
happiness	6.958895	4.400231	6.4062014
assume	4.1272545	3.4723043	5.002522
notion	5.4735928	3.9820752	5.302737
purchase	6.491208	3.557562	6.53211
faithful	6.397413	3.44301	5.8839536
soldier	4.207469	4.498156	4.6235414
father	5.9089823	3.8499913	5.4734144
narrow	3.5709782	3.9563737	4.3729863
great	5.4688334	4.198945	5.391294
tear	3.8116145	3.6420157	4.270235
honorable	5.6222315	4.2433867	6.048006
previous	4.7520986	3.762346	4.9822946
good	6.363527	4.000639	5.9947557
domestic	5.2848763	3.465602	4.984822
glory	6.8224955	4.466814	6.155672
lay	4.6047654	3.4416156	5.3439507
occasion	5.141093	4.193057	5.159179
guard	4.684619	3.686932	5.1477146
whole	4.833044	4.0908766	4.979953
mouth	5.922332	4.289863	5.809213
receive	6.1906424	3.5406008	6.0433264
take	5.2854466	3.562577	5.8004856
simple	6.060383	3.6696396	5.9282317
error	3.428102	4.51503	3.938819
wisdom	6.1536202	4.1624365	5.9672437
rock	5.2879233	4.3771715	5.2977343
decide	4.915164	3.9490695	5.4984226
exclaim	5.5071034	5.03711	5.4044294
assure	6.8342953	3.9907203	6.538558
sign	5.362633	3.863976	5.5144835
preserve	6.0627403	3.3809729	6.1099854
commerce	5.9976177	4.0301447	5.781426
plant	4.8861895	3.8081937	5.1379614
walk	5.366924	3.9110389	5.668538
difference	4.9289308	3.956396	4.899223
hang	4.658941	3.9573078	4.9951115
following	6.7325416	3.6759877	5.611983
employ	5.0787115	3.5781572	6.0896807
