deal	5.636892	4.2949877	5.6774344
study	6.3916397	3.5969582	6.4268074
afford	6.359169	4.339033	5.885316
service	6.0605936	3.7570605	6.181349
height	5.1906333	4.215575	4.876194
prospect	6.8124843	4.269756	5.879654
pleasant	6.987031	3.825523	6.1342793
shade	4.855084	3.9216511	4.980199
listen	4.862346	4.171043	5.530388
mighty	6.068644	4.0280166	5.761341
country	5.424339	3.518689	5.4092464
title	5.7577047	3.75526	5.7790337
choose	5.1309214	3.5343385	5.5364866
village	6.104963	4.216326	5.361363
acquire	6.5811825	4.344828	6.724553
rank	5.3837776	3.832727	5.1258974
bow	5.9070587	3.2635698	5.603913
doctor	4.5492344	3.7030563	4.883719
talent	7.030267	4.7087984	6.3913474
source	6.0545874	4.49321	5.672272
lead	5.179821	3.8667138	5.45702
question	5.0864177	3.6753519	5.4102902
publish	5.5706882	4.1690397	6.024416
interest	6.661511	3.8726373	6.149348
serve	5.1131277	3.660259	5.7238865
divine	6.425707	3.7570379	5.6667614
put	5.7371025	3.8265514	6.069391
shadow	4.83502	3.6751132	4.9810433
practical	5.8776445	3.8370981	6.115588
surface	5.1913476	3.2301462	4.9383116
account	5.251167	4.01527	5.365087
loss	4.434993	4.1601996	4.2956595
indian	4.8995843	4.757189	5.2358313
vine	5.6658554	4.085617	5.423364
certain	4.824806	4.5450516	5.214533
sin	3.775981	4.4660053	4.250001
necessity	4.251644	4.1955004	4.790116
lose	4.5873513	4.1476717	5.068737
private	4.8287363	3.5954292	5.40345
gentleman	5.4964533	3.556079	5.2923303
daughter	5.390482	4.029401	4.635488
drive	4.0534997	4.820923	4.5731745
strange	4.308099	4.6714892	4.5817003
journey	6.4104595	3.8485532	6.0470214
uncle	5.846357	3.8290508	5.6528244
species	5.312599	4.4027705	5.2397566
think	5.560708	4.078328	5.717301
bed	5.383706	3.4082298	5.3720856
wind	5.041218	3.801423	4.7752047
bless	7.0095577	3.908637	6.1674137
destroy	3.8560548	5.022306	4.551346
author	5.585842	4.4581738	5.5530076
sustain	5.190695	3.8296704	5.7218537
black	4.163778	4.494457	4.5857677
event	5.9514704	4.237483	5.0928698
liberty	6.489684	4.6998377	5.736665
negro	4.058593	4.4066553	4.4497724
little	5.199071	4.005103	4.947935
fortune	5.9790015	4.2950788	5.4371963
touch	5.611054	3.7471418	5.4564867
kill	4.6802225	5.326773	4.8335733
feature	5.099236	3.7541199	5.488386
happiness	7.7215996	3.881548	6.600613
assume	3.841027	3.8988965	4.808467
notion	5.7379246	4.084825	5.529307
purchase	5.870431	3.5002341	6.22329
faithful	6.444051	3.501886	6.2281394
soldier	4.1887927	4.202509	5.1081786
father	5.612178	4.2415724	4.955
narrow	3.824957	3.8543582	4.6568213
great	6.0170603	4.086727	5.384078
tear	3.413059	4.1820183	3.8661785
honorable	5.340803	3.9740732	5.5674257
previous	4.452043	3.8980246	5.0910563
good	6.097681	3.6880667	6.3016124
domestic	5.2750053	3.351712	5.021282
glory	6.660152	4.278112	5.947444
lay	5.078595	3.265048	5.635666
occasion	5.171194	4.2147303	5.1938825
guard	4.819319	3.7846544	5.128472
whole	5.423579	3.8587878	5.2071357
mouth	5.137371	4.089744	5.666494
receive	6.230217	3.8026338	5.9685483
take	4.925694	3.91203	5.5026627
simple	6.187297	3.6035738	5.775712
error	3.2825794	4.7543764	3.9198701
wisdom	6.238945	4.211091	6.1656713
rock	5.670375	4.0255785	5.0504265
decide	4.7973905	3.9775686	5.5012274
exclaim	5.8614373	4.5196457	5.5131893
assure	6.913514	4.171197	6.4175453
sign	5.2474976	3.7755337	5.182464
preserve	6.0383325	3.4071946	5.6299996
commerce	6.306957	3.9754813	6.021473
plant	4.5662913	3.9409437	4.814114
walk	5.634466	3.6544526	5.8358555
difference	4.88613	3.6659484	4.820925
hang	4.7857323	3.6827817	4.9124346
following	6.212284	3.7098005	5.7354393
employ	4.720626	3.7158377	6.0076237
