deal	5.1487927	4.091561	4.921082
study	6.471717	3.7577062	6.493085
afford	6.1666565	4.14738	5.783222
service	6.2284007	3.6329448	5.8752184
height	5.483614	4.1906247	5.321452
prospect	6.8258934	4.2744975	5.8622932
pleasant	6.725507	3.7549	6.15217
shade	5.2124605	3.7621315	5.235654
listen	5.146559	4.4541593	5.4556575
mighty	5.6425943	4.697891	5.468655
country	5.550091	3.843878	5.6695604
title	6.125655	3.683406	6.0545
choose	5.3137546	3.498625	5.4746957
village	6.223015	3.8327003	5.5316505
acquire	6.6136017	4.2781916	6.573695
rank	5.510455	4.1536016	5.3442893
bow	6.2809663	3.6737404	6.0447636
doctor	4.971051	3.914298	4.682753
talent	6.953951	4.4648323	6.464017
source	6.2205386	4.2876067	5.712069
lead	5.102154	3.9316335	5.38021
question	5.43104	4.2190003	5.208269
publish	5.3335924	4.1953874	5.7750406
interest	6.0317945	4.437646	6.0061655
serve	5.250541	3.2565103	5.758954
divine	6.269749	3.8551412	5.529559
put	6.022522	4.0525737	6.0451546
shadow	4.9040313	3.7059352	5.101097
practical	5.836432	3.9908037	6.11318
surface	5.149039	3.1341333	4.712658
account	4.9781585	4.1900516	5.1358495
loss	4.72617	3.8868055	4.5033355
indian	4.8207407	4.7265677	5.4109635
vine	6.4131327	3.7957292	5.985961
certain	4.889508	4.4108334	5.2117643
sin	3.8749745	4.3478203	4.4773207
necessity	4.117037	4.0834827	4.420171
lose	4.732962	4.3387113	5.0039206
private	4.4063168	3.8734424	5.200979
gentleman	5.559078	3.8571422	5.270517
daughter	5.4958143	4.5508757	4.9879513
drive	4.1190977	4.627426	4.553153
strange	4.4550605	4.8986773	4.4376335
journey	5.877288	3.6876602	5.831067
uncle	5.7350626	3.9281676	5.7506003
species	5.3493237	4.7888813	5.232688
think	5.244037	4.296773	5.466353
bed	5.191291	3.733601	5.3077426
wind	5.2599044	3.981256	4.776163
bless	7.4337645	4.0261445	6.4859285
destroy	3.7840078	4.8224063	4.783096
author	5.574685	4.0001698	5.2784777
sustain	5.396952	3.8307066	5.4707603
black	4.1624246	4.316667	4.652349
event	5.790886	4.554685	5.0203824
liberty	6.605674	4.572349	5.9588084
negro	3.9293356	4.3469133	4.58876
little	5.039345	4.1212707	4.8520794
fortune	5.889146	4.0915604	5.154746
touch	5.5185666	3.4496396	5.4515247
kill	4.5505652	4.910708	5.0519576
feature	5.1369715	4.1265726	5.2545514
happiness	7.3404684	4.288311	6.357502
assume	3.996794	3.6309524	4.8122954
notion	5.77172	3.9320226	5.3960805
purchase	6.243003	3.7305	6.3347816
faithful	6.5058613	3.7011929	6.085722
soldier	4.249922	4.567326	4.939595
father	5.6915417	3.6412609	5.3693814
narrow	4.246342	3.953808	4.6835914
great	5.3608236	4.449019	5.088656
tear	4.046895	4.2107906	4.6417503
honorable	5.643218	4.2532988	5.881666
previous	4.512653	3.992882	5.003878
good	5.7467885	3.4264233	5.619644
domestic	4.9198446	3.4526854	5.013818
glory	6.879915	4.681495	6.486543
lay	5.1773977	3.436261	5.6218333
occasion	5.185483	4.3083405	5.102972
guard	4.6739683	4.002368	5.217648
whole	5.0654116	3.9623272	5.265155
mouth	5.035694	4.4861565	5.488652
receive	6.8456297	3.721166	6.48534
take	5.6191654	3.4699247	5.806737
simple	6.403678	3.6319067	6.0534177
error	3.733366	4.210912	4.4866333
wisdom	6.5648947	3.9271088	6.327751
rock	5.283795	4.295429	4.7822003
decide	5.0755243	3.8224936	5.1987686
exclaim	5.6433563	4.475838	5.5330334
assure	7.023877	3.8819952	6.8183208
sign	4.7684765	3.5845132	5.0890603
preserve	5.796457	3.5561085	5.7335796
commerce	5.349844	4.597599	5.4737444
plant	5.1645465	4.0566707	5.4096966
walk	5.882511	3.7882264	5.9464474
difference	5.7397127	3.787756	5.281386
hang	5.2273474	3.752312	5.2802076
following	6.59274	3.5460768	6.2655106
employ	4.6669383	4.0453033	5.7966723
