deal	4.6707397	4.3057413	5.0590067
study	6.3670006	3.9433417	6.463461
afford	5.8900557	3.936067	5.5218554
service	5.911637	3.8387766	6.092581
height	5.133421	4.2262516	5.068351
prospect	6.8523874	4.3217807	6.029402
pleasant	6.5076666	3.8202887	5.7938943
shade	4.8412685	3.7034683	5.154379
listen	5.2268724	4.300892	5.565322
mighty	5.8342867	4.888093	5.5808926
country	5.357827	3.7411065	5.639569
title	6.4297037	3.6523995	5.887031
choose	5.5833416	3.7904272	6.0262294
village	5.674343	4.0441933	5.5953274
acquire	6.0282087	4.200763	6.3096294
rank	5.344988	3.9547946	5.1475387
bow	5.800102	3.7725668	6.01505
doctor	4.5835004	3.8612118	4.5859375
talent	7.057034	4.6289854	6.6714797
source	5.686035	4.0451403	5.380132
lead	4.8523335	4.064749	5.6404905
question	5.8984656	4.1648035	6.2486835
publish	5.438024	4.0117846	5.6321445
interest	5.7839146	4.4581203	5.746196
serve	5.091575	3.3791661	5.616562
divine	6.3300223	3.9373062	5.7141256
put	5.2467484	3.69202	5.7609997
shadow	4.82251	3.524942	5.2067676
practical	5.39084	3.9648507	5.7608204
surface	5.261284	3.297274	4.8271184
account	5.2588234	3.831693	5.2693
loss	4.5936427	4.242588	4.591798
indian	4.6041036	4.8782215	5.297275
vine	6.202586	3.4159496	5.7174807
certain	4.775987	4.55946	5.2059913
sin	3.1157982	4.291845	3.8641999
necessity	4.1056266	4.489202	4.569427
lose	4.6773014	4.142265	5.44989
private	4.201904	3.6767876	5.017638
gentleman	5.715093	3.4609787	5.25442
daughter	5.4399576	4.059706	4.6984253
drive	4.0388784	4.4956737	4.6735992
strange	4.476832	5.030616	4.4278054
journey	6.1448083	3.889792	5.8491893
uncle	6.1955624	3.499721	5.9528666
species	4.952178	4.7663655	5.1069365
think	5.813037	4.3958564	5.874208
bed	5.5244665	2.9881258	5.2854095
wind	5.2726183	3.954578	5.1263475
bless	7.022292	3.5995884	6.2964396
destroy	3.6084988	5.0741196	4.7314363
author	6.0377793	4.1266966	5.4781394
sustain	5.1962686	3.9736836	5.5906167
black	4.7506876	5.04993	4.584674
event	5.898554	4.4457183	5.1264324
liberty	6.556226	4.977901	5.918427
negro	4.386874	4.675818	4.5517273
little	5.0300584	3.8985724	5.222315
fortune	6.151105	4.3267417	5.5817976
touch	5.3608093	4.0466166	5.557022
kill	3.9482994	4.852128	4.832466
feature	5.231122	4.022867	5.413885
happiness	7.216674	4.305551	6.6325088
assume	4.2906685	3.78111	5.025003
notion	5.6651125	4.335028	5.6528745
purchase	6.2793474	3.9876566	6.3949146
faithful	6.022579	3.4703124	5.946736
soldier	4.3481336	4.736435	5.006911
father	5.493861	3.585607	5.10874
narrow	3.0271702	3.7290409	4.3201475
great	5.0409718	3.9896379	5.1325326
tear	3.9588795	4.0674753	4.3312893
honorable	5.5406103	4.2770886	5.7952285
previous	4.614623	3.857667	4.994674
good	6.231273	3.7134843	5.8072615
domestic	4.84163	3.9096212	4.917276
glory	6.665883	4.254899	6.145913
lay	4.7237835	3.5612633	5.6425877
occasion	4.881113	4.2175913	4.8339057
guard	4.7808213	4.0135756	5.58014
whole	5.539692	4.0742683	5.4015307
mouth	4.6976495	4.2465725	5.198244
receive	5.904195	3.8801847	5.891755
take	5.139064	3.5554678	5.913327
simple	6.2400985	3.94682	5.902862
error	3.3051066	4.0659366	4.0574055
wisdom	6.162871	4.044941	6.120628
rock	5.5519013	4.3294206	5.200143
decide	5.35977	4.2457695	5.880036
exclaim	5.9738464	4.5970488	5.872802
assure	7.103141	4.1425433	6.939311
sign	4.7711964	3.6849985	4.935248
preserve	5.3753586	3.3909802	5.943671
commerce	5.3684597	4.2632036	5.5333652
plant	4.7133975	3.9341724	4.9658155
walk	5.5489254	3.704462	5.985728
difference	5.032749	3.848669	5.153317
hang	4.8598385	3.7932496	5.2014194
following	6.546114	3.2830234	6.1869845
employ	5.0780234	3.9448419	5.955677
