deal	4.640297	4.127898	4.7562504
study	5.9138684	3.730487	6.358534
afford	6.2844057	4.067652	6.0596895
service	5.363284	3.9637995	5.974143
height	5.1546245	4.0605707	4.976216
prospect	6.628598	4.410725	5.8597603
pleasant	6.655527	3.9583595	6.110453
shade	5.050323	3.7353933	5.2665625
listen	5.365654	4.2535963	5.4786897
mighty	5.627688	4.50596	5.4878497
country	5.401965	3.768471	5.589668
title	6.3098545	3.623353	5.8812847
choose	5.5492373	3.7326722	5.9125795
village	5.947279	4.0006986	5.6772885
acquire	6.423385	4.6562233	6.496413
rank	5.305815	4.2406034	4.85105
bow	5.779661	3.4980288	5.7805285
doctor	4.475092	3.6968431	4.7623796
talent	6.751292	4.942315	6.404529
source	5.6889863	4.2364683	5.285566
lead	5.0156336	3.7445428	5.8977046
question	5.5945177	3.8638856	5.5697117
publish	5.5540686	4.049275	5.4881735
interest	5.753384	4.201991	5.7167034
serve	5.2026267	3.5859802	5.641785
divine	6.2785277	4.1961265	5.7071953
put	5.499333	4.0500655	5.4407325
shadow	4.872786	3.5657911	5.1152325
practical	5.515531	4.193711	5.96053
surface	5.1311817	3.2372174	4.755207
account	5.375126	3.9627318	5.7260237
loss	4.075119	4.3151164	4.7649794
indian	5.0650587	5.0476403	5.505589
vine	6.185023	3.7193148	5.3230405
certain	5.1315746	4.469355	5.432213
sin	3.5200255	4.3751707	4.297328
necessity	4.166281	4.0742183	4.743786
lose	4.6025596	4.4839272	5.157788
private	4.607786	3.6773872	5.418446
gentleman	5.2072062	3.685738	4.958953
daughter	5.5562997	4.183248	4.836172
drive	3.9208918	4.378535	4.7823954
strange	4.889095	4.9902296	4.602714
journey	5.7871714	3.949727	5.791115
uncle	5.439659	3.6288412	5.5099936
species	5.2873697	4.3395534	5.1710696
think	5.582255	4.336183	5.622577
bed	5.5797834	3.393833	5.066378
wind	4.9948134	4.0011106	5.1689653
bless	7.2638407	4.2815695	6.3241367
destroy	3.945095	4.927349	4.820571
author	5.3651795	4.189936	4.9513197
sustain	5.109886	3.781511	5.6266704
black	4.2625074	4.3459897	4.4340587
event	5.662354	4.8711834	5.020734
liberty	6.513877	4.927183	5.9053373
negro	4.109136	4.500721	4.537853
little	5.181221	3.9965928	5.238423
fortune	5.792251	4.163471	5.2405367
touch	5.71186	3.847442	5.72701
kill	4.6029024	5.3916698	5.0760794
feature	5.464035	4.0730824	5.786551
happiness	7.4064026	4.3915896	6.510698
assume	4.270514	3.9000707	5.0379558
notion	5.6488924	3.7733164	5.358853
purchase	5.975763	3.8074093	6.516776
faithful	6.041659	3.7056737	6.097352
soldier	4.465178	4.65675	5.2088585
father	5.5293026	4.0966125	4.9522614
narrow	3.3469079	3.9785128	4.163693
great	4.8050776	4.711584	4.9440026
tear	4.0275097	4.1405764	4.753679
honorable	5.597345	4.285972	5.889032
previous	4.360663	4.0709343	4.963932
good	5.980929	3.8565454	5.9492903
domestic	4.922331	3.8064222	4.9968233
glory	6.787174	4.6360683	6.112989
lay	4.6389165	3.2454543	5.487779
occasion	4.6905193	4.1832957	5.017792
guard	4.9289093	3.8463333	5.360224
whole	4.7936506	4.349698	4.719642
mouth	5.1121836	4.4158015	5.652078
receive	6.369451	3.7420688	6.4828844
take	4.8881288	3.804443	5.597357
simple	5.933256	3.6834111	5.8760266
error	3.5375013	4.267624	4.3152075
wisdom	6.1713915	4.1641283	6.052849
rock	5.474291	4.006138	4.9551635
decide	5.2629538	4.040447	5.7105713
exclaim	6.0929723	4.9014273	5.699386
assure	6.524258	4.1514244	6.288558
sign	5.360358	4.1405563	5.112758
preserve	5.937843	3.683416	5.9080086
commerce	5.833498	4.718778	5.59505
plant	5.0431705	3.669596	4.8010993
walk	5.4915686	3.6813614	5.7992697
difference	5.5511146	3.2760792	5.400585
hang	4.552524	3.4274988	4.9355936
following	6.2946234	3.5241547	5.817191
employ	5.1828303	3.7839785	6.316998
