deal	5.33794	4.6786485	5.5090346
study	6.5139008	3.724401	6.499024
afford	6.308934	3.7422557	5.94747
service	6.1233463	3.7946393	6.2329154
height	5.183551	4.278054	5.082586
prospect	6.3510733	4.239265	5.9437695
pleasant	6.828219	3.6992621	6.3434463
shade	4.8431835	3.619377	5.2102127
listen	5.274964	4.2969913	5.5160604
mighty	5.803248	4.563261	5.8068466
country	5.4624586	3.6307867	5.4733095
title	6.6892695	3.6988108	6.099052
choose	5.482734	3.3429008	5.8242664
village	6.5378094	4.236553	5.749377
acquire	6.865452	4.446936	6.827533
rank	5.079128	4.0952215	4.8886538
bow	5.778634	3.222056	5.942213
doctor	5.0594053	3.9572973	5.0720706
talent	7.03318	4.7325764	6.7280016
source	6.315199	4.1739407	5.5719643
lead	5.2445135	3.8208601	5.7258434
question	5.4256434	3.5302076	5.696449
publish	5.1540494	3.8806381	5.519461
interest	5.772751	3.9161606	5.629002
serve	5.365	3.2960224	5.6195664
divine	6.1317825	4.136869	5.5921
put	5.3571367	3.7311187	5.691116
shadow	4.9854	3.3869472	5.31515
practical	5.7452574	3.9362054	5.9143176
surface	5.119698	3.5787714	4.8975506
account	5.3313427	3.9023805	5.396355
loss	4.2335186	4.5778227	4.425841
indian	5.4663906	5.1340504	5.421171
vine	6.0776086	4.131729	5.676519
certain	5.336084	4.4819865	5.5460887
sin	3.6251676	4.621573	4.221397
necessity	4.3039494	4.2052293	4.852968
lose	4.6996255	4.3053617	5.265744
private	4.2309756	3.772104	5.007876
gentleman	5.483735	3.3746448	5.3504686
daughter	5.194784	4.286672	4.89281
drive	4.043568	4.5206327	4.777233
strange	4.668808	4.8212795	4.60337
journey	6.040409	3.703444	5.7011127
uncle	6.302594	3.9085283	5.5825377
species	5.6359243	4.8060455	5.206496
think	5.488131	4.295006	5.336271
bed	5.06586	3.4680457	5.1156883
wind	4.8485756	4.296548	4.8174067
bless	7.114317	3.9273045	6.4724817
destroy	3.9656215	5.163356	4.8134265
author	5.538488	4.2701035	5.0771284
sustain	5.397389	4.048111	5.8181467
black	4.5322304	4.286946	4.5694327
event	5.7402115	4.5281763	4.9093733
liberty	6.328811	4.5541954	5.7824173
negro	3.8983464	4.4759674	4.1945524
little	5.1579137	3.9313936	5.1551533
fortune	6.0066147	4.395981	5.325652
touch	5.3938284	3.8519464	5.529791
kill	4.555278	5.056526	4.8291707
feature	5.337001	3.8593912	5.6223316
happiness	6.940143	4.080383	6.2444506
assume	4.160626	3.861443	5.221834
notion	5.811586	3.993024	5.7131042
purchase	6.077134	3.8355823	6.3198104
faithful	5.9616146	3.4986076	5.896282
soldier	4.3377137	4.706303	4.960927
father	5.506583	4.0811152	5.3518004
narrow	3.718182	3.943119	4.5809054
great	5.750061	4.2274017	5.6082416
tear	3.7625673	3.8802218	4.501785
honorable	5.6192813	4.0165815	5.838453
previous	4.509018	4.0756955	4.936976
good	6.402215	3.9315634	6.2912493
domestic	4.836851	3.696075	5.0389705
glory	7.0060225	4.200179	6.1665688
lay	4.5343504	3.43224	5.649709
occasion	5.3676634	4.332157	5.290148
guard	4.5334554	4.1560984	5.323611
whole	5.1117706	4.0271726	4.9778438
mouth	5.3339252	4.3877277	5.454809
receive	6.2240863	3.7626925	6.1259947
take	5.376405	3.238053	5.958173
simple	6.329673	3.7959418	5.9440784
error	3.6920455	4.4671674	4.118106
wisdom	6.1592274	4.0250115	6.1109514
rock	5.197688	4.189165	5.1148043
decide	5.193563	3.8131442	5.686469
exclaim	5.821131	4.615651	5.8370066
assure	6.674773	3.8537638	6.5841293
sign	5.6791244	3.5518258	5.604476
preserve	5.727635	3.4155097	5.917948
commerce	5.8160057	4.3650923	5.834117
plant	4.59502	3.892365	5.0945253
walk	5.760268	3.4144933	5.951269
difference	5.1535954	3.7335486	5.41851
hang	4.909676	3.7088363	5.1617618
following	6.386491	3.5440784	5.9355884
employ	5.021213	4.2912717	6.299469
