deal	4.9090166	4.1613436	5.1024084
study	6.3758535	3.7938576	6.3610067
afford	6.3029575	4.271537	5.8531575
service	5.53347	3.9566958	6.0758615
height	5.0549364	4.140233	5.1217227
prospect	6.846261	4.4411726	6.1171646
pleasant	6.8964148	3.7462723	6.2984266
shade	5.2615137	3.8036714	5.3566155
listen	4.9092083	4.1144524	5.4388328
mighty	5.5954795	4.6059885	5.39873
country	5.5110965	3.7497306	5.3537884
title	6.470598	3.906026	6.0539837
choose	5.4254065	3.2278998	5.7480545
village	5.688543	4.2226667	5.4293447
acquire	6.8342457	4.5427537	6.5561404
rank	5.597237	4.114503	5.2555556
bow	6.303527	3.4946609	5.8332305
doctor	4.9302173	3.7542646	4.7462034
talent	6.741129	4.6932487	6.595311
source	6.2563562	4.2487392	5.8383436
lead	5.1025467	4.0563526	5.3569746
question	5.331944	3.8933063	5.5384283
publish	5.4205375	3.8314834	5.5829096
interest	5.533993	3.7445405	5.709178
serve	5.5015926	3.2569165	5.8468933
divine	6.66356	4.100983	5.7780533
put	5.4869204	3.7797284	5.700493
shadow	5.2012124	3.719102	5.4036303
practical	5.503894	3.8780422	6.0026107
surface	4.9189777	3.281579	4.8588266
account	5.3333106	3.9093022	5.47695
loss	3.7953358	4.6164536	4.5362983
indian	4.585542	4.654887	5.2121863
vine	6.1187344	3.6696477	5.913549
certain	4.90726	4.4075217	5.1404643
sin	3.4976337	4.1902685	4.313418
necessity	4.1991925	4.15111	4.7791233
lose	4.6724377	4.2186584	5.2462287
private	4.536704	3.8484802	5.2431545
gentleman	5.9478006	3.4518845	5.3552413
daughter	5.643909	4.5001774	4.898873
drive	4.167645	4.935645	4.798349
strange	4.330992	4.6126027	4.4678116
journey	5.880214	3.7473989	5.8745823
uncle	5.701556	4.4128647	6.0340886
species	5.1605062	4.3256745	5.2554784
think	5.1226497	4.2387404	5.3463755
bed	5.1730223	3.5485797	5.218606
wind	5.1518106	3.9158537	5.055404
bless	7.5161343	3.9820652	6.6579328
destroy	3.8932464	4.9948483	4.821642
author	5.5287743	4.017033	5.4215994
sustain	4.6689925	4.0228662	5.4450703
black	4.1967735	4.259236	4.6045737
event	5.92116	4.3802032	5.2007203
liberty	7.0442467	4.8595486	6.3705573
negro	4.6153793	4.2924023	4.521207
little	5.3019185	4.4606376	5.414092
fortune	6.3368254	4.4284286	5.899393
touch	5.376725	3.7920985	5.491699
kill	3.6991694	4.993835	4.5487537
feature	5.197647	4.1662755	5.3415728
happiness	7.3175015	4.349199	6.6218204
assume	4.27866	3.9448264	4.960455
notion	5.697719	4.1073465	5.4682446
purchase	5.989858	4.0228863	6.361086
faithful	6.2938337	3.641225	6.1101394
soldier	4.5045166	4.542159	4.9291077
father	5.5819664	4.3253837	5.237755
narrow	3.6232626	3.9403284	4.347425
great	5.112453	4.6989956	4.965566
tear	3.96741	4.1287627	4.464154
honorable	5.834567	4.2400985	6.037512
previous	4.4868207	3.7525697	4.8611946
good	5.850984	3.787369	6.1111317
domestic	5.3751264	3.7383657	5.267867
glory	6.7885323	4.53841	6.0146313
lay	4.778586	3.1907368	5.3769264
occasion	4.877885	4.367369	4.9206204
guard	4.907523	3.795431	5.241569
whole	4.797877	4.2626953	4.9853287
mouth	5.1150036	4.1975775	5.190581
receive	6.3152266	3.8797057	5.916809
take	5.3148017	3.8488107	5.743787
simple	6.046729	3.9551215	5.815036
error	3.743594	4.211281	4.3201237
wisdom	6.5210767	4.1502776	6.178914
rock	5.4004803	3.9644625	5.1425276
decide	4.9510574	3.7879658	5.364955
exclaim	6.0256233	4.8046446	5.815796
assure	6.537609	3.9586968	6.457863
sign	5.259676	3.6149294	5.4121857
preserve	5.9123096	3.6103601	5.7485213
commerce	5.9976807	4.1931105	5.803933
plant	4.955329	3.7282476	5.037573
walk	5.6057696	3.551572	5.8560205
difference	5.221035	3.864428	5.088322
hang	4.785387	3.9481483	5.043197
following	6.632992	3.6982477	6.1519275
employ	4.900548	3.8371215	6.088449
