deal	4.8193474	4.656532	5.19329
study	5.7202954	3.8110764	6.024378
afford	6.6744065	4.3860054	5.9383802
service	5.618642	3.9659128	5.70922
height	5.418104	4.5613728	4.9844937
prospect	7.478053	4.4843364	6.3285646
pleasant	6.853938	3.8255312	6.1186266
shade	5.1805677	3.339262	5.119577
listen	5.4050083	4.1319394	5.744111
mighty	5.53743	4.422923	5.449705
country	5.4654927	3.6912591	5.042096
title	6.339004	3.7522967	6.359192
choose	5.3815866	3.3714278	5.8366756
village	6.200867	3.983974	5.4188933
acquire	6.6116586	4.479411	6.576955
rank	5.0129046	4.1174927	5.219935
bow	5.7867994	3.4124513	5.9255333
doctor	4.7879567	4.1413975	5.043543
talent	7.148163	4.654882	6.5546904
source	6.329257	4.4694405	5.4848185
lead	4.8116164	3.9774272	5.480461
question	5.2090297	3.830485	5.4602327
publish	5.4982147	3.9285822	5.9291353
interest	6.0923643	3.9385886	5.711542
serve	4.601237	3.4280863	5.039653
divine	6.428212	4.125266	5.645214
put	5.8282967	3.5064888	5.822634
shadow	4.7336583	3.4435365	4.8157167
practical	5.536346	3.9709148	5.71756
surface	5.2740717	3.3974185	4.9694457
account	5.361395	4.0015826	5.4320507
loss	4.7534213	4.6003804	4.488622
indian	5.0479465	4.752833	5.447166
vine	6.508132	3.5030928	5.862327
certain	4.957902	4.483958	5.3318076
sin	3.619903	4.181238	4.1447563
necessity	4.6156673	4.2387714	5.164731
lose	4.1403937	4.287801	4.5189595
private	5.1312933	3.5459976	5.556817
gentleman	6.0584583	3.663084	5.664701
daughter	5.398074	4.382021	4.7333603
drive	4.2137494	4.6814733	4.698922
strange	4.827796	4.6919065	4.906725
journey	6.1187305	3.6445017	5.8319607
uncle	5.85316	3.67413	5.78095
species	5.634339	4.4025507	5.157339
think	5.6401315	4.5093784	5.5772786
bed	5.635544	3.5766506	5.559678
wind	5.121971	4.328243	4.8291745
bless	6.981208	4.0893974	6.110382
destroy	3.9681926	4.890764	4.6251755
author	5.472825	4.2490077	5.4207764
sustain	5.1800632	4.0433373	5.6546597
black	4.460566	4.8654222	4.302125
event	5.886901	4.4596443	5.119545
liberty	6.7104073	5.253757	5.968659
negro	4.1528883	4.553679	4.6618295
little	5.155022	4.241561	5.4104657
fortune	6.2534637	4.3536124	5.444948
touch	5.7894135	3.9855678	5.622967
kill	4.530039	4.862933	4.636119
feature	5.5966806	3.6611447	5.291115
happiness	7.6200347	4.3714147	6.4612513
assume	3.7335756	3.4778407	4.8974657
notion	5.764793	4.0836253	5.553795
purchase	6.5618577	3.6715875	6.459108
faithful	6.161639	3.871233	6.1635513
soldier	4.2260704	4.596374	4.8536797
father	5.8421206	4.024807	5.35047
narrow	3.7700408	3.514519	4.440579
great	4.93021	4.438233	4.939201
tear	3.7963662	3.9341562	4.3075495
honorable	5.9831705	4.1991143	6.125116
previous	4.7578764	3.817226	4.9632177
good	5.9384623	4.1771364	6.1971664
domestic	5.2008457	3.6443653	4.848402
glory	6.80169	4.5393863	5.8103867
lay	4.4357376	3.5344055	5.226981
occasion	5.5160036	4.146573	5.18704
guard	4.3510365	4.239166	4.9497895
whole	4.977595	3.903916	4.737842
mouth	5.320911	4.124646	5.6033654
receive	6.406857	4.055943	5.976295
take	5.4373426	3.7064486	5.7642527
simple	5.800494	3.8458436	5.717405
error	3.3726268	4.6400294	4.057979
wisdom	6.3834887	4.1318545	6.055257
rock	5.5121956	4.3222733	5.262889
decide	4.9546995	3.6679583	5.4491997
exclaim	5.5661063	4.943584	5.757134
assure	6.758932	4.2562127	6.4527397
sign	4.9250665	3.816185	5.3545833
preserve	5.6690235	3.7112622	5.8621774
commerce	5.6541266	4.3863544	5.7100754
plant	5.158942	3.5631719	5.0941057
walk	5.719615	3.4830375	5.7799964
difference	5.2682467	4.0769396	5.0025063
hang	4.6977897	4.050155	4.9021378
following	6.1073966	3.5262475	5.8525033
employ	4.5172405	3.9731493	5.591319
