deal	4.9596276	4.5176277	5.1598563
study	6.5569596	3.8092787	6.685443
afford	6.085856	4.1689224	5.771689
service	5.774469	4.14448	5.6062546
height	5.252647	4.0482855	5.101658
prospect	6.7558117	4.2229953	5.7637053
pleasant	6.980444	3.8075943	6.004942
shade	5.211585	3.4863882	5.1340294
listen	5.066742	4.032151	5.568841
mighty	5.3608475	4.6526937	5.546469
country	5.379427	3.7836726	5.557399
title	6.6590786	3.853589	6.168493
choose	5.139637	3.420601	5.58797
village	6.0311527	3.9576888	5.3287573
acquire	6.6433735	4.4974656	6.7682543
rank	5.3660765	4.248465	5.285927
bow	5.751979	3.5992045	5.8999023
doctor	4.6554894	3.9951735	4.9568615
talent	6.837289	4.4418507	6.678285
source	6.219909	4.2296424	5.8373775
lead	4.728255	4.143352	5.4639072
question	5.4166293	3.84764	5.8767004
publish	5.6632624	3.7947197	6.123287
interest	6.0743823	4.2554536	5.796031
serve	5.132389	3.4876292	5.596478
divine	6.2813506	4.262996	5.440124
put	5.792524	4.004827	5.8996773
shadow	4.884388	3.520812	4.7847114
practical	5.4594154	3.9890373	5.8337593
surface	5.04954	3.206008	4.964687
account	5.433068	4.3813105	5.4384656
loss	4.212376	4.530819	4.289247
indian	5.272491	5.1064606	5.2274537
vine	6.6079006	3.3610992	5.8797736
certain	5.17857	4.5723476	5.528786
sin	3.7219248	4.4599223	3.8921862
necessity	4.229659	4.491243	4.695891
lose	4.8597593	4.696478	5.0719795
private	4.7738376	3.6534097	5.504905
gentleman	5.1251154	3.663412	5.149417
daughter	5.227773	3.880844	4.952684
drive	4.0008345	4.567723	4.625976
strange	4.6833873	4.7071257	4.467331
journey	6.2662754	3.8995814	6.0417757
uncle	6.1433797	4.0955815	5.9508953
species	5.5274334	4.652369	5.3925104
think	5.466421	4.4071164	5.30514
bed	5.303987	3.2758842	5.4431534
wind	5.1721044	3.954366	4.9656024
bless	6.9695153	4.0298424	6.2322183
destroy	4.0399175	4.9212193	4.6505346
author	5.464627	4.4237413	5.2226195
sustain	5.123517	4.2022114	5.5678225
black	4.1891584	4.5687647	4.1185875
event	6.0551176	4.6367307	4.9125996
liberty	7.0226955	4.5168395	6.1950107
negro	4.2836304	4.7711763	4.2572107
little	5.1208363	3.9998538	4.9791074
fortune	6.09628	4.4145985	5.5800414
touch	5.482559	4.0478077	5.3359866
kill	4.534973	4.996278	4.657067
feature	5.1891303	3.5970078	5.283809
happiness	7.001793	4.35129	6.349535
assume	4.232439	4.016954	4.884939
notion	5.3788633	4.359224	5.168919
purchase	6.353077	3.8784866	6.3789864
faithful	6.079832	3.647317	5.664286
soldier	4.486467	4.5252132	5.007609
father	5.614728	3.9220996	5.006174
narrow	3.635001	3.4982145	4.5194197
great	5.1987677	4.6747456	5.1784964
tear	3.727077	3.7732873	4.529515
honorable	5.2830772	4.2913666	5.9143715
previous	4.6203237	4.0598555	5.075559
good	6.4041505	3.6817546	5.979401
domestic	4.9334197	3.4446878	4.6311207
glory	7.296914	4.4682646	6.2777777
lay	4.5657225	3.6404016	5.7297773
occasion	5.0152407	4.604663	4.958606
guard	4.8359513	4.249508	5.2255807
whole	4.9677925	4.030837	4.9969935
mouth	5.3319607	4.0395546	5.6237936
receive	6.230957	3.7467294	6.03085
take	5.858118	3.8868327	5.5597777
simple	5.8276753	3.7042916	5.756783
error	3.6768236	4.3213425	4.311201
wisdom	6.264794	4.0965223	5.9012823
rock	5.049743	4.3858423	5.0498333
decide	5.133182	3.958592	5.8229804
exclaim	5.44383	4.9204745	5.1006494
assure	6.595541	4.154127	6.576224
sign	5.2736607	3.8815231	5.273673
preserve	6.0238223	3.8018746	5.8023295
commerce	5.5489306	4.4094195	5.4240193
plant	5.362964	3.3467674	5.4747877
walk	5.5465817	3.5511236	5.66405
difference	5.276847	4.2971106	5.291865
hang	4.653441	3.7577689	4.9928765
following	6.293779	3.4867399	5.7440734
employ	5.0946345	4.095907	6.0238395
