deal	4.8091497	4.150233	5.0999956
study	5.761842	3.6316345	6.3054285
afford	6.1953015	3.874507	5.839484
service	5.9627104	3.9106035	5.780101
height	5.1407537	4.462389	5.269849
prospect	6.647415	4.4341516	5.9226937
pleasant	7.0332108	3.7134852	6.103613
shade	4.9516616	3.610425	5.106504
listen	5.2271767	3.9608333	5.605692
mighty	5.4828067	4.4232016	5.332577
country	5.027245	3.7740245	5.1803393
title	6.92456	3.7059	6.2046175
choose	4.8614264	3.6684742	5.3983865
village	6.0437517	3.972736	5.715867
acquire	6.4727936	4.1808743	6.829213
rank	5.030513	3.9502244	5.141882
bow	6.108509	3.4083614	5.7172217
doctor	4.531246	3.5229793	5.01475
talent	6.874428	4.66115	6.8847065
source	5.9219356	4.069752	5.451729
lead	4.8378663	3.9812016	5.432202
question	5.11086	3.952685	5.6880116
publish	5.6587453	4.045322	5.745361
interest	6.251617	3.9135346	5.871578
serve	5.185691	3.2856956	5.4864225
divine	6.331238	4.0639887	5.6354547
put	5.649084	3.967108	5.9518642
shadow	4.749069	3.5125213	5.150797
practical	5.5373645	3.95147	5.743518
surface	5.2380304	2.942879	5.0436716
account	5.8847084	4.3513026	5.4992
loss	4.467042	4.484808	4.6369476
indian	4.848034	4.869364	5.11261
vine	5.976036	3.7150474	5.931836
certain	5.16234	4.6735473	5.72373
sin	3.7965264	4.361441	4.2849255
necessity	4.1414857	4.183382	4.7992306
lose	4.7149134	4.4347315	5.529478
private	4.420207	3.9445496	5.2087245
gentleman	5.8563957	3.8049703	5.5182204
daughter	5.0119705	4.268446	4.792873
drive	3.8719926	4.595849	4.4911456
strange	4.482641	4.8393407	4.3892384
journey	6.1856318	4.01727	5.6453047
uncle	5.94066	4.783891	6.147123
species	5.861769	4.8253655	5.5419993
think	5.30672	4.6199656	5.501545
bed	5.4547663	3.3253932	5.359318
wind	4.954591	4.197468	4.894655
bless	7.4118614	4.1809006	6.301576
destroy	3.7743568	5.073076	4.800906
author	5.61009	4.2207847	5.36401
sustain	5.144142	4.1836014	5.708671
black	4.2637496	4.4156957	4.4839826
event	5.9598303	4.604227	5.092365
liberty	6.808443	4.577455	6.021023
negro	4.484648	4.438146	4.500915
little	4.9946356	3.9309034	5.1176157
fortune	6.0523815	4.585561	5.515017
touch	6.093383	3.655349	5.6890326
kill	4.4855967	5.017002	4.719212
feature	5.35237	4.228483	5.553734
happiness	7.2484818	4.8524027	6.5861783
assume	4.3075023	3.8110065	5.1227274
notion	5.564372	3.947552	5.5233817
purchase	6.626804	4.0123653	6.7767653
faithful	6.237269	3.5866492	5.913584
soldier	4.209954	4.123819	4.8825645
father	5.1359034	4.4231915	5.145666
narrow	3.31101	3.4849176	4.280044
great	5.594792	3.9537332	5.280483
tear	3.6600785	3.7517147	4.5021806
honorable	5.550754	4.0377426	5.5818343
previous	4.699364	3.8345432	5.239787
good	6.377776	3.4484415	6.2873807
domestic	4.9099283	3.5631285	4.829431
glory	6.5065546	4.335747	5.8339286
lay	5.1266575	3.2210665	5.808176
occasion	5.728512	4.034971	5.3954563
guard	4.4078264	3.769195	5.153667
whole	5.1015806	4.511656	5.226448
mouth	5.347953	4.328557	5.669005
receive	6.505036	3.9298472	6.4371185
take	4.8737483	3.803726	5.79958
simple	6.0913973	3.9026392	5.8034444
error	3.279142	4.0776753	4.1221614
wisdom	6.1327343	4.431307	6.0539336
rock	5.806972	4.4904838	5.54518
decide	4.8055887	4.0578713	5.7219744
exclaim	5.755922	4.91262	5.7181945
assure	6.9960694	4.3129888	6.599522
sign	5.212676	3.6939225	5.3189235
preserve	5.9131885	3.715692	5.971885
commerce	5.6217585	4.2490354	5.6557307
plant	4.993947	3.7724173	5.246214
walk	5.3877153	3.412796	5.6893024
difference	5.061942	4.2821074	5.4001837
hang	4.583929	3.8417983	4.8690515
following	6.738972	3.5406022	5.8880653
employ	5.1098285	3.8127084	6.26423
