deal	4.9973993	4.279596	5.350473
study	6.084806	3.9599361	6.3325105
afford	6.1737137	4.0031557	6.033544
service	6.355125	3.7184677	6.253079
height	5.203539	4.217324	5.0047593
prospect	6.481938	4.4195337	5.7847347
pleasant	7.0324545	4.0372186	6.146178
shade	5.21798	3.6643782	5.2629724
listen	5.04105	4.3247414	5.2606745
mighty	5.632617	4.368803	5.739441
country	5.4894133	3.3331318	5.285662
title	6.861534	3.8123724	6.21812
choose	5.4820805	3.7784176	5.639304
village	5.9062195	4.105692	5.453981
acquire	7.0122123	4.23427	7.069417
rank	5.2717013	3.9639034	4.97929
bow	5.972801	3.5097284	6.133198
doctor	4.2113385	4.055486	4.812834
talent	7.162018	4.409695	6.8219914
source	6.0312304	4.257495	5.7145834
lead	5.2188835	3.9339933	5.382679
question	5.653471	3.9056394	5.703668
publish	5.4111733	4.0720553	5.7815666
interest	5.796514	4.3110824	5.640591
serve	5.3754616	3.2476192	5.5832777
divine	6.2295694	3.802804	5.6070175
put	5.713219	4.264929	5.5665946
shadow	5.2517805	3.482513	5.1646085
practical	5.581249	3.945302	5.9716015
surface	5.422591	3.3786416	5.1146445
account	5.159486	4.09235	5.3591604
loss	4.1920886	4.965975	4.63295
indian	5.147024	4.964726	5.266641
vine	6.1131287	3.6088789	5.764587
certain	4.9636316	4.441987	5.2719736
sin	3.4528995	4.2586703	4.0305996
necessity	4.33029	4.33526	5.034218
lose	4.762186	4.5164948	5.2935367
private	4.444538	3.6914017	5.634982
gentleman	5.7295837	3.8326893	5.419959
daughter	5.0781994	4.2080827	4.892651
drive	4.0076103	4.3916636	4.447328
strange	4.618052	4.874874	4.4693465
journey	5.889062	4.1078463	5.5830812
uncle	5.5419354	4.460446	6.0587254
species	5.407259	4.7719493	4.866316
think	5.526085	4.3336973	5.4091234
bed	5.4760966	3.4150257	5.4685936
wind	4.900243	3.9668837	4.8433957
bless	7.413554	3.7883677	6.3746347
destroy	3.7258606	5.0746555	4.598309
author	5.5134587	4.481168	5.204622
sustain	4.9825687	4.2016597	5.58387
black	4.0633307	4.596919	3.7530754
event	5.4183044	4.7859917	4.877316
liberty	6.662634	4.5993247	6.2974052
negro	4.1952786	4.66367	4.063924
little	5.269653	4.314927	5.150711
fortune	5.6109905	4.4554973	5.428781
touch	5.6628833	3.8249679	5.590198
kill	4.083707	4.889423	4.568716
feature	5.0441465	3.6391444	5.266694
happiness	6.768752	4.496497	6.303506
assume	4.557102	3.7580445	5.1372037
notion	5.9040513	4.031715	5.8230724
purchase	6.4289117	3.9863877	6.5461464
faithful	6.0378513	3.7908847	5.8637314
soldier	4.67084	4.4575067	5.069905
father	6.133295	4.0793386	5.624498
narrow	3.8230681	3.5711737	4.7630043
great	5.139879	3.9102032	5.276251
tear	3.505621	3.7914872	4.4077253
honorable	5.5710278	4.24399	5.9464006
previous	4.7982755	4.070597	5.317888
good	5.807799	3.761096	5.8876767
domestic	4.9766126	3.6288917	5.2223816
glory	6.618018	4.4172587	5.8057837
lay	5.325526	3.6102812	5.943019
occasion	5.236452	4.3538904	5.39649
guard	4.7837973	3.757381	5.3958917
whole	4.8364615	4.1964192	4.771396
mouth	5.296498	4.3744755	5.177241
receive	6.490618	3.895009	6.297494
take	5.271492	3.6253066	5.6016703
simple	6.2822433	3.8821793	6.0238743
error	3.54805	3.9448607	4.237034
wisdom	6.1964817	4.3288317	6.3394904
rock	5.774124	4.3512573	5.6187563
decide	4.876583	4.12038	5.487304
exclaim	6.1860175	4.458659	5.770719
assure	6.8882217	4.2151723	6.637915
sign	4.896359	3.6604712	5.2651777
preserve	5.9296017	3.6903145	5.973287
commerce	5.645176	4.087662	5.746082
plant	4.834981	3.5896504	5.109594
walk	5.4401655	3.7958212	5.5723886
difference	5.292271	3.9004915	5.3846836
hang	4.7660036	3.7057352	5.0845585
following	6.156521	3.457843	5.6746416
employ	5.190256	3.7542868	6.2322297
