deal	5.060953	4.4971876	5.442612
study	5.95891	4.4519434	6.0854034
afford	6.3280783	3.7776651	5.6489506
service	5.553752	3.7871	5.6490126
height	5.216969	4.0309243	5.1855526
prospect	6.9673367	3.851573	6.136326
pleasant	6.9488373	3.8442645	6.134946
shade	4.6751227	3.784369	5.005635
listen	5.3303566	4.084847	5.674056
mighty	5.5526886	4.338097	5.614432
country	5.342683	3.8009262	5.436031
title	6.5292854	4.2462983	5.973603
choose	5.518857	3.3606424	6.0569344
village	6.3344536	4.2422547	5.955181
acquire	6.608425	4.75345	6.797656
rank	4.807442	3.8744907	4.7768097
bow	5.9476013	3.523632	5.574182
doctor	4.8069243	3.9432206	5.0063324
talent	6.9851007	4.512755	6.694012
source	6.47341	4.1859927	6.111022
lead	5.200218	4.183914	5.4327874
question	5.3700976	3.8160398	5.7717085
publish	5.793087	4.160049	5.961061
interest	6.134848	3.63339	6.1001825
serve	5.2056494	3.3601396	5.579488
divine	6.463883	4.065078	5.794331
put	5.555451	3.691697	5.749878
shadow	4.7383394	3.463213	4.872454
practical	5.5007734	4.0509987	5.8429756
surface	5.5630836	3.2753458	5.294831
account	5.627172	4.2684093	5.343098
loss	4.7078204	4.482755	4.602261
indian	4.7755837	5.3690457	5.2347784
vine	5.9130173	3.8432937	5.5398073
certain	5.04412	4.667033	5.2900963
sin	3.6057105	4.278823	4.648924
necessity	4.417722	4.2143908	4.911897
lose	4.3697047	5.3325343	4.779975
private	4.7023325	3.5112362	5.226273
gentleman	5.7572846	3.2464094	5.531942
daughter	5.715783	4.1990333	5.0919495
drive	4.3120365	4.633685	4.683075
strange	4.68723	4.8142796	4.585789
journey	6.2483606	3.7788053	5.8026094
uncle	4.9902077	4.5341244	5.3748
species	5.501819	4.2168303	4.987215
think	5.0093684	4.171055	5.1125345
bed	5.673229	3.084634	5.549582
wind	4.8988295	4.350886	4.5125823
bless	7.2750816	4.0755143	6.4255285
destroy	4.0191574	5.1876364	4.7604
author	5.798419	4.5868273	5.5096016
sustain	5.390547	4.143324	5.473317
black	4.314702	4.426619	4.429181
event	5.8025637	4.362541	5.1525064
liberty	7.0724325	4.6078625	6.289665
negro	4.464338	4.5177717	4.8267884
little	5.2048373	4.3446627	5.213234
fortune	5.9970436	4.031203	5.4169664
touch	5.8157167	3.6874332	5.8968263
kill	4.3246784	5.398582	4.738407
feature	4.988184	3.6858022	5.596866
happiness	7.0440536	4.245395	6.326915
assume	4.134586	3.975833	5.026457
notion	5.7503977	4.011375	5.5854144
purchase	6.6127996	3.6798584	6.7101545
faithful	6.2977476	3.463831	6.172476
soldier	4.539681	4.37802	4.9240284
father	5.6143665	4.302922	5.45856
narrow	3.8115077	3.8419697	4.4390497
great	5.163434	4.6133933	5.2539306
tear	4.344432	4.032831	4.880501
honorable	5.635222	3.8843384	5.67994
previous	4.5162077	3.9081752	5.1450605
good	6.673458	3.8950174	6.183365
domestic	4.9310927	3.4627113	4.7089615
glory	6.4756956	4.3543267	5.9053974
lay	5.2371664	3.5673852	5.652877
occasion	5.3396816	4.184115	4.996395
guard	5.1063514	3.7360663	5.505873
whole	5.3497543	3.9877129	5.421929
mouth	4.9955373	4.070967	5.4222136
receive	6.30462	3.8086357	5.9211607
take	5.253324	3.9776688	5.6195006
simple	6.244173	3.7281432	5.9328747
error	3.7155037	4.388062	4.4939294
wisdom	5.6424527	3.9107175	6.0683546
rock	5.6679077	4.1547804	5.480072
decide	4.928356	4.1739335	5.490367
exclaim	6.0257463	4.6571803	6.0791206
assure	6.751281	4.2417636	6.375676
sign	5.14332	3.8064299	5.2400928
preserve	5.88632	3.5048914	6.0710826
commerce	5.4864736	4.1778603	5.5714827
plant	4.7851453	3.7407756	4.8658743
walk	5.6292	3.8548205	5.7602396
difference	4.781038	4.1350756	4.875952
hang	4.5186424	3.9274044	4.727526
following	6.724952	3.3863673	6.1101456
employ	5.2676196	3.9719713	6.2026873
