deal	5.4085803	4.377005	5.5777683
study	6.4524527	3.7561584	6.4125147
afford	6.0094604	3.728055	5.637565
service	5.6465173	3.7195106	5.8412247
height	5.125738	4.033453	4.9462886
prospect	6.4675446	4.546294	5.691764
pleasant	6.9615364	4.082248	6.2281075
shade	5.199935	3.601778	5.2425137
listen	5.2216706	4.1842184	5.524676
mighty	5.556217	4.5301747	5.350231
country	5.5014634	3.8680515	5.7054143
title	6.710549	4.026082	6.28227
choose	5.002485	3.605451	5.59973
village	6.1709223	3.850243	5.5578766
acquire	6.589258	4.5235	6.9061956
rank	5.1082516	4.0102434	5.1262856
bow	6.129227	3.1971574	5.9314857
doctor	4.5733266	4.1337247	4.837326
talent	6.979538	4.4521127	6.8040094
source	6.0333753	4.2717614	5.74093
lead	5.02291	3.8680747	5.635208
question	5.005708	4.145088	5.4440727
publish	5.3528323	3.980362	5.8632627
interest	5.8140726	3.9654303	5.608313
serve	5.071849	2.9947937	5.5610647
divine	6.442366	3.7067654	5.3678875
put	5.102274	4.070446	5.3904014
shadow	5.161665	3.4576185	5.40865
practical	5.9216547	3.8458867	6.1503463
surface	4.949557	2.99857	4.7337728
account	5.188012	4.4502416	5.229003
loss	4.7399554	4.191319	4.727401
indian	5.0192776	4.9671264	5.1930666
vine	6.128433	3.707844	5.661125
certain	5.144802	4.7292104	5.4960437
sin	3.540964	4.0230784	3.9890575
necessity	4.378695	4.216055	4.629564
lose	4.6462183	4.17815	5.325711
private	4.2536516	3.7879875	5.365052
gentleman	5.474669	3.9493356	5.1095996
daughter	5.667531	4.253752	5.101968
drive	4.2411537	4.865268	4.810336
strange	4.7829666	4.84693	4.675455
journey	5.803005	4.2343082	5.697306
uncle	6.421934	4.3733826	6.3125577
species	5.274785	4.7519956	5.1585636
think	5.690613	4.0874586	5.625992
bed	4.8217177	3.599744	5.0589733
wind	5.0237856	4.1512537	4.9503655
bless	7.123867	3.9850304	6.3614855
destroy	3.9828012	4.832289	4.809707
author	5.5182533	4.203147	5.2597265
sustain	4.865898	4.0262794	5.530961
black	4.3943567	4.062267	4.807664
event	5.6981826	4.4044166	4.923856
liberty	6.553391	4.829254	5.905524
negro	4.2161636	4.4497933	4.3395224
little	5.566428	4.424927	5.2783904
fortune	6.1175556	4.522482	5.599166
touch	5.7341223	3.438749	5.624198
kill	4.398538	4.9569535	4.884691
feature	5.422803	4.0722713	5.5170207
happiness	7.4771733	4.365482	6.484702
assume	4.4139442	4.2559757	5.1005864
notion	5.9328012	3.8310928	5.580821
purchase	6.264346	3.9568253	6.4822874
faithful	5.7842054	3.776087	5.906022
soldier	4.466066	4.290456	5.058013
father	5.982073	3.8653157	5.214598
narrow	3.669783	3.7332315	4.6745872
great	5.492145	4.007616	5.772932
tear	4.2694597	3.900874	4.6492243
honorable	5.49154	4.074973	5.8122854
previous	4.5681643	3.8406649	5.118902
good	6.2524385	3.5984797	6.3117757
domestic	4.8172193	3.499258	4.752321
glory	6.927653	4.634189	6.057707
lay	4.891308	3.3575716	5.831341
occasion	5.3744297	4.18379	5.0146303
guard	4.602323	3.5369363	5.204816
whole	4.957452	4.342707	5.0459495
mouth	4.634834	4.457038	5.2387614
receive	6.293352	3.6678596	6.2357244
take	4.9931035	3.7120504	5.4977765
simple	6.00417	3.7021043	5.702988
error	3.6486974	4.060901	4.284812
wisdom	6.3406672	4.100841	5.8142247
rock	5.2792153	4.025552	4.939361
decide	5.0916834	4.26618	5.6647573
exclaim	5.913394	4.4324336	5.6113253
assure	7.0789413	3.9559584	6.6706333
sign	5.0971894	3.5404954	5.5763493
preserve	5.668488	3.453106	5.8976135
commerce	5.5784655	4.3938766	5.6704874
plant	4.8161225	3.8043337	4.981283
walk	5.572039	3.6334038	5.8391314
difference	5.789736	3.6760347	5.3039265
hang	4.9722505	3.726279	5.279496
following	6.051717	3.483531	5.502734
employ	4.788696	3.649131	6.013352
