deal	5.252371	4.554056	5.2074037
study	6.2038517	4.2108603	6.487337
afford	5.7960167	4.2897153	5.4875803
service	5.6420302	4.029075	6.0620427
height	5.0180798	3.9480057	5.3464165
prospect	6.116769	4.3394003	5.520019
pleasant	7.1860557	4.1779594	6.2084727
shade	4.8302503	3.7765758	5.0689754
listen	5.189752	4.2878203	5.475658
mighty	5.8491716	4.8248863	5.345022
country	5.122754	3.7594752	5.4417863
title	6.3572893	3.5962143	6.4726114
choose	5.376197	3.8805096	5.612063
village	5.9962597	3.5629559	5.5203905
acquire	6.772797	4.3494396	6.867465
rank	5.1652527	4.130549	5.2031884
bow	6.065645	3.463346	5.8243217
doctor	4.723511	4.169897	4.5615807
talent	6.885031	4.932195	6.5584316
source	5.4899607	4.050512	5.5208564
lead	5.304527	3.7847035	5.330307
question	4.3573194	4.10703	4.7816625
publish	5.2596955	3.9781342	6.0570507
interest	5.818718	4.221559	5.4626584
serve	5.065058	3.5562809	5.6473227
divine	6.5016603	3.6881318	5.4880958
put	5.256748	3.801375	5.2274714
shadow	4.76074	3.8429453	4.9863267
practical	5.4425697	4.0824265	5.9533215
surface	4.8842673	3.2436717	4.9155397
account	5.5335145	3.9665434	5.328817
loss	4.321903	4.1768084	4.3386226
indian	5.053862	4.6987295	5.7016726
vine	6.1405587	3.6711187	5.8358192
certain	4.92187	4.7177143	5.0900707
sin	3.8203278	4.2526026	4.342495
necessity	4.685733	4.310954	4.886335
lose	4.458711	4.108852	5.0806026
private	4.500385	3.3531227	5.1172547
gentleman	5.5010223	3.8346436	5.3756022
daughter	4.9221053	4.40394	4.6294966
drive	4.5822587	4.4621267	5.0317087
strange	4.9858503	4.862009	4.7302003
journey	6.2698407	3.866848	6.1338797
uncle	5.6527762	3.866521	5.6921816
species	4.943908	4.842227	4.765721
think	5.760461	4.2358537	5.4142857
bed	5.155129	3.1589308	5.5150433
wind	5.3915606	4.093853	5.3185
bless	7.224822	3.9684172	6.1726513
destroy	3.9017496	4.8402205	4.6510763
author	5.4611645	4.253329	5.4881434
sustain	4.966426	3.9932804	5.3126297
black	4.331175	3.9717524	4.7269893
event	5.6431613	4.047574	4.974681
liberty	6.518	4.3384423	6.052406
negro	4.304248	4.4166555	4.563163
little	4.9595556	4.3222237	5.0911827
fortune	5.5909567	3.9596364	5.1339655
touch	6.022237	3.9737885	5.770619
kill	4.7171474	5.0503683	5.0471287
feature	4.9479494	4.1829123	5.2207813
happiness	7.033048	4.117885	6.2500577
assume	4.5138326	4.0195966	5.2548265
notion	5.7791834	4.0062394	5.450408
purchase	6.0488944	3.48314	6.173319
faithful	6.1963377	3.589895	6.1935277
soldier	5.14416	4.485173	5.079639
father	5.1472025	3.8431678	5.3314447
narrow	3.739109	3.8083963	4.3331146
great	4.997244	4.3279595	5.1046605
tear	3.7597053	3.999624	4.467372
honorable	5.6335583	4.273074	5.740075
previous	4.5247273	3.80942	5.0348477
good	6.424263	3.7536812	6.286483
domestic	5.2406416	3.7375119	5.0773854
glory	6.383293	4.25271	5.935973
lay	4.7578464	3.8912978	5.589621
occasion	4.892267	4.1243997	4.812214
guard	5.0724897	3.7458658	5.2068944
whole	5.1930456	4.0870967	5.022504
mouth	4.962107	3.7960603	5.390535
receive	6.1561837	3.4114602	6.1045055
take	5.4141135	3.4529486	5.8082433
simple	6.328913	3.857754	5.916572
error	3.4477391	4.1308546	4.3611145
wisdom	5.966278	3.8860047	5.867331
rock	5.2715015	4.0812745	5.1793427
decide	4.691843	3.9257088	5.1861086
exclaim	6.0168552	5.033544	5.5051913
assure	6.8706646	4.173521	6.627386
sign	4.889994	3.9004905	5.1114793
preserve	6.0859613	3.2193387	5.9185033
commerce	5.7468953	4.496081	5.737327
plant	4.4720554	3.977017	4.9787865
walk	5.510891	3.6733103	5.6173625
difference	4.2827263	3.7779317	4.7572055
hang	4.4734263	3.6925056	4.8562245
following	6.93107	3.4212642	6.1624384
employ	4.93316	3.8212075	5.898598
