deal	4.928503	4.411186	4.88875
study	6.6780014	3.994174	6.5996523
afford	5.7348075	4.255183	5.5926323
service	5.7922635	3.9203372	5.9990187
height	5.024823	4.3641367	5.0071297
prospect	6.727313	4.503155	6.0624533
pleasant	6.9583483	3.9845247	6.2218065
shade	4.9258046	3.6786673	5.026807
listen	5.3726845	4.330543	5.632515
mighty	5.654159	4.4040074	5.612443
country	4.645654	3.4663763	5.134542
title	6.593694	3.8815746	5.9001875
choose	5.373047	3.5771267	6.0146875
village	5.926655	3.9123957	5.615677
acquire	6.9703093	4.202847	6.6642323
rank	5.0418262	4.048663	5.52256
bow	6.099774	3.2971616	6.0987396
doctor	4.7429996	3.8679748	4.9807177
talent	7.258026	4.7156606	6.9644156
source	5.779804	4.118681	5.5378366
lead	5.317802	4.0591755	5.601598
question	5.3320765	3.9773202	5.383727
publish	5.609392	4.250006	5.894825
interest	5.69419	3.9028163	5.3303947
serve	5.0917883	3.489327	5.7250786
divine	6.505583	3.9641845	5.843871
put	5.591609	3.9383442	5.6083503
shadow	4.9902487	3.5000033	4.880145
practical	5.7337418	4.238299	5.9043493
surface	5.004961	3.2557468	4.9019837
account	5.220538	4.1390047	5.159877
loss	4.1279817	4.3099613	4.4743595
indian	5.1064053	4.8699417	5.1024194
vine	6.1194677	3.8470044	5.270378
certain	4.7566967	4.4941535	5.187889
sin	3.5780168	4.2806807	4.006494
necessity	4.239653	4.46614	4.74416
lose	4.9086967	4.195402	4.898892
private	4.3173018	3.8256197	5.271967
gentleman	5.760083	3.3345687	5.610401
daughter	5.4779005	4.041496	4.9696174
drive	4.096032	4.8026824	4.5235624
strange	4.8483233	5.1151342	4.8273225
journey	5.905405	3.7600093	5.781848
uncle	5.5274844	3.36592	5.6698294
species	5.1089344	4.6049833	4.722591
think	5.81732	4.282332	5.790355
bed	5.2026687	3.5448508	5.1447067
wind	4.7673445	4.2313614	4.617566
bless	7.3296995	4.041152	6.2685776
destroy	3.6243477	5.0709205	4.2901545
author	5.5703487	4.2343726	5.389692
sustain	5.1647277	4.251372	5.5241566
black	4.4875326	4.846705	4.2427874
event	5.996506	4.390279	5.0246534
liberty	6.64243	4.9643154	5.978559
negro	5.0793843	4.180512	4.966611
little	4.723588	4.3812857	4.977846
fortune	6.283831	4.518313	5.974103
touch	5.3870835	3.3347533	5.36378
kill	4.0635986	4.958311	4.254545
feature	5.1782036	3.4576995	5.4121647
happiness	6.9809213	4.3270993	6.236152
assume	4.455106	3.7865477	5.08952
notion	5.7147765	3.7559566	5.48261
purchase	6.518267	3.7478318	6.533656
faithful	6.0006957	3.7281146	5.9301276
soldier	4.4695005	4.4550304	5.258755
father	5.814064	3.8455234	4.9970345
narrow	3.3670368	3.6758282	4.451243
great	5.139324	4.742869	5.2744913
tear	4.1299467	3.9292848	4.7394905
honorable	5.947303	4.1990547	6.259608
previous	4.6460824	3.836787	4.9631615
good	6.223728	4.0575275	6.299059
domestic	4.780326	3.678893	4.9374633
glory	6.7398252	4.243302	6.2110715
lay	4.7345333	3.7351873	5.152079
occasion	4.966704	4.2123804	4.9450903
guard	4.8176126	4.08673	5.5351076
whole	5.3436317	3.7682278	5.319399
mouth	5.1026697	3.859561	5.381558
receive	6.1899548	3.731952	5.91303
take	5.1689324	4.021737	5.6077905
simple	5.7584043	3.5435634	5.642168
error	3.686781	4.368217	4.209295
wisdom	6.546915	4.2485576	6.3337383
rock	5.3012657	4.484788	5.066501
decide	5.2361813	4.095636	5.5443683
exclaim	5.652429	4.612802	5.495029
assure	7.058568	3.8833246	6.719586
sign	4.8170733	3.4929557	5.153536
preserve	5.908512	3.210555	5.787136
commerce	5.332478	4.255951	5.244937
plant	4.9101214	3.9119387	4.882799
walk	5.6519117	3.8251956	5.903355
difference	4.86461	4.3903494	4.900673
hang	4.6776667	4.0999804	5.1778135
following	6.293515	3.389152	5.482365
employ	5.1235294	3.9217672	6.2831526
