deal	5.291329	3.947384	4.8356066
study	6.5025415	3.9481921	6.5465117
afford	6.200683	4.098716	5.8428345
service	5.423301	4.0069256	5.708208
height	5.0395236	3.9336686	5.165082
prospect	6.6795597	4.3598866	5.9578676
pleasant	7.0152006	3.8563795	6.282824
shade	5.0361457	3.7264977	5.2217073
listen	5.853594	3.9243934	5.92002
mighty	5.721336	4.193391	5.5649242
country	5.4869804	3.9383988	5.4015627
title	6.21603	3.554717	5.9522696
choose	5.328963	3.4802654	5.9259233
village	6.0550346	4.2620144	5.6462
acquire	6.3955975	4.109096	6.620834
rank	4.8153653	4.139755	5.0976276
bow	6.2183466	3.383144	5.903715
doctor	5.6442184	3.9920588	5.2778554
talent	6.770835	4.503934	6.7727084
source	6.2824483	4.045006	5.6201105
lead	4.7346663	4.204329	5.390889
question	5.20508	3.431467	5.3060794
publish	5.464078	4.1467175	5.717761
interest	6.0985603	3.9414895	5.6431417
serve	5.224279	3.7353907	5.249856
divine	6.6445055	3.7686114	5.6543646
put	5.1687865	4.0150967	5.6538696
shadow	4.6604176	3.312594	5.275981
practical	5.6666346	3.866994	6.0078464
surface	5.3618803	3.1448536	5.0379915
account	4.971214	3.9496303	5.2261896
loss	4.312177	4.123505	4.4814363
indian	4.706744	4.644734	5.2970657
vine	5.743818	3.856574	5.15657
certain	4.787924	4.639533	5.2485023
sin	3.7659428	4.4337955	4.365926
necessity	4.4295235	4.2453723	4.9800982
lose	4.122407	4.648147	5.2419176
private	4.73948	3.795415	5.287425
gentleman	6.2622857	3.3857493	5.6711664
daughter	5.245196	4.357605	4.7783513
drive	4.1302934	4.69335	4.7889833
strange	4.567131	4.937853	4.716056
journey	6.2777653	3.6176152	5.839141
uncle	5.666865	3.550848	5.6972675
species	5.3199983	4.6628504	5.2207747
think	5.324394	4.3166203	5.446563
bed	5.4086075	3.592112	5.410112
wind	4.9647913	3.9921637	4.6316566
bless	6.788225	3.892838	5.995591
destroy	3.8116505	4.9982643	4.7699337
author	5.729511	4.2149577	5.368657
sustain	4.978719	3.78168	5.477208
black	4.2131033	4.2387066	4.7236934
event	5.7023	4.372983	4.85122
liberty	6.746669	4.468445	6.053598
negro	4.532462	4.2228417	4.6904488
little	5.1837993	4.3657203	5.4056926
fortune	6.0028133	4.2490954	5.29485
touch	5.890658	3.7071319	5.6566377
kill	4.2020826	5.0263643	4.6065106
feature	5.2385206	3.9847736	5.4097013
happiness	7.0303717	4.435557	6.4065423
assume	4.1565304	3.66759	4.9529033
notion	5.8230143	3.9245296	5.541904
purchase	6.2042303	3.4698043	6.37826
faithful	6.304679	3.5612981	6.049784
soldier	4.431583	4.318086	4.8071055
father	5.489885	4.0341682	4.9982195
narrow	3.620481	3.8700576	4.5346622
great	5.178487	4.6229515	4.9638247
tear	4.062399	4.0040383	4.480598
honorable	5.669615	4.1782746	5.98975
previous	4.469428	3.9719374	4.965619
good	6.4891615	3.8856575	6.0079255
domestic	5.0156155	3.9751043	5.2025476
glory	6.882353	4.3981514	6.145953
lay	4.710756	3.251312	5.510266
occasion	5.113827	4.2864428	4.9795923
guard	4.940675	3.9354546	5.212388
whole	4.7983236	4.5337925	5.016115
mouth	5.2152677	4.2160645	5.7003613
receive	6.4598975	3.736726	6.2295494
take	5.3510823	4.2298574	5.6040707
simple	5.9707413	3.6911936	5.7437925
error	3.383534	4.5618286	4.2390523
wisdom	6.5978923	4.0792446	6.4909544
rock	5.5930586	3.9484074	5.2448864
decide	5.1913824	3.991102	5.654086
exclaim	5.804852	4.3536844	5.733031
assure	6.6125784	4.156181	6.4216914
sign	4.940662	3.535225	5.3123946
preserve	5.7034187	3.564496	5.8421764
commerce	5.1386566	4.214473	5.5075693
plant	5.2502084	3.8589683	5.113336
walk	5.9103947	3.5198274	5.9643707
difference	4.74485	4.248248	5.395964
hang	4.5592475	3.828229	4.8091955
following	6.2062645	3.1893985	6.0332403
employ	4.660016	4.0310946	5.8432336
