deal	5.4073815	4.2019696	5.9752746
study	6.5739384	3.717104	6.609252
afford	5.96826	4.1152964	5.80339
service	5.525315	3.9972186	5.7890186
height	4.7671494	4.418125	4.9709034
prospect	6.4263997	4.59241	5.8948116
pleasant	6.795261	3.8153577	6.2261353
shade	5.031189	3.4973311	5.339346
listen	5.377228	4.5186133	5.4018106
mighty	5.914012	4.1698155	5.797678
country	5.3703814	3.613236	5.4729967
title	6.4601164	4.197725	5.79667
choose	5.276331	3.59551	5.510635
village	6.2728643	3.939627	5.8440413
acquire	6.5927987	4.277637	6.7593203
rank	4.968301	4.258421	4.962935
bow	5.8915563	3.6420171	5.858513
doctor	5.3251534	4.226358	5.0808554
talent	6.710909	4.5731463	6.5528793
source	6.278407	4.4586325	5.9427156
lead	5.229229	3.8936336	5.7990527
question	4.7655783	4.388259	5.3465447
publish	5.6672306	4.1475754	5.722878
interest	6.041298	3.9757934	5.959094
serve	5.0433817	3.3440394	5.531063
divine	6.632619	3.9128087	5.8842134
put	5.1751833	3.6619077	5.4714146
shadow	4.952096	3.30205	5.2915125
practical	5.709594	3.8018322	6.229967
surface	5.659046	3.4821565	5.1254244
account	5.776888	4.051219	5.749563
loss	4.365496	4.5026464	4.388873
indian	5.3073764	4.651724	5.673351
vine	5.8077254	3.599693	5.7500896
certain	5.037451	4.0768104	5.274581
sin	3.432962	4.1530247	4.212265
necessity	4.4398513	4.382156	4.745645
lose	4.413753	4.514133	5.02528
private	4.505393	3.8748102	5.0970144
gentleman	6.1210985	3.564244	5.475566
daughter	5.419187	4.2584543	5.037668
drive	4.293301	4.3298006	4.8197546
strange	4.6275697	4.742978	4.825432
journey	5.843147	3.4848838	5.680133
uncle	5.7832117	3.6922312	6.0909038
species	5.133283	4.721884	5.1255136
think	5.543751	4.3971786	5.6711483
bed	5.6578093	3.5697675	5.3656664
wind	5.4352665	4.0046144	5.120478
bless	7.423954	4.079047	6.6413
destroy	3.7755332	4.5646796	4.750566
author	6.1161985	4.320428	5.3599577
sustain	5.127556	3.9594235	5.529006
black	4.1364584	4.9798584	4.423331
event	5.9260135	4.2935815	5.371702
liberty	6.7778673	4.8151207	6.008676
negro	4.520391	4.2097564	4.605337
little	5.4637537	4.136238	5.328147
fortune	6.0056386	4.368674	5.4327617
touch	5.765236	3.8676429	5.5660872
kill	4.7502303	4.7644362	5.1231017
feature	5.1987395	3.7808766	5.6203437
happiness	7.617133	4.3362823	6.726302
assume	3.9715483	3.578312	5.0469456
notion	5.502116	3.9705868	5.7230315
purchase	6.679355	3.631639	6.661519
faithful	6.5668697	3.2928557	6.0833673
soldier	4.9063015	4.7411976	5.3817997
father	5.6683235	4.0564528	5.096928
narrow	3.560523	3.5973985	4.4018407
great	5.087015	4.2160153	5.564705
tear	4.351255	4.0480103	4.5505185
honorable	5.560272	4.120065	5.768732
previous	4.441237	3.7351005	5.205921
good	5.940625	4.192274	6.0866356
domestic	5.015445	3.6332097	5.09202
glory	7.038924	4.178812	6.0756907
lay	4.9142427	3.583621	5.5837917
occasion	5.1787853	4.2681026	5.0200043
guard	5.0672655	3.9840548	5.565857
whole	5.36124	4.107255	5.177506
mouth	4.845106	4.5007405	5.128096
receive	6.30686	4.0930233	6.0733128
take	5.329624	3.7479043	5.7754345
simple	5.7947397	3.781784	5.6925726
error	3.7497635	4.4333787	4.316702
wisdom	6.256014	3.9052925	6.228947
rock	5.36621	4.2565184	5.119996
decide	4.9593406	4.127283	5.577984
exclaim	6.0950146	4.7913322	5.9654922
assure	6.790619	4.0250664	6.7138453
sign	4.1032634	3.665705	4.731824
preserve	6.249956	3.428452	6.115976
commerce	5.6881194	4.118461	5.95481
plant	4.626001	3.9853532	5.221785
walk	5.5644097	3.546033	5.7884836
difference	4.7731457	4.3657637	5.1111712
hang	5.003924	3.8021998	5.089937
following	6.446117	3.364222	5.8277755
employ	5.359006	3.6820598	6.2832146
