deal	6.114375	3.9293750000000003	5.725
study	6.000000000000002	4.302499999999999	6.166875
afford	5.955625000000001	3.7575	6.003124999999999
service	5.3812500000000005	3.8712499999999994	5.335624999999999
height	5.355625000000001	3.7600000000000002	5.494375000000001
prospect	6.0093749999999995	4.5737499999999995	5.6743749999999995
pleasant	6.3831250000000015	4.506875	5.871874999999999
shade	5.81	3.9499999999999997	5.3625
listen	5.984375	3.809375	5.823125000000001
mighty	5.635625000000001	4.4025	5.39625
country	5.522499999999999	3.8012499999999996	5.369374999999999
title	5.746249999999999	3.765625	5.873124999999998
choose	5.814375	3.753125	5.81375
village	5.715625000000001	3.5887499999999997	5.538125
acquire	5.92375	3.9381249999999994	6.284375000000002
rank	5.991250000000001	4.1175	5.796875
bow	5.590000000000001	4.1762500000000005	5.5625
doctor	5.041875000000001	3.9106249999999996	5.07
talent	6.2475000000000005	4.251875	6.076874999999999
source	5.723749999999999	3.7306249999999994	5.843125000000001
lead	5.446875	4.098750000000001	5.36875
question	5.724375000000001	3.955	5.868125000000001
publish	5.524375000000001	3.719375	5.775625
interest	5.918125	4.139374999999999	6.068124999999999
serve	5.76875	3.809375	5.769375000000001
divine	6.05125	4.30625	5.57875
put	5.705625	3.7875	5.568124999999999
shadow	5.684374999999999	4.08125	5.2006250000000005
practical	5.250624999999999	4.03125	5.51625
surface	5.104375	3.5756249999999996	5.07125
account	5.81	3.6343750000000004	5.877499999999999
loss	4.350624999999999	4.42375	4.890625
indian	4.961250000000001	4.010625	4.68375
vine	5.541874999999999	3.6462499999999998	5.333125
certain	5.805000000000001	3.884375	6.040625
sin	5.331875	4.554375	5.358124999999999
necessity	4.898124999999999	4.194375	5.102500000000001
lose	5.959375	4.011875	5.65625
private	5.528124999999999	3.917500000000001	5.47875
gentleman	6.333749999999999	3.73375	5.809374999999999
daughter	6.1812499999999995	4.568124999999999	5.30875
drive	5.669999999999999	3.99125	5.3975
strange	5.8100000000000005	4.179374999999999	5.406875
journey	5.929375	4.430625	5.8549999999999995
uncle	6.008125000000001	4.025	5.378125
species	5.263750000000001	3.8943750000000006	5.425000000000001
think	6.27	3.8306249999999995	5.8625
bed	5.9175	3.61	5.7725
wind	6.1156250000000005	3.9812500000000006	5.393750000000001
bless	6.494374999999999	4.569999999999999	5.8549999999999995
destroy	5.304375000000001	4.2875000000000005	5.391249999999999
author	5.76875	3.8625000000000003	5.6381250000000005
sustain	5.37375	3.866875	5.406875000000001
black	5.6106250000000015	3.9337500000000003	5.21
event	5.676875	4.045625	5.468749999999999
liberty	6.0912500000000005	4.38625	5.566249999999999
negro	4.4193750000000005	4.236249999999999	4.873124999999999
little	6.1087500000000015	3.8731250000000004	5.691249999999999
fortune	6.47	4.455	5.6987499999999995
touch	5.981875	4.295	5.5275
kill	3.56	5.075625	4.4325
feature	5.665	3.8225000000000002	5.7025
happiness	6.843749999999999	4.67125	6.120625
assume	5.6675	3.8243750000000003	5.893749999999999
notion	5.85125	4.0043750000000005	5.841875000000001
purchase	5.80875	4.2093750000000005	5.489374999999999
faithful	6.521875	4.758749999999999	5.800000000000001
soldier	4.421875	4.785625	4.98625
father	6.35125	4.245625	5.485625000000001
narrow	5.02125	3.7481249999999995	5.260625000000001
great	5.849375	3.7443750000000002	5.88625
tear	5.576250000000001	4.8306249999999995	5.12
honorable	5.840625	4.295	5.746875000000001
previous	5.3375	3.799375	6.001250000000001
good	6.00625	3.875625	5.724999999999999
domestic	5.849375	4.2006250000000005	5.6225000000000005
glory	6.643125	4.779374999999999	5.916875000000001
lay	5.7406250000000005	3.864375	5.5925
occasion	5.811250000000001	3.7518749999999996	6.175
guard	4.7	4.091875	5.269375000000001
whole	5.765625	3.4481250000000006	5.61875
mouth	5.409375	3.860625	5.5218750000000005
receive	6.008750000000001	3.848125	5.81375
take	5.865625	3.7956249999999994	5.62
simple	6.08375	3.6912499999999997	5.80625
error	5.187499999999999	3.91	5.487500000000001
wisdom	6.251250000000001	4.401875	5.695625
rock	5.9643749999999995	4.001250000000001	5.539375000000001
decide	5.691249999999999	3.855625000000001	5.6743749999999995
exclaim	5.875000000000001	4.324375	5.506249999999999
assure	6.10625	3.6374999999999993	5.70875
sign	5.459375	3.8893750000000002	5.588750000000001
preserve	6.101875	3.87125	5.926874999999999
commerce	5.37125	4.163749999999999	5.418124999999999
plant	5.4593750000000005	3.6225000000000005	5.268125
walk	5.739375	3.750625	5.795
difference	5.559374999999999	3.8425	6.147499999999998
hang	5.51375	3.8106249999999995	5.436875
following	5.855	3.6193750000000002	5.678125
employ	4.9799999999999995	4.3975	5.438125000000001
