deal	5.961874999999999	3.831875	5.913749999999999
study	5.964375	4.263124999999999	6.09625
afford	6.057500000000001	3.7224999999999997	6.0825
service	5.59375	4.120625	5.9156249999999995
height	5.2631250000000005	3.6937499999999996	5.44875
prospect	5.823125	4.378125	5.725624999999999
pleasant	6.17625	4.616875	5.961875
shade	5.781875	3.935	5.293125
listen	5.873749999999999	3.6325	5.875625
mighty	5.99375	4.386875	5.831249999999999
country	5.745	3.9043749999999995	5.69625
title	5.76125	3.9131249999999995	5.850625
choose	5.8	3.6849999999999996	6.003125
village	5.548125000000001	3.6062499999999997	5.561875000000001
acquire	5.898749999999999	3.9818750000000005	6.3050000000000015
rank	5.519375	4.1225000000000005	5.93
bow	5.0581249999999995	4.004375	5.14
doctor	5.2175	3.9549999999999996	5.4174999999999995
talent	6.15125	4.449374999999999	6.0675
source	5.683125000000001	3.6131249999999993	6.03625
lead	5.694375	3.841875	5.914375
question	5.913125000000001	4.03625	6.2368749999999995
publish	5.509375	3.4256249999999997	5.725625
interest	6.058124999999999	4.11625	6.392499999999999
serve	6.077499999999999	3.5131250000000005	6.1031249999999995
divine	6.085625	4.30125	5.83
put	5.71875	3.633125	5.819375000000001
shadow	6.006874999999999	3.9175000000000004	5.178749999999999
practical	5.407499999999999	4.0962499999999995	5.53375
surface	5.206874999999999	3.6474999999999995	4.93375
account	5.915000000000001	3.7781250000000006	6.13375
loss	4.355625	4.696875	4.657500000000001
indian	5.614375	4.061875	5.253749999999999
vine	5.338749999999999	3.7825	5.42375
certain	6.068125	3.8237500000000004	6.2325
sin	5.005624999999999	4.5806249999999995	4.995625
necessity	5.20375	4.01125	5.40125
lose	5.953125	3.835	5.851875000000001
private	5.571249999999999	3.923750000000001	5.67
gentleman	5.915625	3.7987499999999996	5.745625
daughter	6.67125	4.588125	5.474375
drive	5.584999999999999	4.123125	5.523125
strange	5.721875000000001	4.104374999999999	5.491250000000001
journey	5.945	4.110625	5.9325
uncle	6.1693750000000005	3.989375	5.535625
species	5.5393750000000015	4.11375	5.5112499999999995
think	6.099375000000001	3.62375	5.98
bed	6.276875000000001	3.840625	5.7437499999999995
wind	5.701874999999999	4.095000000000001	5.131875
bless	6.392500000000001	3.98125	6.081250000000001
destroy	4.558125	4.797500000000001	5.123749999999999
author	5.727499999999999	3.884375	5.731250000000001
sustain	5.22	4.031874999999999	5.385625000000001
black	5.285	3.8756250000000003	5.115
event	5.715625	4.184375000000001	5.8668749999999985
liberty	5.795625	4.081875	5.651875
negro	4.338125000000001	4.360625	4.691875
little	6.133125000000001	3.8712499999999994	5.96625
fortune	6.336875	4.41	5.7375
touch	6.293749999999999	4.169375	5.793124999999999
kill	3.9775	4.555624999999999	4.848125
feature	5.595	3.703125	5.5424999999999995
happiness	6.6175	4.746874999999999	6.072500000000001
assume	5.735000000000001	3.706875	5.9975
notion	5.688750000000001	3.8018750000000003	5.956249999999999
purchase	6.02125	4.2475	5.831249999999999
faithful	6.673125	4.6225000000000005	5.989375
soldier	4.656874999999999	4.91375	5.38375
father	6.48	3.9337500000000003	5.769375000000001
narrow	5.02875	3.6574999999999993	4.8412500000000005
great	5.75375	3.88625	5.96125
tear	5.121874999999999	4.807499999999999	4.8575
honorable	5.873749999999999	4.3218749999999995	5.90875
previous	5.808125	3.9612500000000006	6.103125
good	6.041875	3.708125	6.003125
domestic	6.014374999999999	4.13375	5.7925
glory	6.663125	4.85	5.945625000000001
lay	5.590624999999999	3.6256250000000003	5.8531249999999995
occasion	6.006249999999999	3.724375	6.20625
guard	5.324375	3.8875	5.435
whole	5.936249999999999	3.6225	5.755625
mouth	5.322499999999999	3.9406250000000003	5.58875
receive	5.9468749999999995	4.061249999999999	5.7299999999999995
take	5.957500000000001	3.686875	5.923749999999999
simple	6.291875	3.678125	6.368125000000001
error	5.214375	3.9975000000000005	5.817500000000001
wisdom	6.251875	4.350625	5.984374999999999
rock	5.603125	4.053749999999999	5.488125
decide	5.655625000000001	4.0075	6.0275
exclaim	5.583125000000001	3.8493749999999993	5.56375
assure	6.09875	3.6474999999999995	5.8675
sign	5.9525	3.7012500000000004	5.679374999999999
preserve	6.16375	3.925	5.958749999999999
commerce	5.11625	4.35	5.108125
plant	5.141249999999999	3.8318749999999997	5.265000000000001
walk	5.840624999999999	3.6581249999999996	5.916875000000001
difference	5.649374999999999	3.705625	5.9906250000000005
hang	5.49	3.91625	5.339375
following	5.940624999999999	3.8568750000000005	5.9799999999999995
employ	5.44375	4.220625	5.620000000000001
