deal	6.061875000000001	3.73375	5.9125
study	5.939375000000001	4.1975	6.1375
afford	5.95125	3.884375	5.83875
service	5.52875	3.8943749999999997	5.809375
height	5.2356250000000015	3.76875	5.2924999999999995
prospect	6.225000000000001	4.699999999999999	5.673125
pleasant	6.88375	4.726874999999999	6.241874999999999
shade	5.9275	3.98375	5.3
listen	5.58125	3.8150000000000004	5.56625
mighty	6.08625	4.445	5.8824999999999985
country	5.51375	3.9675000000000002	5.515
title	5.8875	3.8025	5.906874999999999
choose	5.885625	3.6081249999999994	5.943125
village	5.855	3.82375	5.544375
acquire	5.95	4.1031249999999995	6.387500000000001
rank	5.8168750000000005	4.10625	5.893749999999999
bow	5.148124999999999	4.15	5.215625
doctor	4.595	4.131875	4.97625
talent	6.27375	4.174999999999999	6.166875
source	5.82625	3.61875	5.9068749999999985
lead	5.816875	3.998125	5.726250000000001
question	5.954375000000001	3.8468750000000003	6.173125
publish	5.60125	3.57875	5.849374999999999
interest	6.001874999999999	4.04125	6.375624999999999
serve	5.845625	3.746875	5.7875000000000005
divine	6.103749999999999	4.15625	5.688125
put	6.01625	3.815625	5.78125
shadow	6.00375	4.0843750000000005	5.323125
practical	5.704375	3.9543749999999998	5.720624999999999
surface	5.0912500000000005	3.7099999999999995	5.029375
account	5.970625	3.655	6.093125000000001
loss	4.851875	4.668125	4.9175
indian	5.33125	4.249375	5.153125
vine	5.1831249999999995	3.61375	5.325625
certain	5.951874999999999	3.6537500000000005	6.1187499999999995
sin	4.777500000000001	4.573125	5.139374999999999
necessity	5.445	3.68875	5.5925
lose	6.035	3.791875	5.60375
private	5.613124999999998	3.8468750000000007	5.951875
gentleman	5.8462499999999995	3.6518749999999995	5.62
daughter	6.639374999999999	4.32625	5.676874999999999
drive	5.7924999999999995	4.114999999999999	5.41375
strange	5.88375	3.9650000000000003	5.415625
journey	6.211250000000001	4.289375	5.856249999999999
uncle	6.2125	4.018125	5.54125
species	5.349375	4.13625	5.505
think	6.109999999999999	3.721875	5.743125
bed	5.29375	3.5762500000000004	5.406875
wind	6.09875	4.058125	5.416875
bless	6.797499999999999	4.143125	6.154375
destroy	4.6875	4.421250000000001	5.067499999999999
author	5.781875	3.8418750000000004	5.889375
sustain	5.575	3.8874999999999993	5.630625
black	5.548125	4.246875	5.355625
event	5.258125	4.141875000000001	5.498749999999999
liberty	5.80375	4.416875000000001	5.611875
negro	4.5843750000000005	4.288749999999999	4.6899999999999995
little	5.82875	3.649375	5.5625
fortune	6.5175	4.69875	5.8531249999999995
touch	6.156250000000001	4.0218750000000005	5.604374999999999
kill	4.181875	4.9243749999999995	4.659999999999999
feature	5.746875	3.6993750000000003	5.6362499999999995
happiness	6.625625	4.665000000000001	6.066875
assume	5.77375	3.837500000000001	5.925625
notion	5.755000000000001	4.101875000000001	5.766250000000001
purchase	5.8825	4.001875	5.592499999999999
faithful	5.980625000000001	4.283750000000001	5.779999999999999
soldier	4.63875	4.842499999999999	5.0112499999999995
father	6.289375	4.013750000000001	5.624999999999998
narrow	5.168749999999999	3.623124999999999	5.104374999999999
great	5.68375	3.8456250000000005	5.70875
tear	5.660625	4.570625000000001	5.110625
honorable	5.894374999999999	4.152500000000001	6.0825
previous	5.414375	3.9743750000000007	5.708125000000001
good	6.105	3.792499999999999	5.8999999999999995
domestic	6.034375000000001	3.95875	5.983125000000002
glory	6.721250000000001	4.854999999999999	6.256875
lay	5.574375	4.1068750000000005	5.554374999999999
occasion	5.77375	3.644375	6.050000000000001
guard	5.004375	4.058125	5.245
whole	5.926875000000001	3.674375	5.58625
mouth	5.546875	3.9275	5.5425
receive	5.8587500000000015	3.9499999999999997	5.90125
take	6.020624999999999	3.7406249999999996	5.675624999999999
simple	6.355000000000001	3.680000000000001	6.118750000000001
error	5.41625	3.7350000000000003	5.7875000000000005
wisdom	6.1225	4.224375	5.973750000000001
rock	5.95125	4.0875	5.346875
decide	5.670624999999999	3.90375	5.8275
exclaim	5.74375	4.2325	5.395624999999999
assure	5.998749999999999	3.616875	5.666250000000001
sign	5.89	3.868125	5.633125
preserve	6.168125000000001	3.82625	5.974999999999999
commerce	5.376249999999999	4.185	5.600625
plant	5.528124999999998	3.7968750000000004	5.408124999999999
walk	5.828125	3.9018750000000004	5.7262499999999985
difference	5.68375	3.7087499999999998	6.111249999999999
hang	5.456875	4.088125000000001	5.304375
following	6.005625000000001	3.8387500000000006	5.845000000000001
employ	5.47875	4.2406250000000005	5.855
