deal	5.915625	3.899375	5.729375
study	5.851875000000001	4.3725	5.994375
afford	6.041875	3.8225	5.9937499999999995
service	5.54125	4.075625	5.796875
height	5.411875	3.7300000000000004	5.594375
prospect	6.0325000000000015	4.626875	5.89
pleasant	6.513125	4.618125	5.8825
shade	5.885625000000001	4.106249999999999	5.507499999999999
listen	5.706874999999999	3.80375	5.71875
mighty	5.56625	4.686875	5.515625
country	5.52375	4.099375	5.7231250000000005
title	5.880625	3.9575	5.914375
choose	5.8656250000000005	3.8481249999999987	5.986249999999999
village	5.683750000000001	3.79125	5.455625
acquire	5.870625	3.9312500000000004	6.114375000000001
rank	5.566875	4.285625	5.839375
bow	5.425	4.11	5.624375000000001
doctor	4.716875	4.06	5.020624999999999
talent	6.35625	4.21625	6.041875
source	5.7718750000000005	3.613125	5.939375
lead	5.66875	4.026250000000001	5.6518749999999995
question	5.8256250000000005	4.12	5.95625
publish	5.573124999999999	3.594375	5.829375000000001
interest	5.9518749999999985	4.095625	6.191249999999999
serve	6.001250000000001	3.6156249999999996	6.009375
divine	6.118125	4.268125	5.716875
put	5.604375	3.7668749999999993	5.674999999999999
shadow	5.713749999999999	4.088125	5.145
practical	5.271249999999999	3.9299999999999997	5.5575
surface	5.025	3.734375	5.146875
account	5.6675	3.6556249999999997	5.9137499999999985
loss	4.575625	4.508125000000001	4.825
indian	5.135625	4.27375	4.871874999999999
vine	5.224374999999999	3.7674999999999996	5.3462499999999995
certain	5.8356249999999985	3.8600000000000003	6.258125000000001
sin	4.87	4.649374999999999	5.113125
necessity	5.278124999999999	3.9731249999999996	5.6125
lose	6.15625	3.9993749999999997	5.86375
private	5.7525	4.1781250000000005	6.00375
gentleman	5.878124999999999	3.8331249999999994	5.6499999999999995
daughter	6.115625	4.692500000000001	5.674999999999999
drive	5.455	4.3	5.209374999999999
strange	5.571875	4.1625	5.326875
journey	5.7387500000000005	4.254375	5.59875
uncle	5.675000000000001	3.9875000000000007	5.425
species	5.559375000000001	4.230625	5.57625
think	6.086875000000001	3.6537499999999996	5.979375
bed	5.208750000000002	3.434375	5.047499999999999
wind	5.70375	4.334375000000001	5.188750000000001
bless	5.763125000000001	4.58875	5.505624999999999
destroy	4.750625	4.6075	5.375
author	5.874375000000001	3.9956249999999995	5.691250000000001
sustain	5.4025	3.9493749999999994	5.540625
black	5.781875000000001	4.159375	5.418125
event	5.404375000000001	4.102500000000001	5.61
liberty	5.958125	4.3637500000000005	5.8431250000000015
negro	4.51875	4.175	5.0337499999999995
little	6.008750000000001	3.796875	5.734375
fortune	6.25125	4.4475	5.739999999999999
touch	6.068125000000001	4.158125	5.734999999999999
kill	4.208125	4.733124999999999	4.766875
feature	5.783125	3.8856249999999997	5.655624999999999
happiness	6.800624999999999	4.859999999999999	6.26125
assume	5.74875	3.751875	5.84625
notion	5.72125	4.143125	5.755625
purchase	5.881875	4.3925	5.739374999999999
faithful	6.019375000000001	4.502499999999999	5.796875
soldier	4.679375	4.620625	5.3325
father	5.970625	4.243125	5.521875
narrow	5.081250000000001	3.5737499999999995	5.02875
great	5.729375	3.865	5.9868749999999995
tear	5.230625000000001	4.883750000000001	4.976249999999999
honorable	6.06125	4.565	6.146875000000001
previous	5.225624999999999	3.8893750000000002	5.62125
good	5.964375	3.7212499999999995	5.866875
domestic	5.87	4.100625	5.668125
glory	6.839375	4.701249999999999	5.991875000000002
lay	5.536875000000001	3.6893750000000005	5.6275
occasion	6.0581249999999995	3.7275	6.241875
guard	5.239374999999999	3.9056250000000006	5.565625
whole	5.739375	3.52625	5.72375
mouth	5.2281249999999995	4.15	5.43875
receive	6.048125	3.9618750000000005	5.90625
take	5.911874999999999	3.7206249999999996	5.66125
simple	6.275625000000001	3.5768750000000002	6.011875
error	5.396875	3.9787500000000002	5.7225
wisdom	6.144375	4.45375	5.895624999999999
rock	5.518749999999999	3.90875	5.333125000000001
decide	5.5600000000000005	4.085625	5.668125000000001
exclaim	5.889374999999999	4.10125	5.784374999999999
assure	5.956250000000001	3.850625	5.610625000000001
sign	5.818750000000001	3.7575000000000003	5.781250000000001
preserve	6.104999999999999	3.96375	6.103125
commerce	5.28125	4.059374999999999	5.650624999999999
plant	5.3187500000000005	3.8850000000000002	5.3875
walk	5.67875	3.81625	5.843124999999999
difference	5.6031249999999995	3.8050000000000006	6.098749999999999
hang	5.380624999999999	3.9281250000000005	5.400625000000001
following	5.885624999999999	3.6675000000000004	5.829374999999999
employ	5.5225	4.15625	5.864375
