deal	6.0337499999999995	3.9406250000000003	5.951875
study	5.998125000000001	4.543749999999999	6.1762500000000005
afford	5.58875	3.9425000000000003	5.613125
service	5.6625000000000005	4.150625	5.8618749999999995
height	5.355625000000001	3.7031249999999996	5.63
prospect	6.258749999999999	4.37125	5.86625
pleasant	6.5531250000000005	4.679375	5.971875000000001
shade	5.970625	4.073124999999999	5.594375
listen	6.111875	3.804375	5.98375
mighty	5.35875	4.664375	5.3462499999999995
country	5.465	3.90375	5.305624999999999
title	5.95875	3.9781249999999995	5.825625
choose	5.733750000000001	3.768125	6.079999999999999
village	5.672500000000001	3.7881249999999995	5.5181249999999995
acquire	6.116875	4.076249999999999	6.326875000000001
rank	5.7856250000000005	4.300625	5.8306249999999995
bow	5.464375000000001	3.9050000000000007	5.523125
doctor	5.280625	4.106249999999999	5.65
talent	6.679375	4.504375	6.383124999999999
source	5.968125	3.8718749999999997	5.9262500000000005
lead	5.59875	3.970625	5.835624999999999
question	5.805625000000001	4.143125	5.846875
publish	5.475625	3.71125	5.748125
interest	5.831875000000001	4.1812499999999995	5.91375
serve	5.650624999999999	3.6550000000000002	5.72
divine	6.164375	4.541250000000001	5.6625
put	5.507499999999999	3.635	5.830000000000001
shadow	5.9775	4.163125	5.324999999999999
practical	5.294374999999999	4.158125	5.521875
surface	5.102500000000001	3.473125	5.056875
account	5.959374999999999	3.7575000000000007	5.844375
loss	4.385000000000001	4.7225	4.534375000000001
indian	5.405	4.143125	5.05625
vine	5.049374999999999	3.8806249999999998	5.038749999999999
certain	5.668749999999999	3.76625	5.89625
sin	4.9825	4.522500000000001	5.180624999999999
necessity	5.313124999999999	4.0875	5.354374999999999
lose	6.249375	3.8431249999999997	5.86
private	5.588750000000001	4.145625000000001	5.949999999999999
gentleman	5.9556249999999995	3.8787499999999993	5.918750000000001
daughter	6.301249999999999	4.665	5.77375
drive	5.3793750000000005	3.855	5.2906249999999995
strange	5.7162500000000005	4.285625	5.466875
journey	5.936875000000001	4.110625	5.851875
uncle	6.248125	4.0425	5.7543750000000005
species	5.086875	4.179375	5.2143749999999995
think	6.15875	3.6856249999999995	6.11125
bed	5.8812500000000005	3.655625	5.683125
wind	6.308750000000001	4.1312500000000005	5.2387500000000005
bless	6.945625000000001	4.105625	6.373125000000001
destroy	4.480625000000001	4.841875	5.10875
author	5.863125	4.21125	5.758125
sustain	5.269374999999999	4.1575	5.41
black	5.6468750000000005	4.06875	5.318125
event	5.538125	4.01375	5.533749999999999
liberty	5.95375	4.2718750000000005	5.61625
negro	4.442500000000001	4.243125	4.771875
little	5.851249999999999	3.624999999999999	5.791875
fortune	6.624999999999999	4.404375	5.9975000000000005
touch	6.266249999999999	4.223125	5.80875
kill	3.8612499999999996	4.736875	4.70125
feature	5.843125	3.7612499999999995	5.534999999999999
happiness	6.900625	4.86625	6.289375000000001
assume	5.62375	3.71875	5.655625
notion	5.965624999999999	4.063124999999999	5.811874999999999
purchase	6.0131250000000005	4.251875	5.661249999999999
faithful	5.985000000000001	4.348125	5.953124999999999
soldier	4.7231250000000005	4.663749999999999	5.12875
father	6.398750000000001	3.9425	5.734374999999998
narrow	5.05375	3.4443749999999995	4.9712499999999995
great	6.0718749999999995	3.86375	5.831249999999999
tear	5.44375	4.649375	5.074375
honorable	5.8375	4.633749999999999	6.060000000000001
previous	5.4781249999999995	4.1187499999999995	5.865000000000001
good	5.936249999999999	3.723124999999999	5.85625
domestic	6.144375	4.105	5.911875000000001
glory	6.7075000000000005	4.9	6.031875000000001
lay	5.749375000000001	3.541875	5.858125
occasion	6.03	3.806875	6.028124999999999
guard	4.966249999999999	3.911875	5.53125
whole	5.711874999999999	3.5599999999999996	5.46875
mouth	5.52625	3.930625	5.369375000000001
receive	5.840625000000001	4.005624999999999	5.7299999999999995
take	5.895624999999999	3.7775	5.85
simple	6.275625	3.83625	5.927499999999999
error	5.040625	4.096875	5.496875
wisdom	6.405625	4.154375	6.053124999999999
rock	5.673124999999999	3.8768750000000005	5.383750000000001
decide	5.828125	3.9737500000000003	5.828749999999999
exclaim	5.785	3.8799999999999994	5.794375
assure	6.16875	3.624375	6.05
sign	5.5493749999999995	3.8625	5.53375
preserve	6.222500000000001	3.8706249999999995	5.873749999999999
commerce	4.89875	3.9643749999999995	5.122499999999999
plant	5.52375	4.039375	4.906250000000001
walk	5.542499999999999	3.5425	5.699999999999999
difference	5.6625000000000005	3.8099999999999996	5.914375000000001
hang	5.552499999999999	3.855625	5.608750000000001
following	5.980625000000001	3.8237500000000004	5.688124999999999
employ	5.406875	4.30875	5.61625
