deal	6.195625000000001	3.8862500000000004	5.951250000000001
study	5.8706249999999995	4.20625	6.136874999999999
afford	5.967499999999999	4.052499999999999	6.0200000000000005
service	5.145625000000001	3.9393749999999996	5.61625
height	5.431250000000001	3.823125	5.485
prospect	6.171875	4.513124999999999	5.884999999999999
pleasant	6.5668750000000005	4.5375	6.045000000000001
shade	6.177499999999998	3.82625	5.430624999999999
listen	5.470625000000001	3.6625	5.603750000000002
mighty	5.9868749999999995	4.484374999999999	5.766875
country	5.465	3.986875	5.426874999999999
title	5.644374999999999	3.8481249999999996	5.49375
choose	5.8356249999999985	3.674374999999999	6.048749999999999
village	5.926875	3.733125	5.543749999999999
acquire	6.166875	4.03875	6.288125000000001
rank	5.493125000000001	4.11125	5.975
bow	5.325	4.081875	5.261875000000001
doctor	5.045	4.13125	5.339999999999999
talent	6.533124999999999	4.359375	6.24625
source	5.539374999999999	3.8987499999999997	5.918125
lead	5.786250000000001	4.038125	5.6656249999999995
question	5.64625	4.1	5.735625000000001
publish	5.531874999999999	3.6862499999999994	5.860625000000001
interest	5.991249999999998	4.235625	5.970624999999999
serve	5.956250000000001	3.47875	5.909375
divine	6.263750000000001	4.22625	5.498125
put	5.8225	3.7981249999999998	5.6587499999999995
shadow	5.88125	4.011875	5.486875
practical	5.688125	4.179375	5.773124999999999
surface	5.098125	3.708125	5.07625
account	5.8725000000000005	3.801875000000001	6.006874999999999
loss	4.551875	4.676874999999999	4.885625000000001
indian	5.1625000000000005	4.2375	4.788125
vine	6.047499999999999	3.79375	5.666250000000001
certain	5.716875	3.8456250000000005	5.825625
sin	5.254375	4.52125	5.165
necessity	5.50625	4.119375000000001	5.865625
lose	5.9425	3.863125	5.635
private	5.510000000000001	4.109375	5.525625
gentleman	6.15	3.7193750000000003	5.7787500000000005
daughter	5.784375	4.58125	5.314374999999999
drive	5.728125	4.006874999999999	5.471874999999999
strange	5.71875	4.169375	5.4262500000000005
journey	5.778125	4.01	5.80125
uncle	5.881250000000001	3.8918749999999998	5.500000000000001
species	5.420625000000001	4.102500000000001	5.404375000000001
think	6.07875	3.7125	5.761875
bed	6.235625	3.4812499999999997	5.871874999999999
wind	5.901875	4.222499999999999	5.275625
bless	6.1156250000000005	4.34625	5.858124999999999
destroy	5.0200000000000005	4.688750000000001	5.267499999999999
author	5.7	4.034374999999999	5.589999999999999
sustain	5.5268749999999995	4.1518749999999995	5.612500000000001
black	5.61875	3.8975	5.562499999999999
event	5.42875	4.348125	5.616874999999999
liberty	5.3618749999999995	4.3225	5.023750000000001
negro	4.255000000000001	4.438125	4.5493749999999995
little	6.11125	3.7700000000000005	5.84125
fortune	6.3481250000000005	4.753125	5.950625
touch	6.01875	3.824375	5.770625000000001
kill	4.056875	5.053124999999999	4.458749999999999
feature	5.734375000000002	3.6962499999999996	5.529374999999999
happiness	6.999375000000001	4.7325	6.371250000000001
assume	5.614374999999999	3.855	5.7368749999999995
notion	5.6587499999999995	4.166874999999999	5.751875
purchase	5.611249999999999	4.26375	5.432499999999999
faithful	5.940625	4.4437500000000005	5.804375
soldier	4.503125000000001	4.8325000000000005	5.21375
father	6.106250000000001	4.173125000000001	5.6674999999999995
narrow	5.126875	3.6075	4.99875
great	5.866249999999999	3.83125	5.94125
tear	4.909375	4.84375	4.758125
honorable	5.995	4.785625	6.113125000000001
previous	5.458749999999999	4.025625000000001	6.0875
good	6.1499999999999995	3.893125	5.98375
domestic	5.950625	4.0975	5.819375000000001
glory	6.666875	4.78125	5.8625
lay	5.751875	3.9862499999999996	5.695625
occasion	5.981249999999999	3.8368749999999996	6.210624999999999
guard	4.925624999999999	4.1137500000000005	5.23625
whole	5.7437499999999995	3.5843749999999996	5.65
mouth	5.4437500000000005	3.8825000000000007	5.335625
receive	5.8362500000000015	4.005	5.83125
take	5.98625	3.75125	5.79125
simple	6.353750000000001	3.5725000000000002	6.1225
error	5.061874999999999	4.06375	5.4975000000000005
wisdom	6.313750000000001	4.30375	5.8100000000000005
rock	6.130624999999999	4.335	5.498125
decide	5.614375000000001	4.136875000000001	5.788125
exclaim	5.745625	4.1049999999999995	5.5425
assure	6.064375	3.770625	5.7075
sign	5.6575	3.9724999999999997	5.510000000000001
preserve	6.292499999999999	3.84625	5.968749999999999
commerce	5.2612499999999995	4.13375	5.3549999999999995
plant	5.839999999999999	3.7725000000000004	5.781874999999999
walk	5.739375000000001	3.74625	5.78375
difference	5.436249999999999	3.7143749999999995	5.77
hang	5.6000000000000005	3.8212499999999996	5.498125
following	5.95875	3.808125000000001	5.831875
employ	4.989375	4.17125	5.461250000000001
