deal	6.0581249999999995	3.8487500000000003	5.939375
study	5.849375	4.531875	5.988125000000001
afford	5.996249999999999	3.71875	5.96875
service	5.602499999999999	4.201875	5.899374999999999
height	5.360625000000001	3.863125	5.44125
prospect	6.320000000000001	4.7625	5.7681249999999995
pleasant	6.535625	4.189375000000001	5.939374999999999
shade	6.2375	3.9949999999999997	5.5375000000000005
listen	5.928750000000001	3.731875	6.123125000000001
mighty	5.991875000000001	4.54875	5.797499999999999
country	5.745625	3.9112499999999994	5.593124999999999
title	5.935624999999999	3.8787499999999993	5.814999999999999
choose	5.985625000000001	3.745624999999999	6.023749999999999
village	5.686875000000001	3.829375	5.249375
acquire	5.9399999999999995	4.2299999999999995	6.069375
rank	5.716250000000001	4.2093750000000005	5.983124999999999
bow	5.303125	3.905625	5.5125
doctor	5.022499999999999	4.249375	5.19375
talent	6.350624999999999	4.535625	6.142499999999999
source	5.615	3.6318750000000004	5.825
lead	5.59625	3.788125	5.697499999999999
question	5.596875000000001	4.170000000000001	5.5843750000000005
publish	5.726250000000001	3.6674999999999995	5.801875000000002
interest	5.93875	4.084375	6.029999999999999
serve	5.748125	3.4806250000000007	6.026875
divine	6.001875	4.4075	5.675624999999999
put	5.558125	3.6550000000000002	5.8374999999999995
shadow	5.91375	4.20375	5.430625
practical	5.636875	3.9781249999999995	5.760000000000001
surface	5.375	3.715625	5.197500000000001
account	5.678125	3.785625000000001	5.913125
loss	4.6518749999999995	4.73125	5.001875
indian	5.106874999999999	4.173124999999999	4.911875
vine	5.536874999999998	3.480625	5.450000000000001
certain	5.682500000000001	3.72125	6.086875
sin	4.796875	4.679375	4.91875
necessity	4.894374999999999	4.4175	5.235
lose	5.469375	3.651875	5.6425
private	5.94875	4.24375	5.936249999999999
gentleman	6.026250000000001	3.8074999999999997	5.765625
daughter	6.3475	4.625624999999999	5.491874999999999
drive	5.324375	4.08125	5.34125
strange	5.34125	4.593749999999999	5.0125
journey	6.01	4.148125	5.654375000000001
uncle	5.891875	4.2325	5.532500000000001
species	5.64875	4.075625	5.646875
think	5.916875000000001	3.6543749999999995	5.871875000000001
bed	5.978750000000001	3.7137499999999997	5.604375000000001
wind	6.086875	3.97	5.395625
bless	5.875	3.901875	5.709374999999999
destroy	4.6	4.471875	5.3531249999999995
author	5.806875000000001	3.938125	5.731249999999999
sustain	5.303750000000001	3.9556249999999995	5.3325000000000005
black	5.554375000000001	3.91625	5.27125
event	5.87625	4.333125	5.7349999999999985
liberty	5.743125	4.234375000000001	5.63
negro	4.213750000000001	4.346875	4.768749999999999
little	6.014375000000001	3.7406249999999996	5.918125000000001
fortune	6.546249999999999	4.5249999999999995	5.9825
touch	5.64375	4.164375	5.64625
kill	4.283125	4.67625	4.998125
feature	5.6899999999999995	3.5687499999999996	5.4725
happiness	6.782499999999999	4.49625	6.092500000000001
assume	5.765625	3.906875000000001	5.969374999999999
notion	5.913125	4.27375	5.971875000000001
purchase	6.178124999999999	4.475	5.9825
faithful	5.65	4.254375	5.6187499999999995
soldier	5.040625	4.54	5.7524999999999995
father	6.4781249999999995	4.06875	5.743124999999999
narrow	5.253125	3.546875	4.946875
great	5.6656249999999995	3.72375	5.8325
tear	5.265000000000001	4.673125000000001	4.95
honorable	5.89875	4.4425	6.043125
previous	5.5856249999999985	3.970625	5.99375
good	5.961250000000001	3.5268749999999995	5.951250000000001
domestic	5.932500000000001	4.22125	5.783750000000001
glory	6.904375	4.736875	5.8706249999999995
lay	5.399375000000001	3.770000000000001	5.701249999999999
occasion	5.9418750000000005	3.8725	5.9693749999999985
guard	5.284999999999999	4.0562499999999995	5.911875000000001
whole	5.851249999999999	3.6556249999999997	5.581250000000001
mouth	5.31375	3.9943750000000007	5.6075
receive	5.634375	4.12625	5.63125
take	5.807500000000001	3.4968749999999993	5.87625
simple	6.205625	3.760625	6.043125000000002
error	5.110625	4.1225	5.548125000000001
wisdom	6.22	4.289375	5.8325
rock	5.996250000000001	3.983125	5.443750000000001
decide	5.605000000000001	4.1431249999999995	5.52625
exclaim	5.909375000000001	4.211875	5.70375
assure	6.016874999999999	3.76875	5.783125000000001
sign	6.109375	3.66	5.989375
preserve	5.9662500000000005	3.795	5.891249999999999
commerce	5.075625	4.126874999999999	5.2768749999999995
plant	5.826249999999999	3.5243749999999996	5.508125
walk	5.769375	3.50625	5.75125
difference	5.404375	3.6593750000000003	5.850624999999999
hang	5.375624999999999	3.7481249999999995	5.41375
following	5.563750000000001	3.676875000000001	5.748125
employ	5.208125	4.295625	5.630625000000002
