deal	5.907500000000001	3.9899999999999998	5.873750000000001
study	5.766250000000001	4.5249999999999995	6.003749999999999
afford	6.149375	3.8431249999999997	6.063749999999999
service	5.66875	3.9575	5.665
height	5.250000000000001	3.8081250000000004	5.438124999999999
prospect	6.233125	4.41625	5.835
pleasant	6.353125	4.517499999999999	6.149374999999999
shade	6.246875	3.8793749999999996	5.600625000000001
listen	5.89625	3.794375	5.8462499999999995
mighty	5.833124999999999	4.516875	5.633749999999999
country	5.503125	3.9562500000000003	5.619375
title	6.0875	4.106875	5.929374999999999
choose	5.675625	3.908749999999999	5.885
village	5.865	3.7449999999999997	5.345624999999999
acquire	5.890624999999999	4.00375	6.1537500000000005
rank	5.972500000000001	4.00875	6.0375
bow	5.494375	4.236249999999999	5.3306249999999995
doctor	4.894375	4.125	5.051875
talent	6.447499999999999	4.375624999999999	6.1518749999999995
source	5.88375	4.01375	5.8675
lead	5.733125000000001	3.8462500000000004	5.846874999999999
question	5.866250000000001	4.031875	6.1450000000000005
publish	5.45125	3.72125	5.766875
interest	5.86875	4.221874999999999	6.15375
serve	6.024375	3.55375	6.0356250000000005
divine	6.09125	4.3031250000000005	5.6925
put	5.87875	3.7656249999999996	5.6587499999999995
shadow	6.3462499999999995	4.0225	5.5775
practical	5.637499999999998	3.7774999999999994	5.548125
surface	5.241875	3.790625	5.183749999999999
account	5.87625	3.7531250000000003	5.907500000000001
loss	3.966875	4.865625	4.5975
indian	5.49375	4.078125	5.30625
vine	5.454374999999999	3.76875	5.354375
certain	5.949375000000001	3.965625	6.250000000000001
sin	5.210625	4.5600000000000005	5.213125
necessity	5.31	4.39125	5.536874999999999
lose	6.109375000000001	3.9231249999999998	5.820625000000001
private	5.398750000000001	4.07625	5.614999999999999
gentleman	5.818125	3.8806249999999998	5.673750000000001
daughter	6.46375	4.705625000000001	5.445625
drive	5.405625000000001	4.15125	5.259999999999998
strange	5.6625000000000005	4.404999999999999	5.260000000000001
journey	6.053750000000001	4.099375	5.999375
uncle	5.895	4.20625	5.41625
species	5.771250000000001	4.0893749999999995	5.718125000000001
think	6.1825	3.658124999999999	5.961875
bed	5.74	3.6449999999999996	5.446249999999999
wind	6.133124999999999	4.0725	5.19125
bless	6.29125	4.394374999999999	6.008125000000001
destroy	4.520625	4.74875	5.163125
author	5.964374999999999	3.9850000000000003	5.73875
sustain	5.288125	4.033124999999999	5.405000000000001
black	5.536875000000001	3.953125	5.469374999999999
event	5.67375	4.193124999999999	5.858124999999999
liberty	5.741874999999999	4.42	5.591875
negro	4.594374999999999	4.2612499999999995	4.694375
little	5.74875	3.9025	5.529375
fortune	6.405625000000001	4.615000000000001	5.864375
touch	6.07625	3.92	5.987500000000001
kill	4.24125	4.925625	4.729375
feature	5.666875	3.9774999999999996	5.864374999999999
happiness	6.629999999999999	4.73	6.123125000000001
assume	5.773125	3.73875	5.969375
notion	5.7787500000000005	4.29375	5.7562500000000005
purchase	5.961875	4.396875	5.713125
faithful	5.996874999999999	4.368125	5.839375
soldier	5.0531250000000005	4.525625	5.502500000000001
father	6.12125	4.269375	5.541874999999999
narrow	5.300624999999999	3.4906250000000005	5.078125
great	6.088125	3.9218750000000004	6.036874999999999
tear	4.91	4.68	4.939375
honorable	6.05875	4.551875	6.004375000000001
previous	5.3931249999999995	3.731875	5.914375000000001
good	5.680624999999999	3.9831250000000002	5.49625
domestic	5.975000000000001	3.99	5.849375
glory	6.633125	4.898125	6.028125
lay	5.460625	4.078125	5.50125
occasion	5.9	3.70625	6.046249999999999
guard	5.3549999999999995	3.7368750000000004	5.6762500000000005
whole	5.57	3.4518750000000002	5.510625
mouth	5.255	4.036875	5.578125000000001
receive	5.929375	3.8074999999999997	5.84625
take	5.845625000000001	3.6943749999999995	5.583749999999999
simple	5.944374999999999	3.964375	5.813750000000001
error	4.798125	4.2325	5.432500000000001
wisdom	6.181875	4.378125	5.949374999999999
rock	6.064375	3.975	5.4799999999999995
decide	5.614375000000001	4.096875000000001	6.034999999999998
exclaim	6.087500000000001	4.3125	5.7349999999999985
assure	6.2525	3.865	6.028125000000001
sign	5.8687499999999995	3.9131249999999995	5.675625
preserve	6.190624999999999	3.8931250000000004	5.916875
commerce	5.2075	4.026249999999999	5.44625
plant	5.554374999999999	3.7381250000000006	5.398749999999999
walk	5.6975	3.7118749999999996	5.7456249999999995
difference	5.7612499999999995	3.7818750000000003	5.955
hang	5.34875	3.9612499999999997	5.4275
following	5.8618749999999995	3.6293750000000005	5.819375
employ	5.394374999999999	4.245	5.754375000000001
