deal	5.945625	3.8125	5.76375
study	5.888750000000002	4.381874999999999	5.920625
afford	5.89625	4.024375	5.8531249999999995
service	5.60125	4.146875	5.6425
height	5.184375	3.9125	5.204375
prospect	6.179375	4.664999999999999	5.6343749999999995
pleasant	6.341875	4.21375	5.921250000000001
shade	5.920625	4.011874999999999	5.254375
listen	6.001875	3.6193750000000002	6.036250000000001
mighty	5.34875	4.237499999999999	5.5325
country	5.5	3.868125	5.473749999999999
title	6.015625	3.9693749999999994	5.8625
choose	5.44	3.6699999999999995	5.603749999999999
village	5.812500000000001	3.613125	5.569999999999999
acquire	6.205625000000001	4.113125	6.215
rank	5.645625	4.329999999999999	5.809374999999999
bow	5.266250000000001	4.008125000000001	5.213125000000001
doctor	5.013125	4.143749999999999	5.4018749999999995
talent	6.445625	4.49625	6.113124999999999
source	5.7768749999999995	4.09625	5.931875000000001
lead	5.411250000000001	3.75875	5.6968749999999995
question	5.823125	4.24375	5.8568750000000005
publish	5.765000000000001	3.6943749999999995	5.8475
interest	6.13625	4.183125	6.279999999999999
serve	5.681875	3.5343750000000003	5.623125
divine	6.155	4.321875000000001	5.598125
put	5.99875	3.6643749999999997	5.819374999999999
shadow	5.5493749999999995	4.010625	5.1187499999999995
practical	5.690625	3.856875	5.816874999999999
surface	5.163125	3.550625	5.088124999999999
account	5.86125	3.8068750000000002	5.926875
loss	4.253125	4.618125	4.7075000000000005
indian	5.333125	4.14375	5.054374999999999
vine	5.3343750000000005	3.874375	5.281874999999999
certain	5.8031250000000005	3.7743750000000005	5.963125
sin	5.448125	4.295625	5.3549999999999995
necessity	5.04875	4.305625	5.165
lose	5.9037500000000005	3.773125	5.759375
private	5.805	3.8156250000000007	5.5718749999999995
gentleman	5.93375	3.645	5.550625
daughter	6.369375	4.555	5.46125
drive	5.2281249999999995	4.316875	5.048749999999999
strange	5.835	4.265625	5.61125
journey	6.1225000000000005	4.406250000000001	5.8237499999999995
uncle	5.856875	4.102500000000001	5.276249999999999
species	5.2925	3.9231249999999998	5.357500000000001
think	6.2231250000000005	3.6512499999999997	6.070625
bed	5.5375000000000005	3.756875	5.428750000000001
wind	6.168750000000001	4.065	5.045625
bless	6.646249999999999	4.378749999999999	6.203125000000001
destroy	5.374375	4.58375	5.451249999999999
author	5.873124999999999	4.170625	5.74
sustain	5.68	3.9556249999999995	5.528125000000001
black	5.350625000000001	4.091875	5.20125
event	5.664375	4.1312500000000005	5.7681249999999995
liberty	5.329999999999999	4.329375000000001	5.114375000000001
negro	4.194999999999999	4.66625	4.46625
little	5.733124999999999	3.5693749999999995	5.61
fortune	6.54125	4.70375	5.89625
touch	5.9475	4.188124999999999	5.578124999999999
kill	3.8793750000000005	5.081875	4.706875
feature	5.688125	3.8818750000000004	5.491875
happiness	6.661875	4.635624999999999	5.987500000000001
assume	5.74875	3.7318750000000005	5.890625
notion	5.953124999999998	4.161250000000001	5.826874999999999
purchase	5.837499999999999	4.195625	5.556874999999999
faithful	6.2749999999999995	4.494375	5.844374999999999
soldier	4.581875000000001	4.8999999999999995	5.066875
father	6.1275	4.19375	5.58625
narrow	5.289375	3.3225000000000002	5.113124999999999
great	5.927499999999999	3.91625	5.868124999999999
tear	4.920625	4.828125	4.718750000000001
honorable	5.992500000000001	4.730625	5.95375
previous	5.413125	3.9093750000000003	5.749375000000001
good	5.846250000000001	3.8631249999999993	5.73625
domestic	5.8774999999999995	4.023750000000001	5.596875000000001
glory	6.835625	4.813125	5.923750000000002
lay	5.350624999999999	3.7356249999999998	5.638125
occasion	5.980625	3.9081250000000005	5.991875
guard	5.558124999999999	3.9650000000000003	5.8500000000000005
whole	5.855	3.61	5.498125
mouth	5.069375	3.9337500000000007	5.269375000000001
receive	5.680000000000001	4.10125	5.7475
take	5.863750000000001	3.5806249999999995	5.625624999999999
simple	6.358124999999999	3.7925000000000004	5.897500000000001
error	5.3275	4.041250000000001	5.881250000000001
wisdom	6.1975	4.205625000000001	5.974375
rock	5.740625	4.0525	5.197500000000001
decide	5.845	4.27375	5.856249999999999
exclaim	5.524375	4.058749999999999	5.453124999999999
assure	6.390000000000001	4.086875	6.056875000000001
sign	5.416875	3.6825	5.55375
preserve	6.27125	3.7693750000000006	5.984374999999999
commerce	5.383125	4.228125	5.4174999999999995
plant	5.62625	3.863125	5.308125
walk	5.5424999999999995	3.7906249999999995	5.671875
difference	5.798749999999999	3.9725	6.078750000000001
hang	5.347499999999999	3.9218750000000004	5.299375
following	5.815	3.7181250000000006	5.756875000000001
employ	5.171249999999999	4.1025	5.77625
