deal	6.1775	3.708125	5.99
study	5.74625	4.18375	5.893750000000001
afford	5.788750000000001	3.740625	5.76875
service	5.717499999999999	4.330625	5.77625
height	5.130624999999999	3.7325	5.401875
prospect	6.138125	4.5475	5.850625
pleasant	6.600625	4.40125	6.074375
shade	5.939375000000001	3.9524999999999997	5.391875000000001
listen	5.767499999999999	3.74375	5.920624999999999
mighty	5.64875	4.3462499999999995	5.409999999999999
country	5.523125000000001	3.9693750000000003	5.54125
title	5.89625	4.02	5.983750000000001
choose	5.73625	3.7556249999999998	5.7837499999999995
village	5.727500000000001	3.81	5.545625
acquire	6.1156250000000005	4.005	6.02625
rank	5.5200000000000005	4.3625	5.6812499999999995
bow	5.73875	4.156875	5.817499999999999
doctor	4.8025	4.0093749999999995	5.23375
talent	6.448125	4.543124999999999	6.06875
source	5.99875	3.6706250000000007	5.889375
lead	5.431875000000001	3.8087500000000003	5.51
question	5.904375000000001	4.02125	5.960000000000001
publish	5.489375	3.7100000000000004	5.846874999999999
interest	6.0025	4.176874999999999	6.168125
serve	5.881875	3.5031249999999994	5.89625
divine	6.029999999999999	4.086875	5.398750000000001
put	5.905625000000001	3.7706250000000003	5.903125000000001
shadow	6.0575	4.170000000000001	5.33125
practical	5.352499999999999	3.983125	5.615625
surface	4.805000000000001	3.69875	4.974374999999999
account	5.880000000000001	3.695000000000001	6.059999999999999
loss	4.193125	4.786875	4.546875
indian	5.424374999999999	4.310625000000001	5.115625
vine	5.6293750000000005	3.56	5.450624999999999
certain	5.916250000000001	3.815	5.938124999999999
sin	4.757500000000001	4.54	4.989374999999999
necessity	5.414375	4.00875	5.590625
lose	6.303749999999999	3.9437499999999996	5.783125
private	5.625	4.017500000000001	5.454375
gentleman	5.995	3.8981250000000003	5.814375000000001
daughter	6.004375	4.68	5.394374999999999
drive	5.46875	4.101875	5.363124999999999
strange	5.610625000000001	4.341249999999999	5.373124999999999
journey	6.1606250000000005	3.955625	6.072499999999999
uncle	6.334375	4.0075	5.65
species	5.368125	4.0325	5.608124999999999
think	6.015624999999999	3.835	5.891249999999999
bed	5.745	3.5449999999999995	5.643124999999999
wind	5.9425	4.175625	5.232500000000001
bless	6.159375000000001	4.2681249999999995	5.925625
destroy	4.819999999999999	4.6937500000000005	5.190625
author	5.652500000000002	3.706875	5.573124999999999
sustain	5.420624999999999	3.7981249999999998	5.435625000000001
black	5.758750000000001	4.005625	5.4468749999999995
event	5.610625	4.15375	5.700625
liberty	5.888750000000001	4.2993749999999995	5.654375000000001
negro	4.415	4.40125	4.628125
little	6.022500000000001	3.6618749999999998	5.848125
fortune	6.185	4.468125000000001	5.71
touch	6.118125000000001	4.286250000000001	5.700625
kill	4.154375	4.878749999999998	4.893749999999999
feature	5.873125000000001	3.879375	5.633125
happiness	6.5356250000000005	4.811875	6.068125
assume	5.690625000000001	3.9137500000000003	5.875624999999999
notion	5.878125	3.981875	5.923125
purchase	5.725624999999999	4.359375	5.364374999999999
faithful	6.208125	4.598750000000001	5.711249999999999
soldier	4.944374999999999	4.9425	5.333125
father	6.0649999999999995	4.1325	5.555625
narrow	5.3393749999999995	3.4531249999999996	4.956250000000001
great	5.757499999999999	3.8312500000000003	5.815625
tear	4.732500000000001	4.556875	4.84125
honorable	5.88125	4.519375	5.835625
previous	5.413124999999999	4.01125	5.722500000000001
good	6.061875	3.9206249999999994	5.976875000000001
domestic	6.139374999999999	3.918750000000001	5.735625
glory	6.6556250000000015	4.703749999999999	5.863125000000001
lay	5.488125000000001	3.8575	5.396875
occasion	6.1625	3.6975	6.415625
guard	5.278124999999999	3.8481250000000005	5.298125
whole	5.82125	3.5650000000000004	5.69
mouth	5.6606250000000005	4.006875	5.6381250000000005
receive	5.866249999999999	4.0131250000000005	5.9281250000000005
take	6.038125000000001	3.6718749999999996	5.914999999999999
simple	6.319375000000002	3.60625	6.06875
error	4.959375	4.134375	5.436875000000001
wisdom	6.246875000000001	4.451875	5.829375000000001
rock	5.87625	3.979375	5.511875000000001
decide	5.67	3.9587500000000007	5.688125
exclaim	6.174375	4.259375	5.935
assure	5.8481250000000005	3.631875	5.851249999999999
sign	5.649375000000001	3.8687500000000004	5.766249999999999
preserve	6.11625	3.8137499999999998	5.865
commerce	5.096875000000001	3.9524999999999992	5.363124999999999
plant	5.699374999999999	3.9131250000000004	5.419374999999999
walk	5.87625	3.57875	5.89875
difference	5.588749999999999	3.6525	6.136874999999999
hang	5.680000000000001	3.7974999999999994	5.575
following	5.79125	3.8625000000000003	6.035
employ	4.954375	4.2075	5.355625000000001
