deal	5.956875	3.901875000000001	5.807499999999999
study	5.915000000000001	4.149374999999999	6.099374999999999
afford	5.74375	3.82875	5.93
service	5.708125	4.153124999999999	5.719999999999999
height	5.314375	3.5675	5.453125000000001
prospect	6.235	4.544375	5.527499999999999
pleasant	6.838125	4.57375	6.12125
shade	6.251875000000001	4.0581249999999995	5.610000000000001
listen	6.003749999999999	3.864375000000001	5.77875
mighty	5.986250000000001	4.4281250000000005	5.508124999999999
country	5.38375	3.9787500000000007	5.404375
title	5.90875	3.985625	5.81375
choose	5.8425	3.796875	5.894374999999999
village	5.764375	3.606875	5.558124999999999
acquire	5.9075	4.203125	6.2668750000000015
rank	5.701875000000001	4.1518749999999995	6.061875
bow	5.389374999999999	3.9918750000000003	5.50125
doctor	5.37625	4.03625	5.426249999999999
talent	6.159375	4.2768749999999995	6.109375
source	5.748124999999999	3.6031250000000004	5.871874999999998
lead	6.050000000000001	3.9087500000000004	5.909375000000001
question	5.82625	3.9768749999999997	5.9575000000000005
publish	5.732499999999999	3.616875	5.945625000000001
interest	5.71625	4.0493749999999995	6.0268749999999995
serve	5.858749999999999	3.540625000000001	5.895625
divine	5.72875	4.346875	5.581250000000001
put	5.734999999999999	3.6174999999999997	5.691875
shadow	6.0475	4.2162500000000005	5.436875
practical	5.284375000000001	4.02625	5.4362499999999985
surface	4.986875	3.3425	5.02375
account	5.894375	3.6937500000000005	6.210625
loss	4.476875000000001	4.637499999999999	4.868125000000001
indian	5.285	4.104375	5.107499999999999
vine	5.657500000000001	3.93	5.339374999999999
certain	5.961250000000001	3.7137500000000006	6.36
sin	5.30125	4.704375000000001	5.240625000000001
necessity	5.410625	4.126875	5.686875
lose	6.095	3.8231249999999997	5.6537500000000005
private	5.5493749999999995	3.8168750000000005	5.5512500000000005
gentleman	6.1049999999999995	3.870625	5.82375
daughter	6.324375	4.499375000000001	5.37375
drive	5.71375	4.023124999999999	5.47875
strange	6.009375	4.047499999999999	5.605
journey	5.6918750000000005	4.145625	5.508749999999999
uncle	5.760625	4.0425	5.314374999999999
species	5.567500000000001	4.0024999999999995	5.58625
think	6.106875	3.674375	5.874375
bed	5.9725	3.6056250000000003	5.7437499999999995
wind	6.084375	4.119375	5.3075
bless	6.486875	4.265625	5.954375
destroy	4.465	4.64375	5.128125
author	5.698750000000001	3.8456249999999996	5.955
sustain	5.255000000000001	4.0493749999999995	5.413125
black	5.488750000000001	3.83875	5.17375
event	5.479375	4.07375	5.74625
liberty	5.800625	4.531250000000001	5.475625000000001
negro	4.459375	4.0825000000000005	4.718125
little	5.94625	3.64375	5.73625
fortune	6.161875	4.451875	5.564375
touch	6.1537500000000005	4.215624999999999	5.815625
kill	3.865	4.97	4.64875
feature	5.365625	3.7199999999999998	5.61
happiness	6.765000000000001	4.7125	6.1468750000000005
assume	5.796875	3.798125000000001	5.8968750000000005
notion	5.806875	4.108124999999999	5.960000000000001
purchase	6.0062500000000005	4.323125	5.704375
faithful	6.1975	4.489374999999999	5.704999999999999
soldier	4.614375000000001	4.829375	4.926875
father	5.976875	4.205	5.5649999999999995
narrow	4.860625	3.8006249999999993	5.116249999999999
great	5.71125	3.8012500000000005	5.7875000000000005
tear	4.730625	4.9475	4.630625
honorable	5.926874999999999	4.22625	5.9906250000000005
previous	5.579375	3.9781250000000004	6.08625
good	6.02625	3.8849999999999993	5.87
domestic	6.038124999999998	4.093750000000001	5.7387500000000005
glory	6.934999999999999	4.889999999999999	6.106250000000001
lay	5.713749999999999	3.8350000000000004	5.52625
occasion	5.796249999999999	3.665	6.165625
guard	5.1693750000000005	4.045624999999999	5.294375
whole	5.965625	3.5750000000000006	5.650625
mouth	5.3775	4.053750000000001	5.3725
receive	5.718750000000001	3.9618749999999996	5.9312499999999995
take	6.059999999999999	3.52875	5.76875
simple	6.053125000000001	3.6962500000000005	6.0675
error	5.3149999999999995	3.794375	5.759375
wisdom	6.191875	4.1899999999999995	5.819999999999999
rock	5.860625	3.93125	5.3525
decide	5.715000000000001	3.9087500000000004	5.791875
exclaim	5.605625	4.010625	5.461875
assure	6.045	3.588125	5.968125
sign	5.875625000000001	3.4018750000000004	5.825
preserve	6.0600000000000005	4.063124999999999	5.943124999999999
commerce	5.0525	4.161249999999999	5.1812499999999995
plant	5.6031249999999995	3.91	5.30875
walk	5.694375	3.7325	5.718749999999999
difference	5.607499999999999	3.7275	6.219999999999999
hang	5.2993749999999995	3.979375	5.381874999999999
following	5.9350000000000005	3.7025000000000006	6.0275
employ	5.3756249999999985	4.179375	5.643125000000001
