deal	6.363125000000001	3.7881250000000004	6.045625
study	5.800000000000001	4.302499999999999	6.016875
afford	5.713125000000001	3.7443750000000002	5.7475000000000005
service	5.93625	4.284375	6.078749999999999
height	5.199375	3.8262499999999995	5.648750000000001
prospect	5.756874999999999	4.49375	5.836250000000001
pleasant	6.845625000000001	4.5093749999999995	6.1556250000000015
shade	5.92625	3.8343749999999996	5.3325000000000005
listen	5.946250000000001	3.7849999999999997	5.689375
mighty	5.794375	4.283124999999999	5.829375
country	5.334375	3.91375	5.37
title	6.099375	4.06375	6.090624999999999
choose	5.974374999999999	3.8549999999999995	6.016249999999999
village	5.899375000000001	3.7475	5.559374999999999
acquire	5.931249999999999	3.9850000000000003	6.386875000000002
rank	5.82375	4.35375	6.118124999999999
bow	5.925624999999999	3.9599999999999995	5.845
doctor	5.27	3.913125	5.298124999999999
talent	6.635000000000001	4.3225	6.231874999999999
source	5.730625	3.5343750000000007	5.881875000000001
lead	5.8325	4.025625000000001	5.690625000000001
question	5.835625	4.031874999999999	5.91
publish	5.45375	3.7312499999999997	5.904375
interest	6.0425	3.884375	6.0287500000000005
serve	5.99875	3.6493749999999996	5.8475
divine	5.876875000000001	4.170624999999999	5.54875
put	5.644374999999999	3.6050000000000004	5.6575
shadow	5.324375	3.83625	5.1925
practical	5.282499999999999	4.076874999999999	5.432500000000001
surface	5.39625	3.505625	5.32875
account	5.863125000000001	3.8000000000000007	5.775
loss	4.48875	4.572499999999999	4.6375
indian	5.355625000000001	4.3149999999999995	5.246875000000001
vine	5.594999999999999	3.58	5.497499999999999
certain	5.67625	3.7568750000000004	5.829375000000001
sin	5.2056249999999995	4.49125	5.13
necessity	5.22375	4.088749999999999	5.469374999999999
lose	5.94125	3.7681250000000004	5.505625
private	5.67125	3.9750000000000005	5.726875
gentleman	5.992500000000001	3.8675	5.651250000000001
daughter	5.741250000000001	4.62625	5.28375
drive	5.385000000000001	4.095	5.31875
strange	5.5975	4.215624999999999	5.340625000000001
journey	6.050625000000001	4.3374999999999995	5.722499999999999
uncle	5.9799999999999995	3.9181250000000003	5.48
species	5.6000000000000005	3.87875	5.68625
think	6.15625	3.5181249999999995	5.8275
bed	5.958125000000001	3.3912499999999994	5.757499999999999
wind	5.6812499999999995	4.02	5.346875
bless	6.389375000000001	4.43125	5.950625
destroy	5.26125	4.416250000000001	5.35375
author	5.733125	3.8493749999999998	5.719374999999999
sustain	5.661874999999999	3.9556249999999995	5.732500000000002
black	5.334375000000001	4.145	5.288124999999999
event	5.686875000000001	3.6887499999999998	5.5649999999999995
liberty	5.389375	4.230625	5.370000000000001
negro	4.485625000000001	4.243125	4.630624999999999
little	5.938125	3.58625	5.508125
fortune	6.2524999999999995	4.33375	5.901250000000001
touch	6.039375000000001	4.150625	5.848125
kill	3.896875	5.0775	4.8374999999999995
feature	5.933750000000001	3.9587499999999993	5.819374999999999
happiness	6.6987499999999995	4.7524999999999995	6.07375
assume	5.624375	3.774375000000001	5.850624999999999
notion	6.03625	3.9193750000000005	5.94375
purchase	5.753125	4.248125	5.5775
faithful	6.506874999999998	4.436875	5.9975
soldier	4.753125000000001	5.193124999999999	5.160624999999999
father	6.301875000000001	3.9787499999999993	5.67
narrow	5.08125	3.6887499999999998	4.95375
great	6.104375	3.7806249999999997	5.772499999999999
tear	5.04875	5.046249999999999	4.965
honorable	6.5024999999999995	4.29375	6.22
previous	5.710624999999999	3.8800000000000003	5.885625000000001
good	6.1274999999999995	3.6274999999999995	5.858750000000001
domestic	5.868125000000001	4.180625	5.66375
glory	6.64125	4.7631250000000005	5.955000000000001
lay	5.4487499999999995	3.748125	5.4525
occasion	6.005624999999999	3.9200000000000004	6.1081249999999985
guard	5.203125	3.9850000000000003	5.848750000000001
whole	5.870624999999999	3.585	5.670625000000001
mouth	5.38125	3.953125	5.278125
receive	5.936875	3.8024999999999998	5.811875
take	6.05625	3.6431249999999995	5.698124999999999
simple	6.271250000000001	3.5087500000000005	5.829375
error	4.636875	4.128125	5.3075
wisdom	6.076875000000001	4.246875	5.81875
rock	5.8881250000000005	3.788125	5.58125
decide	5.73625	4.114375	5.679374999999999
exclaim	5.4925	3.9475000000000002	5.489375
assure	6.02625	3.6925	5.764374999999999
sign	5.609999999999999	3.82	5.6425
preserve	6.230625000000002	3.9606249999999994	5.88875
commerce	5.078125	3.974375	5.286875
plant	5.873749999999999	3.965	5.531250000000001
walk	5.414375	3.6068749999999996	5.593750000000001
difference	5.53375	3.705625	5.6275
hang	5.473749999999999	3.6062499999999997	5.446875000000001
following	5.861875	3.6750000000000007	5.783125
employ	5.366874999999999	4.203749999999999	5.63375
