deal	6.3218749999999995	3.9643750000000004	6.18625
study	5.83875	4.125624999999999	6.1400000000000015
afford	5.888125	3.778125	5.71375
service	5.633125	3.8418749999999995	5.682499999999999
height	5.2006250000000005	4.025	5.438125
prospect	6.333125000000001	4.6850000000000005	5.743125
pleasant	6.410000000000001	4.458125	5.937499999999999
shade	5.851875000000001	4.034375	5.418125000000001
listen	6.016875	3.98875	6.044375000000001
mighty	5.891875	4.521875	5.793749999999998
country	5.529375	3.996875	5.663125
title	6.02	3.835625	5.8568750000000005
choose	5.6825	3.8562499999999993	5.903124999999999
village	5.777500000000001	3.7899999999999996	5.449375
acquire	5.911250000000001	4.061249999999999	6.0581249999999995
rank	5.921875000000002	4.161875	6.0
bow	5.7006250000000005	4.154375	5.75125
doctor	4.5925	4.163749999999999	4.92
talent	6.093125	4.09	6.172499999999999
source	5.753125	3.7962499999999997	5.898749999999999
lead	5.699375	3.990624999999999	5.588125
question	6.047500000000001	3.9562500000000003	6.095
publish	5.44125	3.6618749999999998	5.873125000000001
interest	6.063749999999999	4.077500000000001	6.3
serve	5.849375	3.5387500000000003	5.896875
divine	5.958125000000001	4.1518749999999995	5.72125
put	5.6937500000000005	3.78125	5.706875
shadow	5.6925	4.26875	5.244375000000001
practical	5.62375	4.0893749999999995	5.805000000000001
surface	5.0625	3.49	5.1812499999999995
account	5.778125	3.687500000000001	6.113125
loss	4.6	4.739375000000001	4.8425
indian	5.423125	4.130625	5.098749999999999
vine	5.763124999999999	3.709375	5.648124999999999
certain	5.82125	3.725625	6.361875
sin	5.155000000000001	4.517500000000001	5.2231250000000005
necessity	5.76375	3.926875	5.691875
lose	6.25625	4.031249999999999	6.026249999999998
private	5.444999999999999	3.9968750000000006	5.615000000000001
gentleman	5.793750000000001	3.9418749999999996	5.721875000000001
daughter	6.0625	4.718125	5.413125
drive	5.715	4.07375	5.592499999999999
strange	5.620624999999999	4.449999999999999	5.625
journey	6.149375000000001	4.02625	5.913749999999999
uncle	6.164375	4.17125	5.71125
species	5.59625	4.055625	5.6381250000000005
think	5.8925	3.8512499999999994	5.844374999999999
bed	5.547500000000001	3.5225	5.394374999999999
wind	5.9825	4.163125000000001	5.094374999999999
bless	6.596875000000001	4.471875	6.153125000000001
destroy	4.69625	4.7075	5.2124999999999995
author	5.7368749999999995	3.94625	5.87625
sustain	5.494374999999999	3.8699999999999997	5.535625000000001
black	4.9906250000000005	4.157500000000001	5.118125
event	5.716249999999999	4.054375	5.806875
liberty	5.88375	4.29	5.37
negro	4.50125	4.204375	4.985624999999999
little	5.886875	3.776875	5.6381250000000005
fortune	6.719374999999999	4.81375	5.94375
touch	5.9975	4.085624999999999	5.976875
kill	4.233125	5.04875	5.083125
feature	5.71	3.805	5.615625
happiness	6.4475	4.71625	5.9125
assume	5.947500000000001	3.80375	6.065625
notion	5.83375	4.1049999999999995	5.894375
purchase	5.91875	4.425625	5.612499999999999
faithful	6.270625000000001	4.510624999999999	5.9281250000000005
soldier	4.63125	4.60625	5.25
father	6.19625	4.1325	5.64875
narrow	5.220625	3.6162499999999995	5.10375
great	5.925625	3.8718749999999997	6.248749999999999
tear	5.154375	4.94375	4.974375
honorable	6.320625000000001	4.2575	6.26625
previous	5.455624999999999	3.9581250000000003	5.9312499999999995
good	5.9868749999999995	3.9593749999999996	5.9106250000000005
domestic	6.14125	4.168125000000001	5.82375
glory	6.548125000000001	4.805624999999999	6.161875
lay	5.396875000000001	3.7681250000000004	5.46875
occasion	5.91375	3.83625	6.227499999999999
guard	5.266875	4.153124999999999	5.471875
whole	5.828125	3.540625	5.54125
mouth	4.89375	3.96375	5.373125000000001
receive	5.94625	3.670625	5.8168750000000005
take	5.830625000000001	3.496875	5.684375
simple	6.295624999999999	3.75	6.183750000000001
error	5.67625	3.6399999999999997	6.094375
wisdom	6.21625	4.03875	5.9325
rock	5.765625	4.011875	5.465625
decide	5.709374999999999	4.001250000000001	5.814375000000001
exclaim	5.8725000000000005	4.164374999999999	5.859374999999999
assure	5.940625000000001	3.958125	5.852499999999999
sign	5.958749999999999	3.74875	5.7749999999999995
preserve	6.133125	3.988125	5.871250000000001
commerce	5.518750000000001	4.2299999999999995	5.478749999999999
plant	6.019375	3.646875	5.678125
walk	5.68125	3.69625	5.805
difference	5.583125	3.7649999999999997	6.014374999999999
hang	5.16625	3.99625	5.380625
following	5.7924999999999995	3.7281250000000004	5.956875
employ	5.114999999999999	4.121874999999999	5.7093750000000005
