deal	6.205625	3.8462499999999995	5.978750000000001
study	5.8031250000000005	4.256874999999999	6.0699999999999985
afford	5.969375	3.830625	5.87375
service	5.740625	3.872499999999999	5.871874999999999
height	5.164999999999999	3.7181249999999997	5.491875
prospect	5.926875	4.364375000000001	5.82625
pleasant	6.4525	4.43375	5.91375
shade	6.04625	3.8262499999999995	5.470000000000001
listen	5.840625	4.0825000000000005	5.820000000000001
mighty	6.0575	4.630625	5.609374999999999
country	5.464999999999999	3.9868750000000004	5.51
title	5.788125	3.9087499999999995	5.939374999999999
choose	5.801875	3.7800000000000002	5.932499999999999
village	5.5531250000000005	3.754375	5.4875
acquire	5.774374999999999	3.8512500000000003	6.256875000000001
rank	5.900625	4.47	5.771875
bow	5.336875	4.1293750000000005	5.28
doctor	4.98125	4.170625	5.145624999999999
talent	6.1825	4.421875	6.25875
source	5.740624999999999	3.694375	6.101874999999999
lead	5.7231250000000005	3.8237499999999995	5.721875
question	5.7975	4.230625	5.8575
publish	5.488125000000001	3.7112499999999997	5.869375000000002
interest	5.96875	4.23375	6.208124999999998
serve	5.785625	3.513125	5.6049999999999995
divine	6.294375	4.09	5.42625
put	5.820000000000001	3.6237500000000002	5.77625
shadow	6.097499999999999	4.19625	5.439375
practical	5.650625	4.006875	5.705
surface	5.1975	3.5981249999999996	5.04
account	5.9487499999999995	3.8875000000000006	6.174375
loss	4.22625	4.51	4.7625
indian	5.27625	4.472500000000001	4.914999999999999
vine	5.555	3.676875	5.456250000000001
certain	5.901875	3.8356250000000003	6.073125000000001
sin	5.115	4.85375	4.9193750000000005
necessity	5.3256250000000005	4.1275	5.545
lose	6.176875000000001	3.8499999999999996	5.811249999999999
private	5.960625	4.072500000000001	6.06
gentleman	6.114375	3.9025000000000003	5.895625
daughter	6.5225	4.8412500000000005	5.563124999999999
drive	5.5625	4.030625	5.448124999999999
strange	5.819375000000001	4.12	5.6068750000000005
journey	5.904375	3.8981249999999994	5.616875
uncle	5.88875	4.39375	5.584375
species	5.461875	4.209375	5.600624999999998
think	6.19	3.6899999999999995	5.963125000000001
bed	6.03125	3.540625	5.73125
wind	6.11125	3.98875	5.335625000000001
bless	6.67	4.36375	6.165
destroy	4.750625	4.748125	5.319374999999999
author	5.82375	4.125625000000001	5.86
sustain	5.12375	3.8924999999999996	5.315
black	5.563124999999999	4.20125	5.416250000000001
event	5.495625	4.3500000000000005	5.681875
liberty	4.903749999999999	4.516249999999999	4.923125
negro	4.345625	4.3862499999999995	4.6375
little	5.908750000000001	3.6393749999999994	5.618125
fortune	6.254375	4.60875	5.726875000000001
touch	6.253124999999999	4.1375	5.83
kill	4.199375000000001	4.770624999999999	4.82125
feature	5.781250000000001	3.963125	5.7837499999999995
happiness	6.563124999999999	4.748749999999999	6.0725
assume	5.565625000000001	3.83	5.977499999999999
notion	5.989375	4.43125	6.054374999999999
purchase	5.878124999999999	4.39875	5.663124999999998
faithful	6.356875	4.519374999999999	6.077500000000001
soldier	5.620625	4.322500000000001	5.753750000000001
father	6.598750000000001	4.195	5.781874999999999
narrow	5.046875	3.705625	4.941875
great	5.878125	3.9462500000000005	5.894375
tear	5.362500000000001	4.99	4.900625
honorable	6.121250000000001	4.665000000000001	6.145000000000001
previous	5.6187499999999995	3.9831250000000002	5.874375000000001
good	6.1125	3.8668749999999994	5.923749999999999
domestic	6.126875000000001	4.0512500000000005	5.908125
glory	6.850625000000001	4.7425	6.131875
lay	5.22125	3.885	5.535
occasion	5.930625	4.168125	6.251249999999999
guard	5.496874999999999	3.7287500000000002	5.898750000000001
whole	5.8393749999999995	3.5712499999999996	5.555625
mouth	5.4331249999999995	4.011875	5.4975000000000005
receive	5.7681249999999995	3.973125	5.836874999999999
take	6.04	3.6768750000000003	5.756875
simple	6.1087500000000015	3.6775000000000007	5.844375
error	5.145624999999999	4.126875	5.595
wisdom	6.225	4.123125000000001	5.769375000000001
rock	5.984375	4.025625000000001	5.51375
decide	5.666874999999999	4.175	5.873125
exclaim	5.912500000000001	3.9987499999999994	5.856249999999999
assure	6.168749999999999	3.6106249999999998	6.0268749999999995
sign	5.735	3.7775	5.8149999999999995
preserve	6.233749999999999	4.066875	5.9975
commerce	5.1	4.0275	5.1274999999999995
plant	6.059374999999999	3.7375000000000007	5.624375000000001
walk	5.719374999999999	3.6924999999999994	5.8475
difference	5.5975	3.8556250000000003	5.9593750000000005
hang	5.450625	4.05	5.470000000000001
following	5.992499999999999	3.881875000000001	6.001250000000001
employ	5.156874999999999	4.001875	5.654375000000001
