deal	5.840000000000001	3.833125000000001	5.749375
study	5.930000000000001	4.440625	6.03875
afford	5.860625000000001	3.785	5.6925
service	5.7700000000000005	3.9643750000000004	5.760624999999999
height	5.279375000000001	3.728125	5.38625
prospect	6.15	4.415625	5.721249999999999
pleasant	6.520625	4.599374999999999	5.9781249999999995
shade	6.260000000000001	4.084375	5.35
listen	6.086250000000001	3.7631250000000005	6.050625
mighty	5.688125	4.708749999999999	5.560624999999999
country	5.90375	3.870625	5.843125
title	5.654999999999999	3.84125	5.734375
choose	5.865	3.7162499999999996	6.0443750000000005
village	5.8425	3.739375	5.5725
acquire	5.834375	3.8775	6.161250000000002
rank	5.859375000000001	3.990625	5.74125
bow	5.553750000000002	4.054375	5.6625
doctor	4.68125	4.24	5.058750000000001
talent	6.40375	4.38625	6.309374999999999
source	5.773749999999999	3.68125	5.864375
lead	5.62375	3.905	5.609375
question	5.8	3.9612499999999997	5.885
publish	5.502499999999999	3.59625	5.954374999999999
interest	6.066249999999999	4.056875	6.304375
serve	6.1375	3.64125	6.0962499999999995
divine	6.190625	4.329375	5.6106250000000015
put	5.619374999999999	3.761875	5.879375
shadow	6.274375	4.166875	5.40375
practical	5.535625	3.856874999999999	5.563125
surface	5.2025	3.688125	5.10625
account	5.9799999999999995	3.71125	6.166250000000001
loss	3.964375	4.5181249999999995	4.608125
indian	5.395625	4.18375	5.140000000000001
vine	5.166874999999999	3.6975000000000002	5.37875
certain	5.745000000000001	3.900625	6.0625
sin	5.423125	4.570625	5.404999999999999
necessity	5.32375	4.047499999999999	5.359374999999999
lose	5.86	3.848125	5.6274999999999995
private	5.447499999999999	3.9950000000000006	5.769375
gentleman	6.0249999999999995	3.846875	5.77625
daughter	6.753750000000001	4.666875	5.791874999999999
drive	5.207500000000001	4.134375	5.099999999999999
strange	5.463750000000002	4.076875	5.293125
journey	6.0275	4.0825	5.939374999999999
uncle	5.824375000000002	4.030000000000001	5.516875
species	5.917500000000001	4.148125	5.720000000000001
think	6.0575	3.759375	5.923749999999999
bed	5.549375000000001	3.7306250000000007	5.369375000000001
wind	6.0043750000000005	4.07625	5.145625
bless	6.873124999999999	4.115625	6.4025
destroy	5.157500000000001	4.383750000000001	5.27375
author	5.90125	3.791875	5.941875
sustain	5.4525	4.108124999999999	5.551250000000001
black	5.407500000000001	4.100625000000001	5.195
event	5.76875	4.09875	5.754375
liberty	5.805625	4.709999999999999	5.535
negro	4.068125	4.516875	4.3393749999999995
little	5.725625000000001	3.7200000000000006	5.820625
fortune	6.4487499999999995	4.461250000000001	5.771875
touch	6.024375000000001	4.2125	5.648124999999999
kill	4.59	4.836874999999999	4.93875
feature	5.6450000000000005	3.6856249999999995	5.60375
happiness	6.72125	4.593125	6.116875
assume	5.7943750000000005	3.9181250000000003	6.14625
notion	5.728125	4.273124999999999	5.711250000000001
purchase	5.876249999999999	4.261875	5.530625000000001
faithful	6.426874999999999	4.555	5.893750000000001
soldier	4.623125	4.8625	4.965625
father	6.463125000000001	3.9781250000000004	5.795
narrow	4.98375	3.6649999999999996	4.97
great	5.92625	3.943125	6.0225
tear	5.363125000000001	4.588125	5.052499999999999
honorable	5.985625	4.505625	6.183750000000001
previous	5.623749999999999	3.81625	5.855
good	6.02125	3.7743749999999996	5.963125000000001
domestic	6.361875000000001	4.109375	6.144375
glory	6.695625000000001	4.851249999999999	6.10625
lay	5.665625000000001	3.7781250000000006	5.4325
occasion	5.939375000000001	3.79125	6.345624999999999
guard	5.053125	3.8850000000000002	5.0625
whole	5.985625	3.5593749999999997	5.902500000000001
mouth	5.51375	3.9668750000000004	5.546250000000001
receive	5.855625	4.145	5.6674999999999995
take	5.92125	3.9368750000000006	5.87125
simple	6.2056249999999995	3.8656250000000005	6.08125
error	4.7875000000000005	4.0475	5.4225
wisdom	6.076250000000001	4.221875	5.739375
rock	5.56625	4.19875	5.425625000000001
decide	5.730624999999999	3.995625000000001	5.7375
exclaim	5.66125	3.9406250000000007	5.658125
assure	5.960625	3.58125	5.799375
sign	5.69625	3.7625	5.6068750000000005
preserve	6.24125	3.7399999999999998	5.841874999999999
commerce	5.155625000000001	4.035625	5.4799999999999995
plant	5.5875	3.8018750000000003	5.503125
walk	5.516249999999999	3.8137499999999998	5.723125
difference	5.65	3.5987500000000003	5.994999999999999
hang	5.414999999999999	3.800625	5.331874999999999
following	6.145	3.8431250000000006	6.02
employ	5.515625	4.22125	5.579375
