deal	6.10125	3.8100000000000005	6.119999999999999
study	5.855625000000001	4.32	6.0175
afford	5.7775	3.716875	5.89375
service	5.405	3.8099999999999996	5.745
height	5.298125000000001	3.6475	5.235625000000001
prospect	6.311875000000001	4.468749999999999	6.0275
pleasant	6.66	4.560624999999999	6.03375
shade	6.119375	3.9118749999999998	5.519999999999999
listen	5.836875	3.830625	5.863750000000001
mighty	5.95	4.663125	5.539999999999999
country	5.186874999999999	4.011875	5.154999999999999
title	5.916875	3.8837499999999996	5.7775
choose	5.687500000000001	3.6799999999999997	5.767499999999999
village	5.754375	3.7131250000000002	5.324375
acquire	6.011875000000001	4.0525	6.320000000000001
rank	5.62375	4.378124999999999	5.762499999999999
bow	5.641249999999999	4.466875	5.6075
doctor	5.046874999999999	4.2056249999999995	5.4262500000000005
talent	6.658124999999999	4.515624999999999	6.372499999999999
source	5.839374999999999	3.7937499999999997	5.9662500000000005
lead	5.607500000000001	4.054375	5.54
question	5.603750000000001	4.028125	5.7718750000000005
publish	5.46375	3.69375	5.673125000000001
interest	5.824375	3.8831249999999993	5.889374999999999
serve	5.9399999999999995	3.661875	5.871874999999999
divine	5.7768749999999995	4.403124999999999	5.6025
put	5.814375	3.9381249999999994	5.666875
shadow	5.6825	3.8787500000000006	5.209374999999999
practical	5.331874999999999	4.101875	5.580000000000001
surface	5.141875	3.638125	5.064375
account	5.84625	3.6712500000000006	5.925624999999999
loss	4.165	4.705625	4.565
indian	5.251875	4.008125000000001	4.833749999999999
vine	5.483750000000001	3.6093749999999996	5.3981249999999985
certain	5.4937499999999995	3.8675	5.9275
sin	4.756875000000001	4.55375	4.945625
necessity	5.234375000000001	4.0531250000000005	5.4975
lose	6.09375	4.003125000000001	5.570625
private	5.567499999999999	3.8550000000000004	5.649375000000001
gentleman	6.1331250000000015	3.7199999999999993	5.959375
daughter	6.343125	4.5775	5.342499999999999
drive	5.639375	4.076875	5.4243749999999995
strange	5.784375	4.251875	5.4437500000000005
journey	5.6975	3.936875	5.5249999999999995
uncle	5.860625000000001	4.10125	5.460000000000001
species	5.6918750000000005	4.025	5.558750000000001
think	6.103125	3.825625	5.9593750000000005
bed	6.011875000000001	3.6618749999999993	5.749375
wind	6.081875000000001	4.0512500000000005	5.463125
bless	6.224375000000001	4.696250000000001	5.685
destroy	4.7675	4.599375	5.0175
author	5.7	4.012499999999999	5.746875
sustain	4.94625	4.281249999999999	5.1606250000000005
black	5.393125	4.2406250000000005	5.2787500000000005
event	5.6000000000000005	4.001874999999999	5.6118749999999995
liberty	5.950000000000001	4.22	5.5443750000000005
negro	4.308125	4.435	4.811249999999999
little	6.091875000000001	3.8756250000000003	5.72125
fortune	6.40625	4.583125000000001	5.824375
touch	5.903125	4.173125000000001	5.623125
kill	3.8450000000000006	4.975	4.585
feature	5.640625	3.9318750000000002	5.59375
happiness	6.820625	4.79875	6.119375000000001
assume	5.589375	3.7175	5.79875
notion	5.9225	4.147500000000001	5.968749999999999
purchase	5.929374999999999	4.245	5.7662499999999985
faithful	6.1775	4.4925	6.031875
soldier	4.560625000000002	4.8175	5.111875
father	6.315625	4.280625	5.633125
narrow	5.161874999999999	3.648125	5.060625
great	5.78875	3.8587500000000006	5.9475
tear	5.195	4.804374999999999	4.740000000000001
honorable	6.0424999999999995	4.49625	6.156875000000001
previous	5.3975	3.82875	5.8549999999999995
good	6.2281249999999995	3.7737499999999993	6.030625
domestic	6.02625	4.386875	5.827500000000001
glory	6.515	4.929375	5.809375
lay	5.6525	4.118125	5.666250000000001
occasion	5.7281249999999995	3.5062499999999996	6.065625
guard	5.375	3.8493749999999998	5.56625
whole	5.734374999999999	3.630625	5.560625000000002
mouth	5.163749999999999	4.00375	5.323125000000001
receive	5.821875	4.00625	5.76375
take	6.030625000000001	3.8193750000000004	5.779999999999999
simple	6.384375000000001	3.716875	6.043750000000001
error	4.901249999999999	4.153125	5.499375000000001
wisdom	6.08125	4.6156250000000005	5.963125000000002
rock	5.856875	4.059375	5.240000000000001
decide	5.694999999999999	4.0275	5.911249999999999
exclaim	5.795	4.286874999999999	5.565625
assure	5.993125000000001	3.7693749999999997	5.845625
sign	5.8912499999999985	3.8162499999999997	5.693125
preserve	6.1968749999999995	4.02375	5.912499999999999
commerce	5.036875	4.164999999999999	5.2325
plant	5.371874999999999	3.890625	5.28875
walk	6.00375	3.7743750000000005	5.749374999999999
difference	5.5424999999999995	3.715	6.07625
hang	5.705624999999999	4.029375	5.73375
following	5.883125000000001	3.5950000000000006	5.822499999999999
employ	5.438124999999999	4.09	5.6375
