deal	5.805625000000001	3.7993750000000004	5.693124999999999
study	5.776875	4.150625	5.979375000000001
afford	5.865	3.915	5.981874999999999
service	5.5181249999999995	3.869375	5.754999999999999
height	5.3549999999999995	3.834375	5.305625000000001
prospect	6.13875	4.368125000000001	5.928749999999999
pleasant	6.59625	4.46	6.0575
shade	6.253125	4.126875	5.5874999999999995
listen	5.794375	3.66	5.9418750000000005
mighty	5.538125	4.312500000000001	5.398125
country	5.450624999999999	3.86875	5.460624999999999
title	5.9325	3.8931249999999995	5.905624999999999
choose	5.949374999999999	3.6131249999999997	6.027499999999999
village	5.708125000000001	3.725625	5.66125
acquire	5.971875000000001	3.88125	6.020625
rank	5.564375000000001	4.243125000000001	5.76625
bow	5.65125	4.095000000000001	5.658125
doctor	4.97125	4.1831249999999995	5.145
talent	6.393125	4.5062500000000005	6.288749999999999
source	5.548124999999999	3.7706249999999994	5.7825
lead	5.591875	3.8025	5.838125
question	5.92125	4.031874999999999	6.036875
publish	5.43625	3.584375	5.708124999999999
interest	5.946875	4.195625	6.29125
serve	6.0375000000000005	3.60125	6.076874999999999
divine	6.07	4.18375	5.545000000000001
put	5.758125	3.6568750000000003	5.899375000000001
shadow	6.050624999999999	4.21625	5.443124999999999
practical	5.4018749999999995	4.1606250000000005	5.7375
surface	4.830624999999999	3.49875	4.97375
account	5.959375	3.7231250000000005	6.006875
loss	3.7512499999999998	4.688750000000001	4.563750000000001
indian	5.046249999999999	4.286875	4.84125
vine	5.199375	3.765625	5.3675
certain	5.720000000000001	3.7668750000000006	6.053125
sin	5.03	4.64875	4.791874999999999
necessity	5.418750000000001	3.995	5.895625
lose	6.018750000000001	3.6999999999999997	5.928750000000001
private	5.393125	4.058750000000001	5.584375
gentleman	5.861875000000001	3.8831249999999997	5.729375000000001
daughter	5.986249999999999	4.56	5.458125
drive	5.375625000000001	4.0825	5.340625
strange	5.76375	4.1431249999999995	5.437500000000001
journey	5.913750000000001	3.803749999999999	5.7299999999999995
uncle	6.074999999999999	4.0131250000000005	5.4487499999999995
species	5.5525	4.090000000000001	5.465000000000001
think	5.96625	3.5593749999999997	5.766875
bed	5.85	3.58	5.664375000000001
wind	6.218750000000001	4.032500000000001	5.2593749999999995
bless	6.121250000000001	4.283125	5.94375
destroy	5.069999999999999	4.318124999999999	5.366249999999999
author	5.813749999999999	3.883125	5.8775
sustain	5.10125	4.193124999999999	5.31125
black	5.66375	3.970625	5.408125
event	5.676875	3.9987500000000002	5.8568750000000005
liberty	4.959999999999999	4.2631250000000005	4.9312499999999995
negro	4.32625	4.275625	4.80125
little	5.857500000000001	3.6793750000000007	5.742500000000001
fortune	6.235625000000001	4.161250000000001	5.726875
touch	6.04875	4.053750000000001	5.78875
kill	3.8762500000000006	4.873749999999999	4.613125
feature	6.095625	3.9125000000000005	5.978125
happiness	6.562499999999998	4.52875	5.9175
assume	5.897500000000001	3.80625	6.031875
notion	5.7525	4.1025	5.62
purchase	5.885625	4.01375	5.513125
faithful	5.9925	4.218125	6.044375
soldier	4.796875	4.578125	5.248125
father	5.996250000000001	4.146249999999999	5.624375
narrow	5.409375	3.519375	5.193125
great	5.993125	3.8418750000000004	5.923125
tear	5.351874999999999	4.758125	5.257500000000001
honorable	5.675000000000001	4.401250000000001	5.972500000000001
previous	5.550625	4.036875	5.920625
good	6.005625	3.6993749999999994	5.898125
domestic	6.055624999999999	3.9943750000000002	5.946875
glory	6.930625	4.717499999999999	5.935000000000001
lay	5.203125	3.9756250000000004	5.57375
occasion	6.038124999999999	3.8281249999999996	6.113125
guard	5.2425	4.076250000000001	5.388750000000001
whole	5.838125	3.6550000000000002	5.6068750000000005
mouth	5.0806249999999995	4.1425	5.4018749999999995
receive	5.873125	3.9331249999999995	5.8175
take	6.0425	3.7081250000000003	5.950624999999999
simple	6.390625000000001	3.646875	6.115
error	5.1274999999999995	3.9556250000000004	5.531250000000001
wisdom	6.329375	4.07875	5.775625
rock	5.8825	4.1274999999999995	5.251875000000001
decide	5.88125	4.02125	5.990625
exclaim	5.960000000000001	4.02375	5.745
assure	6.022500000000001	3.60375	5.850624999999999
sign	5.640625	3.7818750000000003	5.76875
preserve	5.953749999999999	3.72625	5.953124999999999
commerce	5.064999999999999	4.06	5.2718750000000005
plant	5.42875	3.766875	5.564375
walk	5.5575	3.6606250000000005	5.743125
difference	5.69875	3.866875	5.9925
hang	5.422499999999999	3.88125	5.365
following	6.12875	3.871875000000001	5.981249999999999
employ	5.210624999999999	4.1625	5.556875000000001
