deal	6.2425	3.50875	6.050000000000001
study	6.187500000000001	4.3125	6.1275
afford	6.053125000000001	3.857500000000001	5.861875
service	5.485	3.9637499999999997	5.971875000000001
height	5.396250000000001	3.9068750000000003	5.5775
prospect	6.2925	4.601875	5.69625
pleasant	6.62625	4.300625	6.044999999999999
shade	6.006875	4.074375	5.546875000000002
listen	5.9325	4.081875	5.593125
mighty	5.518125000000001	4.6425	5.37
country	5.312499999999999	3.7837500000000004	5.494999999999999
title	5.60125	3.9056249999999997	5.769374999999999
choose	5.73	3.6806249999999996	5.942499999999999
village	5.940625000000001	3.5250000000000004	5.465
acquire	5.994375	4.145	6.520625000000001
rank	5.349374999999998	4.447500000000001	5.811249999999999
bow	5.406875000000001	4.236875	5.4087499999999995
doctor	5.0625	4.185624999999999	5.203125
talent	6.637499999999999	4.5525	6.2225
source	6.056875	3.7550000000000003	5.936875
lead	5.824375	3.743125	5.776874999999999
question	5.968750000000001	4.149375	5.9437500000000005
publish	5.49875	3.679375	5.945
interest	5.6450000000000005	3.95375	5.794375000000001
serve	6.281250000000001	3.5225	6.1075
divine	6.149374999999999	4.105	5.593750000000002
put	5.99375	3.7324999999999995	5.774375
shadow	5.8225	4.16	5.359375
practical	5.62	4.063125	5.7906249999999995
surface	5.185625000000001	3.7681249999999995	5.16125
account	5.9925	3.598125	6.0225
loss	4.274375000000001	4.743125	4.927500000000001
indian	5.001875	4.259375	4.918125
vine	5.799374999999999	3.485625	5.4975
certain	6.063124999999999	3.7343750000000004	6.130000000000001
sin	4.548125000000001	4.73125	4.925624999999999
necessity	5.295	3.826875	5.208749999999999
lose	6.322500000000001	4.10875	5.9475
private	5.37375	4.09	5.5912500000000005
gentleman	6.079375000000001	3.89	5.715625
daughter	6.37625	4.550000000000001	5.540625
drive	5.5893749999999995	4.005624999999999	5.329999999999999
strange	5.969375000000001	4.515624999999999	5.428750000000001
journey	5.746874999999999	4.01125	5.621874999999999
uncle	5.75	4.000625	5.53
species	5.65	4.188124999999999	5.593750000000001
think	6.33125	3.6312499999999996	5.86875
bed	5.6762500000000005	3.6325	5.438124999999999
wind	5.577500000000001	4.3325	5.005
bless	6.6325	4.535	5.980625
destroy	4.995	4.695625	5.3475
author	5.715000000000001	3.8350000000000004	5.717499999999999
sustain	5.678125	3.80125	5.607500000000001
black	5.2225	3.805	5.239375000000001
event	5.680625000000001	3.9575000000000005	5.831249999999999
liberty	5.526874999999999	4.270625000000001	5.4475
negro	4.355625000000001	4.265625	4.590624999999999
little	5.945	3.6812500000000004	5.621874999999999
fortune	6.705	4.6762500000000005	5.99
touch	6.190625	3.9606250000000007	5.703125000000001
kill	3.93875	5.000624999999999	4.731875
feature	5.74875	3.8981249999999994	5.550625
happiness	6.71	4.58875	6.09125
assume	5.841875000000002	3.736875	5.970625
notion	6.129375000000001	4.1025	6.04375
purchase	5.99625	4.345624999999999	5.744999999999999
faithful	6.495	4.661250000000001	6.000624999999999
soldier	4.743124999999999	4.86875	5.268125
father	6.196875	4.267500000000001	5.619999999999999
narrow	5.125624999999999	3.558125	5.250624999999999
great	6.1606250000000005	3.7806249999999997	6.203125
tear	5.253750000000001	4.916250000000001	4.878125000000001
honorable	6.34375	4.48875	6.160625000000001
previous	5.548124999999999	3.838125	5.95625
good	6.241875	3.756249999999999	5.8725
domestic	6.227499999999999	4.188750000000001	5.824375000000001
glory	6.43375	4.9293749999999985	5.858750000000001
lay	5.344375	3.8293749999999998	5.525
occasion	5.945625000000001	3.74125	6.090625
guard	5.3774999999999995	3.9506250000000005	5.3275000000000015
whole	5.88625	3.500625	5.703125
mouth	5.0425	3.9337500000000007	5.246874999999999
receive	5.86125	3.9887500000000005	5.916249999999999
take	6.059375000000001	3.701875	5.755
simple	6.5043750000000005	3.630000000000001	6.1275
error	5.239374999999999	4.134375	5.506875
wisdom	6.523124999999999	4.1425	5.925624999999999
rock	5.895625000000001	4.189375	5.5425
decide	5.732500000000001	4.18125	5.770624999999999
exclaim	5.851250000000001	4.187500000000001	5.514374999999999
assure	6.454375000000001	3.9706249999999996	5.9925
sign	5.884999999999999	3.690625	5.6525
preserve	6.0474999999999985	3.903125	5.81375
commerce	5.273124999999999	3.9749999999999996	5.461874999999999
plant	5.640000000000001	3.716875	5.554375000000001
walk	5.691875	3.7318749999999996	5.7075
difference	5.7437499999999995	3.818125	6.158749999999999
hang	5.229375000000001	3.89375	5.408125
following	6.0775000000000015	3.7187500000000004	5.75125
employ	5.545625	4.1275	5.8462499999999995
