deal	5.968125000000001	3.89375	5.77375
study	5.917500000000001	4.563750000000001	6.173125000000001
afford	5.72625	3.9181250000000003	5.72625
service	5.405625	4.0200000000000005	5.517499999999999
height	5.284999999999999	3.825	5.349375
prospect	6.310625000000001	4.746874999999999	6.066249999999999
pleasant	6.314375000000001	4.424375	5.818125
shade	6.15625	4.129375	5.508125000000001
listen	5.5287500000000005	3.7856250000000005	5.640625000000001
mighty	5.903124999999999	4.73125	5.52
country	5.290625	3.9837499999999997	5.4174999999999995
title	5.674374999999999	3.918125	5.673124999999999
choose	5.634374999999999	3.82	5.845624999999999
village	5.845000000000001	3.839375	5.430625
acquire	6.1137500000000005	4.008125	6.135625000000001
rank	5.6362499999999995	4.434375	5.668125
bow	5.6575	4.3256250000000005	5.781249999999999
doctor	4.717499999999999	4.169375	5.123125
talent	6.433124999999999	4.43375	6.15625
source	5.860625	3.8181249999999998	6.099374999999999
lead	5.320625000000001	4.030625	5.507499999999999
question	5.463125	3.9587499999999993	5.623125000000001
publish	5.4956249999999995	3.7087499999999998	5.71375
interest	5.842499999999999	3.888125	5.873749999999999
serve	5.5925	3.6581250000000005	5.79
divine	5.921875	4.1575	5.520625
put	5.635	3.8575	5.797500000000001
shadow	6.109375	4.208125	5.364374999999999
practical	5.505624999999998	3.9774999999999996	5.628125
surface	5.2906249999999995	3.66875	5.20625
account	5.604375	3.6243750000000006	5.5112499999999995
loss	4.465	4.678125	4.74375
indian	5.2281249999999995	4.16	4.941249999999999
vine	5.458749999999999	3.7231249999999996	5.389374999999999
certain	5.418749999999998	3.8887499999999995	5.699375000000001
sin	5.33	4.578125	5.074375000000001
necessity	5.0737499999999995	4.1325	5.310625
lose	6.06625	4.156875	5.704999999999999
private	5.621874999999999	3.9143750000000006	5.6000000000000005
gentleman	5.72375	3.924375	5.79
daughter	5.815625	4.780625	5.21
drive	5.3168750000000005	4.232499999999999	5.261875
strange	5.661875000000001	4.269999999999999	5.21125
journey	6.020625000000001	3.8543749999999997	5.784375000000001
uncle	5.6325	4.42	5.475625
species	5.453125000000001	4.168125	5.523750000000001
think	6.036249999999999	3.8056249999999996	5.886874999999999
bed	5.57	3.6774999999999998	5.34625
wind	6.228750000000001	4.05125	5.505624999999999
bless	6.478125000000001	4.756874999999999	5.998125
destroy	4.556875	4.455	5.273124999999999
author	5.67125	4.07875	5.834999999999999
sustain	5.3999999999999995	3.8743749999999997	5.4387500000000015
black	5.382500000000001	4.1325	5.365
event	5.57	4.114375000000001	5.723124999999999
liberty	5.6762500000000005	4.633125000000001	5.4106250000000005
negro	4.203749999999999	4.24625	4.831874999999999
little	5.493125	3.9093749999999994	5.5625
fortune	6.5981250000000005	4.65125	5.927499999999999
touch	5.824375	4.198125	5.616875
kill	4.225	4.791250000000001	4.724375
feature	5.936875000000001	3.76	5.655625
happiness	7.243124999999999	4.8618749999999995	6.362500000000001
assume	5.744375000000001	3.7806250000000006	5.83625
notion	5.865624999999999	4.109999999999999	5.67
purchase	6.0225	4.37125	5.686249999999999
faithful	6.263125	4.485625000000001	5.741875
soldier	4.56625	4.849374999999999	4.919999999999999
father	6.21625	4.39375	5.5375
narrow	5.4225	3.63	5.096250000000001
great	5.5024999999999995	3.755625	5.635625
tear	5.128125	4.5975	5.0175
honorable	5.697499999999999	4.390625000000001	5.920625
previous	5.369374999999999	3.8668750000000003	5.67125
good	5.501250000000001	4.0375	5.635625
domestic	5.915	4.05625	5.586875
glory	6.9375	4.987499999999999	6.008125000000001
lay	5.559375	4.146875	5.4525
occasion	5.673125000000001	3.660625	5.830624999999999
guard	5.1625	3.8093750000000006	5.208125000000001
whole	5.734375000000001	3.580625	5.538125000000001
mouth	5.200625	3.8637500000000005	5.393125
receive	5.59375	3.8618749999999995	5.575
take	5.7093750000000005	3.8175	5.676874999999999
simple	5.945624999999999	3.7725	5.746875
error	5.03625	3.993125	5.665625000000001
wisdom	6.211875	4.36	5.819374999999999
rock	5.9281250000000005	4.338125	5.2856250000000005
decide	5.2575	4.1375	5.505625
exclaim	5.727500000000001	4.177499999999999	5.619375
assure	5.742499999999999	3.5856249999999994	5.8549999999999995
sign	5.4662500000000005	3.7875	5.725625
preserve	6.131874999999999	3.8756249999999994	5.8825
commerce	5.244375	4.016249999999999	5.443124999999999
plant	5.429375	3.8750000000000004	5.405625
walk	5.6899999999999995	3.8281250000000004	5.7574999999999985
difference	5.45375	3.6731249999999998	5.8218749999999995
hang	5.635	3.853125	5.551249999999999
following	5.513124999999999	3.5481249999999998	5.755
employ	5.039375	4.2275	5.554375000000001
