deal	5.768750000000001	3.9125000000000005	5.6525
study	6.045625000000001	4.47875	5.983125
afford	5.86125	3.8618750000000004	5.7825
service	5.5725	4.203749999999999	5.880625
height	5.33375	3.7031249999999996	5.6643750000000015
prospect	6.050624999999999	4.5756250000000005	5.981875
pleasant	7.180000000000001	5.188124999999999	6.242500000000001
shade	6.198125000000001	4.11125	5.448125
listen	6.151249999999999	3.7237499999999994	6.071875000000001
mighty	5.868125	4.845624999999999	5.690624999999999
country	5.486875	4.17625	5.55
title	5.605	4.066875	5.838749999999999
choose	5.8968750000000005	3.9206249999999994	5.906874999999999
village	5.604375	3.946875	5.495624999999999
acquire	6.108124999999999	4.016875	6.192500000000001
rank	5.445625	4.51875	5.594374999999999
bow	5.4487499999999995	4.328125	5.67375
doctor	5.170625000000001	3.9062500000000004	5.17
talent	6.633125000000001	4.5687500000000005	6.2525
source	5.6656249999999995	3.8193750000000004	5.7562500000000005
lead	5.87875	4.2718750000000005	5.7768749999999995
question	5.722500000000001	4.0725	6.0175
publish	5.5356250000000005	3.6287499999999993	5.90875
interest	5.99375	4.192500000000001	6.051874999999999
serve	5.735000000000001	3.635625	5.665
divine	5.891875000000001	4.266875	5.61
put	5.988125	4.008125	5.78125
shadow	6.0893749999999995	4.280000000000001	5.170625
practical	5.6825	3.8193750000000004	5.804999999999999
surface	5.1275	3.6025	5.201874999999999
account	5.87875	3.763125	6.1256249999999985
loss	4.5718749999999995	4.45	4.867500000000001
indian	5.381875	4.013125	5.056250000000001
vine	5.321874999999999	3.6737499999999996	5.254375
certain	5.804374999999999	3.9031249999999997	6.046875
sin	5.165625	4.63375	5.226875
necessity	5.109375	4.02625	5.3062499999999995
lose	6.051874999999999	4.049375	5.5775
private	5.571249999999999	4.048750000000001	5.568125
gentleman	6.1850000000000005	3.85875	5.925
daughter	6.050625	4.5675	5.3618749999999995
drive	5.331250000000001	4.27125	5.293125
strange	5.474375000000001	4.465624999999999	5.211250000000001
journey	6.0237500000000015	4.225	5.779999999999999
uncle	6.238749999999998	3.9168750000000006	5.609999999999999
species	5.244999999999999	3.972500000000001	5.4975000000000005
think	6.22875	3.7600000000000002	5.921250000000001
bed	5.597500000000001	3.4293749999999994	5.391875
wind	5.919374999999999	4.09375	5.160625
bless	6.368125000000001	4.613125	5.838125
destroy	4.591875	4.893125	4.989999999999998
author	5.868125000000001	4.075625	5.840625
sustain	5.375625	3.88	5.460000000000002
black	5.5306250000000015	3.9937499999999995	5.176874999999999
event	5.4425	4.26375	5.765
liberty	5.350624999999999	4.001874999999999	5.24375
negro	4.869375	4.058125	5.18875
little	6.232500000000001	3.881874999999999	5.805625000000001
fortune	6.561875000000001	4.5525	5.9075
touch	6.093124999999999	4.213750000000001	5.706875
kill	4.349375	4.84	5.075
feature	5.662500000000001	3.959375	5.571249999999999
happiness	6.6175	4.60375	6.055000000000001
assume	5.788125	3.8918749999999998	5.914374999999999
notion	5.9675	4.491874999999999	5.9375
purchase	5.765625000000001	4.2787500000000005	5.4825
faithful	6.041874999999999	4.6425	5.6899999999999995
soldier	4.82375	4.7943750000000005	5.071250000000001
father	6.3125	4.16	5.760625
narrow	5.2093750000000005	3.4699999999999993	5.140000000000001
great	5.993124999999999	3.8993749999999996	6.124999999999999
tear	5.279375000000001	4.604375	5.0912500000000005
honorable	5.94	4.684375	5.9037500000000005
previous	5.309375	3.8699999999999997	5.971875000000001
good	6.115625	3.8937499999999994	5.892500000000001
domestic	5.888749999999999	4.0625	5.696875
glory	6.75125	5.0024999999999995	6.003125
lay	5.595625	4.040625	5.725625000000001
occasion	5.952500000000001	3.6599999999999997	6.219375
guard	5.60625	3.870625	5.654375
whole	5.819999999999999	3.6074999999999995	5.550625
mouth	5.23875	3.9675000000000002	5.408124999999999
receive	6.03	3.994375	5.734375
take	6.119375	3.849375	5.78625
simple	6.085000000000001	3.5875	5.6937500000000005
error	5.061875000000001	4.065625000000001	5.485000000000001
wisdom	6.213750000000001	4.18375	5.808749999999999
rock	5.691249999999999	4.201875	5.385
decide	5.5275	4.000625	5.843125
exclaim	6.026250000000001	4.2025	5.804999999999999
assure	6.280000000000001	3.7868749999999998	6.0125
sign	5.916875	3.740625	5.751250000000001
preserve	6.403125	3.9399999999999995	6.056875
commerce	5.300000000000001	4.22875	5.343125
plant	5.5249999999999995	3.8968750000000005	5.39875
walk	5.906874999999999	3.824375	5.809999999999999
difference	5.463125	3.6399999999999992	5.867499999999999
hang	5.494374999999999	3.9999999999999996	5.370000000000001
following	5.965625	3.663125000000001	5.906874999999999
employ	5.13625	4.144375	5.535625000000001
