deal	6.107500000000002	3.7962500000000006	5.983125
study	5.951250000000002	4.460624999999999	6.0612499999999985
afford	5.90875	3.7931250000000003	5.9
service	5.284375000000001	4.233125	5.626875
height	5.2475	3.77	5.489374999999999
prospect	6.141249999999999	4.484374999999999	6.176875
pleasant	6.643750000000001	4.366875	5.976249999999999
shade	6.25625	3.95	5.59375
listen	5.7925	4.06875	5.694375
mighty	5.5443750000000005	4.48375	5.473124999999999
country	5.441249999999999	3.92375	5.305
title	6.07375	3.7606250000000006	6.053749999999999
choose	5.77	3.7356249999999998	5.950625
village	5.7368749999999995	3.6950000000000003	5.415625
acquire	6.16	3.9906249999999996	6.579375000000001
rank	5.753750000000002	4.306875	6.026875
bow	5.411875	3.8525	5.2475000000000005
doctor	4.694375000000001	4.21125	5.05375
talent	6.572500000000001	4.543749999999999	6.34
source	5.7681249999999995	3.684999999999999	5.81625
lead	5.554375	3.9918750000000007	5.6175
question	5.808125000000001	3.996875	5.743750000000001
publish	5.487499999999999	3.77125	5.66125
interest	5.989375	4.1675	6.199375
serve	5.744375	3.5412500000000002	5.909375
divine	5.963125000000001	4.291874999999999	5.5618750000000015
put	5.720625	3.6668749999999997	5.759374999999999
shadow	6.0024999999999995	4.165000000000001	5.38875
practical	5.543749999999998	4.166875	5.703125
surface	5.328749999999999	3.5387499999999994	5.18375
account	6.089375	3.838750000000001	6.103749999999999
loss	4.115	4.63125	4.742500000000001
indian	5.2631250000000005	4.286249999999999	4.905625
vine	5.622499999999999	3.8068749999999993	5.313750000000001
certain	5.658750000000001	3.786875	5.955
sin	4.825000000000001	4.656874999999999	5.178125
necessity	5.335625	4.24875	5.435625
lose	6.10375	3.881875	5.913125
private	5.57	3.9231250000000006	5.515000000000001
gentleman	6.22625	3.984375	5.843125000000001
daughter	6.415000000000001	4.62625	5.523749999999999
drive	5.413750000000002	4.16375	5.266874999999999
strange	5.385	4.418749999999998	5.1068750000000005
journey	5.711875	3.846250000000001	5.539375000000001
uncle	5.981875	4.163124999999999	5.59625
species	5.654375000000001	4.05	5.61875
think	6.295625	3.635624999999999	6.123125000000001
bed	5.386875000000001	3.466875	5.265625000000001
wind	6.044375	4.24	5.081874999999999
bless	6.479375	4.165625	6.150625000000001
destroy	5.15875	4.351875	5.382499999999999
author	5.70125	3.9993750000000006	5.738125
sustain	5.4399999999999995	4.00375	5.455625000000001
black	5.525	4.1925	5.3825
event	5.448124999999999	4.379375	5.651875
liberty	5.52	4.453125	5.386875
negro	3.9806250000000007	4.396875	4.5424999999999995
little	6.1025	3.59875	5.89
fortune	6.2575	4.491875	5.728125
touch	5.984999999999999	4.2056249999999995	5.686875
kill	4.15625	4.71125	4.91
feature	5.712500000000001	3.759375	5.7162500000000005
happiness	6.616875	4.668125	5.99625
assume	5.835625	3.835	6.1450000000000005
notion	5.724375000000001	4.2275	5.780000000000001
purchase	6.16125	4.535625	5.7625
faithful	6.009375	4.58	5.680624999999999
soldier	4.64875	4.4675	5.50875
father	6.344375	3.9699999999999998	5.78375
narrow	5.094374999999999	3.4518749999999994	5.111875
great	6.2612499999999995	3.8931249999999995	6.19625
tear	5.3743750000000015	4.916250000000001	4.871875000000001
honorable	6.096875000000001	4.302500000000001	6.093125000000001
previous	5.588749999999998	3.93	6.02
good	5.990625	3.7981249999999998	5.97125
domestic	5.7681249999999995	4.14625	5.6343749999999995
glory	6.496875000000001	4.915625	5.947500000000001
lay	5.285	3.9318750000000002	5.608124999999999
occasion	6.147499999999999	3.9731249999999996	6.35
guard	5.055	3.7837500000000004	5.608124999999999
whole	5.92	3.6443749999999997	5.679375
mouth	5.28	4.123125000000001	5.508125
receive	6.030625	3.97125	5.909375
take	6.05375	3.7518749999999996	5.908125
simple	6.461875000000001	3.79125	6.214375
error	4.7924999999999995	4.2875	5.22875
wisdom	6.240000000000001	4.4624999999999995	5.896874999999999
rock	6.173124999999999	4.121250000000001	5.4312499999999995
decide	5.796875	4.038125000000001	5.74375
exclaim	5.465	4.14875	5.525
assure	6.255	3.750625	5.95875
sign	5.526875	3.7337500000000006	5.560625
preserve	6.137500000000001	3.9662499999999996	5.888749999999999
commerce	5.41625	4.1875	5.327499999999999
plant	5.6775	3.6375	5.366875
walk	5.6431249999999995	3.645	5.76375
difference	5.6625	3.6693749999999996	5.8706249999999995
hang	5.6225	3.8249999999999997	5.593750000000001
following	6.095	3.8874999999999997	5.856874999999999
employ	5.18875	4.078125	5.696250000000001
