deal	5.970624999999999	3.9575	5.7825
study	5.950000000000001	4.4437500000000005	6.054374999999999
afford	5.35875	3.4843750000000004	5.666250000000001
service	5.524375	4.09125	5.58
height	5.282500000000001	3.6774999999999998	5.334375
prospect	6.2962500000000015	4.491874999999999	5.848749999999999
pleasant	6.652500000000001	4.56375	6.061249999999999
shade	6.135	3.9637499999999997	5.459999999999999
listen	6.088125	3.9162500000000002	6.0718749999999995
mighty	5.545000000000001	4.563750000000001	5.227499999999999
country	5.426875	3.7731250000000003	5.5575
title	5.695625	3.78125	5.852499999999999
choose	6.066875	3.884999999999999	5.948125
village	5.638750000000001	3.7637499999999995	5.461249999999999
acquire	6.044375	4.150625	6.262500000000001
rank	5.690625000000001	4.268749999999999	5.717500000000001
bow	5.487500000000001	4.11	5.6831249999999995
doctor	4.726875	4.02125	5.148125
talent	6.576875	4.4775	6.211875
source	5.740625	3.6656249999999995	5.828124999999999
lead	5.542500000000001	4.066250000000001	5.5475
question	5.569375	3.9625	5.569375
publish	5.473125	3.7618749999999994	5.889374999999999
interest	5.7387500000000005	3.9899999999999998	5.8393749999999995
serve	5.645	3.695625	5.838125
divine	5.8999999999999995	4.3775	5.4475
put	5.833749999999999	3.877499999999999	5.810624999999999
shadow	5.60375	4.26625	5.2250000000000005
practical	5.619999999999999	4.13125	5.51625
surface	4.965624999999999	3.5368749999999998	4.8862499999999995
account	5.729375	3.5656250000000003	6.133125000000001
loss	4.353125	4.640625	4.46375
indian	5.24375	4.223125	4.977499999999999
vine	5.219374999999999	3.5775	5.171875000000001
certain	5.598125000000001	3.7600000000000002	6.091875
sin	5.081250000000001	4.41	5.16
necessity	5.465000000000001	3.99625	5.664375
lose	5.879999999999999	3.8637499999999996	5.805625
private	5.530625	3.8862500000000004	5.656250000000001
gentleman	5.966875000000001	3.7243749999999998	5.827500000000001
daughter	6.043125	4.638125	5.456874999999999
drive	5.774374999999999	3.869999999999999	5.4025
strange	5.886875	4.110624999999999	5.56375
journey	6.047500000000001	4.2056249999999995	5.8412500000000005
uncle	5.843125000000001	4.02125	5.616875000000001
species	5.803750000000001	4.096875	5.72625
think	6.088125	3.7043749999999993	6.09875
bed	5.488125000000001	3.8618750000000004	5.3675
wind	5.9475	4.185625000000001	5.19625
bless	6.099375000000001	4.446875	5.908124999999999
destroy	4.623125	4.347499999999999	5.151249999999999
author	5.746874999999999	3.86125	5.823125
sustain	5.76875	4.0962499999999995	5.66875
black	5.8206250000000015	3.9393749999999996	5.315625
event	5.414375	4.140625	5.679375
liberty	5.664999999999999	4.365000000000001	5.358125
negro	4.374375000000001	4.205	4.711874999999999
little	5.985625	3.83125	5.779999999999999
fortune	6.430625	4.45375	5.756249999999999
touch	6.216874999999998	4.060625	6.039999999999999
kill	4.21375	4.8424999999999985	4.909375
feature	5.818125000000001	3.7031249999999996	5.639374999999999
happiness	6.83625	4.650625000000001	6.067499999999999
assume	5.736875000000001	3.59875	6.035625
notion	5.738125000000001	4.05875	5.975625000000001
purchase	5.89625	4.2775	5.510624999999999
faithful	6.0756250000000005	4.531874999999999	5.811875
soldier	4.51875	4.939375	5.119375
father	6.113125	4.260000000000001	5.405624999999999
narrow	4.968124999999999	3.8118749999999997	4.789375
great	5.721875	3.8675	6.121874999999999
tear	5.172499999999999	4.879999999999999	4.9675
honorable	6.12875	4.427499999999999	6.278125000000001
previous	5.669375	3.7825	6.051875000000001
good	5.8931249999999995	3.6306249999999993	5.8999999999999995
domestic	6.16375	4.0062500000000005	5.885625
glory	6.695	4.725	5.911875000000001
lay	5.814374999999999	3.57875	5.694375
occasion	5.891250000000001	3.7343749999999996	6.155
guard	4.989374999999999	4.254375	5.362500000000001
whole	5.81875	3.4631250000000002	5.59
mouth	5.0562499999999995	4.11875	5.348125
receive	5.8525	3.8231249999999997	5.91625
take	5.835	3.7299999999999995	5.656874999999999
simple	6.106249999999999	3.713125	6.005625
error	5.349374999999999	4.006875000000001	5.86875
wisdom	6.2475	4.19625	5.99
rock	5.797499999999999	4.154375	5.344375
decide	5.70875	4.2375	5.751249999999999
exclaim	5.894375000000002	4.066875	5.902499999999999
assure	5.713749999999999	3.642499999999999	5.79375
sign	5.5737499999999995	3.7787499999999996	5.714375
preserve	6.004375	3.7081249999999994	5.882499999999999
commerce	5.121875000000001	4.027499999999999	5.333124999999999
plant	5.463749999999999	3.7675	5.311875000000001
walk	5.696875	3.72625	5.750624999999999
difference	5.825	3.82125	6.252499999999999
hang	5.4075	3.9756249999999995	5.425000000000001
following	5.820625	3.65625	5.943124999999999
employ	5.284375	4.180625	5.539375
