deal	5.986250000000002	3.8468750000000003	6.055625
study	5.915000000000002	4.32625	6.113124999999999
afford	5.844375000000001	3.8775000000000004	5.803749999999999
service	5.820625	4.203125	5.972499999999999
height	5.25625	3.7243749999999993	5.396875000000001
prospect	6.015625000000001	4.538125	5.756875
pleasant	6.334375	4.612500000000001	5.748125
shade	6.18	3.8775	5.34
listen	5.609999999999999	3.9743749999999998	5.643125
mighty	5.914999999999999	4.386874999999999	5.8675
country	5.409375	3.8374999999999995	5.39625
title	6.031249999999999	3.8206249999999997	5.96375
choose	5.862500000000001	3.576875	6.0375000000000005
village	5.5925	3.8043749999999994	5.418749999999999
acquire	6.039375000000001	3.9450000000000003	6.169375
rank	5.55	4.266249999999999	5.836875
bow	5.240000000000001	4.109375	5.591875
doctor	4.78125	4.03875	5.164375
talent	6.296874999999999	4.185625	6.033124999999999
source	5.761874999999999	3.789375	5.871250000000001
lead	5.6293750000000005	3.9656250000000006	5.82125
question	5.7875	3.8868750000000003	5.79875
publish	5.5268749999999995	3.6874999999999996	5.961875000000001
interest	5.7631250000000005	3.9262500000000005	5.621875000000001
serve	5.956250000000001	3.6906249999999994	6.041875000000001
divine	6.065624999999999	4.61625	5.858125
put	5.845625	3.663125	6.03125
shadow	5.733750000000001	3.8481250000000005	5.373125
practical	5.755000000000001	4.044375	5.845625000000001
surface	5.012499999999999	3.693749999999999	4.99875
account	5.840000000000001	3.5425000000000004	5.9
loss	5.025625	4.4975000000000005	5.286250000000001
indian	5.1225	4.18125	4.8325
vine	5.305	3.8368749999999996	5.35375
certain	5.690625000000001	3.779375	6.0687500000000005
sin	5.233125000000001	4.78875	5.038125
necessity	5.348125000000001	4.003125	5.483125
lose	6.0268749999999995	3.835625	5.9193750000000005
private	5.5425	3.952500000000001	5.371875
gentleman	5.915	3.7199999999999998	5.675625
daughter	6.386250000000001	4.5575	5.686875000000001
drive	5.6431249999999995	4.0093749999999995	5.432499999999999
strange	5.664375000000001	4.238125	5.492500000000001
journey	5.760625000000001	3.9699999999999993	5.778124999999999
uncle	5.388750000000001	4.054374999999999	5.459999999999999
species	5.38625	3.995625	5.460625
think	6.2675	3.7124999999999995	6.143125
bed	5.793125000000001	3.466875	5.503124999999998
wind	5.646249999999998	4.1475	5.289999999999999
bless	6.371250000000001	4.2975	5.966875
destroy	4.8012500000000005	4.606250000000001	5.126874999999999
author	6.039375	3.569375000000001	5.842499999999999
sustain	5.385	3.9231249999999993	5.39625
black	5.735000000000001	4.010624999999999	5.53625
event	5.65	3.8850000000000002	5.559999999999999
liberty	5.607499999999999	4.449375000000001	5.3481250000000005
negro	4.2475000000000005	4.4125000000000005	4.694999999999999
little	5.879999999999999	3.8150000000000004	5.936875
fortune	6.011875000000002	4.558125000000001	5.733125
touch	6.2524999999999995	4.021249999999999	5.92625
kill	3.89375	4.49	4.68375
feature	5.810625000000002	3.836875	5.656249999999999
happiness	6.561874999999999	4.67625	5.863750000000001
assume	5.571875	3.674375	5.859375
notion	5.964374999999999	3.783125	5.993749999999999
purchase	5.85875	4.129375	5.829375
faithful	6.363125	4.680625000000001	5.998125
soldier	4.3075	4.577500000000001	4.936250000000001
father	6.2437499999999995	4.094375	5.8325
narrow	5.06875	3.8112500000000002	4.913749999999999
great	5.80125	3.66125	5.82625
tear	4.98375	4.6175	4.893125
honorable	5.773125	4.328125	5.820625000000001
previous	5.165625000000001	3.7918749999999997	5.865
good	5.965625000000001	3.932499999999999	6.01
domestic	5.990625	4.11875	5.675625000000001
glory	7.005000000000002	4.7925	6.100625000000001
lay	5.474375	3.8643749999999994	5.623749999999999
occasion	5.79125	3.420625	5.9675
guard	4.796875	4.336250000000001	5.0962499999999995
whole	5.7143749999999995	3.3937500000000003	5.505625
mouth	5.508125	3.9806250000000003	5.604375
receive	5.742500000000001	3.94625	5.545624999999999
take	5.931250000000001	3.6518750000000004	6.0024999999999995
simple	6.3325000000000005	3.7012500000000004	5.995000000000001
error	4.954375000000001	4.161250000000001	5.357500000000001
wisdom	6.070000000000001	4.290625	5.8325000000000005
rock	5.613125	4.240625	5.3775
decide	5.580000000000001	4.13625	5.555
exclaim	5.4106250000000005	4.0975	5.449375000000001
assure	6.3187500000000005	4.12	6.17375
sign	5.788749999999999	3.5968750000000003	5.64375
preserve	6.2425000000000015	3.6887499999999998	6.0125
commerce	5.2225	3.9899999999999998	5.328125000000001
plant	5.6724999999999985	3.9337500000000007	5.4125000000000005
walk	5.6575	3.6531249999999997	5.732499999999999
difference	5.354374999999999	3.479375	5.725624999999999
hang	5.473125	3.9006250000000002	5.671875
following	5.801875000000001	3.518125	5.826874999999999
employ	5.237499999999999	4.136875	5.6243750000000015
