deal	6.12375	3.915	5.983125
study	6.075	4.46375	6.115
afford	5.883749999999999	3.640625	6.0218750000000005
service	5.39625	4.05	5.46625
height	5.228125	3.9062499999999996	5.4175
prospect	6.349375	4.611249999999999	6.177499999999999
pleasant	6.766875000000001	4.5581249999999995	5.8687499999999995
shade	6.383125000000001	3.923125	5.56
listen	5.8325	3.801875	5.965
mighty	5.7993749999999995	4.79375	5.674999999999999
country	5.303125	3.9924999999999997	5.400624999999999
title	5.798749999999999	3.9725	5.7162500000000005
choose	5.8637500000000005	3.613125	5.96875
village	5.808125000000001	3.789375	5.519999999999999
acquire	6.1625	3.85	6.38125
rank	5.680625	4.27125	5.915625
bow	5.611875000000001	3.8768750000000005	5.631875000000001
doctor	5.208124999999999	4.11875	5.4350000000000005
talent	6.544374999999999	4.286874999999999	6.275625
source	5.874375	4.02875	6.198124999999999
lead	5.88625	3.9875000000000003	5.5668750000000005
question	5.670000000000001	4.043125	5.828750000000001
publish	5.574375	3.796875	5.754999999999999
interest	5.731875	3.9062500000000004	5.876250000000001
serve	5.714375	3.5950000000000006	5.875
divine	6.102500000000001	3.979374999999999	5.515
put	5.66125	3.65375	5.838125
shadow	6.40625	4.136875	5.687500000000001
practical	5.3668749999999985	4.128125000000001	5.753750000000001
surface	5.5075	3.6556249999999997	5.234999999999999
account	5.854374999999999	3.6568750000000003	5.838749999999999
loss	4.82625	4.61375	4.998125000000001
indian	4.900625	4.055000000000001	5.0181249999999995
vine	5.824375	3.689375	5.656250000000001
certain	5.584375	3.830625	5.8475
sin	5.0131250000000005	4.485625000000001	5.09375
necessity	5.345	4.0175	5.616874999999999
lose	5.881874999999999	3.8187499999999996	5.635000000000001
private	5.376249999999999	3.982500000000001	5.476875000000001
gentleman	5.78875	3.8387499999999997	5.666250000000001
daughter	6.295000000000001	4.75125	5.561874999999999
drive	5.710624999999999	3.8787499999999997	5.387499999999999
strange	5.249375000000001	4.320625	5.13125
journey	6.300625	4.2924999999999995	5.835625
uncle	5.565625000000001	4.170000000000001	5.481875
species	5.440625000000001	4.395	5.4731250000000005
think	6.058750000000001	3.6656249999999995	6.013750000000001
bed	5.577500000000001	3.7281249999999995	5.608124999999999
wind	6.286875	3.83	5.56625
bless	6.5375000000000005	4.230625	6.099375
destroy	4.45625	4.551875000000001	4.982499999999999
author	5.656875	4.016875000000001	5.841249999999999
sustain	5.776874999999999	4.011875	5.698125000000001
black	5.703750000000001	4.106875	5.46375
event	5.639374999999999	4.045625	5.814375
liberty	5.498749999999999	4.35375	5.434374999999999
negro	4.47375	4.229375	4.923125
little	5.9675	3.74	5.843125
fortune	6.293125	4.5600000000000005	5.815625
touch	5.925	4.185625	5.9025
kill	4.5375	4.880624999999999	4.996875
feature	5.82375	3.7712499999999993	5.550624999999999
happiness	7.103124999999999	5.048749999999999	6.201250000000001
assume	5.74625	3.7106250000000007	5.841875000000001
notion	5.926875000000001	4.09625	5.9506250000000005
purchase	5.946875	4.46875	5.79875
faithful	6.055	4.379375	5.871250000000001
soldier	4.946875	4.838125	5.178124999999999
father	6.165625	3.975625	5.728750000000001
narrow	5.330625	3.616875	4.95625
great	5.9175	3.7993750000000004	5.838125
tear	5.913124999999999	4.907500000000001	5.3425
honorable	5.860625	4.5287500000000005	6.010000000000001
previous	5.364375	3.8968750000000005	5.733125
good	5.759999999999999	3.741249999999999	5.813750000000001
domestic	5.863124999999999	4.046875	5.686875000000001
glory	6.674375000000001	4.783125	5.968125000000001
lay	5.648750000000001	3.9550000000000005	5.6975
occasion	6.021249999999999	3.75875	6.1899999999999995
guard	4.905625000000001	3.771875	4.981249999999999
whole	5.935625000000001	3.6237500000000002	5.652500000000001
mouth	5.487499999999999	3.9893750000000003	5.460625000000001
receive	5.9975	3.744375	5.7543750000000005
take	5.940625	3.7162499999999996	5.786875
simple	6.332500000000002	3.5324999999999998	5.929375
error	5.390625	3.9787500000000007	5.681875000000001
wisdom	6.1725	4.204375	5.89375
rock	6.0625	4.0043750000000005	5.280625
decide	5.418125	4.105	5.633125000000001
exclaim	5.8774999999999995	4.248124999999999	5.8393749999999995
assure	5.82125	3.79875	5.765625
sign	5.307499999999999	3.7168749999999995	5.525
preserve	6.194374999999999	3.9325000000000006	5.963125
commerce	5.4350000000000005	4.2825	5.556875
plant	5.6975	3.8243750000000003	5.469375
walk	5.580000000000001	3.670625	5.549375
difference	5.7125	3.82125	6.013125000000001
hang	5.70625	3.8481249999999996	5.718124999999999
following	5.894375000000001	3.7068750000000006	5.865625
employ	5.401875	4.385000000000001	5.875000000000001
