deal	6.2043750000000015	4.003125	5.9125000000000005
study	6.065	4.2875	6.139375
afford	5.802500000000001	3.840625	5.750625
service	5.51375	4.113125	5.598749999999999
height	5.301875000000001	3.801875	5.4906250000000005
prospect	6.2425	4.594374999999999	6.00125
pleasant	6.304374999999999	4.23	5.6831249999999995
shade	6.206250000000001	3.9074999999999993	5.5531250000000005
listen	5.87375	3.65875	5.851250000000001
mighty	6.061875	4.780625	5.816875
country	5.4087499999999995	3.890625	5.306875
title	5.52625	3.986875	5.88625
choose	5.70875	3.8724999999999996	5.843125
village	5.618125000000001	3.768125	5.463749999999999
acquire	6.1331250000000015	4.1175	6.12125
rank	5.705	4.1781250000000005	5.730625
bow	5.566875000000001	4.1381250000000005	5.50625
doctor	5.8325	4.04875	5.685625
talent	6.340625	4.4956249999999995	6.152499999999999
source	5.715000000000001	3.79125	5.916249999999999
lead	5.2893750000000015	3.965625	5.38
question	5.671250000000001	4.06625	5.7562500000000005
publish	5.48375	3.835625	5.726875
interest	5.739375	4.123125	6.031249999999998
serve	5.51125	3.784375	5.839375
divine	6.275625	4.323124999999999	5.725
put	5.477499999999999	3.8431249999999997	5.487499999999999
shadow	5.982500000000001	4.009375	5.3525
practical	5.614999999999999	3.8550000000000004	5.8931249999999995
surface	5.11	3.5581249999999995	5.029999999999999
account	5.82125	3.602500000000001	6.140625
loss	4.3531249999999995	4.621250000000001	5.0687500000000005
indian	5.140000000000001	4.515625	4.9125
vine	5.489374999999999	3.8837499999999996	5.45375
certain	5.755625	3.865	6.206875
sin	5.2299999999999995	4.34	5.274375000000001
necessity	5.4106250000000005	4.052499999999999	5.43625
lose	5.876874999999999	3.967499999999999	5.5337499999999995
private	5.5649999999999995	4.14875	5.581875
gentleman	6.121875	3.78375	5.733125
daughter	5.899375000000001	4.5737499999999995	5.4037500000000005
drive	5.71875	4.177499999999999	5.4399999999999995
strange	5.577500000000001	4.2825	5.24375
journey	5.473125	4.0406249999999995	5.535625
uncle	5.909375	4.174375	5.46375
species	5.45	4.101875	5.426875000000001
think	6.15625	3.689374999999999	5.86875
bed	5.571875	3.6337499999999996	5.298125
wind	6.02	4.055625000000001	5.29375
bless	5.929375000000001	4.22625	5.77375
destroy	4.43125	4.883750000000001	5.016874999999999
author	5.878750000000001	4.023124999999999	6.055625
sustain	5.4675	4.308749999999999	5.641875000000001
black	5.766249999999999	3.9643750000000004	5.380625000000001
event	5.352499999999999	4.149375	5.558125
liberty	5.645625	4.23125	5.3462499999999995
negro	4.641250000000001	4.168125000000001	4.858750000000001
little	6.150625	3.87125	5.726875
fortune	6.329375	4.38625	5.9025
touch	6.054374999999999	4.0912500000000005	5.713750000000001
kill	4.310625	4.6381250000000005	4.66125
feature	5.76125	3.7712499999999998	5.715
happiness	5.866249999999999	4.444375	5.51
assume	5.844375000000001	3.8725000000000005	5.970000000000001
notion	5.726875000000001	4.1025	5.857500000000001
purchase	5.714375	4.0875	5.637499999999998
faithful	6.3725	4.338125	5.902500000000001
soldier	4.523125000000001	4.84125	5.128125000000001
father	5.894375	4.205625	5.521875
narrow	5.019375	3.77	5.0912500000000005
great	5.884375	3.7775000000000003	5.889374999999999
tear	5.05375	4.75875	4.966875
honorable	5.921875000000001	4.398125	5.983125000000001
previous	5.435625	3.8400000000000003	5.961875000000001
good	5.86	3.7381249999999997	5.739374999999999
domestic	6.076250000000001	4.0393750000000015	5.828750000000001
glory	6.596875	4.6987499999999995	5.82375
lay	5.259375	3.789375	5.485625
occasion	5.808749999999999	3.8249999999999997	6.021874999999999
guard	4.964999999999999	4.155625	5.682500000000001
whole	5.830625	3.678125	5.69125
mouth	5.6575	4.07	5.590000000000001
receive	5.7856250000000005	3.833125	5.82
take	5.856249999999999	3.7324999999999995	5.7493750000000015
simple	5.844375	3.6325000000000003	5.817500000000001
error	4.809374999999999	3.8987500000000006	5.403125000000001
wisdom	6.2525	4.1606250000000005	6.0275
rock	5.9087499999999995	4.03375	5.543125000000001
decide	5.41875	4.08875	5.525625
exclaim	5.904375	4.261875	5.601874999999999
assure	6.003125000000001	3.64875	5.809375
sign	5.6575	3.72375	5.6925
preserve	6.028124999999999	3.8568750000000005	5.970624999999999
commerce	5.302499999999999	4.043749999999999	5.47
plant	5.7825	3.7331250000000002	5.488125
walk	5.733124999999999	3.7893749999999997	5.77875
difference	5.604999999999999	3.698125	5.984374999999999
hang	5.390625	4.0062500000000005	5.390625
following	5.836875	3.783750000000001	5.956875
employ	5.27375	4.244375000000001	5.62125
