deal	6.201250000000001	3.976875	5.933125
study	5.8968750000000005	4.0718749999999995	6.028124999999999
afford	5.765625000000002	3.7525	5.98875
service	5.724375	4.0649999999999995	5.930625
height	5.2625	3.8293749999999998	5.555625
prospect	6.0375000000000005	4.48125	5.889375
pleasant	6.829375	4.484375	6.069374999999999
shade	5.81375	4.141875	5.529375
listen	6.083124999999999	3.651875	6.103750000000001
mighty	5.7593749999999995	4.58125	5.494999999999999
country	5.159375	4.085625	5.191249999999999
title	5.505624999999999	3.9225	5.598749999999999
choose	5.8149999999999995	3.8825	5.8725
village	5.753750000000001	3.7506250000000003	5.575
acquire	5.920624999999999	3.8956250000000003	6.070625000000001
rank	5.6118749999999995	4.217499999999999	5.79375
bow	5.541250000000001	4.0475	5.510625
doctor	5.099375000000001	4.04625	5.218125000000001
talent	6.3374999999999995	4.44125	6.094375
source	5.62875	3.7125	5.935
lead	5.491875	4.100625000000001	5.629374999999999
question	5.71875	4.04	5.961875
publish	5.808125	3.7493749999999997	6.128125000000001
interest	5.88125	4.09125	5.962499999999999
serve	5.73	3.645	5.845
divine	5.8325000000000005	4.216875000000001	5.57625
put	5.82375	3.7199999999999998	5.669375
shadow	5.639374999999999	4.151875	5.133749999999999
practical	5.377500000000001	3.84625	5.50625
surface	5.025	3.66625	5.156249999999999
account	5.7825	3.79625	6.028124999999999
loss	4.190625	4.54875	4.86125
indian	5.264374999999999	4.245625	5.027499999999999
vine	5.56625	3.6274999999999995	5.525625
certain	5.6899999999999995	3.8981250000000003	6.0975
sin	4.9125000000000005	4.63	5.007499999999999
necessity	5.264374999999999	3.97125	5.515
lose	6.06875	4.204375	5.74125
private	5.619375000000001	4.128125000000001	5.8256250000000005
gentleman	5.9975	3.6993749999999994	5.735000000000001
daughter	6.699375	4.611875	5.57375
drive	5.625625	4.02	5.373125
strange	6.11375	4.101875000000001	5.609999999999999
journey	5.9731250000000005	4.18375	5.70875
uncle	5.933125	3.9575000000000005	5.451875
species	5.60875	3.774375000000001	5.753125000000001
think	6.3275	3.7406249999999988	6.181875000000001
bed	5.620625000000001	3.9275000000000007	5.4075
wind	5.95125	4.03125	5.343125000000001
bless	6.734375000000001	4.5337499999999995	6.0175
destroy	4.686875	4.680625	5.3149999999999995
author	5.604375000000001	4.096875	5.793749999999999
sustain	5.458124999999999	3.8687499999999995	5.501250000000001
black	5.39	4.2125	5.2475000000000005
event	5.58875	4.030625	5.734374999999998
liberty	5.76625	4.416250000000001	5.434375
negro	4.355	4.058125	4.789999999999999
little	5.723749999999999	3.9275	5.5425
fortune	6.271875	4.359375	5.702500000000001
touch	6.219999999999999	4.228749999999999	5.820625000000001
kill	4.84625	4.423125000000001	5.3775
feature	5.779375000000001	3.7649999999999997	5.988124999999999
happiness	6.71375	4.52875	6.1293750000000005
assume	5.831250000000001	3.829375	6.035
notion	5.918749999999999	4.02625	5.9643749999999995
purchase	5.64375	4.11	5.551249999999999
faithful	6.45	4.515625	6.124375
soldier	4.927500000000001	4.869375	5.142499999999999
father	6.430625	4.34375	5.530000000000001
narrow	4.9868749999999995	3.6368749999999994	4.963125
great	5.6675	3.83625	5.866874999999999
tear	5.441249999999999	4.77375	5.211875000000001
honorable	6.02375	4.413124999999999	6.2
previous	5.281875	3.9525000000000006	5.709375
good	6.113125	3.661249999999999	5.953125
domestic	5.860625000000001	4.225625000000001	5.865625
glory	6.57375	4.729375	5.953749999999999
lay	5.389999999999999	3.85625	5.554375
occasion	5.99	3.671875	5.8843749999999995
guard	4.994375000000001	4.281875	5.385625
whole	5.658125	3.689375	5.5962499999999995
mouth	5.154374999999999	4.0825000000000005	5.46375
receive	5.7125	3.8581249999999994	5.619375
take	5.8256250000000005	3.7243749999999998	5.59375
simple	6.084374999999999	3.7375	6.213750000000001
error	4.78875	4.134375	5.279375
wisdom	5.8568750000000005	4.255625	5.881875
rock	5.6987499999999995	4.19125	5.40375
decide	5.732500000000001	4.32125	5.9325
exclaim	5.64	4.0356250000000005	5.720625
assure	6.4018749999999995	3.9156249999999995	6.21
sign	5.472499999999999	3.6368750000000003	5.616875
preserve	6.060625	3.9662499999999996	5.884999999999999
commerce	5.1425	4.0424999999999995	5.364375000000001
plant	5.868125	3.8212499999999996	5.5668750000000005
walk	5.622499999999999	3.7625000000000006	5.757499999999999
difference	5.281249999999999	3.5837499999999998	5.644375
hang	5.484375	3.89375	5.535625
following	5.78375	3.6556250000000006	5.685625
employ	5.465000000000001	4.2925	5.7175
