deal	5.43645	5.037518	6.003133
study	7.0406513	4.1924667	6.7239513
afford	6.929978	5.2247105	6.164789
service	7.0890284	4.556838	6.4700537
height	4.8014297	4.8377476	5.216714
prospect	7.680191	5.274657	6.5924163
pleasant	7.8801236	3.5921826	5.0419583
shade	5.0087237	3.6495132	3.957865
listen	5.0624447	5.015257	4.204652
mighty	6.1863346	5.2745256	7.104208
country	5.317964	4.7168674	5.78365
title	6.7269	4.183964	6.6282287
choose	5.160121	4.2107716	4.70897
village	6.015727	4.7945714	5.5593195
acquire	7.1619353	5.320327	8.002062
rank	5.6442747	5.367717	6.3019667
bow	6.4501696	4.743279	5.852333
doctor	4.69227	4.427143	4.519746
talent	7.3152356	5.8418126	7.3035135
source	6.0894666	5.1485014	6.1503806
lead	5.872364	5.1398034	5.3176837
question	5.4939737	4.454186	5.549504
publish	5.909586	5.089337	5.6511583
interest	5.8865433	5.217681	5.5975075
serve	5.8792534	3.790256	4.8069315
divine	7.4882555	4.378142	7.326195
put	5.669094	4.5698185	4.6041703
shadow	4.682117	3.1575875	4.0973186
practical	6.78041	4.669581	6.726177
surface	4.7011046	3.3307157	4.033164
account	5.483733	4.4490056	5.4038224
loss	3.4861584	5.7964764	4.171871
indian	4.682043	5.57224	5.636451
vine	5.892706	3.5460546	5.480468
certain	5.3375864	5.403068	5.9766703
sin	3.1067212	5.3068557	4.464722
necessity	4.6314297	4.6228786	5.384227
lose	4.161729	5.588705	4.608263
private	3.8414114	4.2411995	4.7244864
gentleman	6.3020077	4.3718987	5.95035
daughter	5.8839493	5.32467	5.6828933
drive	3.7781606	6.159529	4.40837
strange	4.6037426	5.3511977	4.026955
journey	5.7106256	3.7431424	3.8472183
uncle	6.283408	3.9176483	6.457451
species	5.1149416	5.843573	4.926462
think	5.6275773	4.806405	5.0420885
bed	5.2825813	2.6979191	3.2573333
wind	4.831445	4.405113	4.8243566
bless	8.49927	4.166572	6.536108
destroy	3.2411585	6.5934334	5.3311653
author	5.5094333	4.6120224	5.0678964
sustain	5.5508738	5.282328	6.290225
black	4.011051	4.865149	4.2083716
event	6.340893	5.709446	6.771529
liberty	7.079872	5.334574	7.043113
negro	4.5603046	5.018948	5.031834
little	5.651392	4.0935264	4.0685706
fortune	6.047939	4.687219	6.1759996
touch	5.36203	4.6894712	4.543613
kill	3.6947644	6.4903603	4.5274096
feature	5.553257	4.0922728	5.4317985
happiness	7.861212	4.335937	6.0763264
assume	4.3337464	5.048067	5.364842
notion	5.670441	4.0046034	5.1154237
purchase	6.6104455	4.130027	5.71305
faithful	6.906828	4.049095	6.148899
soldier	3.9632316	6.089464	5.900584
father	5.336814	5.0371222	5.8452086
narrow	3.5964274	4.578721	3.862554
great	6.5784574	4.980569	6.4531517
tear	3.3154743	4.8566914	2.6071467
honorable	6.2600527	5.5441256	6.549179
previous	4.3851776	4.613032	4.787538
good	7.1461763	4.143015	6.258301
domestic	5.1142	3.388854	3.8207223
glory	6.9096184	5.0609946	6.8486066
lay	4.762419	4.076774	4.5844464
occasion	5.3844695	5.481548	5.193256
guard	4.466912	5.132199	5.5936356
whole	5.2377973	4.932214	6.1020555
mouth	5.1055465	4.787926	5.1257577
receive	7.1613793	5.2407556	6.3600593
take	6.211241	4.6098433	5.590036
simple	6.939294	4.31462	5.9836526
error	2.8731055	5.201244	4.328695
wisdom	7.3690453	5.1685166	7.7716513
rock	5.0020003	4.7184367	5.2779417
decide	5.5614986	4.9590263	6.3800516
exclaim	5.8662825	6.3956184	6.0507956
assure	7.0496464	5.0705347	6.3148904
sign	5.283011	4.4354343	4.9808717
preserve	5.58813	3.742629	5.269075
commerce	6.38804	5.425732	6.875985
plant	5.2776012	4.735812	5.140902
walk	5.6880083	4.05974	4.268066
difference	5.620049	4.1011963	5.3414063
hang	4.2988305	4.116711	4.0060015
following	7.1996155	3.4383054	5.4372787
employ	5.3458786	4.749503	6.3157206
