deal	4.5260386	5.330172	5.471475
study	7.2350793	4.0759506	6.649246
afford	6.4936037	5.117499	5.996006
service	6.3901734	4.762369	6.275486
height	5.397317	5.0410547	5.697828
prospect	7.722039	4.9336543	6.4164844
pleasant	7.6882563	4.2765274	5.0911503
shade	4.0127897	3.7799964	3.0719597
listen	5.193731	5.915907	5.035729
mighty	5.9242134	5.83504	7.1821136
country	5.201101	4.0564384	5.4050803
title	7.907942	4.4915648	6.4194746
choose	5.5120935	4.292057	5.023472
village	6.288544	4.585574	5.64032
acquire	8.137991	5.952408	7.960931
rank	5.730864	4.9868875	5.644468
bow	6.4833536	4.1267176	5.0651197
doctor	5.263439	4.3933234	5.4863496
talent	7.96245	5.61746	7.734151
source	6.5485535	4.6191187	6.275156
lead	5.073846	5.378262	5.388208
question	4.8316007	4.802419	5.116777
publish	4.925876	5.033847	5.3538294
interest	5.7461886	4.7258997	5.461728
serve	5.469927	4.4409847	5.1565275
divine	7.5176578	4.4026413	6.957597
put	4.2535925	4.5195503	4.0042763
shadow	4.3854456	3.53365	3.9368424
practical	6.06814	4.5689526	6.52769
surface	4.7098627	2.833628	3.8828626
account	5.044244	5.1022754	5.1981997
loss	3.446701	5.2132607	3.9823415
indian	5.5388994	4.7704206	5.10388
vine	7.010724	3.1048844	5.166355
certain	5.3129435	5.5723805	5.7205977
sin	3.2229424	4.9649663	4.4361925
necessity	4.485948	5.1887865	5.4532943
lose	4.67396	5.9360237	5.003958
private	3.9186342	4.4966364	4.890325
gentleman	6.4540043	4.6565256	5.537732
daughter	5.5647597	4.0718393	5.1579804
drive	2.6830366	6.7081285	3.9896212
strange	3.7132077	5.771618	3.8305912
journey	6.317478	4.496402	4.87547
uncle	6.6944	4.998266	5.729195
species	5.9507446	5.3461084	5.532955
think	5.5187025	4.785559	5.1797023
bed	5.234188	2.6884916	3.9104195
wind	4.3777733	4.860342	4.256553
bless	8.281135	4.3716755	6.3119955
destroy	3.563122	6.540789	5.191748
author	6.1613226	4.491754	5.4340305
sustain	5.647966	5.325757	6.1145816
black	3.8064382	4.2990475	3.4162192
event	6.0995994	5.459777	6.5365868
liberty	7.1226892	5.5619097	7.1070347
negro	3.6378279	4.984851	3.9760983
little	4.294286	4.330811	3.6358771
fortune	6.636912	4.8413725	5.88126
touch	5.3760037	4.514512	4.3351054
kill	3.6765428	6.446498	4.6299186
feature	5.4993834	3.955453	4.8924828
happiness	7.887127	4.2054553	6.3302836
assume	4.342257	5.232009	5.2767444
notion	5.8042574	4.219567	5.38748
purchase	6.9812403	4.1544337	5.4207745
faithful	6.051081	3.8886068	6.109295
soldier	4.3957195	5.7897367	5.647709
father	5.374984	4.2985134	5.101209
narrow	3.0304637	4.2582145	3.720815
great	5.357747	6.433675	6.4354014
tear	3.0286005	5.1555634	2.7907763
honorable	6.241995	5.0872316	6.464832
previous	4.792022	4.7364426	4.9269495
good	6.7186317	4.6710544	5.6908493
domestic	4.337438	3.1137564	4.0462947
glory	7.3973417	5.3187475	7.136099
lay	4.868495	4.581729	4.513046
occasion	5.3903327	5.2423763	5.395639
guard	4.4858804	5.112477	5.8843455
whole	5.2906837	4.4638906	5.5655017
mouth	5.35274	5.138062	5.2531996
receive	6.4793534	5.5074396	5.764929
take	4.5941687	5.0662503	4.441578
simple	6.6651855	4.3805237	5.990765
error	2.0269098	5.260057	3.842423
wisdom	6.9123583	4.7920756	7.453306
rock	5.536622	4.386421	5.55759
decide	5.07952	5.666925	6.0144725
exclaim	6.0283732	5.830532	5.4351635
assure	7.3235807	4.8740783	6.202132
sign	5.889062	4.0386996	5.1500564
preserve	5.794056	4.056766	5.4960227
commerce	6.490473	5.21788	6.8775764
plant	5.4498997	3.9251351	4.6745005
walk	6.165076	4.722997	4.560545
difference	4.4914694	3.887706	4.5425143
hang	3.4441233	4.511326	3.8069267
following	6.919095	3.6478667	5.6397896
employ	4.9613714	5.092525	5.544249
