deal	4.6763487	5.9285493	5.513137
study	6.364785	4.8874307	6.3439007
afford	7.6047316	4.6105275	6.0529222
service	6.170424	4.616832	5.983069
height	5.274024	5.0459037	5.6580935
prospect	7.7148113	5.327282	6.5704203
pleasant	7.4490395	3.9720643	4.788472
shade	4.247138	4.1318893	3.8811965
listen	5.5658026	5.6019974	4.8067846
mighty	6.292018	5.6319523	7.174522
country	5.1163383	4.4064536	5.3355904
title	6.861698	3.6415539	5.9763875
choose	5.0329714	4.2362385	4.6521697
village	6.4420505	4.41579	5.639648
acquire	7.8941	5.213049	7.836916
rank	5.843328	5.335456	6.1870327
bow	5.6345844	4.2463675	4.8880825
doctor	5.2285013	4.1127644	5.4933987
talent	7.7464695	6.2384663	7.7964983
source	5.8934984	4.6405973	5.725938
lead	5.627592	5.710044	5.9460273
question	5.684974	4.4108906	5.6011004
publish	5.594239	4.8630414	5.47471
interest	6.3466196	5.2416625	6.0799713
serve	4.823852	4.1993217	4.454756
divine	7.210594	4.774598	7.3077126
put	5.277346	4.3554144	4.3499084
shadow	4.5788045	3.6036265	4.2667046
practical	6.0191383	4.6028934	6.283105
surface	4.5391574	2.7329974	3.911183
account	5.8151155	4.519797	5.3803716
loss	4.07682	5.39463	4.640105
indian	5.1084166	4.9235845	5.6046824
vine	6.482892	4.1463194	5.471942
certain	5.8710346	5.13629	5.9789963
sin	3.105989	5.04042	4.5361156
necessity	4.6340714	5.1416063	5.5154195
lose	4.2625604	5.045836	4.4028482
private	3.9544175	4.664596	4.63353
gentleman	6.257858	4.276055	5.509888
daughter	6.0646205	4.016305	5.354759
drive	3.3711715	6.7460146	4.7191324
strange	4.458241	5.700402	3.999208
journey	6.2105236	4.3264775	4.8480244
uncle	6.6235476	4.2861047	5.265493
species	5.3310437	5.5748606	4.601218
think	5.920599	4.705914	5.201283
bed	4.232838	2.7856767	2.990017
wind	4.801791	4.642648	4.197383
bless	8.971007	4.2039914	6.9937916
destroy	3.4799657	6.687432	5.095143
author	5.2432036	4.9112024	5.203509
sustain	5.583751	5.350846	6.1102505
black	3.9506772	4.366841	4.044407
event	6.876425	5.7157454	6.952901
liberty	7.964545	6.050412	7.400076
negro	3.9573853	5.645974	4.68195
little	4.0367875	4.2542415	3.3465157
fortune	6.6922398	5.084593	6.0296326
touch	5.6901054	3.9973783	4.3931155
kill	4.0486856	6.3654957	4.8060427
feature	5.308409	3.8292027	5.0483813
happiness	8.887314	4.29801	6.103776
assume	3.682865	5.2050667	4.7906413
notion	6.217407	4.1543026	5.4118724
purchase	6.3386197	4.6282034	5.674775
faithful	6.244341	4.359104	6.056924
soldier	4.8797946	6.1030483	6.5830083
father	5.5390263	4.4053664	5.7131867
narrow	2.7986345	3.947143	3.9191012
great	5.4299603	5.7246113	6.1076818
tear	3.0182638	4.9457417	3.5188262
honorable	6.528044	5.1449656	6.281402
previous	4.4191594	4.48923	4.662472
good	7.289377	4.2882957	6.6809354
domestic	5.11405	3.2277694	3.5419617
glory	7.5167484	5.1643586	7.014865
lay	4.0112567	4.283438	3.8989482
occasion	5.1739326	4.7383785	4.65224
guard	5.8173494	5.030703	6.820419
whole	4.9705276	4.385392	5.3382406
mouth	4.8636904	4.011587	4.8996053
receive	7.015436	4.65582	5.737356
take	5.668703	5.1009836	5.6980577
simple	6.5586214	3.9122083	5.670816
error	2.205385	5.293323	4.1881995
wisdom	6.486226	4.524026	6.8677206
rock	4.8802967	4.6892776	5.052222
decide	5.1642904	5.1827707	5.731703
exclaim	6.3206215	5.878614	5.8771734
assure	7.73018	5.1626062	6.5373383
sign	5.767272	3.360201	4.8505487
preserve	6.4534636	3.4896336	5.3579116
commerce	6.6866884	4.9213676	6.648487
plant	4.6088347	4.6769633	5.002271
walk	5.583725	4.4918327	4.809523
difference	4.4730864	4.245546	4.749644
hang	4.482466	4.7520666	4.2733574
following	7.380416	3.460361	5.7998433
employ	4.2339287	5.2518725	5.393262
