deal	4.5771513	5.197431	5.3429985
study	6.7727823	4.2630153	6.588447
afford	6.656224	4.755348	5.9192686
service	6.8301897	4.187825	6.2033386
height	5.142061	5.36404	5.7928553
prospect	7.372152	5.4361844	6.1434016
pleasant	7.5637436	3.6935658	4.6803403
shade	4.635731	3.750505	3.4848688
listen	5.2694135	5.557725	4.971896
mighty	5.7931786	5.19114	6.8348646
country	6.1728935	4.3242517	6.118829
title	7.4196463	4.3846083	7.2707763
choose	5.338353	4.231943	5.0299187
village	6.394346	4.5708046	5.589239
acquire	7.5838475	5.9249883	7.8900127
rank	6.2553425	5.3033996	6.277625
bow	6.345371	4.3792176	5.467129
doctor	4.916476	4.49557	5.0392237
talent	7.9420137	5.7654605	7.80572
source	6.9306355	4.939046	6.0679054
lead	5.294948	5.313481	4.933628
question	5.887766	4.3180723	5.9760413
publish	5.668413	4.6425304	6.156433
interest	6.5910306	5.290796	6.2784543
serve	4.8262043	3.5239682	4.428381
divine	7.520588	4.409121	6.6984262
put	5.22274	4.7582254	4.0595202
shadow	4.133568	3.659037	3.7191253
practical	6.452469	4.4763546	6.4322543
surface	4.7139416	3.4342532	4.335154
account	5.240208	5.0876203	5.0735407
loss	3.877636	5.671371	3.5478482
indian	4.8570013	5.4333553	5.588933
vine	6.2542586	4.5295925	5.50729
certain	5.1768374	4.842029	5.745138
sin	3.0937004	5.426581	3.9464638
necessity	4.046515	4.9096303	5.0566483
lose	4.0746946	5.1092854	4.159487
private	4.274749	4.363159	4.565462
gentleman	6.6031113	4.2042036	5.765332
daughter	6.3810177	5.148777	5.8658276
drive	3.1833677	6.2396092	4.1342616
strange	4.4005938	5.210798	4.632469
journey	5.7574625	4.2418766	4.6363025
uncle	6.6841497	3.3097146	4.5932903
species	5.0415325	5.511956	4.652319
think	5.958063	4.903904	5.152511
bed	4.8559256	3.0292988	2.909583
wind	4.0732694	4.526802	4.0490856
bless	8.434586	4.299229	6.4604497
destroy	2.9654799	6.467119	4.986485
author	5.5375776	4.6987844	5.744015
sustain	5.2859535	4.9735217	5.612569
black	3.8857691	4.305409	4.4195256
event	6.099019	5.326797	6.2861137
liberty	7.1652117	5.6447678	7.281656
negro	4.1336484	4.9370766	4.3590693
little	4.9307594	3.365646	3.034861
fortune	6.2412195	5.473301	5.920461
touch	6.023861	4.3991804	5.018708
kill	3.834801	6.2610936	4.6996417
feature	5.427146	3.9354541	5.115381
happiness	8.262284	5.162107	6.563656
assume	4.2212996	5.120596	5.1215014
notion	5.1625347	3.9890766	4.4532847
purchase	6.6480103	4.600466	5.618953
faithful	6.5637975	4.1932664	6.399667
soldier	4.6718106	5.9643126	5.8524504
father	6.285222	4.40827	5.885769
narrow	3.289506	4.2080283	3.9787953
great	5.6551843	5.105605	6.168163
tear	3.7036734	4.6023602	2.9378555
honorable	6.660326	5.6722536	6.892918
previous	4.0375094	4.6493607	4.450502
good	7.3393235	4.7597895	6.5598564
domestic	4.947318	3.1129477	4.201765
glory	7.4348617	5.517919	6.5849543
lay	4.668864	3.6576755	4.277033
occasion	5.3455825	5.4504786	5.3253107
guard	4.86877	5.349037	6.2269545
whole	5.6232905	4.4498043	6.110551
mouth	5.0093355	4.8411884	4.636922
receive	6.7988124	4.1565585	5.3468843
take	5.620639	4.975388	4.933169
simple	6.554166	4.1085954	5.655998
error	3.3103805	5.3730702	4.3361506
wisdom	7.0898104	5.4027615	7.1112404
rock	4.59271	4.6045995	5.0344152
decide	5.3236446	5.0779	6.2355366
exclaim	6.119877	5.90626	5.628894
assure	7.2223473	5.1060195	6.4250517
sign	4.903529	3.7324767	4.340346
preserve	5.1452837	3.9531393	5.4480143
commerce	6.2635674	4.9116893	6.711524
plant	5.3319473	4.566946	4.8556046
walk	6.154737	4.119768	3.98558
difference	4.851201	3.982345	4.1549788
hang	4.5428634	3.9940648	4.0602655
following	6.2710433	3.954268	5.837671
employ	5.271722	4.302945	5.542016
