deal	5.9524283	5.203533	6.375511
study	6.817584	4.166883	6.238583
afford	6.8352013	5.050681	5.7844796
service	6.8064823	4.4974003	5.891607
height	5.574218	5.077641	5.8086433
prospect	7.4762735	4.993165	6.403737
pleasant	7.3865676	4.177924	4.951914
shade	4.46456	3.7213235	3.3030872
listen	5.669404	5.780631	5.06232
mighty	6.1710653	6.025609	7.3566384
country	4.9065022	5.2947936	5.651755
title	7.0972824	5.042566	7.330939
choose	5.351305	4.292428	4.840784
village	6.006775	5.2505083	5.6566086
acquire	7.6799736	5.9911246	8.3327
rank	5.9456587	4.958629	5.8365645
bow	6.1676397	4.0664506	5.2082467
doctor	4.7693825	4.7702494	4.9912667
talent	7.81857	5.494	7.5105114
source	6.675642	4.9738493	6.3577394
lead	4.6523986	5.700375	5.178512
question	5.419446	4.824364	5.696655
publish	5.1518683	5.198923	5.1261883
interest	6.200907	5.3313303	5.76958
serve	5.1715097	3.8998065	4.568927
divine	7.442875	4.1563435	7.001541
put	4.980978	4.4012966	4.5713887
shadow	4.483558	3.164294	3.571369
practical	6.302886	4.0714025	5.7578382
surface	4.8051877	3.553094	4.40746
account	5.1646175	5.1536255	5.698601
loss	4.040458	5.2912836	4.306058
indian	5.154507	5.2727714	5.523713
vine	7.168826	3.7823596	5.661618
certain	5.2928853	5.31139	6.0338163
sin	3.2047095	4.6684637	4.1747274
necessity	4.599219	4.8261995	5.407123
lose	3.8878336	5.237876	4.1891465
private	4.116457	4.665556	5.031004
gentleman	6.6472597	4.241969	5.932259
daughter	5.0293574	4.914894	5.3644476
drive	2.9539208	6.874937	4.4962564
strange	4.4708586	5.822834	4.4243526
journey	5.9114647	4.254305	4.3824906
uncle	6.6087227	3.7083044	5.671626
species	5.88721	5.434301	5.3379292
think	5.577704	4.887732	5.0492787
bed	4.7800226	3.5430193	3.375668
wind	5.266418	4.4789495	4.252321
bless	8.389391	3.899853	6.340045
destroy	3.052642	6.4312897	5.190935
author	5.485573	4.9443145	5.2487526
sustain	5.6919956	4.903296	6.3209853
black	3.9565845	5.027812	4.1053452
event	6.426091	5.737566	6.703825
liberty	6.9594383	5.741797	7.1360836
negro	4.098332	5.522822	4.648069
little	3.976594	4.100563	2.9149902
fortune	6.283074	5.116946	6.3963747
touch	5.434993	4.756424	4.3854685
kill	3.7793431	6.2126975	4.602071
feature	5.151391	3.9876127	5.018625
happiness	8.016602	4.6205378	6.2664347
assume	4.3253946	4.9136987	5.405882
notion	5.656526	4.275763	5.0455236
purchase	6.528346	4.6281033	6.1631274
faithful	6.44744	4.064007	5.8245487
soldier	4.3884206	5.7931414	5.7927117
father	5.391171	5.4337587	5.6762595
narrow	2.37716	4.238004	3.6246586
great	5.9687204	5.7100015	6.427553
tear	3.0170093	5.054044	2.6564474
honorable	6.0512824	4.9170637	6.0468283
previous	4.4681554	4.623357	4.660181
good	7.0393457	4.3760123	6.6481314
domestic	4.1614976	3.614808	3.3045228
glory	7.4690933	5.6329694	7.0581393
lay	4.846446	4.414134	4.054687
occasion	4.9607296	5.310458	5.2797694
guard	4.844754	4.978754	5.726962
whole	5.286372	5.003444	5.571845
mouth	4.9996214	4.7211795	4.9633374
receive	7.501082	4.896676	5.8190536
take	4.4615645	5.263573	4.8710403
simple	6.8769984	3.9132843	5.6432624
error	2.3309066	5.164512	3.7006655
wisdom	7.5044746	4.392117	7.2244954
rock	5.232138	4.922474	5.7467875
decide	4.7105775	5.2945256	6.252811
exclaim	6.2165937	6.419821	6.3094563
assure	7.640936	5.256891	6.5189776
sign	4.9793234	3.5276475	4.4219036
preserve	6.329547	3.922168	6.0129147
commerce	6.688142	4.9515004	6.3180103
plant	5.5554676	4.245812	4.803838
walk	5.782983	3.8343961	3.9399
difference	5.5812964	4.159926	5.238981
hang	4.5692425	4.1014194	4.117367
following	7.561764	3.8537438	5.9715405
employ	5.158265	4.760304	5.5651793
