deal	5.659966	5.1159935	5.821194
study	6.644557	4.197866	6.3631926
afford	7.189719	4.6595626	6.3838086
service	7.1601477	4.9185944	6.979505
height	5.1730022	4.9912825	5.599567
prospect	7.1101165	5.6249394	6.1122694
pleasant	7.089793	4.4575357	4.7503595
shade	4.727576	3.6625242	3.687992
listen	5.3145285	5.411948	4.791024
mighty	6.3064175	5.22203	7.182286
country	6.0524745	4.3193474	5.838052
title	6.6245804	4.5529375	6.115123
choose	5.3977494	4.2353477	4.799854
village	5.935663	5.2000504	5.664737
acquire	7.501466	5.856755	7.641142
rank	6.4252048	4.8309603	5.9645395
bow	5.9813027	3.9956994	5.363415
doctor	4.353763	4.0746183	4.7890058
talent	7.5050354	6.0822325	7.6335764
source	6.498884	4.4651976	5.689954
lead	5.533016	5.5750575	5.3867354
question	5.4498863	3.9655874	5.0507846
publish	5.77287	4.6991763	5.8684545
interest	6.213126	4.5214987	5.6242795
serve	5.9676566	3.9178934	5.1941485
divine	7.397175	3.9668267	7.0526733
put	5.802201	4.806819	4.380817
shadow	4.154142	3.46976	3.842101
practical	6.024934	4.4997125	6.4983754
surface	4.346594	2.9769561	3.7947502
account	5.3313446	4.985002	5.6921473
loss	3.5168183	5.5544577	3.9772725
indian	4.148015	5.7257934	5.327421
vine	6.328532	2.9962697	5.119032
certain	4.535242	5.2165756	5.383392
sin	3.0903091	5.342391	4.499278
necessity	3.7903605	5.3255925	5.395895
lose	4.194251	5.711033	4.351516
private	5.039012	4.523987	5.116151
gentleman	6.5182714	4.2574406	5.0136023
daughter	6.1199927	4.135666	5.2940555
drive	3.8166337	6.76686	4.4271045
strange	4.0339804	5.375102	3.758605
journey	5.435297	4.3489776	4.490332
uncle	7.037836	4.9072046	5.864032
species	5.2398157	5.2966576	5.131795
think	5.739898	4.1703677	4.8868246
bed	4.777554	3.03482	3.4930303
wind	4.471934	4.66817	4.0563135
bless	8.449202	4.3799267	6.723875
destroy	3.2307644	6.283159	4.76009
author	5.749243	4.48703	5.223387
sustain	5.72522	5.033573	6.333647
black	4.3210764	4.879148	3.899503
event	6.0081263	5.3085003	6.222145
liberty	6.571998	6.017557	7.6447935
negro	3.6694386	5.560194	3.9768388
little	4.7375975	4.162423	4.1442704
fortune	6.903492	5.2439885	6.4225297
touch	5.4726105	4.4896216	4.38038
kill	3.685125	6.792552	4.93248
feature	5.5692253	3.9321554	5.2759743
happiness	7.720703	5.051387	6.735606
assume	4.651195	4.8033395	4.926203
notion	5.483996	4.4966044	5.018126
purchase	6.7410707	4.7423906	5.5269103
faithful	7.108803	3.6845894	6.2584796
soldier	4.8457704	5.450995	5.6088448
father	5.9928236	5.1546702	5.755332
narrow	3.587758	4.4103556	3.788116
great	5.658944	5.6005487	6.4663544
tear	3.799004	4.664686	2.9782717
honorable	6.0302525	5.632913	6.613488
previous	4.793506	4.793022	4.453576
good	6.604044	4.2471237	6.053215
domestic	4.6479216	3.9048686	4.3801603
glory	7.581506	5.2486086	7.3099546
lay	4.204921	4.40787	3.947498
occasion	5.1837964	5.6700916	5.3984785
guard	4.76692	5.2798567	5.7679944
whole	6.0088987	4.543404	5.639843
mouth	5.031559	4.8868446	4.5517616
receive	7.130064	4.576309	5.2633166
take	5.039176	5.296538	4.605895
simple	6.6206994	4.046115	5.5563517
error	2.2271042	5.487594	4.0244393
wisdom	6.9597964	4.8023014	7.567154
rock	4.3578568	4.871047	5.19456
decide	5.3046594	5.253215	5.958817
exclaim	5.618699	5.561046	5.2478733
assure	7.173871	5.322757	6.180317
sign	4.388019	4.343751	4.5179896
preserve	5.825757	3.7282577	5.8743477
commerce	6.1956477	4.813364	6.492873
plant	5.1393065	3.5295162	4.5379653
walk	6.042205	4.2143574	4.1069155
difference	4.461874	4.8095217	4.7659364
hang	4.9623585	4.1571474	4.220077
following	6.40933	3.6136832	4.9454527
employ	4.57174	4.838353	5.0722246
