deal	5.491891	5.7271276	6.2553606
study	6.992382	4.118884	6.473732
afford	6.645605	4.17525	5.504677
service	6.8533916	4.498636	6.047717
height	5.0030375	5.561197	5.6394577
prospect	7.2260838	4.9460273	6.355914
pleasant	7.203195	4.2152324	4.760663
shade	4.694131	3.6480966	3.313591
listen	5.3244286	5.1570573	4.8812494
mighty	5.9037895	6.02022	7.1450043
country	5.3628883	4.245572	5.2989435
title	7.3548484	3.7902675	6.61377
choose	5.540211	4.2156677	4.899867
village	6.529789	4.538501	5.4919047
acquire	7.3802342	5.3954587	7.575796
rank	5.8327003	5.0964823	6.008569
bow	6.1996393	3.941533	5.4071984
doctor	4.2579327	4.811773	5.124469
talent	7.908397	5.916784	7.6897016
source	6.3351383	4.811612	5.9388285
lead	6.038123	5.7127075	5.5208025
question	5.2451806	3.9936435	4.96539
publish	5.2576447	4.6299276	5.2731423
interest	7.2225533	4.8879395	6.217223
serve	5.9437313	3.7618623	4.899661
divine	6.892265	4.6237626	6.8190374
put	5.389244	4.048888	4.5145483
shadow	4.6000304	3.0200503	3.8748615
practical	5.6731467	4.39086	5.942027
surface	4.6534967	3.861823	4.4116035
account	5.0877748	5.09938	5.4114137
loss	4.271464	5.196783	3.782394
indian	5.0961556	4.686843	4.5771394
vine	6.040184	4.1789155	5.379845
certain	5.1220093	4.917125	5.4676833
sin	2.8663495	5.38605	4.3105965
necessity	4.3068314	4.973105	5.0369644
lose	5.075449	5.4086223	5.5998583
private	4.554436	3.998596	4.599243
gentleman	6.119467	4.401764	5.4676433
daughter	5.884616	5.0438128	5.8682785
drive	4.0686307	6.6880264	5.1566715
strange	4.234708	5.262213	4.006628
journey	6.181738	4.179006	4.766724
uncle	5.6709423	4.0595064	5.26738
species	5.4037256	5.6568904	5.0075665
think	5.8225384	5.081147	5.082196
bed	4.666299	3.4658694	3.2334785
wind	4.2516146	4.8314986	4.1641874
bless	8.0832405	4.584663	6.7330446
destroy	3.3825693	6.412748	5.1135893
author	5.568383	4.81529	5.3977647
sustain	4.9754896	5.505509	5.5400567
black	3.9414465	4.7400627	4.3961425
event	6.6410656	5.6741104	6.9172916
liberty	7.3296895	5.1636553	7.1930265
negro	4.460924	4.7941046	4.5158963
little	4.9295683	3.8213844	3.5119786
fortune	6.436572	4.999444	5.8879933
touch	5.978172	4.186617	4.692589
kill	4.2858367	6.5769377	4.9047737
feature	4.8541956	4.1917744	4.8787584
happiness	8.324638	4.5669384	6.454207
assume	3.7668905	4.882419	4.573564
notion	5.239148	4.108832	5.121748
purchase	6.6381955	4.592106	5.5531545
faithful	6.2779417	3.8053718	5.677542
soldier	5.0500536	5.8981543	5.6151967
father	5.8844233	5.031925	6.169923
narrow	3.4654632	4.6795316	3.6324859
great	5.5078583	5.498541	6.5881844
tear	3.719948	5.5124984	3.1185443
honorable	6.0651894	5.316425	6.3261304
previous	4.671361	4.3229265	4.494161
good	7.1318398	4.584077	6.5580263
domestic	4.9609637	3.1180506	3.9429052
glory	7.3828864	5.4903197	7.1589975
lay	4.213265	3.9700928	3.8602037
occasion	5.093524	5.6135726	5.333572
guard	4.765398	4.9801035	5.7435937
whole	5.952914	4.618309	6.250122
mouth	5.0406027	4.7959657	4.770731
receive	6.958873	4.409854	5.449648
take	5.556191	4.595625	4.8102293
simple	6.623318	4.034559	5.3154497
error	2.9358659	5.2631764	4.2204657
wisdom	6.047366	5.0229607	6.7774363
rock	4.53001	5.0147057	5.0409603
decide	5.416646	5.113966	5.926653
exclaim	6.015918	5.8679633	5.910143
assure	7.211177	5.2684116	6.5937047
sign	4.753827	3.6795597	4.299015
preserve	6.093689	3.7003794	5.980569
commerce	6.519003	5.080244	6.9441643
plant	5.1287317	4.2968464	4.44206
walk	5.526512	4.607559	4.0431485
difference	5.1754804	3.773549	4.8320017
hang	4.04553	4.124132	4.002122
following	7.152314	3.2684288	5.7037425
employ	4.716361	4.813954	5.1924934
