deal	4.681527	5.313049	5.407055
study	7.2951202	4.5718036	7.190189
afford	6.5082536	5.2137136	5.887196
service	6.4851975	4.6564126	6.195387
height	5.7459087	5.4795895	5.953196
prospect	7.732555	5.2285056	6.6110363
pleasant	7.7098846	4.0854816	5.115405
shade	4.217046	3.7867124	3.4078336
listen	5.399624	5.0440927	4.9621434
mighty	5.964503	5.6689215	6.937296
country	5.3937335	4.8833356	5.4764524
title	7.0087204	4.146404	6.531999
choose	5.7604976	3.7168865	5.2333055
village	5.6481	5.2406816	5.5699806
acquire	7.9847717	5.4654694	8.135633
rank	5.764608	4.8744726	5.696867
bow	6.4258833	4.6191278	5.755414
doctor	4.7377234	4.6081257	5.368926
talent	7.8868003	5.9474387	7.934845
source	6.12873	5.0283365	5.946653
lead	4.772156	6.063782	5.103325
question	5.0724196	4.265029	5.1329374
publish	6.2533426	4.8273273	5.4718065
interest	6.9349785	4.9959927	6.317583
serve	5.3718576	4.0935426	4.5812087
divine	7.0645823	4.4147964	7.0617065
put	5.6486406	4.3533587	4.0639076
shadow	4.33798	3.7324488	3.9983854
practical	6.316159	4.803118	6.695466
surface	4.881	3.1852918	4.3860455
account	5.090917	4.90648	5.449892
loss	3.2864096	5.6272845	4.2549834
indian	4.444964	5.1085243	5.1246514
vine	6.444126	4.522145	5.27942
certain	5.334278	5.7346683	5.8534417
sin	2.6954122	5.873302	4.7624555
necessity	4.3080177	5.603133	5.8651314
lose	4.0848155	4.959488	4.683173
private	4.4380207	4.6899385	4.7169685
gentleman	6.6836596	4.1304784	5.668433
daughter	5.402979	4.8420825	5.4320216
drive	3.2976372	6.8815536	4.7385445
strange	4.6810703	5.433913	4.20961
journey	5.934747	4.197189	4.6539745
uncle	6.9676104	3.885489	5.6439576
species	5.8473544	5.073615	5.0187526
think	6.245727	4.652434	5.1454353
bed	4.4339185	2.956661	2.961059
wind	4.938647	5.175174	5.254657
bless	8.066536	4.107999	6.1420965
destroy	3.2409987	6.3976955	4.592524
author	6.1834307	4.402457	5.6676435
sustain	5.504242	5.0249705	6.0563984
black	4.0124235	4.590759	4.1484966
event	6.672816	5.7484827	7.010271
liberty	7.9402685	5.6847715	7.672304
negro	4.552466	5.0504465	4.8765073
little	4.292919	3.9798634	3.1194744
fortune	6.500975	5.6162148	6.5322995
touch	5.855853	4.5100102	4.5832076
kill	3.7084055	6.5826187	4.538143
feature	5.275494	4.084997	5.094742
happiness	8.324632	5.551838	6.8102283
assume	4.2336483	4.6540675	4.778843
notion	6.132937	4.8901935	5.6332746
purchase	6.4256873	4.3189664	5.907238
faithful	6.473877	3.9350724	5.8755374
soldier	4.2989864	5.4450517	5.187947
father	5.4397216	5.1172504	5.7268686
narrow	3.0108173	4.2516465	3.4044223
great	4.9512124	6.191721	6.454832
tear	2.895788	4.0949154	2.3824751
honorable	6.029717	5.477991	6.3448925
previous	4.154585	4.4724646	4.244508
good	6.7028894	4.28704	6.277389
domestic	4.6435003	4.34802	4.0727577
glory	7.3901224	5.0378494	7.21397
lay	4.3192596	4.289132	3.698068
occasion	4.7589784	5.41704	5.154444
guard	5.05744	5.6081123	6.1394205
whole	4.93818	4.9214563	5.56621
mouth	5.01035	4.414794	4.4776125
receive	6.806422	4.975053	5.619521
take	4.792558	5.413733	5.044201
simple	6.6073923	3.9747295	5.7019567
error	2.785835	5.7325225	4.870565
wisdom	6.6785846	5.1612525	7.1060643
rock	4.731203	4.961152	5.2780185
decide	5.269537	5.0415945	6.367868
exclaim	5.3223	6.3769255	5.2651
assure	7.701333	5.3128824	6.8034863
sign	5.161226	3.5577636	4.4151692
preserve	6.890298	3.906954	5.6851473
commerce	6.2038665	5.104645	6.4911985
plant	4.8008227	4.381147	4.243271
walk	5.849782	4.821936	4.584026
difference	4.2065077	4.80904	5.1259737
hang	4.8596473	5.0456614	4.738975
following	7.0340695	3.628577	5.4915895
employ	4.406469	4.267091	5.231098
