deal	5.5582714	5.0817986	5.575877
study	7.009368	4.424514	6.396127
afford	6.3474216	4.361535	5.7907095
service	6.1772676	4.6624603	5.984268
height	4.8651047	5.2454996	5.402178
prospect	7.257819	5.2404585	6.503152
pleasant	7.214833	4.10998	4.727453
shade	4.1186957	3.4996166	3.134865
listen	5.344136	5.506356	4.4413795
mighty	5.9523296	5.376642	6.875747
country	5.239617	4.2305384	5.77984
title	7.0893393	4.175222	6.367983
choose	5.641714	4.4330406	4.9267397
village	5.99006	4.5312667	5.40625
acquire	8.263126	5.7167697	8.115902
rank	5.2879467	5.2569323	5.900218
bow	6.1996574	4.949767	5.429681
doctor	4.582433	4.400956	4.4447513
talent	7.625405	5.5648966	7.5269356
source	6.488391	4.8476715	5.520904
lead	4.726714	5.666149	5.321231
question	5.861438	4.267152	4.8086967
publish	6.0194407	4.5804033	5.7978
interest	6.833677	4.910084	6.082324
serve	5.1797647	3.4720688	4.1637034
divine	7.310692	4.9090166	7.4698524
put	5.7188835	3.9323096	4.39535
shadow	4.365281	3.104212	3.684169
practical	6.300505	3.9956694	6.2549505
surface	4.9522095	2.9410448	3.75303
account	5.0680113	4.545677	5.2537546
loss	3.6216836	5.5184965	3.7129674
indian	5.5816097	5.0209413	5.2833934
vine	6.83728	3.9936626	5.6742506
certain	5.2408834	5.3535895	5.845081
sin	3.0429316	4.760937	4.7311525
necessity	3.8499932	5.102177	5.165883
lose	4.573067	5.041234	4.5625978
private	3.9122643	4.8714705	5.0755057
gentleman	6.302208	4.2055244	5.374496
daughter	5.9656153	4.867917	5.492152
drive	3.1411183	6.721088	4.689502
strange	4.052547	5.5851903	4.0885286
journey	5.8988404	4.2977676	4.5942
uncle	6.5993466	4.378213	5.8058114
species	5.199357	5.5530376	5.1641088
think	5.6303515	4.930043	5.244429
bed	4.3285856	2.9388802	3.042655
wind	4.533985	5.2987013	4.6053777
bless	8.7099285	4.301608	6.427326
destroy	3.206047	6.4654713	5.049006
author	5.735161	4.871517	5.310684
sustain	5.4541855	5.183712	5.9448104
black	4.026059	4.945375	3.6416621
event	6.3959084	5.922364	6.724929
liberty	7.4832697	5.989349	7.28071
negro	4.693927	4.750696	4.7153
little	4.4828563	3.7517302	2.7739954
fortune	6.236701	5.33694	5.9585547
touch	6.0402594	4.2511153	4.8151364
kill	4.248373	5.851385	5.07087
feature	5.2114477	4.1614213	5.247375
happiness	7.8971252	4.6817164	6.2221527
assume	3.4245842	5.0835423	4.295745
notion	5.0417867	4.0925474	4.8361692
purchase	6.7848167	4.754447	6.0512247
faithful	6.971472	4.12881	6.3979683
soldier	4.993545	6.1539383	5.694433
father	6.0700073	4.482566	5.941615
narrow	3.2402675	3.8252676	3.8398275
great	5.3651896	5.3492565	6.2055407
tear	3.0811462	4.7760973	2.8305326
honorable	5.759696	5.1368723	6.0421267
previous	4.346009	4.3668504	4.2678432
good	7.5752974	4.405332	6.3292723
domestic	4.9330816	3.2155144	4.0428257
glory	7.092748	4.8453083	6.735637
lay	4.3865213	4.070918	4.0992103
occasion	5.1087437	4.6231246	5.0083895
guard	4.759347	5.0089865	6.03233
whole	6.100583	4.477943	6.0512757
mouth	5.022568	4.7596555	4.6934457
receive	6.587921	4.9653187	5.8563194
take	4.381867	5.06077	4.3646016
simple	6.6444073	4.29731	5.6262836
error	2.4629555	5.1095734	4.420166
wisdom	6.807853	4.396559	6.797633
rock	4.451957	4.6315145	4.577245
decide	5.5147552	5.466902	5.7850094
exclaim	6.148945	5.9992037	5.695502
assure	7.5169544	5.136488	6.327693
sign	4.1578345	4.0818834	4.4699106
preserve	6.1231675	3.800209	5.209868
commerce	6.5167003	4.7825227	6.907869
plant	4.924425	4.519886	5.121669
walk	5.400353	4.2748756	3.8033485
difference	4.0833454	4.2253294	4.9175873
hang	4.222329	4.786285	4.1449246
following	7.1651573	3.7517867	5.6451845
employ	5.0810146	5.270591	5.866336
