deal	5.772477	5.598194	6.8426247
study	6.971016	3.9519994	6.7019873
afford	6.903594	5.0581083	6.3673306
service	6.4796057	4.4536433	6.5844936
height	4.728384	5.207673	5.4646564
prospect	7.389426	5.228086	6.4293756
pleasant	7.207469	4.1772995	4.7958436
shade	4.574662	4.0879583	3.5873113
listen	6.17766	5.368372	5.528861
mighty	6.195663	5.584004	7.038185
country	5.2613726	4.1340256	5.7085204
title	7.2073474	3.5772338	6.505962
choose	5.3381553	4.4259367	4.773805
village	6.1002073	5.1589684	5.6350226
acquire	7.697914	4.8722143	7.7522225
rank	5.804436	5.4490123	6.045445
bow	6.2781763	4.5037365	4.806615
doctor	5.2849164	4.6099715	5.5814357
talent	8.029015	5.6432095	7.6417017
source	6.4887624	5.027989	6.306158
lead	5.200446	5.686705	5.2691517
question	4.384889	4.4021997	4.7005434
publish	6.423992	4.1351233	5.5261846
interest	7.217951	5.4280133	6.8513412
serve	5.1320305	4.213013	4.837757
divine	7.4005165	4.7475586	7.179173
put	4.837777	4.4002633	4.2328367
shadow	4.474514	3.2397106	3.876853
practical	6.3621006	4.3176756	6.4590454
surface	4.943457	3.1907728	4.416033
account	5.0447087	4.964637	5.268937
loss	3.5417955	5.908346	4.311948
indian	5.635221	4.9335866	5.876248
vine	6.357381	3.819112	5.6627946
certain	4.7992306	5.3348618	5.3273168
sin	3.6067972	5.060183	4.710438
necessity	4.689925	5.281559	5.8669634
lose	4.041376	5.2209063	4.0014815
private	4.4746346	4.897536	4.752472
gentleman	6.3619614	3.909781	5.4735017
daughter	5.433018	4.333649	5.5037603
drive	3.5152817	6.8465247	4.8225527
strange	3.3993325	5.796301	3.5915706
journey	6.4407716	4.411956	5.3309364
uncle	6.6331267	3.9720664	5.523478
species	5.0796547	5.1528406	4.854291
think	6.0158415	4.8657002	4.9485555
bed	4.599921	3.3669913	3.3990464
wind	4.487277	4.8864536	4.203271
bless	7.841441	4.253446	6.186159
destroy	3.3074765	6.626822	4.91313
author	6.6218033	4.3624167	5.795563
sustain	5.581015	5.4082885	6.2214556
black	3.0102277	4.7691097	4.166539
event	6.051103	5.90632	6.502262
liberty	7.5477767	5.453743	6.963452
negro	4.0181465	4.8186064	4.162553
little	4.5099144	4.652647	3.5035315
fortune	6.4698014	5.1745315	6.036853
touch	6.2679105	4.5688972	4.9037404
kill	3.7920184	7.0190167	5.196888
feature	4.7497993	4.0350475	4.701532
happiness	8.159262	4.5217977	6.0237045
assume	4.2765627	4.8542085	5.0283165
notion	5.6593313	4.504084	5.2690473
purchase	6.5771074	4.148486	5.17326
faithful	6.6613317	4.015977	6.3502846
soldier	4.1078043	6.45296	5.9251
father	4.948898	4.430478	5.652371
narrow	2.8890462	4.6599207	3.778001
great	5.5507193	6.0188155	6.503464
tear	3.3292048	5.1263943	3.083253
honorable	5.8443575	5.2525196	6.1040316
previous	4.182151	4.496725	4.245268
good	7.153207	4.7273297	6.4268146
domestic	4.2240806	3.8883843	3.4548554
glory	7.8412166	5.6189833	7.4157305
lay	4.248483	4.296358	3.8941207
occasion	5.2673416	5.670182	5.528328
guard	4.9897814	5.7740774	6.50232
whole	5.1136093	4.4265604	5.370761
mouth	5.546194	4.172439	4.5515523
receive	6.1689005	4.874322	5.522549
take	4.9427195	5.3332005	5.311827
simple	5.8071423	4.1535473	5.530647
error	2.3347328	5.5848064	4.057219
wisdom	6.86085	4.5242634	7.375932
rock	5.146078	4.4489274	5.12552
decide	5.1997237	5.2689676	5.7232704
exclaim	5.9611344	5.9288764	5.5609946
assure	7.5748196	5.182784	6.4011965
sign	4.941103	3.7206526	4.3896856
preserve	5.74596	4.180631	5.7926393
commerce	7.01456	5.0601473	6.667106
plant	4.4805164	4.3707666	4.7448287
walk	6.0605354	4.410439	4.3922324
difference	4.4590936	4.553029	4.5147133
hang	3.4107165	4.5141115	3.7054963
following	6.799619	3.213723	5.5588427
employ	4.04518	5.407949	4.527913
