deal	5.817997	5.4641323	6.541105
study	6.9169703	4.2459984	6.214781
afford	6.368694	4.5774436	5.8896694
service	6.421397	4.761844	6.349787
height	5.008613	5.0205264	5.567012
prospect	7.548601	4.840817	6.229022
pleasant	7.603756	4.3997235	4.996037
shade	4.3889723	3.8619936	3.8103037
listen	4.6868086	5.4473248	4.431321
mighty	6.0699654	5.8621955	7.060044
country	5.7821765	4.4550123	5.4920616
title	6.4694004	3.4414713	6.4117656
choose	5.2120223	4.446903	4.9766717
village	6.2260094	5.259344	5.769113
acquire	8.015651	5.4408197	7.9762325
rank	5.346362	4.9581404	6.034924
bow	5.929065	3.791284	4.7520905
doctor	4.9696865	4.29814	5.262519
talent	8.1551285	6.127672	7.942331
source	6.0666823	4.201308	5.7681174
lead	5.552962	5.60572	5.5231156
question	5.713271	3.5778337	5.4541
publish	5.4180536	4.6895704	5.1551943
interest	5.841243	5.699268	6.133459
serve	5.1543627	3.6771088	4.5317407
divine	7.543043	4.495987	7.5436687
put	5.4058332	4.3552623	4.3989573
shadow	4.3629885	3.6522107	3.9628534
practical	6.3480115	4.5003324	6.204731
surface	4.255716	3.2903762	3.8871708
account	5.4536633	4.4387555	5.8951473
loss	3.5363011	4.885485	4.173819
indian	5.122514	5.320497	5.3808665
vine	6.6552753	3.4022846	5.0974436
certain	5.621788	5.560345	5.9722385
sin	3.1040502	5.298959	4.516923
necessity	4.0452065	4.9273205	5.1849966
lose	4.8812633	5.472282	4.867255
private	4.0127087	3.9501414	4.557123
gentleman	6.32838	4.422559	5.5799894
daughter	5.856929	3.9614408	5.4172
drive	3.5039775	6.5309563	5.054041
strange	4.226219	5.931923	4.1616573
journey	6.4933677	4.128061	4.570589
uncle	7.544819	3.2979608	5.88135
species	5.1705127	5.742028	4.5280495
think	5.202198	4.8851337	4.798639
bed	4.098004	2.9675307	2.74151
wind	4.755435	4.941843	4.5919275
bless	8.469849	4.168908	6.241247
destroy	2.7563589	6.753746	4.8698277
author	5.619854	4.81829	5.4536943
sustain	5.99766	4.7761674	6.0892687
black	1.6871006	5.0306053	3.1163418
event	6.305131	5.5572705	6.7515144
liberty	6.8174253	5.8578315	7.334918
negro	3.3895264	5.1358843	4.2513833
little	4.2977386	4.1192737	3.4669995
fortune	6.562308	5.0170283	6.327379
touch	5.4384036	4.641549	4.50792
kill	3.8122063	6.3391137	4.764716
feature	5.712791	4.5263834	5.566718
happiness	7.3822784	4.8878555	5.869228
assume	4.2101088	5.14082	5.299856
notion	5.670201	4.4295654	5.2238407
purchase	6.763426	4.6211963	5.890629
faithful	6.781395	4.083239	6.39392
soldier	4.7373505	6.0052924	5.94437
father	6.166809	4.779143	6.311752
narrow	3.8228369	4.8181105	3.7589917
great	6.3440094	5.368302	7.0068665
tear	2.9600112	5.4985785	3.489918
honorable	6.296887	4.707554	5.9647956
previous	4.5942883	4.443922	4.4923334
good	7.563904	4.089248	6.906839
domestic	4.851219	3.7367225	4.0108495
glory	7.8015757	5.100216	7.480933
lay	4.661395	4.671638	4.2046127
occasion	5.7098575	5.0923805	5.4947686
guard	4.900931	5.7320333	6.3160987
whole	5.056644	4.4735236	5.2832236
mouth	4.678768	5.645819	4.947176
receive	6.6495175	4.81998	5.9651294
take	5.005372	5.183499	5.579498
simple	6.2269287	3.7663498	5.4291673
error	2.6231017	5.647879	4.1706824
wisdom	7.44861	4.8064723	7.3863783
rock	4.7369723	5.2360168	5.4064336
decide	6.0701036	5.1141315	6.440041
exclaim	6.030754	6.6090374	5.846597
assure	7.219577	5.283971	5.95792
sign	5.2913857	4.151896	4.7609544
preserve	5.563915	3.828187	5.344974
commerce	6.8719406	5.7814503	7.1685815
plant	4.269234	4.164222	4.311642
walk	5.906682	4.6124353	4.344436
difference	4.936115	3.9872909	5.076591
hang	4.1352177	4.048903	4.0075555
following	6.8810787	3.3586688	5.3853126
employ	5.0345616	5.320238	5.732496
