deal	5.1216435	5.6470394	6.009454
study	7.433321	4.465805	7.1350183
afford	6.528769	5.090028	5.850786
service	6.203019	4.2033997	5.7888837
height	5.6604652	5.025906	5.819566
prospect	7.550474	5.5066414	6.7115583
pleasant	7.6214457	4.3235965	5.121672
shade	4.624842	3.8607473	3.5645041
listen	5.5108485	5.265962	4.405277
mighty	6.6318316	5.6826205	7.520883
country	6.101262	4.573654	6.013723
title	7.916499	4.5614014	6.9283524
choose	5.252573	4.7268267	5.053073
village	6.8985376	4.7344127	6.074426
acquire	8.173016	5.2464814	8.062072
rank	6.4445524	5.5386777	6.4818196
bow	5.915263	4.285107	4.8816805
doctor	5.358567	4.819045	5.36615
talent	8.303293	5.754348	8.142374
source	6.6797667	4.7959604	6.230714
lead	5.74391	5.4006333	5.5284905
question	4.5068064	5.033447	6.146707
publish	5.5716395	4.4005632	4.8767085
interest	5.8133464	5.2281446	6.0366654
serve	5.5940075	3.4394286	4.6785235
divine	7.3712397	3.9605775	6.783186
put	5.158933	4.0275555	4.2529545
shadow	4.068856	3.590398	4.209837
practical	5.9205656	4.184045	6.3879347
surface	4.839519	2.9148715	4.1354637
account	5.585824	5.188944	5.496153
loss	3.779143	5.6325274	4.1650524
indian	5.271419	5.096863	5.394784
vine	6.165198	3.5018854	5.189814
certain	5.1520605	5.1801634	6.0802593
sin	3.0658379	5.185055	4.0716925
necessity	4.5543737	5.4387383	5.7604175
lose	5.072241	5.322192	4.6157117
private	3.950388	4.342078	4.763761
gentleman	6.962385	4.6192517	5.929691
daughter	6.364841	4.620748	5.866781
drive	3.5714698	6.994243	4.978368
strange	4.2387342	5.3907285	4.297513
journey	6.0513773	4.3799925	4.832438
uncle	7.7381296	3.9149504	6.3984795
species	5.3611317	5.1417313	4.5357666
think	5.8751435	5.3544226	5.4594893
bed	4.7712874	3.2118297	3.2044039
wind	4.886021	5.007327	4.920888
bless	8.426786	3.73637	5.740713
destroy	3.0426593	6.518491	4.7952476
author	6.102742	4.4488993	5.1769533
sustain	5.322547	5.1718736	6.0188875
black	4.002648	4.429207	3.9310958
event	6.2136493	5.6098747	6.658763
liberty	7.002589	6.190093	7.3273516
negro	4.191261	5.035268	4.2437754
little	4.531207	4.0874186	3.841978
fortune	6.586244	5.3823767	6.6261687
touch	5.384648	4.6245933	4.403885
kill	3.9075673	6.261123	4.638648
feature	5.575923	4.0883017	5.6113048
happiness	8.921829	4.7644997	6.991753
assume	4.668371	4.8556585	5.3997993
notion	5.5634294	4.7153215	5.488084
purchase	7.26274	4.621106	6.078867
faithful	6.4520607	3.7508762	5.9586644
soldier	4.63755	5.942602	5.946822
father	6.6193256	4.031845	5.796617
narrow	2.732892	4.1507177	3.439427
great	5.0073824	5.3539896	6.055317
tear	3.7645266	4.390394	2.8721275
honorable	5.9618964	5.1292267	6.462786
previous	4.5681815	4.67363	4.7811904
good	7.2157025	4.2512875	6.32596
domestic	4.268154	3.755888	3.7850432
glory	7.8618355	5.423232	7.428731
lay	4.635422	4.807346	4.614448
occasion	5.505138	5.242578	5.1255484
guard	4.396242	4.9232597	5.411784
whole	5.634363	4.9430594	5.9310975
mouth	5.2215137	4.2317896	4.744599
receive	7.6227636	4.852954	6.2826195
take	5.019874	4.7252526	5.213955
simple	6.178264	4.0614243	5.5238776
error	2.2170703	4.957648	3.5461197
wisdom	7.313444	4.2746515	7.331888
rock	5.350573	4.6633406	5.2525935
decide	5.332564	5.5084934	7.1368017
exclaim	6.302927	5.9312606	5.538271
assure	7.713406	5.1558475	6.3063483
sign	5.139244	3.2735753	4.9227147
preserve	5.6532645	3.5498195	5.288184
commerce	6.3226004	5.12548	6.8392596
plant	4.6608825	3.68532	4.246398
walk	5.710682	4.564435	4.525496
difference	5.283618	4.5023923	5.2257795
hang	4.0300856	4.5130334	3.9888268
following	6.9401565	3.7545538	5.510314
employ	4.73593	4.846851	5.1225176
