deal	5.2848215	5.4215584	6.228768
study	6.5244923	4.5894537	6.6263604
afford	6.450163	4.750782	5.8928094
service	5.7498507	5.164129	6.147876
height	5.641905	4.783718	5.7732267
prospect	7.750476	5.291709	6.690923
pleasant	7.452948	4.280115	4.9918165
shade	4.285577	3.7974234	3.4253798
listen	5.62794	5.115971	4.727883
mighty	6.1427326	5.5673013	7.362708
country	5.4918427	4.287911	5.6393356
title	7.924133	4.2548447	6.56523
choose	5.2176285	4.738607	4.700245
village	6.7946234	4.5397515	5.4621696
acquire	7.2069573	5.19563	7.7459054
rank	6.4567804	5.2140627	6.2171926
bow	5.926849	4.2507157	5.020315
doctor	5.7409472	4.2329626	5.6517215
talent	7.9799805	5.3978586	7.8868675
source	6.7516575	5.2914314	6.086565
lead	4.4938383	5.4315853	4.7829175
question	5.955372	4.5867066	5.829316
publish	6.1807585	4.7729473	5.8245792
interest	6.1838293	5.734683	6.8412404
serve	4.469369	4.025279	3.891427
divine	7.300704	4.7191267	7.100602
put	4.452544	4.684709	4.2814803
shadow	3.9512506	3.615118	3.382126
practical	6.1944847	4.214466	6.431499
surface	5.0541153	3.1607018	4.2062383
account	5.513442	5.1574445	5.6165237
loss	3.9944994	5.483289	4.3517227
indian	4.7789574	5.079911	4.9355106
vine	7.0749464	3.316073	5.1955924
certain	4.7740574	5.3897367	5.328719
sin	2.7504568	5.2848907	4.541525
necessity	3.965354	5.1126184	5.2648473
lose	4.2252135	5.033898	4.588838
private	3.9472811	4.771478	5.094365
gentleman	6.6584816	4.3224835	5.476596
daughter	6.4298215	4.5659285	5.4772415
drive	2.699326	6.593471	4.311477
strange	4.136862	5.6032257	3.9357634
journey	5.8221054	4.7484517	4.716009
uncle	5.558793	3.844426	5.3206096
species	5.019065	5.388232	4.709999
think	5.8622293	4.799798	5.0899467
bed	6.061871	2.7895374	3.5948613
wind	4.231242	4.8798404	4.139413
bless	8.307677	3.933446	6.1907463
destroy	2.8249536	6.3139443	4.757679
author	6.42202	4.709092	5.415896
sustain	4.685602	4.933107	5.5656195
black	3.7812128	4.9433527	3.8307734
event	5.6959677	6.0438704	6.986481
liberty	7.267591	6.384582	7.563156
negro	3.3884892	6.096919	4.2957554
little	4.166733	4.0043144	3.3797162
fortune	7.238508	4.959938	6.246066
touch	5.5584536	4.428891	4.5295734
kill	3.9713738	6.3683906	4.742491
feature	5.658912	3.5465271	5.3219786
happiness	8.396572	5.32062	6.7925043
assume	4.61307	4.540936	4.689784
notion	6.2881703	3.9200623	5.2009106
purchase	6.6459146	4.8900843	6.05395
faithful	6.462714	3.8111277	5.8845387
soldier	4.8899193	5.662494	5.644529
father	5.6165757	4.2754545	5.92636
narrow	3.115077	4.1880617	3.9621613
great	5.650042	6.24548	7.3684034
tear	3.5535743	4.894282	3.6584294
honorable	5.987876	5.9510345	6.5802226
previous	4.7516203	4.5923038	4.8613186
good	7.79747	4.400455	7.0026712
domestic	4.1428213	3.8991637	4.0906606
glory	7.896902	5.31603	7.046879
lay	4.605162	4.3372664	4.3429475
occasion	5.327773	5.664421	5.604411
guard	5.8535995	4.489032	6.0728445
whole	5.5178814	4.857559	5.6400814
mouth	5.59559	4.2682734	4.949001
receive	6.728504	4.7426114	6.017224
take	4.7794456	5.076136	5.0423517
simple	6.1661572	4.2775683	5.141178
error	2.5850258	5.257253	3.7988086
wisdom	6.8392067	4.609838	7.2305775
rock	5.189368	4.8616657	5.510633
decide	5.0876307	5.1616483	6.1721983
exclaim	5.948737	5.9894547	5.8279433
assure	7.4196362	5.0229244	6.296411
sign	6.023739	3.4494646	4.793535
preserve	5.434408	4.0516458	5.614134
commerce	6.240091	4.9968762	6.7277894
plant	5.2423897	3.962183	4.4084997
walk	5.9439173	4.422105	4.1444526
difference	4.3478537	4.8580484	4.652844
hang	3.9271898	4.315672	3.7951126
following	6.9739523	3.713512	5.28983
employ	4.3408294	4.888183	4.9891977
