deal	4.8693695	5.349005	4.8112006
study	6.2698445	3.8580496	6.372062
afford	6.9146547	4.5934234	5.948941
service	6.876796	4.0941052	6.4475517
height	5.4385204	5.483274	5.829891
prospect	7.6801004	5.1182256	6.5715227
pleasant	7.1474643	4.051748	4.7936864
shade	4.397822	3.3949213	3.35926
listen	4.5436273	5.628	4.1665354
mighty	5.569082	5.7042155	6.8124914
country	5.8991413	4.051856	5.7009983
title	7.287592	4.468763	6.781858
choose	5.5084767	4.2128725	4.92248
village	6.373664	4.866248	5.6130915
acquire	7.2267046	5.626796	7.6884756
rank	6.179796	5.222965	6.446026
bow	6.1223793	4.551641	5.658897
doctor	4.3997808	5.1411896	5.215576
talent	8.040863	6.1471825	7.452714
source	7.34674	4.920759	6.110998
lead	4.905212	5.0079284	5.110846
question	5.6441536	4.216773	5.352533
publish	5.8702173	4.9603367	5.642555
interest	6.5509224	4.9868784	5.825317
serve	5.7740364	3.5385034	4.967328
divine	8.310614	4.4266005	7.990654
put	5.8386436	4.6318674	4.877353
shadow	4.391547	3.2296145	4.1182747
practical	5.914197	4.416059	6.25484
surface	5.1786127	3.4649267	4.3604484
account	5.5826097	4.9838357	5.9234047
loss	4.4623303	5.2228036	3.9454255
indian	4.907111	5.0613236	5.0830994
vine	6.2912354	3.2567034	5.4763074
certain	5.5772505	5.1050386	5.8078723
sin	3.5733385	5.221629	4.924284
necessity	3.8106563	5.435571	5.3199883
lose	4.086926	5.6836905	4.756964
private	4.968325	4.4923406	4.616033
gentleman	6.1466994	4.0412707	5.1246996
daughter	5.890176	4.2304034	5.319774
drive	3.5130782	6.2442527	5.0548286
strange	4.109358	5.5052056	4.08859
journey	5.778322	4.1566167	4.1928062
uncle	6.7282352	3.4159737	4.338204
species	5.623353	5.8103843	5.3429275
think	5.706976	4.641364	5.121132
bed	4.8364325	2.8623497	3.2167192
wind	4.982554	4.332018	4.523412
bless	8.493091	4.0046167	6.799911
destroy	3.077114	6.6123214	5.1991696
author	6.1017485	4.644512	5.532542
sustain	5.2545943	5.0864735	6.042926
black	3.3956072	5.472064	3.7252104
event	6.720143	5.410425	6.7008286
liberty	7.121431	6.4855347	7.3550816
negro	4.0574393	5.4651504	4.3351555
little	4.6360173	3.488914	3.008284
fortune	6.7721586	4.9052444	6.2814693
touch	5.7431946	4.3574533	4.190991
kill	4.005677	6.059602	4.6234193
feature	5.7654715	3.9293845	5.55725
happiness	8.218926	4.8191934	6.515043
assume	4.1306653	4.8274903	5.322427
notion	5.616788	4.6012464	5.3870463
purchase	7.442641	4.459845	6.168413
faithful	7.1888056	3.4008818	6.5488906
soldier	4.1814747	5.4018097	5.4395385
father	5.9510694	4.158454	5.181613
narrow	2.627575	4.339999	3.438948
great	5.5330935	5.8264728	6.032407
tear	2.9285865	4.366814	2.5714025
honorable	6.412575	4.9492054	6.218178
previous	4.601611	4.4472528	4.3804216
good	6.8816414	4.6501093	6.210687
domestic	4.735109	3.3743296	3.9215536
glory	7.678893	5.779901	7.49208
lay	4.0711675	3.8999925	4.208604
occasion	5.452872	5.244136	5.4581056
guard	5.107271	5.2659698	6.084278
whole	5.7771387	4.839018	5.9002466
mouth	5.2511415	5.2179966	4.8669147
receive	7.1408596	4.7394347	5.933056
take	5.5118427	4.792452	4.975739
simple	6.407956	4.375028	5.9060407
error	2.6485271	5.188803	3.8853953
wisdom	7.1303315	4.6299477	7.456538
rock	5.501184	4.981005	5.5398154
decide	5.080612	5.038342	5.738529
exclaim	6.0112667	6.1226807	5.553643
assure	7.651821	5.139469	6.699889
sign	5.2110558	4.7548923	5.1012125
preserve	6.2812366	4.1583695	5.986456
commerce	6.571181	5.005746	6.752057
plant	5.0192246	3.745029	4.486689
walk	5.106214	4.4023232	4.0926185
difference	4.8025727	4.6720867	5.2967896
hang	4.160957	4.1549287	4.176369
following	6.630863	3.657421	5.837652
employ	4.9517603	4.467923	5.244323
