deal	5.3449755	5.687645	6.3284173
study	6.5190725	3.935879	6.184908
afford	6.419752	4.9854226	6.255569
service	6.777514	4.8342824	6.7619762
height	5.658571	4.824461	5.738433
prospect	7.2860527	5.5287685	6.7523513
pleasant	7.474679	4.205213	5.0871744
shade	4.444475	3.858696	3.7890995
listen	5.4446187	5.696842	5.2253404
mighty	5.873241	5.794092	7.64981
country	5.0620413	4.96805	6.171199
title	7.3951015	4.3984385	6.7879686
choose	5.9738517	4.8540916	6.057177
village	6.448901	4.7454305	5.8347726
acquire	8.171029	5.3489485	7.9290185
rank	6.215378	5.2397113	6.0468645
bow	5.7560606	3.993867	5.2519197
doctor	4.8210387	3.9115021	4.867944
talent	7.943719	5.869173	7.867697
source	6.6545367	4.619644	5.6523247
lead	5.4065895	5.5627346	5.239844
question	4.7177105	4.46206	5.6543307
publish	4.9722867	5.1967225	5.6225233
interest	6.678177	5.3115883	6.604064
serve	5.536658	4.1477547	4.937646
divine	7.354209	3.8278518	6.757744
put	4.7797904	4.493508	3.9424586
shadow	4.2062054	3.664488	4.058092
practical	6.198457	4.5147166	6.602095
surface	4.6673536	3.3160532	4.1145053
account	5.6392174	5.0167155	5.1747565
loss	3.3790863	5.3600106	4.0293403
indian	4.442324	5.041826	5.172916
vine	6.617053	4.0674253	5.2277904
certain	5.294806	5.4446177	5.459137
sin	3.2732773	4.947493	4.6074247
necessity	4.1656446	4.9064693	5.245863
lose	3.9757707	5.1148615	4.4806075
private	4.3123975	4.677251	4.8855295
gentleman	6.277549	4.865322	6.148794
daughter	5.864796	4.220766	5.2422338
drive	3.4538221	6.3822074	4.6881337
strange	4.227502	5.381489	3.8882318
journey	5.813963	4.638715	4.7520432
uncle	7.20848	4.252464	5.1711454
species	5.5360966	5.163738	4.3829026
think	5.796159	4.7076497	5.0253263
bed	4.8428087	3.230556	3.3176131
wind	5.239565	4.589463	4.6682253
bless	8.324658	4.514718	6.560089
destroy	3.4071274	6.3160644	4.781961
author	5.635325	5.115827	5.2437544
sustain	5.016738	5.1382227	5.594524
black	3.326644	4.976934	4.596938
event	6.222451	5.7145166	6.6117754
liberty	7.099059	5.72219	7.677652
negro	3.6651242	4.9648137	4.686945
little	4.472648	4.21266	3.7483673
fortune	7.232542	5.5614247	6.60115
touch	5.8673735	4.7113843	4.8543887
kill	4.266027	6.1371894	4.851001
feature	5.5410433	3.6794984	5.157196
happiness	8.790233	4.908515	6.82956
assume	4.412746	4.8400583	5.030165
notion	5.3162384	4.406831	5.051852
purchase	7.168164	4.3126698	5.664674
faithful	6.9569645	4.164057	6.5578084
soldier	4.8589344	5.7458115	5.9394283
father	5.7487645	5.052237	5.9465823
narrow	3.7085798	4.1854196	3.8456523
great	5.6673994	5.6126637	6.5186143
tear	3.2829223	4.5181026	2.9910986
honorable	6.0630975	5.4275327	6.5265207
previous	4.639478	4.816945	4.756667
good	7.7820582	3.9881792	6.6017895
domestic	5.2318416	3.6030018	4.1615973
glory	7.2927322	5.1459646	7.4140654
lay	5.010231	4.241049	4.629363
occasion	4.756719	5.344897	4.797273
guard	5.431163	5.219974	5.820821
whole	5.3311214	5.06995	5.8795757
mouth	5.626401	4.554616	4.968589
receive	6.3696384	4.48051	5.630349
take	4.9931765	4.7521663	4.874266
simple	6.3023434	4.1213512	5.686575
error	2.5604856	5.3607297	3.7956762
wisdom	7.5016847	4.450351	7.470109
rock	5.1821384	4.6450806	5.385434
decide	5.0239143	5.717398	6.2366877
exclaim	6.0083327	5.8214674	5.6185913
assure	7.1967926	5.429208	6.567611
sign	4.9546022	3.4088845	4.103652
preserve	6.221141	3.983418	5.621456
commerce	6.9202337	5.0626516	6.6993847
plant	5.0580606	4.001824	4.6042423
walk	5.342931	4.217913	4.3003154
difference	4.4092336	4.1936884	4.389846
hang	4.553709	4.4511185	4.127106
following	7.0960093	3.8803585	5.592979
employ	5.8659444	4.355133	5.657092
