deal	5.220265	5.269635	5.936433
study	6.6723094	4.1470222	6.4199896
afford	6.6684465	4.915342	6.2574377
service	6.8961277	4.5915136	6.241374
height	5.0215397	4.9148192	5.209302
prospect	7.505967	5.3329296	6.4094267
pleasant	8.236061	3.9676964	5.5770235
shade	4.7536635	3.6259992	3.6038907
listen	5.344697	5.4804106	4.8997464
mighty	5.7304296	5.357375	6.648095
country	5.5939875	4.805544	5.6793356
title	7.0457935	4.6136966	6.6406403
choose	5.3969097	4.276545	4.926488
village	6.7675385	5.1882806	6.2003183
acquire	8.281405	5.5378466	8.338907
rank	5.2509356	5.1193113	5.2629237
bow	5.6928363	4.215582	5.346469
doctor	4.756393	4.382585	4.832563
talent	7.8315187	5.7349305	7.3914146
source	7.119158	5.0173926	6.120292
lead	4.5138335	5.425446	5.125976
question	4.9627023	4.5140686	5.3410835
publish	5.8094115	5.291958	5.656875
interest	6.2086563	4.7006397	5.043881
serve	5.676413	3.8875852	4.9073706
divine	7.688733	3.6355562	7.01046
put	5.208747	4.97123	4.8632774
shadow	4.416708	3.256617	3.4066615
practical	6.0014505	4.2585297	6.3531613
surface	4.9363065	3.1205776	4.0077357
account	4.974681	5.237568	5.6335807
loss	3.4963512	5.1786585	3.675535
indian	5.141386	5.170929	5.6913114
vine	6.7830734	3.993219	5.570407
certain	5.6265035	5.5885158	6.616985
sin	3.4032977	5.281713	4.5737567
necessity	4.1013803	5.427099	5.3893013
lose	4.5780716	4.6365	4.5244226
private	4.7947817	4.460601	5.0423007
gentleman	6.2434998	4.631064	6.0696144
daughter	5.556765	4.8992186	5.341202
drive	3.2856262	6.58173	4.7772007
strange	4.292437	6.0058584	4.5051813
journey	6.252863	4.552278	4.77458
uncle	6.0251184	4.3145494	5.136712
species	5.3760624	5.826136	5.4639363
think	5.175705	4.8147626	4.5309587
bed	5.3207517	2.861259	3.3136086
wind	4.377603	5.070367	4.665844
bless	8.822731	3.6919122	6.5700693
destroy	3.587534	6.4767675	5.544697
author	5.894585	4.7891884	5.3015995
sustain	5.4642262	5.325975	6.16779
black	3.0319655	4.718896	2.9245424
event	6.323787	5.717976	6.619751
liberty	7.4154406	5.578848	7.269396
negro	3.7888637	4.581575	3.9667096
little	4.9303093	3.532164	3.4220881
fortune	6.966758	5.3247447	6.5240273
touch	5.473498	4.336645	4.5579123
kill	4.2175703	6.3966064	5.269599
feature	5.228238	4.4045687	4.933835
happiness	8.841995	4.777517	6.4072123
assume	4.421158	4.7892313	4.875779
notion	4.6319985	5.0406094	4.5900044
purchase	7.0113297	4.2640123	6.2404456
faithful	6.986701	3.5844116	6.375908
soldier	4.4306493	5.8046227	5.429684
father	6.1714554	4.7304664	5.92397
narrow	3.365417	4.5421042	4.0774603
great	5.176246	4.9414744	5.875454
tear	3.6591144	4.1596103	2.5225558
honorable	6.130204	5.0601134	6.145917
previous	4.5813236	4.547072	4.6423936
good	6.9093027	4.3806896	6.4695206
domestic	4.7232866	3.704853	3.9029503
glory	7.8410625	4.949572	7.0189333
lay	3.9325998	4.6512666	4.455007
occasion	4.962518	5.4794817	5.583113
guard	4.3223634	5.3226	5.794422
whole	5.2887545	4.7716036	5.2070575
mouth	4.990738	4.9083724	4.477038
receive	6.912716	4.9720707	6.0622826
take	4.4712477	5.164553	5.098836
simple	6.317743	4.861947	5.636649
error	2.8688636	5.560093	4.2024856
wisdom	7.304307	4.3582926	7.3605976
rock	5.0278125	4.4372926	5.0872564
decide	5.178658	4.91242	6.1164207
exclaim	6.2274914	5.827628	5.7329307
assure	7.776162	5.1110735	6.536893
sign	5.0858502	3.7711065	4.6843367
preserve	5.955029	4.2932844	6.128074
commerce	6.7290077	4.973765	6.786681
plant	4.9992337	4.0873547	4.5322967
walk	5.859235	4.3528557	4.2279787
difference	4.0419645	4.431645	5.0603986
hang	3.9070106	4.538346	4.148407
following	6.588032	4.3137665	5.858187
employ	4.932739	4.660654	5.6540523
