deal	4.8538213	5.3935375	5.650549
study	6.1790323	3.98421	5.966117
afford	6.9737954	5.4998455	6.3116336
service	6.380499	4.0008707	5.788661
height	5.715179	4.7463374	5.3178816
prospect	8.049522	4.976021	6.7007065
pleasant	7.767933	3.9071884	4.8886414
shade	4.253131	3.658852	2.9289532
listen	5.5378904	5.4974823	5.047804
mighty	6.596338	5.412055	7.0078826
country	5.034561	3.481485	5.437792
title	8.0502205	4.4188576	7.220886
choose	5.4160633	4.2265196	4.788154
village	6.6738625	4.1889796	5.6610756
acquire	7.722774	5.613361	8.065699
rank	5.5595856	5.083334	5.8237615
bow	6.655014	4.258239	5.2761
doctor	5.5338173	4.6747622	5.6805787
talent	7.799124	6.048956	7.7730055
source	6.50757	5.165125	6.0619664
lead	4.501917	5.480395	4.8507404
question	5.1282883	4.4900846	5.0189123
publish	5.2235875	5.4641666	5.885272
interest	6.766095	4.421027	6.147771
serve	5.5339937	4.258523	4.28838
divine	7.541765	4.3795657	6.5840282
put	4.488235	4.8971725	4.2257843
shadow	4.528076	3.0236871	3.3803668
practical	6.2898273	4.3181777	6.2786946
surface	5.2195144	3.1757898	4.1606703
account	5.7246246	4.8702116	5.5187664
loss	4.2072053	4.66045	3.8619308
indian	5.4544525	5.0557942	5.38159
vine	6.2346416	3.7837873	5.104078
certain	5.258677	5.14056	5.774701
sin	3.0479825	5.552358	4.290895
necessity	5.066176	5.1404676	5.592776
lose	4.564402	5.5045357	4.9882374
private	3.1942997	4.4625373	4.757046
gentleman	6.6860685	4.34667	5.4203253
daughter	6.243578	4.7951803	5.6185236
drive	3.4992774	6.667602	4.5300026
strange	4.2824073	5.0851684	4.255358
journey	6.06795	4.0812006	4.757165
uncle	7.623057	3.7868433	6.2718124
species	5.945611	4.497224	5.0587406
think	5.9004507	4.435953	5.121476
bed	5.2650347	3.1337898	3.4380126
wind	5.024351	4.5176644	4.4369407
bless	8.983813	4.49333	6.448167
destroy	3.5135603	6.677435	5.177212
author	5.85386	4.7291174	5.277345
sustain	5.610151	4.7841997	5.8998585
black	3.9830568	4.5264535	4.4407544
event	6.666175	5.702248	7.0621696
liberty	7.7165	5.9099107	7.5424995
negro	4.3906884	4.792322	4.7164836
little	5.035854	3.9479327	3.4667373
fortune	6.75667	4.9218755	5.7653065
touch	6.2700477	4.1172595	4.9739513
kill	4.3074775	6.0335526	4.6713357
feature	5.1824083	3.476878	4.7915287
happiness	8.323437	4.9574146	6.11349
assume	3.927621	4.6552362	4.532492
notion	5.9871206	4.6344423	5.3729115
purchase	6.444728	3.6698	5.315034
faithful	6.77957	3.689086	6.3192806
soldier	4.4714694	5.026889	5.58661
father	6.4988847	4.564394	5.4685755
narrow	2.449796	4.012022	3.3429666
great	5.832693	5.9802017	6.1029725
tear	2.8200436	5.146264	2.8155684
honorable	6.097694	5.44724	6.519869
previous	4.5354767	4.2824364	4.51251
good	7.57728	4.307165	6.56252
domestic	5.3184705	3.5779848	4.1765504
glory	7.4631376	5.7431955	7.206644
lay	4.258683	3.7395535	3.6364896
occasion	5.8347673	4.9841166	5.663442
guard	4.2219124	5.5284715	6.0829525
whole	5.7867317	4.6280723	5.9019685
mouth	4.397281	4.6517086	4.8607893
receive	6.6393857	4.3385773	5.628787
take	4.4507356	5.041547	4.5736327
simple	6.702177	3.7669177	5.710206
error	2.5366764	5.197193	3.786212
wisdom	6.8471394	5.083932	7.06164
rock	5.4422317	4.662263	5.485078
decide	5.234631	4.9662333	6.093286
exclaim	6.637744	5.6522226	5.253683
assure	7.466156	5.41212	6.365095
sign	5.1554246	4.1483593	4.8833246
preserve	5.864725	4.4540133	5.71525
commerce	6.474968	5.225264	7.0440984
plant	4.09426	3.922051	4.110263
walk	5.7829037	4.5951614	4.1910286
difference	4.7922826	4.223117	4.604451
hang	4.086072	4.2089043	3.7103233
following	7.1506357	3.6956384	5.9256034
employ	4.4004545	4.6383877	5.7610803
