deal	5.797363	5.5184245	5.6693115
study	6.8250494	4.8179417	6.8139973
afford	5.857913	4.864207	5.3403945
service	6.6208153	4.820613	6.3973184
height	4.89095	4.9133735	5.357023
prospect	7.317212	5.1283374	6.775489
pleasant	7.236965	4.0472555	4.85756
shade	4.6028476	4.101947	3.700028
listen	5.0140204	5.2016954	4.660029
mighty	6.186985	5.288437	6.945417
country	5.872227	4.489421	5.632907
title	7.6776876	4.789083	7.1327333
choose	5.756008	4.329851	5.0268793
village	6.408843	4.7086525	5.677519
acquire	7.760772	5.850704	7.6540875
rank	6.12102	5.170107	6.0727324
bow	6.6550026	4.108265	5.486685
doctor	4.482576	4.64723	5.0018044
talent	8.021109	6.0305567	7.5863914
source	6.5859766	4.958625	5.806829
lead	5.410117	5.2602096	5.2697573
question	5.6081834	4.7592435	5.6567206
publish	5.59198	5.006712	5.0914707
interest	6.0476017	4.93024	6.10034
serve	5.5321727	4.152583	4.9905195
divine	7.809422	4.6523175	7.4331036
put	5.689919	4.46382	4.611892
shadow	4.2505207	3.7684963	3.8742356
practical	6.0819483	4.8889685	6.5175796
surface	4.8696685	3.0662973	4.1098814
account	5.3647566	4.5574975	5.128756
loss	3.3848896	5.258233	4.0323696
indian	4.9612107	5.5149813	5.6047735
vine	7.283778	4.0965548	5.5523896
certain	5.395462	5.3003964	5.7195835
sin	3.0093014	5.4190674	4.3471355
necessity	4.146642	5.2457848	5.4918013
lose	4.5883617	5.2249527	4.5261936
private	4.531132	5.044194	5.2581005
gentleman	6.0761714	4.509529	5.759391
daughter	5.941969	4.904263	5.931197
drive	3.7827764	6.340435	4.381474
strange	4.0919266	5.207966	3.7951288
journey	6.3863297	4.4731455	5.2047834
uncle	6.159094	5.5117416	6.8270397
species	5.333247	4.810351	4.3546505
think	5.2480764	4.5647182	4.788694
bed	4.4846106	3.191092	3.1422231
wind	4.925339	4.7306285	4.0022564
bless	8.231335	4.589962	6.414217
destroy	3.4211004	6.575772	4.6215744
author	5.649331	5.1477075	5.3881364
sustain	5.56987	5.507845	5.9066906
black	4.137019	4.8494263	4.31861
event	6.15784	5.740663	6.956618
liberty	7.609272	5.107272	6.8030005
negro	4.20223	4.936428	5.2068443
little	4.6822004	3.6635206	3.9181643
fortune	6.330105	5.5330276	6.0483375
touch	5.4804964	4.088795	4.3952694
kill	3.8649445	6.5960846	4.6754913
feature	5.6516533	4.679235	5.9372272
happiness	8.392061	5.103243	6.6344204
assume	4.644289	5.4548693	5.499715
notion	5.6076913	4.177877	5.142532
purchase	6.563394	4.6685033	5.69162
faithful	6.6582193	4.286784	6.2335906
soldier	4.9114037	6.1631627	6.2227154
father	5.680694	5.5519276	5.9130588
narrow	2.9176621	4.2514863	3.8075933
great	5.8847704	5.188201	5.8688574
tear	3.280799	4.925785	3.4132233
honorable	6.593215	5.9046073	6.946138
previous	4.3925424	4.667514	4.5538373
good	6.939134	4.630619	6.043915
domestic	5.000058	3.0443485	3.8071427
glory	7.7348804	5.323923	7.180066
lay	4.891069	3.9764705	4.23336
occasion	5.764896	5.0946007	5.5213203
guard	4.4124393	5.303902	5.4730515
whole	5.721714	4.897798	6.593601
mouth	5.4181547	4.68529	5.2762227
receive	6.9973187	4.3956304	5.224094
take	5.1016903	5.0232973	4.376432
simple	6.2106667	4.389087	5.833292
error	2.4667869	5.101261	3.8194904
wisdom	6.8730526	5.2139053	7.1427264
rock	4.681618	4.643172	5.1138487
decide	5.4871554	5.5266314	6.262582
exclaim	5.9142165	6.224499	5.877739
assure	7.1634035	5.0210733	6.0254617
sign	5.528443	3.952878	4.603687
preserve	6.1645145	3.8473818	5.5863523
commerce	6.6495547	5.1919193	6.534626
plant	5.414797	4.021963	4.691289
walk	5.8181696	4.7874503	4.652226
difference	5.466593	3.9638448	4.998014
hang	4.4151473	4.018589	3.567172
following	6.702286	3.9251704	5.747941
employ	4.9906673	5.212171	5.4973955
