deal	5.024976	5.7638187	6.1188617
study	6.6307755	4.33722	6.3133855
afford	6.769338	4.883502	5.8732347
service	6.7809057	4.4835186	6.3392773
height	4.872833	5.2886267	5.5152707
prospect	7.372726	5.3325047	6.4809113
pleasant	7.6302056	3.9871073	4.926886
shade	4.744229	3.834784	3.7542996
listen	4.73585	5.379369	4.41597
mighty	6.107133	5.5363336	6.8828483
country	5.671002	3.9617023	6.11912
title	7.8993073	3.7940273	6.648373
choose	5.366038	4.3563046	5.1748056
village	5.374032	4.9081545	5.278812
acquire	7.613542	5.9145436	8.061068
rank	5.5084357	5.100857	5.7099333
bow	5.8637676	4.2796803	5.0576744
doctor	4.4451823	4.600818	4.9876885
talent	7.6421337	5.9402294	7.649479
source	6.428518	4.753313	5.621298
lead	5.418825	5.309654	5.7683926
question	4.9107428	4.042667	5.0476136
publish	5.950732	4.8932962	5.5531244
interest	6.051812	5.444178	6.084096
serve	5.7790194	3.4956145	4.8694773
divine	6.800753	4.748791	7.1275363
put	5.4116187	4.3481	4.3935657
shadow	4.860005	3.2326634	3.7552857
practical	6.510929	4.2689667	6.3504634
surface	4.6570196	3.368745	4.336588
account	5.867922	4.883022	5.748273
loss	3.15443	5.7275095	3.9025264
indian	4.696852	5.0567865	4.915611
vine	5.639425	3.9381206	4.830224
certain	5.146597	5.426027	5.714675
sin	2.9427643	5.3368144	4.4337807
necessity	4.5285277	5.1046233	5.3877983
lose	4.460843	5.0589995	4.3925767
private	4.463637	4.9987745	5.316578
gentleman	6.1437416	4.6574116	6.1897054
daughter	5.3653984	4.0790477	4.946659
drive	3.6160924	6.7264915	4.8863344
strange	4.8494296	5.428257	4.010188
journey	6.3700557	4.127263	4.969892
uncle	6.551411	3.947719	5.343445
species	4.8461103	5.257745	4.3427663
think	6.243842	4.601324	5.0873065
bed	4.6812725	3.0192387	3.1941433
wind	4.4696383	4.798085	4.1991563
bless	8.610283	4.116365	6.524186
destroy	3.1916418	6.454784	4.8699183
author	5.7945204	4.8150816	5.6139565
sustain	5.1494546	5.033004	5.7838874
black	4.257552	4.4790974	4.6960726
event	6.2678475	5.7402987	6.4513006
liberty	6.989884	5.941153	6.891741
negro	4.222019	5.2400846	4.8676834
little	4.9574003	3.9088614	3.3658204
fortune	6.9043384	5.3423157	6.4862533
touch	5.4373984	4.3411975	4.752094
kill	3.5046918	6.9005165	4.835242
feature	5.1657896	4.055114	5.099263
happiness	7.914006	5.057782	6.0591135
assume	4.2755003	4.7677507	5.063596
notion	5.7145834	4.357613	5.195964
purchase	6.4894605	4.3395047	5.459893
faithful	6.8090982	4.027015	6.216527
soldier	4.816477	5.9983797	6.2554426
father	5.39461	4.512442	5.5636697
narrow	3.6108208	4.615266	4.211141
great	5.2950478	5.679184	6.387238
tear	3.4587262	4.84491	3.088793
honorable	6.2660475	4.935611	6.2543483
previous	4.074967	4.444837	4.096292
good	6.394665	4.6723905	6.1439724
domestic	4.7171416	2.7005684	3.238474
glory	7.594037	5.163446	7.2840242
lay	4.631986	4.350064	4.5596647
occasion	4.649483	5.374109	5.0445147
guard	5.005281	5.1483755	6.340792
whole	4.6082716	4.1820297	5.2611094
mouth	4.7566524	4.9638944	4.4939466
receive	6.5641003	5.037189	5.7334857
take	4.6372347	5.177385	4.9639516
simple	6.5532665	3.9582324	5.682801
error	3.0895896	5.2100234	4.5963197
wisdom	6.8952913	4.609433	6.78827
rock	4.286207	4.892724	4.7871237
decide	4.4574394	5.0467453	5.6777363
exclaim	5.5062222	5.875719	5.216101
assure	7.682207	4.838517	6.418793
sign	5.325153	3.938395	4.623624
preserve	5.8979917	3.8204968	5.725667
commerce	6.651957	4.5348206	6.5470862
plant	4.3575773	4.4817095	4.439873
walk	5.4454947	4.2336073	4.207628
difference	4.4609985	4.239339	4.5381026
hang	4.285385	4.3438573	4.100009
following	6.5759325	3.8555796	5.190099
employ	4.5735054	4.246887	5.0047007
