deal	4.8082666	4.6959953	5.194956
study	6.567212	4.9738727	6.90798
afford	6.9374433	4.5523	5.6016893
service	6.8011656	4.2046394	6.2198706
height	5.033069	5.1710057	5.4575644
prospect	7.7213516	5.326712	6.583328
pleasant	7.3616247	4.471206	4.935396
shade	4.513849	3.6595495	3.3218794
listen	5.033671	5.122268	4.473898
mighty	6.2362795	5.625542	6.935593
country	6.059779	4.792847	5.946259
title	8.34414	4.0582314	7.2102585
choose	4.644828	4.327014	5.1144032
village	6.1182895	5.07782	6.012032
acquire	7.8638983	5.5919304	8.225788
rank	5.6443443	5.150606	5.9969006
bow	6.6246614	4.1157784	5.74294
doctor	4.6855025	4.4498444	4.4653134
talent	8.308192	5.3210306	7.600935
source	5.9525337	5.106374	5.8614683
lead	4.552446	5.926195	4.973679
question	4.8789034	4.385823	5.901065
publish	6.534604	4.1415806	5.8266068
interest	5.7658396	5.604041	5.6641483
serve	5.3132524	3.893476	4.51704
divine	7.819975	4.507102	7.220461
put	4.82423	4.569032	4.2768793
shadow	4.2717543	3.3874154	3.9131734
practical	5.9018536	4.5662427	6.148065
surface	4.7412953	2.9027314	3.8808494
account	5.209394	5.0143313	5.2827506
loss	3.4806638	5.169285	3.7503834
indian	5.0319366	5.2012744	5.999507
vine	7.0820303	3.7411923	5.7317553
certain	5.42586	5.310208	6.134235
sin	3.0065932	4.8887973	4.2362823
necessity	4.156801	5.1364574	5.575386
lose	4.3258443	5.199092	5.1324887
private	4.7211204	4.331092	4.7399883
gentleman	6.6613574	4.2274866	5.6522818
daughter	6.232076	4.8186316	5.7090425
drive	2.4592931	6.858815	4.151027
strange	4.337242	5.4132805	4.223874
journey	6.1270103	4.738006	4.9789605
uncle	6.8568087	4.3207483	5.8936076
species	4.5626373	5.965155	4.981488
think	5.684314	4.6624346	4.8361144
bed	4.9142146	2.7224069	3.1367958
wind	4.4397826	4.4468637	4.0956388
bless	8.916671	3.9684434	6.5502
destroy	3.311913	6.5435767	5.2761636
author	6.26697	4.4877014	5.9726973
sustain	5.361866	5.0853024	5.91004
black	3.8899655	4.583293	4.042654
event	6.9646807	5.7585936	6.931565
liberty	8.124717	5.6919613	7.3509197
negro	4.048773	5.5587683	4.406939
little	4.3801484	4.0185914	3.6954036
fortune	7.237054	4.963175	6.218361
touch	5.8316545	4.442794	4.2752705
kill	3.763441	6.6940536	5.3198686
feature	5.6902804	4.310561	5.2783914
happiness	8.847594	4.997731	6.938822
assume	3.8086462	4.9296303	5.075903
notion	5.0374603	4.5170097	5.0896707
purchase	7.3184357	3.9972749	5.723123
faithful	7.265725	3.730889	6.252474
soldier	4.927576	6.1375303	5.980965
father	6.4325047	4.247207	5.7455716
narrow	3.3453918	4.3501377	4.0797286
great	5.1256676	5.3721166	6.109976
tear	3.76131	5.2503867	3.167951
honorable	6.5096245	5.182779	6.5707397
previous	4.469724	4.315852	4.72329
good	7.200791	4.247886	6.1769753
domestic	4.805838	3.7779512	4.193735
glory	7.5770082	5.2802215	6.913677
lay	4.123945	4.144159	4.144017
occasion	4.770622	5.7517185	5.310272
guard	5.361235	4.511497	5.334791
whole	5.6562567	4.9760056	5.775157
mouth	4.754936	4.3987484	4.4382854
receive	6.2601995	4.832147	5.113291
take	4.9721627	4.8859196	5.0159082
simple	6.4858313	4.1646986	5.713247
error	2.4595635	4.984427	3.4866545
wisdom	6.8065634	4.736091	6.817501
rock	4.58227	3.9003606	4.815017
decide	4.8377	5.0318027	6.1282024
exclaim	5.6593747	5.866782	5.362609
assure	7.448786	4.963979	6.373436
sign	5.764211	4.025861	5.2751184
preserve	6.23927	3.9443164	5.975807
commerce	6.522495	4.892429	6.818408
plant	5.3704715	4.27431	5.118568
walk	5.4586606	4.614344	4.028542
difference	4.8209033	4.14698	4.921837
hang	4.0205297	3.8758183	3.6612377
following	7.3096824	3.7636166	6.122767
employ	4.7305603	4.717645	5.3035536
