deal	5.2180347	5.035246	5.1814666
study	7.0106287	4.2829895	6.844907
afford	6.189654	4.9627814	5.3968077
service	7.005177	4.6626663	6.4432364
height	5.2892957	4.797526	5.5716257
prospect	7.441352	5.166211	6.3373084
pleasant	7.513381	4.280513	4.8188257
shade	4.1946883	3.9974625	3.6257994
listen	4.8330503	5.7160597	4.7901473
mighty	6.31617	5.3707747	7.3294
country	5.8939037	4.4910154	6.2559967
title	7.366308	4.1152678	6.406822
choose	5.068957	4.1958337	5.111926
village	6.024569	5.1972537	5.6698174
acquire	7.892812	5.836785	7.910366
rank	6.209491	5.194762	5.896803
bow	6.7208986	4.0923586	5.4042916
doctor	4.996196	4.655485	5.078441
talent	7.7035055	5.828554	7.7259808
source	6.1949673	4.610552	5.5339046
lead	5.4105988	5.3246684	5.496723
question	4.263503	4.2499223	5.652307
publish	5.812853	4.4431887	5.166175
interest	6.557921	5.0417886	6.2224503
serve	5.4804626	4.1412287	4.6507215
divine	7.08893	4.5908756	6.9049377
put	4.9236984	4.32615	4.4506426
shadow	3.9661896	3.9099069	4.080852
practical	5.766863	4.3744936	6.166177
surface	4.818615	3.4632306	4.02818
account	5.4800186	5.015607	5.5744205
loss	3.764593	6.250379	3.7575169
indian	4.819823	5.4498005	5.293517
vine	6.7602262	3.8009574	5.6622896
certain	5.215136	5.6793885	6.126222
sin	3.136197	5.4068923	4.326411
necessity	4.8545256	4.874666	5.5354004
lose	3.961315	5.8762383	4.769843
private	4.227404	4.5287232	4.83113
gentleman	6.3018456	4.5957737	5.5103483
daughter	6.1911545	4.228857	5.382413
drive	3.3253632	6.7981563	4.47832
strange	4.276262	5.416612	4.2478027
journey	6.1326504	4.631274	4.9626055
uncle	7.1640315	3.9387102	5.8140283
species	5.6084876	5.741978	5.0770197
think	5.4656434	4.4797587	4.9491234
bed	5.0676985	2.6425734	2.8187788
wind	4.8088617	5.4723597	4.7550783
bless	8.602377	4.358742	6.38049
destroy	3.11327	6.5747614	4.9956756
author	5.9475307	4.4582686	5.2169933
sustain	5.6491385	4.9024453	5.8682837
black	3.0754433	4.653627	3.6738775
event	6.519691	5.9121675	7.0199556
liberty	7.5891447	6.248922	7.5524607
negro	3.9171424	5.518701	4.4084907
little	4.866984	4.588357	3.1535757
fortune	6.4549546	5.2144203	6.3467245
touch	6.0989914	4.2831583	4.511109
kill	3.9425373	6.1606483	5.0155754
feature	5.654583	3.5471017	5.206989
happiness	8.343517	4.617422	6.78397
assume	4.0721984	4.687246	4.738578
notion	6.3877516	4.339938	5.3527403
purchase	6.307911	4.6479273	5.8217926
faithful	6.5950403	3.806099	5.848333
soldier	4.4283223	6.2401733	6.3376083
father	6.5216913	4.3141913	6.1953516
narrow	3.0618038	4.3478694	3.3987842
great	5.2679453	5.5494967	5.67769
tear	3.7589166	4.502588	2.7408218
honorable	6.777808	5.0658484	6.641259
previous	4.164834	4.661241	4.433469
good	6.5667424	4.780568	5.8179517
domestic	4.3528075	3.167597	4.2928357
glory	7.3438177	5.344468	6.9963384
lay	4.4047265	4.259412	4.5196376
occasion	5.0825443	5.71486	4.833029
guard	5.013622	5.440025	6.1403346
whole	5.4779544	4.459679	6.0003777
mouth	4.351081	4.9121375	4.3452353
receive	7.20288	5.115371	5.7102365
take	4.9771423	5.0055037	4.7521696
simple	6.606945	4.4783792	5.943495
error	3.1513977	5.4720817	4.055717
wisdom	6.40109	5.130135	7.155696
rock	4.8545094	4.9783444	5.3150873
decide	4.8821507	5.3481784	6.5777683
exclaim	6.4228287	5.776437	5.612015
assure	7.560833	5.3163385	6.492776
sign	5.1080127	4.208451	4.368324
preserve	5.8381033	4.151366	5.8000913
commerce	5.887216	5.1009884	6.865432
plant	4.790169	4.138915	4.5736237
walk	5.9009175	4.2980623	4.617527
difference	5.0685234	4.619041	5.056087
hang	4.0366526	4.8547416	4.2456694
following	7.3062105	3.6756706	5.9504766
employ	4.3649917	4.8742886	5.798381
