deal	5.3804097	4.732518	5.8053484
study	7.40166	4.0786257	6.695799
afford	5.9929075	5.441013	5.7822857
service	5.761787	4.5063324	5.7525597
height	4.9298334	5.341638	5.3629684
prospect	7.0120687	5.098946	5.6073465
pleasant	7.594819	4.259617	4.9699707
shade	4.1983633	4.143606	3.421054
listen	5.333535	5.6754603	4.709079
mighty	6.079586	5.4301558	6.778116
country	4.9955263	4.64191	5.444619
title	6.606837	4.2516413	6.599332
choose	5.4526772	4.5052495	4.4577956
village	6.1515	4.827475	5.3604627
acquire	7.5693216	5.1324553	8.062363
rank	5.317075	5.5905657	5.624502
bow	5.7888455	4.413094	5.118767
doctor	5.4640217	4.42918	5.2780504
talent	8.007172	5.8779044	7.733227
source	6.30109	4.7538195	5.4397993
lead	5.0692515	5.6924515	5.1702065
question	5.942982	4.6543183	5.751514
publish	5.885162	4.9747972	5.757863
interest	6.1890836	5.387721	5.3298807
serve	4.562605	3.9701471	4.957928
divine	7.425937	4.6427073	7.1980586
put	4.837498	4.6670017	3.8898604
shadow	4.2646217	3.5393765	3.6454594
practical	6.573901	4.496594	6.448514
surface	4.3450613	3.2652705	4.018887
account	5.343835	4.905059	5.7088537
loss	2.3996856	5.425774	3.25424
indian	4.01091	5.2567315	4.804547
vine	6.358276	3.9566927	5.530449
certain	5.448693	5.391208	5.5450635
sin	2.9134934	5.250366	4.4235663
necessity	4.118174	5.049682	4.9546704
lose	3.9597914	4.927524	3.9463243
private	4.6681614	4.4775953	5.206492
gentleman	6.3633327	4.923098	5.7363367
daughter	5.6959586	4.884282	5.8329983
drive	3.4765983	6.821872	4.8652368
strange	4.576818	5.6968637	4.323531
journey	5.6863265	3.6692991	4.348878
uncle	7.0149546	3.339791	5.3711395
species	5.398225	5.5064063	5.451732
think	6.2451506	4.681594	5.0037627
bed	5.4805527	2.5894897	3.2956586
wind	4.6383095	4.912271	4.699681
bless	8.178005	4.329528	6.4389043
destroy	3.082253	6.707366	5.0567
author	6.095867	4.4874105	5.163543
sustain	4.8248186	5.181716	5.781407
black	3.43075	5.170707	4.1761713
event	5.4493165	5.9095416	6.29661
liberty	7.1320834	5.6031475	6.871874
negro	3.9989305	5.372677	4.457816
little	4.9188204	3.7937696	2.6270702
fortune	5.9603786	4.5886645	5.8388643
touch	5.5881724	4.7615094	4.6386847
kill	3.7777867	5.9100447	4.8964386
feature	5.3315916	4.2905517	5.2135534
happiness	7.668346	5.3711395	5.9691195
assume	3.7465806	4.8442764	4.834674
notion	5.7888083	4.328771	5.069541
purchase	7.1424656	3.7794247	6.03553
faithful	6.6993103	4.008772	5.9266376
soldier	4.467345	6.0270634	5.7957363
father	5.50285	5.202637	6.192724
narrow	3.452167	4.0027323	3.2079256
great	5.365204	5.21162	5.7872777
tear	3.2307365	5.3112216	3.2119858
honorable	6.164425	5.675223	6.8663173
previous	4.3866425	4.45161	4.6204886
good	7.069983	4.545325	6.3224196
domestic	4.6141443	3.9612741	3.9846592
glory	7.1852493	5.2635975	6.9514127
lay	4.9370847	4.1219463	3.8911586
occasion	5.134772	5.6472054	5.2090626
guard	4.8198323	5.5637245	6.3289194
whole	5.143458	4.3804913	4.80824
mouth	4.948037	4.788209	4.3804846
receive	6.651618	5.145022	5.7277927
take	5.3552246	5.1324444	4.8746986
simple	6.4357843	4.0280704	4.964608
error	2.6157975	5.523407	3.7650962
wisdom	6.902999	5.119773	7.3977766
rock	4.6616898	4.8396726	4.944468
decide	5.6220527	5.107953	5.7711067
exclaim	5.9329987	6.7796955	6.005442
assure	6.91043	5.171945	6.1679363
sign	5.050282	3.7038007	4.814476
preserve	5.4333563	4.4564085	5.6950684
commerce	6.265658	5.39233	6.624995
plant	5.235856	4.200071	4.6294575
walk	6.1151505	4.341653	4.6012836
difference	4.375919	4.605239	4.7099786
hang	4.525843	4.731657	4.432226
following	6.895439	3.8561602	5.6890483
employ	5.197563	4.8162174	5.752371
