deal	5.380073	4.8110723	5.8217497
study	6.700598	4.786604	6.7172985
afford	6.118535	4.622738	5.6461954
service	7.049617	4.5923924	6.7370567
height	5.101959	5.553562	5.634512
prospect	8.210591	5.2117934	7.0392227
pleasant	7.560993	3.8496094	4.9388595
shade	4.5887933	3.4879801	3.8091028
listen	5.2126074	5.4606743	4.581618
mighty	6.800129	5.465764	7.4635115
country	5.1767645	5.064138	5.972936
title	7.973514	4.31732	7.4079247
choose	5.496865	4.529296	5.12285
village	6.040225	4.2524047	5.4922543
acquire	7.4769464	5.3268566	7.638521
rank	6.232191	5.555384	6.3168545
bow	6.429088	4.596754	5.602864
doctor	5.006129	4.0977583	4.771286
talent	7.8506184	6.2457423	7.6605396
source	6.1024857	4.459476	6.0109887
lead	4.66887	5.0851107	4.8708844
question	4.998431	4.789714	5.85006
publish	5.9219866	5.4691377	5.445554
interest	6.881577	4.7852745	6.0634255
serve	4.9641914	4.0998626	4.3124847
divine	7.7303743	4.353986	6.769809
put	4.6667333	4.860775	4.229653
shadow	4.5952587	3.505507	4.064462
practical	5.980072	4.9346213	6.488232
surface	5.093278	3.044737	4.22575
account	5.351435	4.1281238	5.4379272
loss	3.8615687	4.946454	3.9384413
indian	4.2977643	5.070924	5.142506
vine	7.0755186	3.9824061	5.785328
certain	5.491455	5.1952286	5.584946
sin	2.86616	5.280244	4.049437
necessity	4.798655	5.1495194	5.851046
lose	3.5522408	5.1720657	4.0347753
private	4.73985	4.3104663	5.3330584
gentleman	6.719433	4.017034	5.578651
daughter	5.3622384	4.2162814	5.150913
drive	2.999745	6.8139477	4.367036
strange	5.0275335	5.5763364	4.1882973
journey	6.0240498	4.1444407	4.4634075
uncle	6.163691	3.1933317	5.931304
species	4.9835815	5.471943	4.6515775
think	6.4915085	5.014377	5.109682
bed	4.6523542	2.8862214	2.9351301
wind	4.275156	5.330341	4.531271
bless	8.005019	4.083126	6.001251
destroy	2.7652779	6.4953136	4.850387
author	6.119742	4.792168	5.337018
sustain	5.418396	4.66943	5.8564663
black	3.3710175	4.385807	3.9868436
event	7.2089596	5.2754016	6.79594
liberty	7.3669176	5.7932696	7.4117765
negro	4.408363	4.907058	4.348668
little	4.1328635	4.2808275	3.3715732
fortune	7.1672826	4.8480415	6.6267905
touch	5.579935	4.242134	4.2885876
kill	3.5214078	6.613695	4.9092836
feature	5.4125543	4.046602	5.488352
happiness	8.562187	4.887996	6.765377
assume	4.204929	4.624322	5.226701
notion	5.6616535	4.34856	4.8725815
purchase	7.3221855	4.120663	5.9369764
faithful	6.6644354	3.6390066	5.710543
soldier	5.377376	5.7131386	6.267335
father	5.2453995	4.789745	5.2548704
narrow	3.509785	3.7907343	3.7184343
great	5.887359	5.917191	6.1673894
tear	3.2350368	4.9697547	2.6488926
honorable	6.298137	5.764224	6.7584276
previous	4.4993076	4.3314133	4.350953
good	6.94201	4.8722496	6.4221964
domestic	4.571347	4.2189455	4.2882295
glory	7.857333	5.262011	7.3697133
lay	4.2350636	4.57941	4.4951715
occasion	5.5643177	5.1731834	5.34128
guard	4.370639	4.7173276	5.130227
whole	6.105644	5.0521445	6.210587
mouth	4.363797	4.3552604	4.5366673
receive	6.4057045	4.8270917	5.426852
take	4.294846	5.437043	4.90074
simple	6.3470564	3.6300423	5.491138
error	1.755544	5.755648	3.7680802
wisdom	6.473587	5.07691	7.0043693
rock	4.6019673	4.483123	4.718479
decide	4.7599807	5.0381813	6.160208
exclaim	5.1963115	6.431877	5.1867046
assure	7.0069823	5.4683886	6.100867
sign	5.206169	3.337161	4.750301
preserve	5.26808	4.174666	5.381042
commerce	6.3071456	5.2276144	6.7887964
plant	5.406193	4.1968727	5.0555825
walk	5.852337	4.122444	4.1114044
difference	4.644955	4.7118325	5.107221
hang	4.33321	4.7393556	4.168422
following	6.869013	4.149944	6.079372
employ	4.3183055	5.278989	5.3221664
