deal	5.232197	6.0188956	6.116121
study	6.8982973	4.190186	6.6998873
afford	6.6114936	4.624055	5.8299417
service	6.484762	4.4714823	6.0098777
height	4.4521046	5.0796905	4.9219513
prospect	7.111309	5.273956	6.0697722
pleasant	7.760429	4.2258215	5.133356
shade	4.3453465	3.7730508	3.4561992
listen	5.520561	5.3740473	5.128009
mighty	6.333604	5.568656	7.317398
country	6.0707912	4.5680375	6.178986
title	6.7790656	4.286296	6.606
choose	5.616125	4.4142637	4.7914805
village	6.642009	5.009926	5.897008
acquire	7.303671	5.6559396	7.7964997
rank	5.623502	4.9404135	5.327133
bow	6.0399723	4.65829	5.554154
doctor	5.4516683	3.693362	5.153345
talent	7.305777	6.1547127	7.3778386
source	6.504331	5.000621	5.8411064
lead	5.3195066	5.44027	5.2581806
question	5.507118	3.5990164	5.296923
publish	5.188762	5.177557	5.594672
interest	6.8073325	4.9850845	6.4038835
serve	5.3067636	3.6072357	4.332454
divine	7.335202	3.8421118	6.8232994
put	5.1878557	4.64658	4.0751133
shadow	4.3998394	3.281447	3.7433908
practical	6.0641828	4.113859	6.365039
surface	5.0699573	2.9665165	3.9557967
account	5.3769927	4.5155487	5.378442
loss	3.427533	5.0528984	3.6564813
indian	4.217695	4.8953514	4.971862
vine	6.8519835	3.9395506	5.636548
certain	5.4848084	5.2707896	5.943486
sin	2.944118	5.589576	4.4928756
necessity	4.525856	5.0486445	5.4750667
lose	3.6475103	5.2278996	4.1647053
private	4.256153	4.185749	4.3742676
gentleman	6.7295556	4.292113	5.682151
daughter	6.155522	4.110548	5.609996
drive	3.428871	6.8426332	4.6488013
strange	4.3088036	5.0802712	4.716491
journey	6.3103256	4.613205	5.3401566
uncle	6.62495	4.416849	5.263523
species	5.8392324	5.494411	6.189192
think	5.833871	4.9373436	5.1785216
bed	5.010855	3.2234886	2.9658175
wind	4.709419	4.6684895	4.2156744
bless	7.578941	4.1156783	6.277652
destroy	3.3900185	6.614543	5.162761
author	5.5544863	5.0304084	5.551924
sustain	5.269864	5.0425777	5.9002085
black	3.5462475	4.4218984	4.18775
event	6.6384096	5.1914787	7.017756
liberty	7.1622705	5.235187	6.6501007
negro	3.974863	5.281664	4.368276
little	4.456222	3.761434	3.0565
fortune	6.5639925	5.1129465	6.028138
touch	5.8917046	4.403084	4.694877
kill	4.2470994	6.8123875	5.2036214
feature	5.82088	4.0219455	5.612966
happiness	8.273472	4.8425083	5.941186
assume	4.1738477	4.830689	4.9333005
notion	5.617776	4.128458	4.9924083
purchase	6.7732306	4.606056	5.809135
faithful	6.56871	3.9542935	6.2475033
soldier	4.3064137	5.248969	5.6687145
father	6.086271	4.387108	5.8616586
narrow	2.4615955	4.4144726	3.2069862
great	5.967837	5.7200184	6.659105
tear	3.475043	4.216335	2.5586832
honorable	6.0396414	5.461877	6.1446724
previous	4.337013	4.2936296	4.5808907
good	7.080809	4.335199	6.709355
domestic	5.0129128	2.6720204	3.5286238
glory	7.1264496	5.303907	6.81909
lay	4.689887	4.319478	3.813129
occasion	5.559879	4.854697	5.148878
guard	5.035144	4.16772	5.5540442
whole	5.2709904	4.466928	5.4728518
mouth	4.294929	5.445767	4.826215
receive	6.9952044	4.733021	5.7817407
take	4.8714504	5.0141306	4.726143
simple	5.979017	4.3228273	5.306799
error	2.3355913	5.2070174	3.6484282
wisdom	6.6834445	4.510454	7.300907
rock	5.105714	5.0332036	5.301024
decide	5.4427834	5.2900686	6.204647
exclaim	5.8401804	6.1311507	5.726515
assure	7.0824842	5.534731	6.4359255
sign	5.050663	4.2487144	4.8754086
preserve	5.9344463	3.7005284	5.610826
commerce	6.405132	5.0387745	6.837964
plant	4.9954515	4.3090277	4.826719
walk	5.7532825	4.582445	4.3926554
difference	4.851142	3.961537	4.543411
hang	4.3884134	4.4440317	3.8563523
following	6.296132	3.794075	5.481197
employ	4.5923033	4.94419	5.2598224
