deal	5.2553973	5.661155	5.9378386
study	6.1853886	4.2359314	6.7897644
afford	6.1113186	4.993272	5.4266176
service	6.4131103	4.8757906	5.815268
height	5.4139004	4.8142986	5.6995096
prospect	7.338814	5.4420214	6.3553934
pleasant	6.9852457	3.9559083	4.4157114
shade	4.7147756	3.5044963	3.36931
listen	5.097828	5.786355	4.907391
mighty	5.7895193	5.5761123	7.2297063
country	5.1098185	4.712005	5.8585615
title	6.848218	4.5650415	6.588803
choose	5.8105054	4.4793444	5.2820334
village	6.1316385	5.0948706	5.866132
acquire	7.609612	5.790562	8.217981
rank	5.5882454	5.268533	5.8974156
bow	5.9771457	4.144664	5.054567
doctor	4.2626324	4.628387	4.8776627
talent	7.734043	5.9198728	7.9866734
source	6.155994	4.639829	5.088258
lead	5.40888	5.7247066	5.587761
question	4.521219	4.74811	5.5994816
publish	5.522251	5.1380444	5.406112
interest	5.9259777	4.993104	6.1583347
serve	4.845475	3.955319	4.063818
divine	7.991111	3.9992766	7.003049
put	5.7843304	4.5962896	4.8414025
shadow	4.130041	3.2571733	3.9429502
practical	6.0478754	4.3115873	6.4399843
surface	4.5786695	3.080769	3.8730953
account	5.4888353	5.026346	5.592163
loss	3.7380629	6.08675	4.031387
indian	4.982602	4.917581	5.5347934
vine	5.836612	3.5198417	4.664934
certain	4.394261	4.99713	5.2279673
sin	2.9339788	5.116778	4.256774
necessity	4.3675876	5.1836224	5.4748993
lose	5.248628	6.115375	5.5103865
private	4.695657	4.5390844	4.7310925
gentleman	6.576969	3.8428245	5.6396704
daughter	5.8319435	4.7742605	5.4821677
drive	3.2751493	6.9172606	4.702646
strange	4.098	5.4942064	4.1866817
journey	6.0496006	4.2841997	4.8346186
uncle	7.225085	3.7722101	6.1559873
species	5.019265	4.8889503	5.125118
think	6.131119	4.704729	5.4459295
bed	4.7784996	3.3276317	3.1120045
wind	4.6020064	5.1855197	4.4697266
bless	8.071449	4.1512694	6.3102016
destroy	3.4030666	6.5821013	5.3386364
author	5.7203364	4.4609413	5.3101716
sustain	5.548798	5.304143	6.106431
black	3.884086	5.420333	4.458192
event	6.7074594	5.842559	7.4208145
liberty	7.461548	6.0013113	7.4245834
negro	4.008609	4.8287487	4.6254106
little	3.8666031	4.4521966	3.4231634
fortune	6.662683	5.2262206	6.4090223
touch	5.311163	4.291931	4.3522873
kill	3.7801135	6.514649	5.0222225
feature	5.511707	3.7845492	5.3003516
happiness	8.1346245	4.7341385	6.1073103
assume	3.7945232	4.620862	4.404638
notion	5.575318	4.419007	5.2213354
purchase	6.7145267	4.28975	5.8222084
faithful	6.9363346	4.18713	6.2421103
soldier	4.49643	6.402216	6.0746326
father	5.780047	4.5425076	5.7243447
narrow	2.6562095	4.3992586	3.6355133
great	4.44282	6.0690546	5.4978657
tear	3.2108643	4.282766	2.2586336
honorable	5.833104	5.4773536	5.836393
previous	4.766129	4.414845	4.4421277
good	6.5531964	4.1434965	6.3054376
domestic	4.536301	3.533861	3.820357
glory	7.7439523	5.6185412	7.519159
lay	4.424023	4.0190706	4.177267
occasion	4.8680835	5.705021	5.024508
guard	5.2106333	5.2419252	6.174931
whole	5.0440598	4.661549	5.495634
mouth	5.6093187	4.543763	4.860044
receive	6.9046607	4.832061	5.415256
take	5.057574	5.5114245	5.032473
simple	6.2580724	3.8669703	5.261819
error	2.8271554	5.5480046	4.220328
wisdom	7.395583	4.505719	7.6102595
rock	4.772505	4.7486906	5.1405296
decide	5.354723	5.498519	6.464738
exclaim	5.651625	5.738698	5.8452244
assure	7.263729	5.013142	6.2296076
sign	5.085728	3.9044137	4.6395845
preserve	6.552627	4.2361355	5.956162
commerce	6.2152414	4.9307513	6.4375257
plant	4.6869326	3.745144	3.8441625
walk	6.257929	4.638527	4.927837
difference	4.770836	4.743753	5.022753
hang	3.397644	4.766363	3.7543888
following	6.456664	3.6383047	5.2840104
employ	4.823744	5.01284	5.2429667
