deal	5.5359774	5.513036	5.9016876
study	7.534024	4.3941803	7.2405205
afford	6.600856	5.299734	6.2462416
service	6.891676	4.6364512	6.7665157
height	5.39193	5.532143	6.353922
prospect	7.077739	5.8193507	6.887974
pleasant	7.418371	3.961042	4.9168825
shade	4.442046	3.8846762	3.359084
listen	5.3356895	5.159383	4.5140953
mighty	6.1335893	5.220076	6.9202065
country	5.6844645	4.572214	5.7751265
title	6.5566196	4.100687	5.80631
choose	5.2368784	4.5949745	5.337168
village	6.54364	5.0268536	5.7150745
acquire	7.414477	5.933862	8.135396
rank	5.34869	5.140187	5.7675953
bow	6.0485063	4.5079894	5.43984
doctor	5.1621733	4.4062653	5.8709197
talent	7.7741957	6.3671303	7.8709836
source	6.734065	4.958638	6.0102077
lead	5.2344728	5.2628627	5.839072
question	4.218448	4.6892405	5.024538
publish	5.4562974	5.195353	5.210744
interest	6.9489455	4.8723617	6.1969833
serve	5.372135	3.4436107	4.4441476
divine	7.5279474	4.179209	6.8096247
put	4.8476076	4.269911	4.341145
shadow	4.1027026	3.6965957	3.9881284
practical	6.2014337	4.6332436	6.735616
surface	4.7885137	3.255687	4.557676
account	5.197976	4.486701	5.243561
loss	3.673335	5.636146	4.152359
indian	5.06747	5.0906363	5.302165
vine	6.6058636	4.237103	6.2443676
certain	5.8049965	5.0440106	5.8671236
sin	3.5562348	5.1816187	4.4711018
necessity	4.697322	5.13093	6.0196896
lose	4.2785044	5.870039	4.881948
private	4.3345194	4.3113775	4.873407
gentleman	5.8482447	4.2663164	5.49357
daughter	5.6859593	4.9802012	5.6013002
drive	3.5275562	6.7985754	4.9218693
strange	4.5942183	5.288413	3.9565735
journey	5.8261523	4.1798215	4.4834576
uncle	7.6096416	3.8688781	5.714695
species	6.1200905	4.6285048	5.4037237
think	5.6207633	4.4395723	4.7180724
bed	5.275702	2.439905	3.4783616
wind	4.9937105	5.0124497	4.73325
bless	8.40697	4.32959	6.731202
destroy	3.2643523	6.9018364	5.1129427
author	5.332796	4.4956465	4.98219
sustain	5.5132627	4.8462644	6.1827416
black	3.0614548	5.0263305	4.3047647
event	6.5570655	5.5234156	7.014561
liberty	6.8240857	6.100129	7.7968283
negro	3.477666	5.1235337	4.22824
little	5.051573	3.6008303	3.5169523
fortune	6.354982	5.0084367	5.7386637
touch	5.5915856	4.3341475	4.493478
kill	3.7455413	6.4933987	4.995472
feature	5.754182	3.9192135	5.124892
happiness	8.113722	4.850888	6.416732
assume	3.8592935	4.738535	4.1015697
notion	5.5997972	4.399394	5.0689287
purchase	6.838362	4.3401318	5.3257685
faithful	6.434434	3.8932743	6.1445856
soldier	4.5111117	5.6661797	6.000255
father	6.0671644	5.0705767	5.833379
narrow	2.74502	4.0399384	3.564126
great	5.2024407	5.3048873	6.189419
tear	3.5146093	4.6028533	3.0658185
honorable	5.5805054	5.5621634	6.840666
previous	4.304901	4.2720604	4.1701183
good	7.1056566	3.9881575	6.553363
domestic	4.9511127	3.7054825	4.054727
glory	7.740507	5.184367	7.19645
lay	4.505471	4.22851	3.9726188
occasion	5.1464643	4.541457	5.1689076
guard	4.6986656	5.669355	6.0279007
whole	5.4595757	4.7999487	5.58795
mouth	5.07829	4.006127	4.094998
receive	7.0485964	4.760408	5.8941393
take	5.0795736	5.4679527	5.1811686
simple	6.627186	3.90376	5.5986977
error	2.4516728	5.6150255	4.2336774
wisdom	7.311727	4.8710775	7.5451856
rock	5.0735793	4.9737396	5.539317
decide	4.838479	5.358099	6.0661926
exclaim	6.3778577	6.263496	5.4819374
assure	7.6730213	5.435039	6.5067816
sign	4.8246346	4.1487646	4.595451
preserve	6.278225	4.235369	6.6337614
commerce	6.8801994	5.4065266	6.757124
plant	4.828375	4.4140773	4.88235
walk	5.180956	4.45434	3.7681823
difference	5.278842	4.7905326	4.9982
hang	4.380737	4.426814	4.1959505
following	6.9784813	3.6626985	5.984979
employ	5.6654925	5.0695763	5.3191366
