deal	5.0053244	4.586386	5.3848968
study	6.5936413	4.1377444	6.048499
afford	6.496127	4.979138	6.217121
service	6.5259027	4.302759	6.2097836
height	6.0200663	4.998023	6.198775
prospect	7.6260543	5.0102887	6.1937876
pleasant	7.6555977	4.0219173	4.828267
shade	4.9256883	3.732997	3.9151597
listen	5.2289147	5.7416105	4.7142735
mighty	6.2670426	5.52495	7.0045786
country	5.249395	4.4435835	5.4473352
title	7.686141	4.5058084	6.4572783
choose	5.3053064	4.413581	5.1379757
village	6.494138	4.85623	5.8059072
acquire	7.54972	5.360748	7.6490707
rank	6.229521	5.3045497	6.3665957
bow	5.54174	4.4125786	4.9477043
doctor	4.3780146	4.3586473	4.8562856
talent	8.431215	5.884365	8.102987
source	6.519126	4.440038	5.689811
lead	5.214491	4.997558	5.0420976
question	4.413074	4.59217	5.2003145
publish	5.723829	5.5523615	5.458102
interest	6.517511	5.5455375	6.1858
serve	5.260083	4.0042677	4.9891977
divine	7.914654	4.278225	6.7887373
put	4.3736396	5.090581	3.8294408
shadow	5.003242	3.4806585	4.1813602
practical	6.32481	4.4872627	6.513592
surface	4.9426317	3.1295438	3.7565203
account	5.7548714	4.6882977	5.392048
loss	3.8472695	5.30948	4.4078784
indian	5.1855493	5.452142	5.175761
vine	6.4376373	3.6394475	5.181917
certain	4.8763733	5.335805	5.2829337
sin	3.481933	5.417504	4.7091346
necessity	4.6604986	5.0155053	5.410713
lose	3.947647	6.0662737	4.261045
private	4.3708944	4.2943254	4.7876344
gentleman	7.0206566	4.5145073	5.5554914
daughter	5.8717723	4.6317816	5.505516
drive	3.3584433	6.4453964	4.621112
strange	4.3247523	5.4568586	3.6751413
journey	6.541978	4.2816076	4.5331883
uncle	6.427966	3.9576964	5.467317
species	5.6414194	5.2256713	5.1121874
think	5.619576	4.282067	4.6844893
bed	4.430585	2.8859262	2.8663282
wind	4.310168	4.3132296	3.9976397
bless	8.368494	4.5534353	6.318595
destroy	2.9880645	6.7180505	5.0061545
author	6.269489	4.833489	5.2378674
sustain	5.60491	4.978324	6.1077237
black	3.953969	5.22138	4.3654146
event	6.396487	5.8126817	6.414795
liberty	7.3932505	5.761038	7.271464
negro	3.8282824	5.6381693	3.5408568
little	3.8944592	3.8393772	2.8880706
fortune	6.7962437	4.6181884	5.8960896
touch	5.668857	4.4727407	4.5032415
kill	3.1081767	6.7616754	5.0956144
feature	5.6092567	3.8297787	5.220012
happiness	8.723181	4.5459037	6.308927
assume	4.6932745	4.80934	5.080971
notion	6.141046	4.015016	5.082024
purchase	6.838641	4.3441763	5.5662045
faithful	6.5290976	4.0896254	6.0918603
soldier	4.6907916	5.4969134	5.7419434
father	6.059639	5.042691	6.151261
narrow	2.6369593	4.3901443	3.2816422
great	5.443925	5.6002865	6.4114723
tear	3.3086238	4.7082744	2.9870057
honorable	6.467287	5.3043537	6.749523
previous	4.39049	4.879596	4.6873813
good	6.910354	4.0167456	6.0132823
domestic	5.0360546	3.55269	4.0612493
glory	7.8101344	5.184196	7.143632
lay	4.3067584	4.7570395	4.2984715
occasion	5.64322	5.187835	5.317264
guard	5.163178	4.826903	6.1421475
whole	4.872881	5.1902337	4.9788637
mouth	5.3515306	4.4859486	4.457365
receive	6.633792	4.6255903	5.790572
take	4.424082	5.164633	4.8416204
simple	6.2326326	4.152731	5.792901
error	2.59838	5.2228513	4.065439
wisdom	7.7839518	4.6902113	7.411292
rock	5.500657	4.65615	5.690676
decide	5.021547	5.1454	6.0497155
exclaim	5.670183	6.150546	5.53776
assure	7.125271	5.3817267	6.122368
sign	5.491567	3.8475318	5.095406
preserve	5.474546	3.765825	5.460516
commerce	6.5691886	5.298974	6.7575994
plant	4.77857	4.171446	4.7757883
walk	5.9922132	4.5883207	4.548362
difference	5.140672	4.4401703	5.2943163
hang	4.075209	3.9165964	4.26185
following	6.746894	4.1518297	5.4589996
employ	4.7194276	5.141049	5.38978
