deal	5.814844	4.961529	5.897312
study	7.4803314	4.119437	6.806666
afford	6.8819504	4.703281	6.0594893
service	6.757415	4.8076706	6.111227
height	5.171648	5.4612346	5.656752
prospect	8.032003	5.5109725	6.9235024
pleasant	7.574122	3.6070392	4.5386853
shade	4.7736473	3.1341915	3.3253868
listen	5.3129478	4.8344846	4.6945086
mighty	6.0300956	5.4819293	7.1340537
country	5.1213512	4.3319364	5.886854
title	6.9212837	4.3007574	6.424572
choose	5.202733	4.571073	5.3846703
village	6.35905	4.4802585	5.5106826
acquire	7.6248226	5.304051	7.539532
rank	6.125599	5.7207017	6.40018
bow	5.932516	3.7702184	5.253319
doctor	5.3739653	3.8693404	5.0738664
talent	8.2786	6.238278	7.8282127
source	6.9551516	5.080909	6.3804846
lead	4.999274	5.3161573	5.2701864
question	4.996894	4.529249	5.6893005
publish	5.620555	4.5634265	5.393061
interest	6.6234617	5.001573	5.998062
serve	5.252678	3.7059224	4.766121
divine	7.745244	4.85958	7.5423956
put	4.85888	5.353827	4.571823
shadow	4.3813624	3.3735552	3.6131961
practical	6.318117	4.420254	6.2732487
surface	4.975804	2.9983063	3.9486878
account	5.029292	4.4632664	5.2242966
loss	4.3556995	5.007243	3.892809
indian	4.3985057	4.9214892	4.9534855
vine	6.9042997	3.4161787	5.4893036
certain	4.6710963	5.3487115	5.5372324
sin	3.6694582	5.0646605	4.8526573
necessity	4.0369782	5.274209	5.8266068
lose	4.5187263	5.162004	4.725223
private	4.446154	4.4646893	4.9082284
gentleman	5.7582145	4.5668936	5.115225
daughter	5.777712	4.516905	5.535838
drive	3.6625447	6.6778073	4.835815
strange	3.6431785	5.23479	3.9239476
journey	6.0523176	3.978068	4.6690106
uncle	5.694808	4.2660465	5.529483
species	4.638154	5.78254	5.2065907
think	5.712512	4.7160463	4.9112697
bed	4.8621325	3.771714	3.2852
wind	4.994628	4.371536	4.196917
bless	8.81329	4.222088	6.487794
destroy	2.9134483	6.3988123	4.7548
author	5.899476	4.475728	5.2591624
sustain	5.367962	5.3322268	6.4003115
black	4.0919905	4.8817635	4.488018
event	6.0566216	5.8527393	6.60431
liberty	7.076414	5.674816	7.067531
negro	4.2497473	5.2450204	4.6334133
little	4.413645	4.263498	3.206487
fortune	6.275366	4.8563175	6.021244
touch	5.8883724	4.2704883	4.1380153
kill	3.5919523	6.1767745	4.2771893
feature	5.1089487	4.0527353	4.8769355
happiness	8.122494	4.692822	6.491968
assume	4.3779345	5.1316314	5.4207134
notion	5.4468503	4.3929477	5.329992
purchase	6.357469	4.555591	5.475873
faithful	6.982808	4.090756	6.2784553
soldier	4.1838183	5.808687	5.2832546
father	5.7395754	4.7580385	5.5243196
narrow	3.0429935	4.1397285	3.1846683
great	6.3467484	4.9758673	6.1826153
tear	4.120084	5.039492	3.3811302
honorable	5.949835	5.3559856	6.2803254
previous	4.265709	5.4605827	4.7303953
good	7.9971123	3.862137	6.3474855
domestic	4.1094227	3.6561165	4.1326203
glory	7.7843018	5.121108	7.4276447
lay	4.550227	4.6947017	4.435781
occasion	5.061138	5.6036215	5.3248606
guard	5.1971445	4.9009523	6.1061273
whole	5.8732605	5.165373	5.975436
mouth	4.6974583	4.7035265	4.27237
receive	6.82834	4.888416	5.706857
take	5.1521244	5.206772	5.4236007
simple	6.303747	3.982778	5.272168
error	3.0078588	5.2439375	3.7930741
wisdom	7.251728	4.7861805	7.253908
rock	4.907024	4.6400905	5.261648
decide	4.5112896	5.347111	5.91433
exclaim	6.2705035	6.2545357	6.0959406
assure	7.814069	5.0583487	6.3811474
sign	4.815986	4.381049	4.6637487
preserve	5.9511375	3.6570692	6.0573587
commerce	6.3289065	4.7971454	6.7848334
plant	5.1639423	4.0694423	4.7884545
walk	6.0289598	4.654594	4.5097723
difference	4.648422	4.891012	5.0623665
hang	4.5447702	4.2881694	3.9367387
following	7.066772	3.5719032	5.4210043
employ	4.4011517	5.114871	5.45819
