deal	5.812312	4.837232	6.1214495
study	6.5189877	3.8349285	6.3302016
afford	6.3061066	5.040372	6.0193253
service	6.7688694	4.4942837	6.2276993
height	5.149144	4.9895244	5.3534026
prospect	7.8823705	5.024169	6.348673
pleasant	7.5813627	4.1724567	5.136805
shade	4.3217034	4.226693	3.587725
listen	5.0846233	5.544924	4.827887
mighty	6.2369795	5.7973957	7.2062097
country	5.864503	4.354186	5.8910193
title	7.410081	4.601781	6.9713383
choose	5.2140136	4.4231586	4.738055
village	6.54457	4.566507	5.745598
acquire	7.186043	5.081712	7.461948
rank	5.4558783	5.53729	5.7608147
bow	5.8373756	4.8356915	4.946761
doctor	4.9595675	4.558664	5.262634
talent	8.252363	5.7685685	7.656036
source	6.728903	4.216598	5.5697203
lead	4.510853	5.444098	5.14603
question	5.251013	4.3632803	5.5473433
publish	5.9979506	4.991724	5.9649124
interest	5.8956785	5.19526	5.844354
serve	5.2102523	4.284154	5.243017
divine	7.6525574	4.451201	7.0280156
put	4.6093426	4.7346	3.8935356
shadow	4.1101055	3.5501304	3.7328935
practical	6.084791	4.3868804	6.319169
surface	4.8475556	2.860205	3.8942783
account	5.2751293	4.821588	5.244382
loss	3.504549	5.320631	3.3225682
indian	4.740987	4.664239	5.0822353
vine	7.1815805	4.2566	5.746166
certain	5.6009765	5.0298	5.9833236
sin	2.96156	4.988816	3.9715369
necessity	4.6617403	4.9251976	5.662118
lose	3.6537175	5.3022175	3.538701
private	4.097063	4.782835	4.553099
gentleman	6.816187	4.4054074	6.0461025
daughter	5.717034	4.4412985	4.955927
drive	2.1804924	6.850355	3.9199283
strange	4.293785	5.4335046	4.0728507
journey	5.6617727	3.9760873	4.3887615
uncle	5.5659986	3.0746212	3.920366
species	5.8895507	5.461053	5.392896
think	6.027259	4.590345	4.7196608
bed	5.3185787	3.0253773	3.2226977
wind	4.3575416	4.6190915	3.849598
bless	8.741013	4.1387606	6.2686615
destroy	3.3246028	6.933543	5.2437515
author	5.9817734	4.268346	5.389683
sustain	5.7909565	5.0832195	6.077303
black	4.088915	4.73016	4.2692256
event	6.524531	5.2408633	6.48144
liberty	7.433034	5.8061986	7.503724
negro	4.2474093	4.8733363	4.827642
little	4.6542406	3.5480156	3.2675319
fortune	7.108753	4.8995876	6.3998423
touch	5.4776535	4.224159	4.402289
kill	3.488121	6.7736206	4.9056854
feature	5.652322	3.5970464	5.0342607
happiness	8.126506	4.687683	5.978859
assume	4.0195317	5.3777986	5.3157635
notion	5.3429837	4.3702106	4.9031687
purchase	7.0165634	4.347165	5.675348
faithful	6.5591393	3.9497666	6.1741858
soldier	4.674986	6.066158	6.497202
father	6.118558	4.0467844	5.960012
narrow	3.3986626	3.86859	3.9090533
great	5.248169	5.542088	5.9038887
tear	3.8059206	5.120346	3.3407536
honorable	6.286028	5.228123	6.185606
previous	4.3411417	4.8535376	4.450588
good	7.361825	3.75688	6.280566
domestic	4.335583	3.594759	3.5499017
glory	7.338943	5.8878126	7.2730465
lay	4.9678464	4.326042	4.3318706
occasion	5.2392077	5.7591324	5.0635777
guard	5.2210455	5.2903805	6.270624
whole	5.4229865	4.24069	5.637901
mouth	5.1672974	4.30956	4.361409
receive	6.3475037	5.176278	5.393161
take	4.0930862	5.1195035	4.4578066
simple	6.1072803	3.9022446	5.358982
error	2.6048708	5.2708864	4.3741355
wisdom	7.1249228	4.364108	6.801449
rock	5.27774	4.879231	5.1432347
decide	4.7424984	5.3123155	5.8867493
exclaim	6.1388364	6.154598	6.442829
assure	7.499645	5.021073	6.03671
sign	5.097158	3.77559	4.7095904
preserve	6.091964	4.009369	5.8357863
commerce	6.4327097	4.7744284	6.7966857
plant	5.0904446	4.529535	4.942007
walk	5.7736297	4.67867	4.639529
difference	5.1832285	4.520877	5.172306
hang	4.564979	4.5583878	4.0708933
following	6.650128	3.8259473	5.744626
employ	4.6488934	4.7713947	5.2688756
