deal	5.0590444	5.032309	5.2567005
study	6.793031	4.292637	6.5055823
afford	6.599084	5.1812363	6.0146084
service	6.634756	4.6633253	6.5507936
height	4.9422293	5.629685	5.517581
prospect	7.444666	5.363891	6.219365
pleasant	7.0534787	3.9879224	4.560269
shade	4.5168853	3.6326935	3.2432232
listen	5.2486176	5.277095	4.6539884
mighty	6.0937805	5.3418117	6.6368504
country	5.643383	3.9326396	5.5237985
title	7.28841	4.718528	6.9065866
choose	5.096763	4.625926	4.930447
village	6.769207	4.916688	5.814604
acquire	7.3159165	5.386611	7.783903
rank	6.040409	5.357095	6.080759
bow	6.062955	4.4814754	5.00291
doctor	5.492884	4.0325737	4.8668737
talent	7.516885	6.045984	7.4969745
source	6.88332	4.808363	5.717763
lead	5.0854588	5.161294	5.090352
question	5.2876225	3.559811	5.047484
publish	6.0074387	4.2904425	4.8347616
interest	6.842613	5.196564	6.4824905
serve	4.9831862	4.2074175	4.811227
divine	8.078401	4.2025433	7.325057
put	5.093569	4.533524	4.1056147
shadow	4.3922725	3.701365	4.0002065
practical	5.933726	4.2037582	5.9188766
surface	5.006299	3.1312382	4.0427217
account	5.2572002	5.0857067	5.428441
loss	4.481512	5.775539	4.395019
indian	5.0376873	4.609687	4.969518
vine	6.6723776	3.9280443	5.4976306
certain	4.707605	5.3442483	5.518693
sin	3.145801	5.1350665	4.2361245
necessity	4.1404514	5.6521	5.5769596
lose	4.1601996	5.581424	4.231963
private	4.481232	4.463612	5.146615
gentleman	6.225356	4.584529	4.999597
daughter	6.1743956	4.6248536	5.375027
drive	3.4209425	6.831789	4.701149
strange	3.9638946	5.356174	4.085182
journey	5.686257	3.9414902	4.2441797
uncle	7.2067456	4.1581907	5.6724477
species	4.701877	5.6280746	5.1068544
think	6.180043	4.593087	5.269137
bed	5.1458383	2.4739177	3.213367
wind	4.087816	5.1046557	4.194886
bless	8.452293	3.5842743	5.716548
destroy	2.9590483	6.891681	4.7479215
author	6.5087986	4.286645	5.1581287
sustain	5.5782294	5.3140206	6.077242
black	4.113697	5.2944126	4.5620723
event	6.9969893	5.4350357	6.8893595
liberty	8.183757	5.9505024	7.4888144
negro	4.568249	5.2861834	4.7884502
little	4.880678	3.7590144	3.6302114
fortune	6.568163	5.5104938	6.322737
touch	5.833428	4.282015	4.698843
kill	4.155672	6.241358	4.7994556
feature	5.3665614	3.706163	5.1329145
happiness	8.383784	5.141799	5.9991207
assume	4.0838995	5.345916	5.3267183
notion	5.7202053	4.2023873	4.957952
purchase	6.918948	4.240205	6.1180267
faithful	6.885411	3.8452642	6.4297953
soldier	5.0292788	6.191151	6.4194736
father	6.239339	4.4964323	5.8661723
narrow	2.972109	3.4210477	3.045061
great	4.934338	5.012305	5.366745
tear	3.887844	4.7215924	3.2726834
honorable	5.989089	5.1848865	6.3483515
previous	4.364239	4.7058434	4.7587757
good	7.1790214	4.0317736	5.9259768
domestic	4.75337	3.7060552	4.1469502
glory	8.050837	5.3433394	7.2229743
lay	4.937692	4.201353	3.8394463
occasion	4.924103	5.14971	4.9799566
guard	4.889433	5.0154905	6.4329457
whole	6.0915804	4.976673	5.936094
mouth	5.1343684	4.04737	4.7225914
receive	6.6252933	5.103508	5.7672005
take	4.8140187	4.9907894	5.097907
simple	6.6289177	4.175968	5.891214
error	2.7383857	5.272708	4.0946255
wisdom	6.6560826	4.4381595	7.0141277
rock	5.105717	4.7988977	5.118306
decide	4.880994	5.104682	5.7294254
exclaim	6.1054907	5.9262824	5.420966
assure	7.5477333	4.8724875	6.102482
sign	4.9215508	4.1352954	4.890271
preserve	6.171171	3.9047801	5.5722275
commerce	6.135462	4.767299	6.117644
plant	4.9359922	3.9298108	4.6335435
walk	5.6989603	4.790382	4.159986
difference	4.395677	4.8270016	4.702316
hang	4.438588	4.367619	3.8758607
following	6.934777	4.2875547	5.968542
employ	3.9961457	4.9427037	5.4540634
