deal	4.908306	5.9158254	5.7176285
study	7.142294	4.4271784	6.577467
afford	6.802367	4.4501076	5.914262
service	6.5988674	4.675106	5.8393207
height	5.3948326	5.297904	5.7360344
prospect	7.8874283	5.425513	6.9067373
pleasant	7.3342056	4.3272085	4.8671455
shade	4.5182424	4.1406217	3.5440629
listen	5.377776	4.803149	4.786243
mighty	5.9405403	5.5888276	7.094432
country	5.232209	5.28124	5.516882
title	7.761344	4.036086	6.863608
choose	4.970604	4.4696727	4.7271585
village	6.076951	5.158518	5.4782395
acquire	8.026066	5.4391	7.751341
rank	5.783796	5.056188	6.1336575
bow	6.104367	4.18909	5.471428
doctor	4.7403016	4.364608	5.2484183
talent	8.059097	5.738227	7.5043077
source	6.157218	4.775505	5.439861
lead	5.228032	5.6296177	4.914576
question	4.736507	4.589595	5.573268
publish	5.2990074	4.8857327	5.3820777
interest	6.3473225	4.993883	6.0017242
serve	5.2949476	3.777491	4.2384877
divine	7.946824	4.421966	7.2707562
put	5.45487	4.20201	4.216071
shadow	4.492052	3.5271072	3.858739
practical	5.916881	4.5210857	6.302347
surface	4.90161	3.3246038	4.4225993
account	5.4990263	4.9387355	5.56435
loss	3.849835	5.8247805	4.4281416
indian	4.599262	5.4152045	5.603743
vine	6.9930763	4.5021925	5.967134
certain	5.004459	4.9118185	5.2100925
sin	3.4223793	5.0839343	4.523204
necessity	4.4094806	5.2216144	5.7944274
lose	4.816977	4.839816	4.48021
private	4.206657	4.3121076	4.262195
gentleman	6.5979695	4.1937914	5.9143043
daughter	6.2685194	4.4896975	5.8628607
drive	3.1474957	6.8925633	4.327262
strange	4.225909	5.364693	3.981801
journey	6.0098596	4.2532034	4.3555737
uncle	7.720442	2.8886554	5.195946
species	5.275443	5.4539385	4.8192296
think	5.8871555	5.211873	5.2103124
bed	4.497672	2.9231288	3.4631515
wind	4.592049	4.591725	4.2479067
bless	8.509112	4.0056744	6.571494
destroy	3.2474046	6.2629223	4.849815
author	5.8502774	4.891408	5.6531997
sustain	5.5445375	5.1311274	6.105657
black	3.9536097	4.8617716	4.47363
event	6.286753	5.48382	6.556324
liberty	7.582021	5.7181816	7.5282354
negro	4.78607	5.090513	4.9896355
little	3.797484	3.0996218	2.3946195
fortune	7.2545657	5.1856623	6.4230366
touch	6.0821657	4.11853	5.033966
kill	4.176479	6.738529	5.2424445
feature	5.5018215	4.725505	5.246523
happiness	8.077145	4.8029976	6.1867275
assume	4.360352	4.7184405	4.894589
notion	5.884306	4.379003	5.4844027
purchase	6.8278265	4.813159	5.567004
faithful	6.733571	4.093405	5.9060206
soldier	4.4673314	6.06419	5.941644
father	6.425843	4.4682417	6.210723
narrow	2.827518	4.3288307	3.475408
great	4.700827	5.5195527	5.5602875
tear	3.3628273	5.31604	3.3105125
honorable	6.042576	5.3133636	6.3429046
previous	4.1357903	4.327383	4.2655354
good	6.7178135	4.7638845	6.1967196
domestic	4.869995	3.7328186	3.8040075
glory	7.253927	5.596232	7.4670877
lay	3.9121501	4.304581	3.8024864
occasion	5.2644167	5.468179	5.3662343
guard	4.401536	4.846817	5.714941
whole	5.279496	4.9242973	5.6840196
mouth	5.157959	4.518091	4.585184
receive	6.493515	4.629608	5.1327724
take	3.9823844	5.1926355	4.319954
simple	6.585023	4.0746593	5.565469
error	2.8728547	5.7052016	4.2882743
wisdom	6.75132	5.0119967	7.0088973
rock	4.617573	4.764834	5.2024627
decide	4.5613384	4.981472	5.827012
exclaim	5.52343	6.088217	5.5275807
assure	7.5888615	4.9118953	6.3647394
sign	5.2258596	3.5989525	4.9949713
preserve	5.9700665	3.23889	4.945318
commerce	6.2544384	4.8798013	6.2957954
plant	5.3719893	4.2564025	4.5579176
walk	6.4041934	4.3499613	4.6283436
difference	5.4552546	4.5788083	5.158193
hang	4.23311	3.799192	3.5684228
following	7.12086	3.5298095	5.675727
employ	4.6600695	4.8173523	4.819103
