deal	4.8536634	4.784569	5.330651
study	6.368108	3.670361	6.2752714
afford	6.088287	4.020405	5.8409677
service	6.237791	3.586423	6.003884
height	5.1491585	4.1897984	5.079758
prospect	6.5084357	4.301958	5.965399
pleasant	7.136362	3.9111123	6.4220276
shade	4.979715	3.8042612	5.1381407
listen	5.084218	3.8996422	5.489863
mighty	5.265766	4.3084707	5.559629
country	5.922442	4.05116	5.4800954
title	6.1123233	4.108213	6.5954075
choose	5.010465	3.6942387	5.7705517
village	5.991283	4.177845	5.294505
acquire	6.6338234	4.459019	6.875929
rank	5.2691154	4.045213	5.5066147
bow	5.9451184	3.5191941	5.797083
doctor	5.1784453	3.7285976	4.90939
talent	7.0340257	4.395694	6.915151
source	5.7494984	4.1750255	5.5104713
lead	4.9745207	4.0179167	5.3140364
question	5.0874367	3.8396845	5.620085
publish	5.324409	4.622653	5.9258394
interest	5.456295	3.690333	5.2620273
serve	5.300443	3.5498707	5.694996
divine	6.6928067	3.8632069	5.7871456
put	4.9482975	4.2143493	5.187553
shadow	4.6697087	3.66476	5.0983872
practical	5.7153964	3.7962165	5.9851065
surface	5.0172014	3.262996	5.022081
account	5.3712916	4.0682726	5.190795
loss	4.727088	4.234591	4.4261603
indian	4.6301203	5.1189003	4.951681
vine	6.2642045	3.4878907	5.7321444
certain	4.960264	4.6032696	5.198926
sin	3.7124617	4.6147738	4.2282066
necessity	4.11615	4.172414	4.6774187
lose	4.5898557	4.2201276	5.1159554
private	4.1564374	3.5992122	5.4209
gentleman	6.289069	3.5574923	5.832959
daughter	5.5643163	4.249476	4.7585387
drive	4.491476	4.9316444	4.7243595
strange	4.3321137	4.6766663	4.4720283
journey	6.2485485	3.7329597	5.9761333
uncle	6.2383795	3.3516312	6.257377
species	5.464953	4.8443074	4.797289
think	5.231082	3.986163	5.5492997
bed	5.392439	3.2501004	5.58463
wind	5.0789137	4.040619	5.101649
bless	7.414097	4.1462545	6.311435
destroy	3.2360759	5.1430964	4.2385907
author	5.645798	4.314873	5.349169
sustain	5.2584615	3.945137	5.519328
black	3.4074965	4.183813	3.9508674
event	6.068321	4.4114537	5.198953
liberty	6.906131	5.1164684	6.3577657
negro	4.5384517	4.212495	4.573852
little	5.2841487	4.080616	5.404085
fortune	6.0073767	4.3729744	5.8159485
touch	5.821885	3.8227808	5.4991364
kill	4.4723907	5.2196255	4.5079045
feature	5.35145	4.0841055	5.225586
happiness	6.895217	4.3114805	6.4010854
assume	4.234133	3.8524632	5.05454
notion	5.5765405	4.0783916	5.4464
purchase	6.03177	3.8256454	6.2762113
faithful	6.523381	3.520184	6.490093
soldier	4.3322973	4.316291	4.9535403
father	6.4275084	4.23204	5.197421
narrow	3.5305984	3.5505238	4.5275626
great	5.4241405	4.68632	5.3602843
tear	4.5740924	4.382084	4.5632114
honorable	5.958683	3.930588	5.9884276
previous	4.9321427	4.076582	5.0464945
good	6.388227	4.0803895	6.2774878
domestic	4.5774593	3.8354068	4.8616853
glory	7.058762	4.480955	6.300356
lay	4.1604853	3.534134	5.2246933
occasion	5.3647823	4.2896924	4.765766
guard	4.1856422	4.172226	5.0053654
whole	4.7460685	3.9877572	4.6725316
mouth	4.904059	4.4991693	5.173764
receive	6.794984	3.8586264	6.364265
take	5.0993204	4.2461944	5.3038025
simple	5.8800435	3.501345	5.6543865
error	3.8013594	4.520983	4.332794
wisdom	6.205377	4.190332	6.1796637
rock	5.230585	4.031509	5.1720304
decide	5.0456386	3.8832357	5.7554398
exclaim	5.7918754	4.77984	5.535838
assure	6.7244625	4.3086853	6.4781423
sign	5.430313	4.036839	5.4751377
preserve	5.470903	3.9771006	5.582329
commerce	5.0638986	4.4101663	5.273445
plant	5.2013197	3.866047	5.173712
walk	5.965614	3.718233	5.7248178
difference	5.3434463	4.5876846	5.448087
hang	4.3595996	3.656724	5.0380626
following	6.3883452	3.5194979	5.913533
employ	4.5039625	3.776833	5.738221
