deal	5.1845517	4.1596093	5.862556
study	6.0735855	3.6129665	6.1874523
afford	6.2030225	4.391068	6.0979543
service	6.0757174	4.0775495	5.793333
height	4.935522	4.746488	4.7870784
prospect	6.8561387	4.4254894	5.92619
pleasant	7.0023427	3.7740772	6.271707
shade	4.9812884	3.5211995	5.3580365
listen	5.364504	3.9728363	5.730825
mighty	5.693081	4.377926	5.648907
country	5.804762	3.7334218	5.3034825
title	6.34443	4.013666	6.1098685
choose	5.431394	3.4439793	5.492907
village	6.551044	4.2298927	5.9397573
acquire	6.750514	4.1253014	7.0585794
rank	5.0877194	4.095909	4.976295
bow	5.6418195	3.7209349	5.44593
doctor	5.389202	3.8584702	5.150659
talent	6.673482	4.6459265	6.7543707
source	5.8683214	3.9558914	5.5928874
lead	5.28599	3.977463	5.6926312
question	5.5499086	3.839459	5.31962
publish	4.901185	4.0797005	5.6713758
interest	5.402717	4.2233534	5.464302
serve	4.859146	3.3399477	5.366965
divine	6.3150334	3.8556447	5.5025477
put	5.6876235	3.6811368	5.649014
shadow	4.793994	3.3858829	4.805314
practical	5.5539694	4.119842	6.0134945
surface	5.380358	3.0435061	4.781887
account	5.7791367	4.3451834	5.6102386
loss	4.513752	4.3924966	4.785725
indian	5.2542305	4.6597047	5.722596
vine	5.9684424	3.729513	5.2010717
certain	5.0275025	4.5073977	5.311031
sin	3.5049915	4.334819	4.3614817
necessity	4.462858	4.0694957	4.8191686
lose	5.1914034	4.041794	5.6772985
private	4.082643	3.9187238	5.216405
gentleman	5.619019	3.3934722	5.2400103
daughter	5.420607	4.622108	4.9511075
drive	4.2316113	4.6056376	4.8646708
strange	4.75974	4.9207125	4.5307813
journey	6.5407915	4.205993	6.2123637
uncle	6.675373	3.5343323	6.17229
species	5.454845	4.51062	4.946312
think	4.8855114	4.326963	5.133956
bed	5.49898	3.5558417	5.514909
wind	5.149866	4.201577	4.8221617
bless	7.282053	4.005397	6.444339
destroy	4.0906253	4.6523027	4.882273
author	5.6027937	4.2710752	5.199465
sustain	5.303415	3.822173	5.646785
black	4.7087812	4.076405	4.717184
event	5.8759985	4.2835073	5.269677
liberty	6.7801304	4.6059623	6.1243477
negro	3.722546	4.1959453	4.060361
little	5.101846	3.6689816	5.318049
fortune	6.090462	4.5011983	5.65417
touch	5.634914	3.8582354	5.783741
kill	4.749365	4.861445	5.282322
feature	5.2145467	3.870947	5.305837
happiness	7.2578673	4.5953026	6.358444
assume	4.274683	3.7346137	5.0066004
notion	6.153328	4.467578	5.507053
purchase	6.313571	3.9713159	6.4855895
faithful	5.9812927	3.5193927	6.09967
soldier	3.908453	4.7003875	4.504732
father	5.7831345	3.9884853	5.1250367
narrow	3.5300622	3.365315	4.8031845
great	5.995481	4.4083714	5.9296675
tear	3.819838	3.7908435	4.45156
honorable	5.729979	4.408535	5.751641
previous	4.4794655	3.948283	4.976729
good	6.527154	4.0653086	6.5816455
domestic	4.9826508	3.791825	5.1238384
glory	7.054136	4.6052446	6.4041576
lay	5.231493	3.3044033	5.587378
occasion	5.6416855	4.4216723	5.310975
guard	4.627631	3.965822	5.2841496
whole	4.743682	4.160772	4.782925
mouth	4.8947697	3.8208985	5.406452
receive	6.192223	3.963152	6.0062547
take	6.0382237	3.471291	6.120443
simple	6.027849	3.8069563	5.8285007
error	3.406887	4.0793076	3.9162965
wisdom	6.1662016	4.086409	6.2315493
rock	5.858657	4.0045304	5.2712436
decide	5.4384613	3.7233388	6.001368
exclaim	5.7250805	4.62297	5.353402
assure	6.3492966	4.086796	6.3646517
sign	5.4573193	3.9654038	5.6042914
preserve	6.466283	3.2184238	6.0560975
commerce	5.941031	4.1288204	5.810455
plant	4.904496	3.8345125	4.9948077
walk	5.6357756	3.9190764	5.8925023
difference	4.7791686	3.9009988	5.116262
hang	4.7001595	3.5599499	4.8914495
following	6.2643266	3.6311226	5.3036456
employ	4.6087275	3.9950266	5.6010437
