deal	5.0074544	4.8067346	4.9832616
study	5.9634166	3.7871735	6.3444986
afford	6.2109838	4.4076467	5.801321
service	5.705944	3.9854565	5.712035
height	5.3781157	4.2184944	4.822227
prospect	6.9375525	4.445833	5.8580084
pleasant	6.693732	4.005085	6.1296988
shade	5.0484986	3.631301	5.128834
listen	5.214138	4.261634	5.61009
mighty	5.302711	4.3973107	4.8663898
country	5.407767	3.9561632	5.423412
title	6.8391294	3.8786025	6.407262
choose	5.340492	3.7798674	5.666646
village	6.2710485	3.9868207	5.5940104
acquire	7.035422	4.1690927	6.6561174
rank	5.2720375	4.2613716	5.141364
bow	5.726249	3.5078743	5.667571
doctor	4.925303	4.08519	5.2510867
talent	7.2195334	4.511766	6.514377
source	6.465487	4.424468	5.710181
lead	4.607416	3.7977407	5.248969
question	5.0153046	3.7427707	5.457737
publish	6.0278683	3.9586122	6.429879
interest	5.672216	4.200845	5.3620934
serve	4.4854326	3.685972	5.139364
divine	6.9619617	4.082201	5.8012447
put	5.0584674	3.6421185	5.377373
shadow	4.994442	3.5077488	5.1417246
practical	5.2584915	4.163526	5.6710205
surface	5.114215	3.3490458	4.9584436
account	5.3665733	3.9570942	5.1254563
loss	4.5292892	4.9689045	4.44348
indian	4.857235	4.542936	5.1381626
vine	6.497182	3.6515079	5.72054
certain	5.252956	4.44271	5.397505
sin	3.5151663	4.3034797	3.9202805
necessity	4.527724	4.319223	4.7717247
lose	4.359178	4.6042013	4.756489
private	5.1837144	3.9993355	5.8381047
gentleman	6.0998015	3.8256629	5.5793343
daughter	5.239976	4.125986	4.8435316
drive	4.1956816	4.5874133	4.5429826
strange	4.536068	4.8658385	4.7190986
journey	5.58264	3.767955	5.42959
uncle	5.721466	3.6724777	5.317647
species	5.764291	4.219823	5.4459314
think	5.4134817	4.574545	5.4465423
bed	5.311683	3.5567093	5.4241576
wind	4.8909416	4.3583555	4.7199135
bless	7.1814604	3.9721582	5.9958777
destroy	4.043974	5.1762176	4.896564
author	5.6937284	4.121358	5.4643803
sustain	5.166169	3.980696	5.5896807
black	4.3182898	4.2543297	3.9902697
event	5.6795115	4.57602	4.851442
liberty	6.7647915	4.7386084	6.041111
negro	4.6816487	4.3363957	4.84891
little	5.1009336	4.4324327	5.4696918
fortune	6.4350677	4.067409	5.4030423
touch	5.5796766	4.4042974	5.5013037
kill	4.379279	5.1925645	4.5981083
feature	5.2927995	3.9754992	5.254707
happiness	7.3280907	4.4049516	6.274321
assume	4.282583	3.6420012	5.0458755
notion	5.7127166	3.6380231	4.9868712
purchase	6.703655	3.7378614	6.473986
faithful	5.8497148	4.1373224	6.076586
soldier	4.3082395	5.04214	4.9945655
father	5.59223	3.9357252	5.050773
narrow	3.2891142	3.3214178	4.317867
great	5.1992955	4.354785	4.5978255
tear	4.155015	4.3899236	4.733352
honorable	5.501312	4.261738	5.8677006
previous	4.858019	3.95924	5.0586834
good	6.357411	4.269426	6.18359
domestic	5.1566806	3.857329	5.228946
glory	6.77048	4.5135503	5.4296837
lay	4.662085	4.0532236	5.3046646
occasion	5.4486837	4.2827725	5.0176063
guard	4.3250504	4.1943846	4.839817
whole	5.032215	4.0849237	4.6926217
mouth	5.082533	4.0641055	5.4588904
receive	6.353509	4.262203	5.994857
take	5.359826	3.6406739	5.429859
simple	5.248887	3.8589904	5.310508
error	3.5192127	4.600269	4.296197
wisdom	6.3829207	4.0848317	5.944015
rock	5.370928	4.101179	5.1086593
decide	4.946721	3.9960518	5.4565268
exclaim	6.0214734	4.8765497	5.7631116
assure	7.073485	4.1950397	6.426194
sign	5.120871	3.794788	5.418492
preserve	5.7147303	3.757699	5.941484
commerce	5.822787	4.260279	5.884819
plant	4.928342	3.8767276	5.181412
walk	5.370177	3.5232718	5.436532
difference	5.4106708	4.0142593	5.1500583
hang	4.7119594	3.9325662	4.874681
following	6.021282	3.4594731	5.72984
employ	5.191122	4.015114	6.075357
