deal	5.3309083	4.1343064	5.421206
study	6.582046	3.7313862	6.335018
afford	6.0076976	3.7860239	5.842415
service	6.0784855	3.7703035	5.925502
height	5.0676765	4.391863	4.845432
prospect	6.6623836	4.535589	5.9694963
pleasant	6.88715	3.9083369	5.9361663
shade	5.507508	3.5781837	5.335044
listen	5.0837255	4.335737	5.466311
mighty	5.53539	4.2097263	5.3790693
country	5.96602	4.090124	5.73953
title	6.7707276	3.553804	6.4781733
choose	5.7566648	3.726816	5.9169292
village	6.0753765	4.0848413	5.295654
acquire	6.5459867	4.8076468	6.4409733
rank	5.444623	4.031334	5.3517256
bow	6.083796	3.0089748	6.104353
doctor	4.652878	3.8338253	4.860915
talent	7.159486	4.982687	6.6837626
source	5.6161947	4.2190466	5.6619473
lead	5.463063	3.769364	5.4914017
question	5.837509	3.653649	5.8560085
publish	5.8963466	3.7620668	5.851734
interest	6.1307	3.8458195	5.8762918
serve	5.116064	3.1737857	5.5443172
divine	6.3863335	3.839323	5.5198517
put	5.6678634	3.8786063	5.68161
shadow	5.375067	3.504201	5.3906255
practical	5.9549003	4.0587764	5.9452806
surface	5.047533	3.2161145	4.736157
account	5.14267	4.237681	5.3136835
loss	4.3139925	4.3150926	4.670204
indian	5.458734	5.1280093	5.3678617
vine	5.854473	3.7777753	5.4199452
certain	4.994032	4.517561	5.3320665
sin	3.4457402	4.20355	4.268823
necessity	4.0860353	4.350824	4.748052
lose	4.911177	4.463541	5.406249
private	4.846038	3.955221	5.306307
gentleman	5.5831428	3.5668197	5.112885
daughter	5.2818494	4.025103	4.821402
drive	4.3780813	4.788111	4.894837
strange	4.743282	5.034603	4.5102463
journey	5.886736	4.119809	5.955758
uncle	5.2437024	4.866883	5.712598
species	5.4659634	4.6003594	5.5376773
think	5.8677816	4.4906	5.623449
bed	5.4633517	3.342784	5.2821903
wind	4.8882594	4.257143	5.0344357
bless	7.3739853	3.8216667	6.3262234
destroy	4.1945314	4.786573	4.7194633
author	5.8764634	3.7040346	5.8341336
sustain	5.0573	3.686698	5.6096416
black	4.351179	3.8231635	4.6834784
event	5.4218082	4.5756664	4.894549
liberty	6.654347	4.4973783	6.0778904
negro	4.3888135	4.108487	4.532876
little	5.5445623	4.1911893	5.3798804
fortune	6.315822	4.043163	5.684444
touch	5.642703	3.563239	5.8314886
kill	4.5526266	4.960548	4.9129586
feature	5.695238	4.096063	5.5651298
happiness	7.299659	3.9082317	6.4133215
assume	4.6574273	3.8577557	5.2619667
notion	5.913946	4.02347	5.8530135
purchase	6.6499734	3.975704	6.2590423
faithful	6.37936	3.3930178	6.148196
soldier	4.181027	4.574392	4.641629
father	5.7330813	3.7017493	5.03407
narrow	3.4778903	3.5374632	4.355727
great	5.1349525	3.6439261	5.6063333
tear	3.9329581	4.461502	4.286234
honorable	5.531699	4.280532	5.807992
previous	4.6971116	4.1391897	5.0882344
good	6.239748	3.4986694	6.1818852
domestic	5.4732275	3.401404	5.3838634
glory	7.489623	4.7961273	6.6307373
lay	5.530093	2.9562118	5.9069605
occasion	5.134469	4.0976887	5.182036
guard	4.702313	3.8743672	5.3075995
whole	5.049548	3.967906	5.107016
mouth	5.105277	4.190899	5.284193
receive	6.534835	3.8629181	5.970748
take	5.3284574	3.7463348	5.85162
simple	5.538423	3.8717215	5.5807834
error	3.2716155	4.133166	4.361741
wisdom	6.634444	4.2403893	5.9100833
rock	5.2468834	3.8845005	4.8025913
decide	5.446552	3.9090848	5.9219112
exclaim	5.313716	4.4965887	5.078286
assure	6.9881687	4.202905	6.5736294
sign	4.61156	3.7949378	5.2624364
preserve	5.9934874	3.6805828	5.869413
commerce	5.528991	4.4239354	5.891413
plant	5.3016973	3.6377335	5.00826
walk	5.630055	3.460606	5.917185
difference	5.2571616	3.717564	5.2293935
hang	4.585251	3.523513	5.0004644
following	5.757427	3.7091403	5.589742
employ	4.7101407	4.399509	5.8063464
