deal	5.1693373	3.8102376	5.5834637
study	6.422967	3.9410431	6.5610924
afford	6.1015368	4.1938763	5.84785
service	6.215675	3.652938	6.0065985
height	5.0811386	4.3319607	5.004157
prospect	6.198758	4.6969137	5.7085285
pleasant	7.024725	4.013934	6.021307
shade	5.1182694	3.7826788	5.0648155
listen	4.484664	4.6557446	5.112112
mighty	5.997681	4.2602553	5.52349
country	5.240919	3.8473146	5.2034464
title	5.911068	3.6637168	5.36191
choose	5.717056	4.242894	5.952938
village	6.017705	4.0836973	5.2645874
acquire	6.1735067	4.701649	6.4946103
rank	5.3529377	3.5765514	5.312441
bow	6.167073	3.4453266	6.049159
doctor	4.188068	4.0928793	4.5110297
talent	6.892994	4.6083655	6.466791
source	5.869416	4.25216	5.2225943
lead	5.2667503	3.975021	5.599126
question	4.1473255	4.473554	5.08961
publish	5.711991	4.23908	6.23657
interest	5.9075727	4.2525454	5.700654
serve	5.803918	3.2487676	6.30744
divine	6.824218	3.8116727	5.4994392
put	5.0825143	3.9805155	5.5670285
shadow	5.4072514	3.5418935	5.057313
practical	5.371847	3.823038	5.9210463
surface	5.1580167	3.5934775	4.689465
account	5.751128	4.322485	5.5480547
loss	4.0816236	4.262263	4.6435328
indian	4.420873	5.0346236	4.8948684
vine	5.6476083	3.810886	5.6957545
certain	4.913503	4.582352	5.2144456
sin	4.2172956	3.9522216	4.1408277
necessity	3.7923067	4.0128293	4.5993776
lose	4.7907968	4.632004	5.162348
private	4.0907	3.7012987	5.181917
gentleman	5.353782	3.9550312	5.188868
daughter	5.1272345	4.679509	4.8689823
drive	3.9904394	4.3660073	4.528609
strange	4.242634	4.7830687	4.5253344
journey	5.852545	4.0143557	5.4081545
uncle	4.978636	3.9784496	4.8519125
species	5.3483133	4.819086	5.094595
think	5.327755	4.104329	5.6842184
bed	4.764665	3.8622613	5.010393
wind	4.95668	4.013872	4.678622
bless	7.635503	3.9788618	6.3159122
destroy	3.8133366	4.9686265	4.7571197
author	6.117945	4.511368	5.5523357
sustain	4.88305	3.8295145	5.592954
black	3.566877	4.6551914	3.8844604
event	5.672807	4.662893	5.2078285
liberty	6.560933	4.9417543	6.1545095
negro	4.236235	4.657177	4.2371225
little	5.1810694	4.220742	5.336342
fortune	6.3777	4.3860683	5.7165184
touch	5.615649	3.5983803	5.217715
kill	4.279024	5.234035	4.9074244
feature	4.9955034	4.1438932	5.268712
happiness	7.3433576	4.4413824	6.3796506
assume	4.52178	3.8345778	5.2359457
notion	5.5838914	4.0906444	5.4503174
purchase	6.116456	4.055592	6.3786645
faithful	6.3853064	3.8285758	6.1063175
soldier	4.7727356	4.0281773	5.2066746
father	5.2860246	4.207037	4.816411
narrow	3.9802823	3.603561	4.677856
great	5.618822	4.1201954	5.739737
tear	4.139735	3.930496	4.722093
honorable	5.44419	4.0766535	5.781187
previous	4.5888624	3.983272	5.119888
good	6.1242466	3.55183	5.885376
domestic	5.2283406	3.61913	5.2172384
glory	7.2698617	4.5828123	6.102922
lay	4.5791	3.6237898	5.6727834
occasion	4.8510146	4.395729	4.719124
guard	4.983943	3.8398528	5.1387687
whole	5.233299	4.0590334	5.2098327
mouth	5.1624975	4.367909	5.030012
receive	5.6666164	3.6051927	6.2169294
take	4.6724024	3.7929158	5.464862
simple	5.678223	3.658307	5.7947893
error	3.8515115	4.308619	4.078019
wisdom	6.337509	4.081806	6.2408285
rock	5.135854	4.6128645	4.997278
decide	4.105058	4.5215454	5.0759373
exclaim	5.7617784	4.358383	5.4636693
assure	6.7200427	4.392716	6.7181387
sign	5.6098976	3.4816566	5.4220624
preserve	6.2733417	3.6544347	6.2097588
commerce	6.0510387	4.2858815	5.8622665
plant	4.684838	3.9939635	5.4265428
walk	5.877472	3.430993	5.6696186
difference	4.432364	3.9567602	5.2742825
hang	4.476433	3.812672	4.835967
following	5.885066	3.7197945	5.665032
employ	5.007698	3.7547157	5.9081397
