deal	5.212215	4.2267685	5.7771964
study	6.732678	3.8481274	6.7588243
afford	6.3400917	4.315087	5.3635387
service	5.381934	3.9160957	5.463601
height	4.8418603	4.670982	4.9470496
prospect	6.592585	4.273998	5.84146
pleasant	7.1255236	3.836192	6.404283
shade	4.6465664	3.5034292	4.9949303
listen	4.8184743	4.365744	4.9914603
mighty	5.2873983	4.3640323	5.5048018
country	5.18489	3.843766	5.700474
title	6.5198994	3.3462908	5.699972
choose	4.723272	3.6210947	5.59109
village	5.750099	3.9654264	5.5564365
acquire	6.716963	4.2376466	7.1124473
rank	5.831542	3.9694738	5.6371994
bow	6.7129974	3.9691355	6.0385876
doctor	4.7457395	3.8282745	4.62145
talent	6.8208003	4.8316107	6.8789806
source	6.7128453	4.005558	5.6004133
lead	5.173004	3.9762852	5.723664
question	4.893544	4.0641804	5.349307
publish	5.8518353	3.912776	5.78658
interest	5.013837	4.0714054	4.980666
serve	5.167926	3.5201612	5.4969883
divine	6.733938	3.7730541	5.8251824
put	5.965176	3.7267435	6.0296183
shadow	4.90107	3.5883157	5.213379
practical	5.270018	4.1115355	5.902849
surface	5.150553	3.2377176	5.059102
account	4.8143263	3.993265	5.039591
loss	3.959918	4.432523	4.1083784
indian	4.553831	4.514426	5.0025644
vine	5.861008	3.6837637	5.872526
certain	5.4667845	4.2916784	5.534055
sin	3.7586203	4.2487125	4.440975
necessity	4.395818	4.161994	4.659578
lose	4.538586	4.4577665	5.7606025
private	4.2565255	3.9109013	4.9419465
gentleman	5.697796	3.567374	5.6568823
daughter	5.8811135	4.173307	5.4940906
drive	4.3105783	4.482306	4.9922414
strange	4.544256	4.8507986	4.780112
journey	6.262837	3.561088	5.845686
uncle	5.1269107	4.033737	5.0597234
species	5.4846616	4.828649	5.2241187
think	5.147787	4.5117545	5.084603
bed	5.146023	3.2821255	5.1145573
wind	4.9455957	4.1232553	4.7858214
bless	7.3664436	4.017274	6.6836276
destroy	3.5622299	4.87024	4.7769313
author	5.6044188	3.871314	5.328386
sustain	4.7365613	3.9200943	5.332746
black	3.7124305	5.050432	4.0514693
event	5.3686886	4.4177165	4.940117
liberty	6.367528	5.0005746	5.8389163
negro	4.2897353	4.28538	4.7219014
little	5.278036	3.6376674	4.8992057
fortune	5.7963543	3.9376645	5.4159226
touch	5.440784	4.139045	5.370016
kill	3.7075815	5.150285	4.53576
feature	4.858491	3.8955932	5.315468
happiness	6.784004	4.297292	6.3615627
assume	4.4759645	3.8497565	5.380073
notion	5.7324057	4.422827	5.633606
purchase	6.0030127	3.5268693	6.495655
faithful	6.1720676	3.2929025	6.0008826
soldier	4.4837656	4.7372065	5.1486373
father	5.3835025	3.9620411	5.373808
narrow	3.7489796	3.400901	4.6610665
great	5.2296524	4.338873	5.10036
tear	3.8030627	3.907507	4.6435266
honorable	5.8919363	4.2989573	6.0208416
previous	4.707331	3.7742572	5.192272
good	6.150273	4.0873585	6.195414
domestic	4.7209697	3.8728986	4.6347184
glory	6.7689586	4.372568	6.0625534
lay	4.8820066	3.2109778	5.891445
occasion	5.3481274	3.9685981	5.0064797
guard	4.5543375	4.00384	5.1130185
whole	5.079776	4.2046285	5.19351
mouth	4.9256277	4.0026684	5.0868034
receive	6.7520065	3.952896	6.3824663
take	4.9711304	4.078045	5.6398273
simple	5.820961	3.8722003	5.840164
error	3.86094	3.9493568	4.5626755
wisdom	6.2603607	4.019458	6.340848
rock	5.31827	4.132009	5.2307324
decide	5.036826	3.7941303	5.6531277
exclaim	5.9143686	4.7738395	5.729961
assure	6.832075	4.6217866	6.3186464
sign	5.509462	3.8801498	5.489978
preserve	5.946512	4.0282373	5.85459
commerce	5.552854	4.451683	5.670814
plant	4.838498	3.6685143	5.182936
walk	5.846196	3.515482	5.6964207
difference	5.6461535	3.5697927	5.2933326
hang	4.6350946	3.7122848	4.78988
following	6.628303	3.6668284	6.0777836
employ	4.725833	4.051452	6.0795493
