deal	5.221666	4.429636	5.3351765
study	6.487936	4.1314397	6.2512593
afford	6.2749505	3.790028	6.1839075
service	5.9485893	4.2513356	5.936754
height	5.564216	4.2202954	5.5771255
prospect	7.232106	4.2093463	6.531311
pleasant	7.1517677	3.942549	6.4420805
shade	4.9523745	3.5953238	5.180782
listen	5.184205	4.3227787	5.797905
mighty	5.661196	4.293916	5.614982
country	5.668735	4.02941	5.450125
title	6.303126	3.662683	5.9939055
choose	5.1441655	3.4753137	5.7919426
village	6.1955047	3.8370407	5.518391
acquire	6.2691474	4.2952394	6.249242
rank	5.814036	4.3772755	5.837575
bow	6.352387	3.9961011	5.7850738
doctor	5.1919413	3.9541366	4.831302
talent	7.221198	4.4977217	6.8690467
source	6.080683	4.0260606	5.436427
lead	5.196611	4.0967383	5.549234
question	5.244022	3.7175922	5.5492363
publish	5.630553	4.1104617	6.022504
interest	6.5963435	4.025297	6.027524
serve	5.191202	3.577964	5.7808094
divine	6.275423	3.7984324	5.5698795
put	5.691738	3.2907379	6.070217
shadow	4.953018	3.2901487	5.0799985
practical	5.623123	4.325877	6.024347
surface	5.7396502	3.334848	4.9777083
account	4.7789497	4.101253	5.301503
loss	4.486289	4.4401093	5.0245132
indian	4.0300407	4.605222	4.9709325
vine	5.9798293	3.4680278	5.1843143
certain	4.528837	4.3377905	5.1970444
sin	3.970361	4.160588	4.389827
necessity	4.096555	4.2179475	4.8303313
lose	4.8273683	4.357153	5.1113095
private	4.629627	4.2681537	5.5158525
gentleman	5.7947893	3.9629283	5.740434
daughter	5.9131465	4.5572705	4.8104277
drive	4.2520857	4.431802	4.6587896
strange	4.1973453	4.740966	4.5494437
journey	5.658791	3.6675484	5.578063
uncle	5.519012	3.5745296	6.2943506
species	5.1744347	4.8520617	4.886624
think	5.3656745	4.1988287	5.5392876
bed	5.406185	3.4894009	5.0055327
wind	5.1902375	3.8980057	4.807763
bless	7.391472	3.8696666	6.5562215
destroy	3.663208	4.88291	4.774614
author	5.5597067	3.9864082	5.4341483
sustain	5.106366	3.7780187	5.863906
black	3.8638773	4.352774	4.6089077
event	5.7276177	4.2210584	5.0886226
liberty	6.890498	4.8082557	6.3736215
negro	4.0282874	4.0664616	4.662272
little	5.4492254	4.227703	5.396453
fortune	6.03345	4.0298333	5.529238
touch	5.583396	3.6006446	5.420952
kill	3.9841878	4.5624776	4.554011
feature	5.1286244	3.78048	5.224463
happiness	7.8138494	4.2627983	6.8702292
assume	3.918108	3.7450738	5.004656
notion	5.9849353	3.9868867	5.6620407
purchase	6.1090713	3.5737734	6.24273
faithful	6.0926404	3.700881	5.977167
soldier	4.6123085	4.7790103	5.224083
father	5.643759	3.5849907	5.0139427
narrow	4.369444	3.7036011	4.312155
great	5.022924	4.4185066	5.0022783
tear	4.1864324	4.241297	4.3681498
honorable	5.7383785	4.4617677	5.8330226
previous	4.0822954	3.9345334	4.6773553
good	5.811139	3.8234863	6.324192
domestic	4.9979286	3.9933817	5.0725327
glory	7.039559	4.112728	6.5021963
lay	4.3877506	3.4452996	5.524905
occasion	4.959019	4.3086915	4.813186
guard	5.054897	4.054398	5.259394
whole	5.337203	3.8268194	5.44216
mouth	4.979519	4.1661406	5.2856574
receive	6.3914022	4.0239606	6.336999
take	5.430694	3.6067824	6.0511494
simple	6.0986423	3.6778772	5.8441944
error	3.7884583	4.283882	4.144011
wisdom	6.395303	3.8813403	6.3243303
rock	5.470498	4.013834	5.1108017
decide	5.04995	3.888099	5.5199347
exclaim	5.828422	4.343446	5.7467346
assure	6.629387	3.8783736	6.710325
sign	4.6913767	3.7291777	5.364224
preserve	5.736637	3.9902036	6.2926292
commerce	5.461441	4.443899	5.4223957
plant	5.008112	4.1524577	4.932727
walk	5.913464	3.4101336	5.565203
difference	5.276076	4.3300505	5.522256
hang	5.070552	3.4843633	5.2926784
following	6.1426163	3.3931427	5.898716
employ	4.484296	3.8785648	5.7767324
