deal	4.772811	4.296468	4.9346347
study	6.639778	3.5410085	6.4677973
afford	5.7432857	4.2205753	5.4926434
service	5.9110026	3.5382018	6.191581
height	5.050795	4.0970807	5.1410184
prospect	6.814445	4.4832544	5.9200406
pleasant	6.7222095	3.710172	6.1099014
shade	5.0717735	3.6765895	5.173904
listen	5.207326	4.3673344	5.512656
mighty	5.504462	4.3547735	5.5546036
country	5.26259	3.8275814	5.266375
title	6.5778303	3.9204326	6.042678
choose	4.856534	3.6248367	5.6337857
village	5.7982965	3.7464883	5.324518
acquire	6.452803	4.184062	6.793515
rank	5.0588436	4.100366	5.3275104
bow	5.898171	3.3109918	5.61647
doctor	5.08982	3.886241	4.9550343
talent	6.785969	4.2796364	6.9226437
source	5.987113	4.681949	5.2373085
lead	4.5748634	3.9483132	4.8223724
question	4.8730083	4.0587034	4.777366
publish	5.329685	3.73214	5.6417255
interest	5.790284	4.290667	5.469315
serve	5.247363	3.4337869	5.8211584
divine	6.555209	3.7728899	5.667169
put	5.158715	4.1659007	5.47191
shadow	4.931686	3.4171922	5.0822105
practical	5.4854107	3.4878986	5.9528008
surface	5.09752	3.3458533	4.9955993
account	5.408869	4.6180577	5.3076644
loss	4.329266	4.590057	4.353976
indian	4.681072	4.501379	5.2044425
vine	6.6293545	3.8557744	5.8064036
certain	5.033127	4.296619	5.4377246
sin	3.8662982	4.2337785	4.336853
necessity	4.32479	4.1756945	4.777306
lose	4.10192	4.3324656	4.8871727
private	4.6208363	3.8975759	5.380107
gentleman	6.0341425	3.745891	5.6256547
daughter	5.9738092	4.5449076	5.0445447
drive	3.9920158	4.889271	4.3110476
strange	4.4708385	4.8342624	4.8472953
journey	6.1106925	3.8475475	5.687218
uncle	6.3175206	3.5327497	6.7553635
species	5.294943	4.75333	5.1414733
think	5.2118635	4.0874095	5.5463343
bed	5.3297396	3.7604506	5.371771
wind	5.261786	3.840074	4.733734
bless	7.1425767	4.008456	6.153141
destroy	3.4059792	4.714119	4.344769
author	5.6885633	4.3227205	5.165301
sustain	4.7969203	3.967331	5.1172895
black	4.543733	4.2405424	4.6023397
event	5.9332194	4.592097	5.1157136
liberty	6.645244	4.6071777	6.135416
negro	4.9232187	4.145725	5.1187396
little	5.103751	3.8311305	5.1849074
fortune	6.4241734	4.5236125	5.6303916
touch	5.398251	3.8811014	5.42686
kill	4.002817	5.044823	4.591784
feature	5.2981954	3.9167264	5.421996
happiness	7.4705973	4.5428066	6.645504
assume	4.081369	4.081439	5.20282
notion	5.4272275	3.981925	5.5296564
purchase	6.29928	3.8637023	6.3278794
faithful	5.8166933	3.5539126	5.7405043
soldier	4.482723	4.37469	5.076412
father	6.276373	3.905035	5.6467023
narrow	3.4123514	3.2862384	4.2213755
great	5.26459	4.2152658	5.026281
tear	4.084757	4.4221187	4.623835
honorable	5.8368473	4.009532	5.950221
previous	4.3305764	4.0756965	4.7959785
good	5.997408	3.5972862	5.725327
domestic	5.206826	3.771654	5.3215756
glory	6.874465	3.956203	6.2658362
lay	4.1764374	3.9299726	4.9725013
occasion	5.1343236	4.6280093	4.7998004
guard	4.263998	4.3861475	4.975786
whole	6.12604	4.1665096	5.6976495
mouth	5.095368	4.0035453	5.3254724
receive	6.0642004	3.7747726	6.0666757
take	4.4213567	3.7684102	4.993083
simple	6.480496	3.957669	6.127908
error	3.5840952	4.451787	3.9396875
wisdom	6.45406	3.9780881	6.5818443
rock	5.3752017	4.1914806	4.99951
decide	4.664971	4.0510406	5.0480146
exclaim	5.3600316	5.1386113	5.3981733
assure	6.820143	3.9045198	6.541317
sign	4.9255896	3.150278	5.15404
preserve	5.6554966	3.3710842	6.001684
commerce	5.8167014	4.215332	5.532055
plant	5.296276	4.207008	5.083357
walk	5.3071184	3.6207726	4.946496
difference	4.772535	4.556587	5.0329733
hang	4.555682	3.939352	4.796879
following	6.345396	4.0958576	5.8544726
employ	4.9224486	4.069007	6.2647743
