deal	5.3612947	4.544582	5.5950365
study	6.5006533	3.672086	6.677992
afford	6.30281	4.116579	5.9635863
service	5.684799	3.483529	5.9398293
height	5.0624404	4.346489	5.0949216
prospect	6.2463737	4.3047056	5.537551
pleasant	7.0437274	3.7931132	6.167743
shade	5.2495756	3.6068099	5.169111
listen	5.4585304	4.446639	5.533284
mighty	5.616805	4.7249184	5.3685455
country	5.0934715	4.5377836	5.0908613
title	6.627203	4.318076	5.904779
choose	4.9271913	2.9975889	5.079827
village	6.2221913	4.341126	5.6269054
acquire	6.6955614	4.3066087	6.66777
rank	5.033107	4.126942	5.277141
bow	6.228522	3.4684868	5.8272457
doctor	5.1574564	3.9403338	5.006875
talent	6.9796124	4.4652195	6.893015
source	6.1709776	4.233666	5.6919026
lead	5.2171993	3.8553834	5.6755056
question	5.1031246	3.875055	5.527535
publish	5.958738	4.136146	5.405848
interest	5.388376	4.328027	5.724828
serve	5.3127785	3.8010268	5.51787
divine	5.813705	4.1220946	5.211821
put	5.294434	4.118764	5.592136
shadow	4.9201646	3.5652256	4.9813404
practical	5.6790457	4.0044756	5.8722057
surface	5.1669984	3.5063264	4.7837167
account	5.301648	4.207587	5.5727654
loss	4.243513	3.9792855	4.4809937
indian	5.2423096	4.8442564	5.4534264
vine	6.5101213	4.1485186	5.839838
certain	5.018212	4.3582907	5.3449774
sin	3.4452355	4.359503	4.2296114
necessity	4.1141853	3.9935622	4.8763266
lose	5.0116763	4.217649	5.162595
private	4.3724318	3.604245	5.076294
gentleman	5.5924644	3.8831716	5.4705577
daughter	5.8285527	4.453733	5.130123
drive	4.1391697	4.8834677	4.7697415
strange	4.6978936	4.820295	4.5203285
journey	6.3133836	3.7624512	5.927927
uncle	5.831253	3.8478286	6.2486954
species	4.9902534	4.5749865	4.768201
think	5.4796805	4.213764	5.4222765
bed	5.2257514	3.2939067	4.9995313
wind	4.942763	4.2516956	4.874148
bless	7.5105186	4.174391	6.387452
destroy	3.9096708	4.819401	4.6057005
author	6.0427747	4.2815866	5.5511937
sustain	5.2455616	3.6023612	5.7605753
black	3.6901877	4.505905	4.0782804
event	5.668642	4.48064	5.03582
liberty	6.07796	4.5310936	5.91228
negro	3.5022473	4.7989917	4.0518603
little	4.771902	3.7758095	4.8401384
fortune	6.323866	4.124032	5.4721956
touch	5.550586	3.961416	5.640924
kill	4.6715097	5.1423798	4.8444405
feature	5.1615458	4.063195	5.3126993
happiness	7.3585706	4.4960284	6.295638
assume	4.452371	3.3938353	5.2384844
notion	5.5226173	4.167947	5.4709682
purchase	5.7969475	3.9795241	5.853596
faithful	5.9968715	3.5619226	5.8316593
soldier	4.4990873	4.678977	5.0060925
father	6.2847433	4.272581	5.6476083
narrow	3.652127	3.7199006	4.3829923
great	5.4210973	4.661296	5.3295984
tear	4.1097355	4.312315	4.4520583
honorable	5.371566	4.3456078	5.85361
previous	4.53564	4.039309	4.7899575
good	6.269477	3.7083712	6.380522
domestic	4.9794703	3.6006916	5.237451
glory	6.679965	4.582736	5.718589
lay	4.5945396	3.8204956	4.993631
occasion	5.07955	4.711939	5.276094
guard	4.8207083	3.9603045	5.423138
whole	5.202236	4.2657623	5.362972
mouth	5.2391605	4.0900974	5.1577854
receive	6.365674	4.0159273	6.052216
take	4.88737	3.5923092	5.605023
simple	6.1086917	3.4928782	6.2494144
error	3.5336523	4.480765	4.3206267
wisdom	6.4681616	4.0697575	6.054002
rock	4.8523736	4.3139706	4.6142197
decide	4.8984003	3.9531214	5.519677
exclaim	5.869799	4.743954	5.42795
assure	7.005458	4.1833196	6.552289
sign	4.7848206	3.631672	4.9306884
preserve	6.291167	3.2578092	6.132703
commerce	5.627801	4.5803313	5.7638197
plant	4.639143	3.989274	4.97134
walk	5.3600197	3.7149532	5.764082
difference	4.573194	3.9414358	4.74649
hang	4.7243657	3.903221	4.905621
following	6.734456	3.813191	6.372165
employ	4.4138865	3.966453	5.616766
