deal	5.129814	4.101582	5.0592117
study	5.8814917	3.7991555	6.181356
afford	5.7794533	4.442103	5.791465
service	6.1319466	3.8279529	6.0915127
height	5.2123585	4.325958	5.008267
prospect	6.551048	4.552851	5.9901357
pleasant	6.64193	3.662785	5.895351
shade	4.794029	3.550279	4.9261775
listen	5.489039	4.3881745	6.01237
mighty	5.892042	4.307263	5.495512
country	5.294748	3.1508298	5.314552
title	6.1130505	3.7676187	5.7712574
choose	5.1686873	3.738307	5.4470477
village	5.772498	3.7983289	5.208269
acquire	6.7552443	4.2391057	6.9100337
rank	5.840995	3.8201423	5.818958
bow	6.1893024	3.1977415	5.701758
doctor	4.5757456	4.150666	4.8439937
talent	6.955179	4.757575	6.5548763
source	6.1756544	4.1224313	5.680395
lead	5.65258	3.7403448	5.6998515
question	5.723303	4.1193323	5.9541545
publish	4.9849505	4.294719	5.3046064
interest	5.9203424	3.869234	5.489166
serve	5.341308	3.4976923	5.8596454
divine	6.460089	4.062241	5.938384
put	5.9557962	4.188241	6.196718
shadow	4.8397303	3.3894982	4.888718
practical	5.5874367	3.8363395	5.6546803
surface	5.133967	3.4463282	4.989712
account	5.3048277	4.407757	5.268684
loss	4.6280937	4.348585	4.390626
indian	4.652737	4.363039	5.235719
vine	5.803872	3.9923923	5.751347
certain	4.6720266	4.5321455	5.2807856
sin	3.8890562	4.043449	4.4383335
necessity	4.368775	4.464425	4.9383755
lose	5.1790776	4.2530365	5.092767
private	4.392314	3.680814	5.318189
gentleman	5.257759	3.7329712	5.3538265
daughter	5.809212	4.049524	4.9828305
drive	3.6133995	4.520656	4.209465
strange	4.873771	4.7056212	4.5377207
journey	5.6605926	3.7814236	5.574592
uncle	6.2255483	3.695272	6.2553334
species	5.678862	4.858852	5.247551
think	5.5933166	3.9302547	5.2852693
bed	5.0684	3.1716862	4.8855624
wind	4.649572	4.1876826	4.3468986
bless	7.1807137	3.724439	6.457842
destroy	3.4052906	5.2858315	4.210906
author	5.489435	4.301158	5.451494
sustain	5.406994	4.178928	5.672204
black	4.317851	4.4132247	4.4176793
event	5.8963504	4.537133	5.0068245
liberty	6.0407295	4.8638763	5.717955
negro	4.0436316	4.681944	4.5778785
little	4.884934	4.021382	4.9149756
fortune	6.109653	4.352268	5.683483
touch	5.5015507	3.6833658	5.389235
kill	4.738431	5.0385547	4.8351965
feature	5.1884737	3.8983634	5.4374657
happiness	7.3251333	4.4484797	6.5383177
assume	4.9706936	3.9001966	5.4785466
notion	6.144626	3.7210886	5.5673804
purchase	6.049618	3.8535938	6.181075
faithful	5.809966	3.3777459	5.906311
soldier	4.711641	4.5185246	5.264041
father	6.1582227	3.6570773	5.3374496
narrow	3.4844716	3.3990316	4.3557506
great	5.414333	4.0161715	5.269303
tear	3.889464	3.7729707	4.481917
honorable	5.5407624	4.046694	5.861563
previous	4.6933575	4.0717964	4.6753135
good	6.0067897	3.8077347	6.075759
domestic	5.0320616	3.6666532	4.8185387
glory	6.8014	3.8220243	6.0737176
lay	4.4522457	3.1509447	5.3900723
occasion	5.0547357	4.3203664	5.02833
guard	4.962249	4.154149	5.38017
whole	5.2157574	4.2401075	5.238853
mouth	5.3048368	4.237488	5.8391657
receive	6.184452	3.5705805	5.927954
take	5.170634	3.9192717	5.368734
simple	6.368395	3.5945802	6.085687
error	3.5783021	4.3691673	4.093878
wisdom	6.2694325	3.9639568	6.040368
rock	5.304495	4.323448	5.054222
decide	5.0010195	4.3062673	5.3735557
exclaim	5.8391113	4.703008	5.339022
assure	6.7725577	3.6967	6.6057487
sign	5.542137	3.5297515	5.8799233
preserve	6.114245	3.4479337	6.1073604
commerce	5.976411	4.043925	5.884241
plant	4.893906	3.8763478	5.12882
walk	5.467694	3.833447	5.4829426
difference	5.6761446	3.997839	5.428694
hang	4.545398	3.8383558	4.9304557
following	6.3537207	3.4911222	5.734933
employ	5.159106	3.9749296	6.0357857
