deal	5.3327174	4.50995	5.6027646
study	5.7984624	4.3871098	6.117468
afford	5.902058	4.0427322	5.8084626
service	5.6108346	4.092879	5.748258
height	5.4416776	4.113792	5.1318197
prospect	6.4403257	4.542269	5.914351
pleasant	6.89997	4.0675974	6.0002284
shade	4.96966	3.6793408	5.142138
listen	5.3188124	4.238839	5.8054805
mighty	5.656743	4.599675	5.34754
country	5.3025465	3.7674885	5.677923
title	6.0666337	3.0038404	6.158721
choose	5.4703665	3.7702713	6.072939
village	5.918606	3.9124799	5.4150057
acquire	6.412181	4.233702	6.8096476
rank	5.2706027	3.93492	5.3630204
bow	6.4363737	3.6058433	6.2293887
doctor	4.434814	4.499399	5.055398
talent	6.9358873	4.495926	6.8343225
source	5.7475004	4.5837045	5.534048
lead	4.8073583	3.9428716	5.5130196
question	4.552653	4.3218694	5.1496754
publish	5.4766655	3.758302	5.9234414
interest	6.1382875	4.149172	5.7363987
serve	5.1873636	3.550507	5.436747
divine	6.0893917	4.1667314	5.51345
put	5.2345266	3.6624687	5.4693365
shadow	4.6871934	3.8419323	4.6573496
practical	5.4008756	4.113841	5.7041397
surface	5.0276856	3.312404	4.657438
account	5.0639195	4.1996927	5.3894978
loss	4.4591217	4.8099995	4.9319344
indian	4.734849	4.406665	5.1541095
vine	6.513744	3.1549869	5.7612267
certain	5.046132	4.448856	5.2070103
sin	3.7660806	4.2914734	4.0034986
necessity	4.272911	4.4427075	4.8458576
lose	5.4321356	4.50848	5.520917
private	4.6624346	3.6552627	5.506311
gentleman	5.609498	3.7142615	5.4269085
daughter	5.491688	4.1983147	5.0331454
drive	4.480767	4.628379	5.031787
strange	4.453581	4.6575437	4.4247885
journey	5.95043	3.74346	5.675484
uncle	5.383746	3.8541172	5.5726113
species	5.2627864	4.5658436	5.0626993
think	5.464531	4.1663294	5.6830378
bed	5.224875	3.457851	5.1216493
wind	5.032053	4.513303	4.8412533
bless	7.078372	4.228624	6.0792313
destroy	4.1323605	4.885189	4.7921314
author	5.32117	4.1303105	5.3103814
sustain	5.17057	3.9516191	5.891534
black	4.682819	4.312232	4.675967
event	5.461352	4.5459247	4.8200164
liberty	6.627226	5.1979885	6.025536
negro	4.3266325	4.717779	4.364385
little	5.3358083	4.4762325	5.1457796
fortune	5.542094	4.351555	5.5208745
touch	5.7876406	3.6169834	5.732257
kill	4.7528615	4.58107	4.923895
feature	5.4504614	3.80169	5.6760297
happiness	7.130536	4.4261723	6.2487664
assume	4.212487	3.8045304	5.0217524
notion	5.530941	4.3452086	5.3063326
purchase	5.6611896	3.631442	6.395822
faithful	6.038875	3.8373327	6.110432
soldier	4.435295	4.9894032	4.9962325
father	5.3132043	3.4673948	4.8348403
narrow	3.7395945	3.7288396	4.2561255
great	5.7816834	4.439821	5.677681
tear	4.8188043	4.5206385	5.2531824
honorable	5.655939	4.0377655	5.9469376
previous	4.515699	4.0608315	4.8411283
good	5.834462	3.6982408	6.101079
domestic	4.7937136	3.8011231	4.977941
glory	6.6727686	4.9829383	6.1313167
lay	5.198368	3.3135233	5.617758
occasion	4.9645267	4.2213326	5.1449676
guard	4.4618936	3.9172852	4.840642
whole	5.6681294	3.8941453	5.1573405
mouth	4.765625	4.1993213	5.210105
receive	6.700979	3.68811	6.6229224
take	5.0172706	3.70889	5.72045
simple	6.02595	3.6612597	5.636916
error	3.8567243	4.5374827	4.3950334
wisdom	5.877277	4.3689766	5.884131
rock	5.1344266	4.059926	5.087995
decide	4.8682985	4.1838727	5.49987
exclaim	5.4387245	4.864848	5.4268093
assure	6.94948	4.0648665	6.64055
sign	4.941019	3.4591312	5.064718
preserve	5.700207	3.6018538	5.8487678
commerce	5.349455	4.398975	5.6343303
plant	5.2677183	3.0555825	5.2654924
walk	5.932981	3.6619053	5.7300253
difference	4.7881994	4.281775	5.1787386
hang	4.857329	3.7212312	5.079338
following	6.080114	3.6754875	5.6691957
employ	5.025568	4.013238	6.2289853
