deal	5.1744876	4.2554626	5.3005633
study	6.026479	4.1489844	6.26708
afford	6.2407513	4.1450143	5.9622746
service	5.8316884	3.7498174	6.468746
height	4.814218	4.0092335	5.143787
prospect	6.8702602	4.22809	6.178674
pleasant	7.0846834	3.783392	6.5621443
shade	5.4382687	3.523563	5.259687
listen	4.889491	4.1001744	5.063344
mighty	5.748748	4.2998285	5.703736
country	5.929695	3.9422164	5.908926
title	6.2144055	3.8406754	5.832468
choose	5.0836005	3.4449325	5.3615437
village	6.0455236	4.0191884	5.2745037
acquire	6.4858437	4.674979	6.7687445
rank	4.9889517	4.2142105	5.151619
bow	5.6505656	3.4780664	5.9026337
doctor	4.6045704	3.8519068	4.470557
talent	6.8320103	4.806816	6.7774086
source	5.677954	4.3241568	5.535224
lead	4.4986973	4.0967717	5.4040794
question	5.422347	3.77832	5.8425946
publish	5.3575807	4.2965117	5.680476
interest	6.102961	3.7122393	5.9560432
serve	5.009971	3.783511	5.6076713
divine	6.668948	3.7267494	5.859783
put	5.724955	4.1005197	5.9929113
shadow	5.049959	3.508078	5.2147136
practical	5.745996	3.7812386	6.0403547
surface	5.426976	3.4135456	5.0501914
account	5.104349	3.7385154	5.0954533
loss	4.5763564	4.376177	4.814532
indian	5.1719537	4.9886537	5.147981
vine	6.2354727	3.5087807	5.485578
certain	4.8957977	4.6743903	5.3310256
sin	3.4769533	4.425357	4.08205
necessity	4.535647	4.2486734	4.984461
lose	5.056692	4.406044	5.5860934
private	4.2156134	4.132935	5.290431
gentleman	5.4839253	3.4263184	5.2919364
daughter	5.5706124	4.347776	4.9480543
drive	3.95016	4.689184	4.542106
strange	4.4727974	4.7053175	4.548504
journey	6.011947	3.7808456	5.7020683
uncle	5.631087	4.066921	5.6381025
species	5.366343	4.243607	5.009029
think	5.1630287	3.9295774	5.547582
bed	4.7734265	3.2836986	4.8065476
wind	4.9847984	4.016399	5.0199804
bless	7.278143	3.905796	6.5585766
destroy	3.9292746	4.8885174	4.611717
author	5.7743454	4.371006	5.441875
sustain	4.868036	4.135753	5.468839
black	4.940992	4.4802322	4.862495
event	5.8080993	4.720537	5.177956
liberty	6.5759425	4.7537327	5.9532623
negro	4.4120245	4.346123	4.78655
little	5.493592	4.2702174	5.704622
fortune	6.066614	4.244085	5.47898
touch	5.8363485	3.7285683	5.6766305
kill	4.216991	5.0666723	4.7084546
feature	5.7695346	3.7538567	5.682266
happiness	7.224186	4.4134326	6.45068
assume	4.469407	3.891427	5.094998
notion	5.448612	3.8721118	5.3232617
purchase	5.5596123	3.6337762	6.0811195
faithful	6.5929947	3.6504092	6.279616
soldier	4.583234	4.539185	5.251008
father	5.960086	4.193257	5.5098925
narrow	3.47293	4.062827	4.78542
great	5.5164814	4.2838106	5.6255717
tear	4.1226425	3.92234	4.6648746
honorable	5.516543	4.639827	5.9036775
previous	4.376499	3.8448615	4.7316704
good	6.3766265	4.139312	6.127376
domestic	4.8618255	3.9423602	4.78597
glory	6.658757	4.467038	5.909586
lay	4.6683745	3.3936443	5.3283076
occasion	4.5842867	4.3641505	4.526749
guard	5.3516197	3.832844	5.611158
whole	5.2063255	4.108278	5.1345105
mouth	5.1334443	4.0667534	5.317036
receive	5.91563	3.6559691	6.1891747
take	5.60879	4.0287857	6.24255
simple	5.8881426	3.583287	5.856338
error	3.0799239	4.3828278	4.017007
wisdom	6.703343	4.1804295	6.054599
rock	5.4877987	3.736599	5.1011634
decide	5.137277	4.095586	5.5426626
exclaim	5.8368564	4.545867	5.870857
assure	6.615683	3.9953163	7.0098214
sign	5.210654	3.361051	5.444483
preserve	6.332264	4.1940536	6.1907606
commerce	5.542403	4.2980413	5.783991
plant	4.5764217	3.5158858	4.7609043
walk	5.835808	3.4760432	5.85145
difference	5.1501827	3.722156	5.2709928
hang	4.5299687	3.918786	5.1489844
following	6.599746	3.1998303	5.999067
employ	4.379065	4.103584	5.659239
