deal	5.0995812	4.3361144	5.2318454
study	6.1674113	4.184671	6.301486
afford	7.2993083	3.8582866	6.3504095
service	5.71677	4.087029	5.925956
height	5.2865996	4.150299	5.513975
prospect	6.7944183	4.172086	6.1562514
pleasant	6.926383	3.7284756	6.200533
shade	5.0119166	3.6374702	5.188519
listen	5.7055936	4.125317	5.6412272
mighty	5.4985886	4.636902	5.560702
country	5.174614	3.6143281	5.334522
title	6.883993	4.061444	6.3514857
choose	4.922906	3.5633492	5.636365
village	6.4096537	4.0560513	5.444592
acquire	6.8317738	4.7772737	6.7268085
rank	4.8818383	4.063038	5.354246
bow	6.0293818	3.418376	5.715311
doctor	5.189443	3.8998523	5.2475595
talent	7.1082907	4.9918985	6.6206717
source	6.8353777	4.053853	5.8788433
lead	4.9986424	3.9260428	5.6776457
question	5.324482	4.0958977	5.6084223
publish	5.6282597	4.198691	5.64683
interest	5.349128	4.481581	5.605181
serve	5.4275517	3.0635574	5.8570337
divine	6.3545265	3.4829671	5.5063114
put	5.5173464	3.9537892	5.636259
shadow	4.5231996	3.7476513	5.0361013
practical	5.450205	3.7642167	5.84786
surface	5.059247	3.0566835	4.9917407
account	5.3551016	3.9812174	5.3169975
loss	4.553968	4.326038	4.5833535
indian	5.3928494	4.5562673	5.2410145
vine	6.2533536	3.4173248	5.7593665
certain	5.0059447	4.466748	5.349652
sin	3.6041253	4.21918	3.9947054
necessity	4.2477922	4.275093	4.7863235
lose	4.9665365	4.28476	5.0778217
private	4.627498	3.755895	5.767459
gentleman	5.8630643	3.4464335	5.6602674
daughter	5.7650385	4.061934	5.088446
drive	4.1011434	4.569057	4.849347
strange	4.330665	4.816088	4.365605
journey	5.614787	3.676411	5.5349245
uncle	6.8335586	4.1046543	6.591443
species	4.8409753	4.4566174	4.5139966
think	5.379697	4.56016	5.6191864
bed	4.898719	3.971181	5.240944
wind	5.0706058	4.206743	4.896475
bless	7.396991	4.124285	6.0337725
destroy	4.1997676	4.593755	4.564596
author	5.63999	4.191711	5.3077197
sustain	5.0606613	4.0365677	5.497803
black	3.9470663	4.138297	4.118719
event	5.8185787	4.4827065	5.098721
liberty	6.834452	4.8468275	5.9798937
negro	4.462901	4.237722	5.0650163
little	5.103981	4.3859572	5.362887
fortune	6.090052	3.9869728	5.6915054
touch	6.006014	3.845714	5.899494
kill	4.012655	5.175298	4.320274
feature	5.179331	3.8458066	5.4127045
happiness	7.272984	4.495885	6.388002
assume	4.054923	3.6311798	5.0735016
notion	5.812342	4.27724	5.5817924
purchase	6.3030014	3.833881	6.4350953
faithful	5.481701	3.6929305	5.906316
soldier	4.3475394	4.5072894	5.210576
father	6.1638823	4.2869987	5.5399065
narrow	4.039217	3.570973	4.7730846
great	5.057528	4.2239804	4.673306
tear	4.2403607	3.6072416	4.7243624
honorable	5.414692	4.027963	5.7684073
previous	4.802183	3.894611	5.0871453
good	6.021762	3.7088249	6.0168934
domestic	5.56217	3.5760899	5.3086133
glory	6.514452	4.3411303	5.7862806
lay	4.893361	3.905198	5.3794484
occasion	5.482763	3.5756319	4.926887
guard	4.9280043	3.9364853	5.1942325
whole	5.4528446	4.0408063	5.637812
mouth	5.7543244	4.107263	5.638108
receive	6.179516	3.952367	5.9439707
take	5.2758355	4.0922146	5.37545
simple	6.312289	3.856711	6.0111594
error	3.5880566	4.383499	4.2141724
wisdom	6.15871	4.0823197	5.99519
rock	4.9798846	4.253272	4.860001
decide	5.2042284	4.2487044	5.6575546
exclaim	6.1062818	4.8543577	5.909424
assure	6.8528767	4.219349	6.261591
sign	4.9896336	3.3520331	5.2067723
preserve	5.758705	3.2805958	5.6507463
commerce	5.7675586	4.0557575	5.747323
plant	4.5961237	3.5924401	5.0938673
walk	5.618067	3.8170147	5.652978
difference	5.0432415	3.768369	5.3092785
hang	5.1236796	4.262132	5.074558
following	6.678671	3.3732553	6.1428814
employ	5.0880046	3.991828	6.0224724
