deal	5.33069	4.12922	5.886218
study	6.3660507	4.0194235	6.541274
afford	6.2271624	4.231731	5.546313
service	5.5647554	4.283578	5.791368
height	5.066677	4.0443363	5.0204945
prospect	6.4126973	4.51599	6.064986
pleasant	6.5279436	3.9424796	5.898709
shade	4.730897	3.5518517	4.7740874
listen	5.3160806	3.896829	5.254945
mighty	5.3822484	4.100784	5.5885806
country	4.8696847	3.5164611	5.4062448
title	6.5503483	4.2949514	5.9685574
choose	5.2058234	3.9843023	5.3261395
village	6.0988674	4.222302	5.444027
acquire	6.749216	4.442893	6.9580965
rank	4.9756737	4.1379943	5.25508
bow	6.2807493	3.6941547	6.0325403
doctor	5.3240414	3.8778267	5.057468
talent	6.979022	4.7197986	6.4667673
source	6.6273518	4.357306	5.8386765
lead	4.773652	3.884008	5.3976545
question	4.3740664	4.07672	5.2099257
publish	5.8089323	4.374886	5.8271213
interest	5.810792	3.5605845	5.8899283
serve	4.5479546	3.571193	5.221996
divine	6.3564587	3.9360325	5.5364037
put	5.2379117	3.5974061	5.7560787
shadow	4.6697397	3.4881005	5.099029
practical	5.566409	3.8621392	6.131409
surface	5.576441	3.3419967	5.2182226
account	5.474739	4.0225897	5.51136
loss	4.588269	4.5371847	4.439283
indian	5.1093607	4.321349	5.6283684
vine	6.0166836	3.6196904	5.677686
certain	4.7808304	4.2362294	5.00595
sin	3.4997966	4.283165	4.313724
necessity	4.5472064	4.267419	4.8418446
lose	4.7772965	4.8253517	5.2930164
private	4.2741017	3.5299964	5.1865745
gentleman	5.6079836	3.9173875	5.476593
daughter	4.994348	4.230679	4.938543
drive	4.235456	4.537372	4.743014
strange	4.3409615	4.6612315	4.6178164
journey	5.5450573	3.6017013	5.6481333
uncle	5.4832067	3.626521	5.671361
species	5.3119764	4.425025	5.029053
think	5.539464	4.1230297	5.749605
bed	5.485285	3.425527	5.3885593
wind	5.2145004	4.2147	5.0968313
bless	7.188251	4.1190248	6.4609957
destroy	3.9504676	4.765887	4.6667876
author	5.8071046	4.658396	5.44302
sustain	5.0757775	3.842416	5.3877077
black	4.1240215	4.4477315	4.7921114
event	5.735161	4.4153404	5.2210183
liberty	7.2425284	5.1578135	6.105996
negro	4.3875465	4.565164	4.8714123
little	4.914198	4.294293	4.6626587
fortune	5.59941	4.8898473	5.3774586
touch	5.921278	3.3721554	5.753628
kill	5.0226374	4.7896347	5.3880677
feature	5.03202	3.6854846	5.512096
happiness	7.456697	4.190126	6.659892
assume	4.046455	3.5398717	4.838389
notion	5.7910976	4.0034723	5.8721504
purchase	6.6766815	3.8193107	6.806179
faithful	6.4822865	3.3541017	6.291622
soldier	4.3239584	4.6845	5.027141
father	5.44318	4.2054405	4.8630033
narrow	3.19769	3.6252458	4.358985
great	4.6122203	4.4967575	4.901869
tear	4.1773367	4.2817225	4.4640307
honorable	5.0968695	4.19097	5.7561107
previous	4.3383927	3.9271288	5.0503173
good	5.592232	3.9340804	5.9118586
domestic	4.877304	3.452999	4.939637
glory	6.5146203	4.36577	5.7341332
lay	4.937589	3.2631602	5.8873663
occasion	4.5531597	4.03975	4.753403
guard	5.199931	3.5180607	5.4017735
whole	4.836728	4.3998213	5.331054
mouth	4.6896424	4.2963724	4.976001
receive	6.852455	4.0119376	6.364038
take	5.24191	3.9527833	5.5484657
simple	5.699564	4.0620008	5.8361735
error	3.5849595	4.7518773	4.332341
wisdom	6.1876574	4.0855002	6.0348797
rock	5.448167	4.2365623	4.9860573
decide	4.6281013	4.437899	5.1758714
exclaim	6.240903	4.8050065	5.6151032
assure	7.1922617	4.3870554	6.7458563
sign	4.362768	3.8327587	4.8023496
preserve	6.4123116	3.3180203	6.0476384
commerce	5.892224	3.7436233	5.903839
plant	4.5763063	4.018013	5.107071
walk	5.4133024	3.4377608	5.594843
difference	5.2237587	4.173006	5.4191265
hang	4.723967	3.8619235	4.9102836
following	6.217872	3.601942	5.8447504
employ	5.0626974	3.789704	5.7688465
