deal	4.912577	4.3904886	5.4961066
study	5.780901	3.9452462	6.058384
afford	5.976086	4.1217766	5.6720386
service	5.7098985	3.7708735	5.681203
height	5.2681236	3.7144623	5.4677477
prospect	7.0447025	4.0466657	5.908844
pleasant	6.98816	3.933055	6.3702087
shade	4.900348	3.909646	4.9745817
listen	5.2626767	4.093097	5.7339973
mighty	5.5528984	4.4744873	5.7328324
country	5.7297864	3.934207	5.609102
title	5.698998	4.498865	5.3988433
choose	5.47376	3.524114	5.7535963
village	6.3616943	4.412357	5.8058386
acquire	6.7186947	4.3938704	7.053116
rank	5.520134	4.2380476	5.3869967
bow	6.032216	3.7800539	5.999183
doctor	4.3920493	3.7435846	4.87962
talent	7.148862	4.464071	6.9746094
source	6.3226147	4.0064573	5.8289933
lead	5.108202	4.0018406	5.4913793
question	5.0498347	3.5364757	5.4085674
publish	5.1623144	4.628576	5.6146007
interest	5.773515	3.6888437	5.976547
serve	5.021655	3.2268867	5.4553113
divine	6.769356	4.145694	5.926631
put	5.7852354	3.7001853	5.8369493
shadow	4.522905	3.625519	4.6255527
practical	5.204647	3.647056	5.969761
surface	5.3292766	3.0606534	5.020256
account	5.689621	4.527136	5.2607617
loss	4.4960403	4.5238657	4.653122
indian	4.922206	5.014462	4.9626646
vine	5.7131786	3.4595244	5.557743
certain	5.0348773	4.3408756	5.2873054
sin	4.10633	4.4076242	4.709893
necessity	4.5042896	4.2108483	4.8567133
lose	5.0402303	5.031595	5.519004
private	4.695707	3.4684024	5.3555803
gentleman	5.6199093	3.5433016	5.5348854
daughter	5.693143	4.569917	4.92511
drive	4.3156724	5.0421734	4.812978
strange	4.937321	4.71134	4.8518333
journey	5.969057	4.146886	5.629632
uncle	6.573163	3.474368	6.1555653
species	5.607971	4.329456	5.3060555
think	5.350195	3.8908648	5.5263076
bed	5.8585863	3.154725	5.549798
wind	5.0062137	3.8977194	4.729026
bless	7.1042805	3.9636354	6.2980704
destroy	3.946359	4.9974723	4.709243
author	5.3746424	4.9003067	5.1122146
sustain	5.015204	3.9848385	5.4026866
black	3.8678703	4.5639324	4.306155
event	5.892844	4.254897	5.279242
liberty	6.803565	4.9716353	6.3098617
negro	4.6104155	4.5009384	4.9716234
little	5.3138924	4.0340858	5.127943
fortune	6.32046	4.3230433	5.772608
touch	5.63228	3.5096858	5.6942024
kill	4.583047	5.488481	4.92813
feature	5.501472	3.6880589	5.3531857
happiness	7.3320475	4.5478053	6.4247375
assume	4.292695	4.1879153	4.979964
notion	5.415644	4.1617894	5.8132105
purchase	6.712455	4.005123	6.502941
faithful	6.405032	3.388133	6.182544
soldier	4.574438	4.171897	5.281861
father	5.982246	4.0769944	5.5835795
narrow	3.1255407	3.6132536	4.3020506
great	4.653339	5.0035715	5.3650303
tear	3.867566	4.1877446	4.4634385
honorable	5.327311	4.0940323	5.522246
previous	4.2506843	3.9800394	4.954553
good	6.092241	4.0690074	5.9066067
domestic	4.811919	3.4469595	4.8212276
glory	6.9948387	4.515152	6.436475
lay	4.6172633	3.638066	5.1518717
occasion	4.769108	4.5537333	4.5946016
guard	4.6568465	3.9442263	5.565902
whole	5.261072	4.242902	5.137933
mouth	5.526079	3.7438161	5.79401
receive	6.6445417	3.9268417	6.385507
take	5.148909	3.8112197	5.40781
simple	6.151631	3.8347452	6.063425
error	3.4750924	4.1534266	4.309515
wisdom	5.916668	3.9549103	6.0957065
rock	5.776027	4.057563	5.355261
decide	5.047439	3.8669395	5.3133683
exclaim	5.576835	4.6772246	5.5882006
assure	6.5884953	4.4617486	6.3876085
sign	5.290796	3.6437545	5.401747
preserve	5.821866	3.6349404	6.046125
commerce	5.429602	4.2922215	5.716949
plant	5.1046443	3.9027345	5.205775
walk	5.2451067	3.8113432	5.389674
difference	4.9355	4.2455053	5.0185275
hang	4.445467	3.8675358	4.672703
following	5.783181	3.8412344	5.775035
employ	5.5978804	3.7124531	6.348992
