deal	4.7854238	4.3726673	5.3199883
study	6.339586	3.796731	6.5355806
afford	5.895766	4.1264057	5.813973
service	6.0664134	3.9850202	5.8021755
height	5.4128275	4.224075	4.951111
prospect	7.0152507	4.4423475	5.746066
pleasant	6.5951514	3.626715	5.876479
shade	5.2539544	3.2700715	5.3973913
listen	5.174125	4.158278	5.665128
mighty	5.1786203	4.677125	5.589097
country	5.318924	4.118767	5.0176563
title	5.8688703	4.2124653	5.9072723
choose	4.8906784	3.7458982	5.7463927
village	5.8606505	4.2484055	5.4418173
acquire	6.016834	4.4923196	6.5086327
rank	5.568945	4.432059	5.3502016
bow	5.814854	3.9984872	5.8427515
doctor	4.674696	4.2574916	4.6860065
talent	6.780512	4.6992645	6.8520784
source	5.965354	4.5092144	5.7707
lead	4.7635617	3.9619505	5.521998
question	5.771434	4.0936294	5.7928967
publish	4.937541	4.201333	5.7056165
interest	6.5325403	4.3230767	6.040747
serve	4.7342005	3.1558733	5.454734
divine	6.527332	4.169845	5.6910434
put	5.706882	3.8239055	5.8696914
shadow	4.8998976	3.3578324	4.9042325
practical	5.599382	4.0333915	5.9098163
surface	5.1457067	3.1909344	4.8950434
account	5.2776747	4.0640817	5.462041
loss	4.6525807	4.468757	4.5925264
indian	4.785623	5.137791	5.1587744
vine	6.5026636	3.337998	5.76929
certain	4.896086	4.364367	5.3102336
sin	3.6047716	4.606947	3.9222922
necessity	4.202076	4.319752	4.7917414
lose	4.411743	4.9444704	5.03358
private	4.7262278	3.4167986	5.4892383
gentleman	4.939929	3.6107159	4.871423
daughter	4.744293	4.0812016	4.562515
drive	4.309411	4.4722996	4.876488
strange	4.5079865	4.8081703	4.391998
journey	5.911131	3.578052	5.6999216
uncle	6.4297676	3.9652128	5.9954457
species	5.7221413	4.662359	5.2052026
think	5.2876306	4.461086	5.364693
bed	5.3127227	3.58396	5.280561
wind	5.0579314	4.1209297	5.103838
bless	6.62532	3.9171352	6.087679
destroy	3.797755	4.9194155	4.6355867
author	5.098081	4.5368047	5.3145056
sustain	5.223523	4.3751817	5.600747
black	3.916686	4.531438	4.0417943
event	5.9016104	4.441186	4.981243
liberty	6.5812182	4.453867	6.179664
negro	3.5704052	4.494438	4.004577
little	5.2447786	3.8301842	5.3379335
fortune	5.8976755	4.4428325	5.649782
touch	5.5119467	4.074533	5.4618983
kill	4.3430843	5.2657123	4.653331
feature	5.282202	3.7746017	5.1865573
happiness	6.643735	4.6583834	6.0922537
assume	4.487401	3.959034	5.0016975
notion	5.4021187	4.4926043	5.3013916
purchase	5.758855	3.7733452	6.1558514
faithful	5.9291577	3.5566392	5.8557835
soldier	4.3916636	4.359761	4.915053
father	5.238975	3.7938423	4.933532
narrow	3.598267	3.81953	4.5824327
great	5.7365375	4.4099054	5.5090065
tear	3.926968	3.7187185	4.6605997
honorable	5.482859	4.4347486	5.9293203
previous	4.6736145	3.968724	5.0467567
good	5.654382	3.291626	5.792658
domestic	4.5960484	3.5771625	4.304822
glory	7.256157	4.7051373	6.3963776
lay	4.3759556	3.5863175	5.510902
occasion	5.1174226	4.383503	4.9171357
guard	4.6323996	3.765554	5.37648
whole	4.7894564	4.357505	5.0015674
mouth	5.2485056	4.3227134	5.4327874
receive	5.9410477	3.6798933	6.013479
take	5.9914656	3.6209292	6.1626782
simple	5.5937285	3.755571	5.6995063
error	3.6291027	4.435658	4.424437
wisdom	6.0448704	4.151097	5.9957795
rock	5.228772	4.3398385	5.0587654
decide	5.2258167	4.156872	5.886267
exclaim	5.539407	4.8828745	5.2333817
assure	6.173676	4.219684	6.511469
sign	5.0203247	3.9574275	5.235808
preserve	5.9384785	3.5095122	5.90808
commerce	5.6976256	4.936702	5.594407
plant	5.3860836	3.4785109	5.231611
walk	5.671878	3.676748	5.8821797
difference	5.405711	3.7667747	4.9024367
hang	4.673913	3.672673	5.153048
following	6.188673	2.9943132	5.761427
employ	4.8492813	3.9917402	5.8983264
