deal	5.0308723	4.118705	5.3398085
study	6.2546926	3.5504484	6.291606
afford	5.6172104	4.0957	5.731204
service	5.401514	4.0482864	5.851107
height	5.5238895	4.429801	5.221136
prospect	6.923311	4.1054626	6.246256
pleasant	7.442169	3.7531505	6.5553966
shade	4.731444	3.5610807	5.013333
listen	5.1389527	4.217201	5.309391
mighty	5.6421046	4.4519444	5.3126154
country	5.435794	3.933571	5.269676
title	6.8325253	3.9810095	6.6519732
choose	4.8902893	3.5692112	5.3467493
village	6.0889997	3.9805331	5.6618414
acquire	7.314905	4.1453614	7.262325
rank	5.156719	4.1163163	5.414697
bow	5.90423	3.8753495	5.6907253
doctor	4.711348	3.8820598	4.5750117
talent	7.004903	4.6410694	6.746642
source	5.4975944	4.4306006	5.5045457
lead	5.0612297	3.9786482	5.1657047
question	4.779246	4.101553	5.5137863
publish	5.6632233	4.282673	5.6962013
interest	5.91814	4.337534	5.5776396
serve	4.521999	3.622029	5.053913
divine	6.15221	3.8206866	5.479409
put	5.3688736	3.737854	5.7502093
shadow	4.8767567	3.0858011	5.228621
practical	5.6961155	3.7301202	6.035216
surface	5.1739254	3.474885	4.7701173
account	5.214385	4.6678734	5.3238816
loss	4.5283937	4.8272204	4.6708264
indian	5.4127398	5.0377474	5.622902
vine	5.399631	3.5754352	5.3672037
certain	4.8787937	4.3558164	5.303402
sin	3.7340822	4.6014233	4.432231
necessity	4.184749	4.0951715	4.6250577
lose	5.1505265	4.644701	5.7783537
private	4.183281	3.9487998	5.062546
gentleman	5.746574	3.3037229	5.4337125
daughter	5.3849525	4.580348	4.9325743
drive	4.103876	4.705668	4.552542
strange	5.043665	4.84812	4.866647
journey	6.4406414	4.2592926	5.972137
uncle	6.503892	3.810291	6.538604
species	5.4362636	4.912854	5.1414576
think	5.650325	4.599458	5.4677863
bed	5.365903	3.8725233	5.20722
wind	4.7848296	3.9426131	4.7081842
bless	6.9122753	3.7223804	6.3611298
destroy	3.31492	4.6861577	4.4647417
author	5.7282686	4.4185133	5.336491
sustain	5.3568873	3.9766512	5.5392404
black	4.1386952	4.1566305	4.4104967
event	5.6316986	4.587303	5.0436916
liberty	6.129586	4.5512075	6.104162
negro	5.1185474	3.9076679	5.2499833
little	5.047001	3.877927	5.03903
fortune	5.85501	4.4507675	5.5689287
touch	5.9780993	3.8109522	5.8460393
kill	4.1678677	5.0739493	4.7087717
feature	5.6713953	3.807357	5.5993695
happiness	6.5857377	4.558263	6.376155
assume	4.7479377	4.108944	5.512701
notion	5.830311	4.4777293	5.9033523
purchase	6.782939	4.129221	7.0038605
faithful	6.023533	3.0165691	5.7506537
soldier	4.142234	4.0008545	4.712373
father	5.781153	4.0925403	5.4087386
narrow	4.4728003	3.2588992	4.85225
great	5.444471	4.6763606	4.746258
tear	4.2455473	3.8954906	4.579588
honorable	5.125753	4.3067226	5.696506
previous	4.868748	4.1535106	5.144463
good	5.86789	3.5534563	5.8326693
domestic	4.5267525	3.5761776	4.571009
glory	6.530343	4.629489	5.8865695
lay	4.938256	2.9108396	5.474384
occasion	4.922065	4.683317	4.766243
guard	4.6670446	3.798402	5.3939724
whole	5.322746	3.857029	5.2604427
mouth	5.1939087	4.160447	5.3018427
receive	6.1876335	3.7306147	6.0212126
take	4.9711146	4.186974	5.457775
simple	6.1354904	3.7918015	6.119897
error	3.7341466	4.293393	3.9131196
wisdom	6.0360427	3.8620343	5.8333755
rock	5.5143127	4.535763	4.987988
decide	5.1746354	3.9311514	5.542439
exclaim	5.8112106	4.7375097	5.6049466
assure	6.6052437	4.1328087	6.330868
sign	4.7869077	3.6627398	5.444827
preserve	5.1658254	3.5283349	5.433811
commerce	5.4888797	4.0988517	5.437667
plant	4.6092873	3.7230582	5.01644
walk	5.5724053	3.6180222	5.805723
difference	5.18016	4.4311485	5.3104815
hang	4.222106	3.7145474	4.7285256
following	6.337032	3.3126469	5.930116
employ	4.6800714	3.9411142	5.7600284
