deal	5.6917	4.7971735	5.6298084
study	6.369683	4.0960636	6.364106
afford	6.3519254	4.250574	6.0987053
service	5.7365584	3.9194248	6.2605696
height	4.9372935	4.341405	5.1211057
prospect	6.8683777	4.218971	5.856406
pleasant	7.582241	3.7801952	6.573407
shade	5.433303	3.5179338	5.715714
listen	5.5457315	3.865991	5.3393774
mighty	5.6278114	4.529823	5.5934124
country	5.402436	3.694835	5.322103
title	6.892931	3.9623733	6.060638
choose	5.1169634	3.604551	5.5680346
village	6.2061763	4.114878	5.5108585
acquire	6.2965536	4.516419	6.7305346
rank	5.222645	4.408081	5.566205
bow	5.921405	3.505939	5.5877566
doctor	4.847362	3.9502964	4.6909556
talent	6.6367536	4.644349	6.6450934
source	6.6206894	4.4266634	5.8222637
lead	5.251589	4.2785907	5.7395163
question	4.088915	4.4237347	4.37553
publish	5.307138	3.9770067	5.267511
interest	6.185081	3.832901	5.9842916
serve	5.274181	3.308523	6.2829366
divine	6.5339084	3.9451509	5.7110186
put	5.1376305	4.022751	5.3704305
shadow	4.719363	3.599168	5.172538
practical	5.5125604	3.7191868	5.852377
surface	4.970219	3.1932917	4.8435335
account	5.678418	4.1936183	5.488428
loss	4.1308146	4.472597	4.349374
indian	4.727783	4.765336	4.915358
vine	6.2592616	3.2377992	5.833393
certain	4.782621	4.3225374	5.1895013
sin	3.9238605	4.078216	4.741677
necessity	4.5310984	4.086792	4.829546
lose	4.264205	4.47556	5.108763
private	4.7445936	3.675016	5.7314434
gentleman	5.6461215	3.7813573	5.367853
daughter	5.46929	4.756597	4.751372
drive	5.3622084	4.8903103	5.068864
strange	4.903508	4.7814846	4.62846
journey	6.011891	3.7832956	5.7443542
uncle	6.663076	3.3389587	6.4118447
species	5.2962046	4.5629888	4.6830063
think	5.742188	4.1439686	5.6763844
bed	5.2794476	3.312367	5.036216
wind	5.29338	4.09673	4.654223
bless	7.069045	3.9000125	6.3691835
destroy	3.9414492	4.7564445	4.8932486
author	5.3850737	4.0844617	4.916969
sustain	4.5343924	3.945231	5.010812
black	3.6325638	4.5810537	4.2499747
event	5.8283467	4.2102656	5.1789665
liberty	6.581152	4.7867346	5.98975
negro	4.2463813	4.0070834	4.517323
little	5.5688806	4.304545	5.3479104
fortune	6.1499457	4.327315	5.838051
touch	5.4583063	3.6585996	5.468014
kill	4.2886615	4.939646	4.7112794
feature	5.5511656	4.5307226	5.5133114
happiness	7.669476	4.0749946	6.676814
assume	4.03791	4.0862646	5.0517397
notion	5.69852	4.088722	5.522542
purchase	6.2036576	3.8758926	6.2089634
faithful	6.1295414	3.5870466	6.0947685
soldier	4.330747	4.662301	5.1213274
father	6.186842	3.9291813	5.2958493
narrow	3.073865	3.5948615	4.3321643
great	5.152682	5.2068233	5.245495
tear	4.496995	3.9672627	4.8099217
honorable	5.1226053	4.337588	5.4369555
previous	4.0289927	3.9125652	4.944722
good	6.6800222	4.1441345	6.520442
domestic	4.856978	3.3073347	5.0271897
glory	6.82903	4.555863	6.112847
lay	4.2934437	3.290156	5.170009
occasion	4.9789815	4.1577573	4.832025
guard	4.7561827	3.6234384	5.671225
whole	5.310347	3.8683846	5.128685
mouth	4.5880456	4.2858734	4.9472365
receive	6.26891	4.0992246	6.2224255
take	5.461754	4.558783	5.864127
simple	5.9798074	3.7220893	5.7714567
error	3.2158926	4.4710336	4.10709
wisdom	6.212066	4.090669	6.2490635
rock	5.104214	4.0331097	5.0022535
decide	4.213007	4.2033534	5.105812
exclaim	6.0730453	5.3291078	5.5680065
assure	6.642112	4.115162	6.4894843
sign	4.3065596	3.7378135	4.9112234
preserve	6.0747585	3.377705	6.395612
commerce	5.302641	4.318675	4.998589
plant	5.2099776	3.658967	5.5440583
walk	5.716478	3.9358573	5.4772778
difference	5.332933	4.6083946	5.4175916
hang	4.7063637	3.5763845	4.9886346
following	6.3900185	3.3153486	6.0997114
employ	4.511477	3.9198685	5.760037
