deal	5.3424287	4.476542	5.169784
study	5.5879097	4.071489	6.211948
afford	5.759311	3.722749	5.624557
service	5.6931334	4.1732583	6.2134223
height	5.4911532	4.291433	5.2131543
prospect	7.017559	4.0529065	6.1268363
pleasant	6.734681	3.8739512	6.1265135
shade	4.5307035	3.5577397	4.930016
listen	5.1424203	4.138646	5.2504015
mighty	5.507919	4.550658	5.42524
country	5.3770576	3.9589484	5.5205708
title	6.115596	3.8732152	5.3104515
choose	5.00452	3.7564192	5.6734276
village	5.6742334	3.8527954	5.3905044
acquire	5.9646153	4.980583	6.039677
rank	5.3486137	4.3160186	5.203532
bow	6.0637193	3.3248065	6.0117702
doctor	5.076923	3.7801647	4.611718
talent	6.7232633	4.7465334	6.326693
source	5.4182625	3.7931228	5.189883
lead	5.3758936	4.279605	6.0793824
question	6.0407104	4.0383	5.928848
publish	5.571564	4.3705893	5.7023525
interest	6.0317698	3.746216	6.10075
serve	5.015133	3.6158593	6.006563
divine	6.5380034	4.0694985	5.7483416
put	5.78632	4.1594405	5.8173375
shadow	4.486668	3.6201844	4.946493
practical	5.8289104	4.0076947	6.187933
surface	5.073657	3.4421499	4.706717
account	5.610363	4.122821	5.4776583
loss	4.3848124	4.212085	4.5509415
indian	4.5790124	4.6038284	4.726346
vine	6.623666	4.1620984	5.67868
certain	5.160472	4.1664577	5.541487
sin	3.5306716	4.3412323	4.2903266
necessity	4.6534123	4.1219697	4.780785
lose	4.4329886	4.953418	5.191689
private	4.1651998	3.407928	5.368973
gentleman	5.595112	3.5159583	5.5186505
daughter	5.7031746	4.1536064	5.0484858
drive	4.2232327	5.151355	4.7566633
strange	4.955054	4.755031	4.8706765
journey	5.7302127	3.95929	5.576243
uncle	5.758191	2.8402174	5.834093
species	5.82275	4.8431396	5.4730797
think	5.1871815	3.8312871	5.358497
bed	5.177875	3.1779232	5.105691
wind	5.116136	4.3193707	4.7633066
bless	7.5473747	4.1187882	6.745305
destroy	3.8220577	4.906301	4.8305626
author	5.165588	4.439839	5.192857
sustain	5.146488	4.019519	5.6178694
black	3.867174	4.1683316	3.7910285
event	6.197769	4.2693324	5.2705817
liberty	6.664559	4.4104624	5.9994516
negro	4.5378513	4.2069855	4.3665276
little	5.468156	4.016098	4.982308
fortune	6.0105433	4.0736747	5.6209693
touch	5.3508577	3.6633534	5.524942
kill	4.176365	4.964802	4.621053
feature	5.4617205	3.8191113	5.4840345
happiness	7.5090437	3.7380447	6.825902
assume	4.062236	4.1540537	4.993845
notion	6.1283374	4.1399245	5.9213505
purchase	6.018663	3.573348	6.2174892
faithful	6.195449	3.6075406	6.1311445
soldier	4.436321	4.4093	5.2534647
father	6.182534	3.820033	5.7924714
narrow	3.2837467	3.8463461	4.42675
great	5.5610914	4.5713067	5.4413595
tear	4.0175557	4.2991323	4.6609893
honorable	5.7778797	4.448238	6.112845
previous	4.694021	4.018645	5.2413983
good	5.5976214	3.807056	5.812172
domestic	5.2525377	3.0183427	5.501277
glory	6.3979816	4.5947266	5.632066
lay	4.6760435	3.210676	5.456146
occasion	5.2246323	4.1662436	5.401638
guard	4.6952724	3.6789796	5.484308
whole	5.323028	4.1230836	5.20566
mouth	4.453439	4.3573403	5.004439
receive	6.5449924	3.9752922	6.297267
take	4.9973464	4.3840756	5.7491236
simple	5.8235893	3.8814929	5.6608353
error	3.2764106	4.6809955	4.3153114
wisdom	6.1564837	4.178768	5.9261546
rock	5.0906763	4.186455	5.0638947
decide	4.9915686	4.083476	5.3496227
exclaim	6.028339	4.9803	5.8116546
assure	6.9049616	3.978915	6.6797447
sign	4.9693213	3.7841847	5.063834
preserve	5.857887	3.411751	6.0630937
commerce	5.5501337	4.270955	5.735877
plant	5.2636166	4.0645976	5.1396437
walk	5.4200516	4.1192927	5.5064516
difference	5.636172	3.7366588	5.6399536
hang	4.831898	3.6259446	5.271638
following	6.643131	3.9155667	5.8658504
employ	4.4887	3.7904348	6.0838604
