deal	4.1809015	4.030759	5.0417905
study	6.3172646	4.2650065	6.3939414
afford	6.529198	3.6542194	5.771557
service	5.7504354	3.6184647	5.9839506
height	4.990421	4.1634326	5.0891714
prospect	6.764123	3.9334874	5.8765492
pleasant	6.7315707	3.6644084	6.1401415
shade	5.131218	3.4512544	5.0459185
listen	5.49391	3.8971634	5.5208564
mighty	5.8182287	4.340229	5.460091
country	4.859493	3.953088	5.118387
title	5.7067075	3.6265259	6.1199765
choose	6.509896	3.874329	6.1659565
village	5.933926	3.998106	5.76713
acquire	6.578065	4.247753	7.087048
rank	4.805231	3.8209167	4.845133
bow	6.1734996	3.6272368	6.0416436
doctor	4.6715565	4.326633	4.6329546
talent	6.668821	4.676725	6.463853
source	5.9566693	4.50603	5.492016
lead	5.574191	3.9263318	5.411237
question	5.765153	4.0761333	5.682808
publish	4.9610696	4.1155944	5.652433
interest	6.4972067	4.2642684	5.7147794
serve	5.1434755	3.1777592	5.4261904
divine	6.2471547	4.2242227	5.181534
put	5.900753	3.8439713	5.647718
shadow	5.1646633	3.33356	4.96363
practical	5.485774	3.8533492	5.833391
surface	5.268856	3.4232647	5.1346164
account	5.870643	4.2301874	5.6843896
loss	4.3979287	4.585412	4.712959
indian	5.017729	4.5534687	5.621852
vine	5.395607	3.8333127	5.6131697
certain	5.065849	4.694922	5.2315955
sin	3.3949604	4.3335943	3.9516819
necessity	4.5803313	4.2854323	4.9006567
lose	4.9236646	4.502593	5.583874
private	4.3292685	3.9157207	5.2391615
gentleman	5.609754	3.4059837	5.0832696
daughter	5.4474664	4.5178795	4.9418507
drive	4.1760592	4.7380605	4.4262543
strange	4.345899	4.8312855	4.6545014
journey	5.7209845	4.0198536	5.6941433
uncle	6.026216	4.01191	5.830808
species	5.3902745	4.8306036	5.552843
think	5.3832016	3.8788455	5.148647
bed	5.486556	3.2254772	5.221124
wind	4.8323336	4.0150256	4.942045
bless	7.216621	4.018778	6.079301
destroy	4.1874847	4.6638436	4.605658
author	5.3558645	4.592993	5.2085752
sustain	4.818865	4.109338	5.344042
black	4.430735	4.641234	4.6661067
event	5.8773446	4.6574955	5.3054433
liberty	6.990755	4.670689	6.2157726
negro	4.759258	4.288952	4.498588
little	5.394824	3.8395162	5.0316577
fortune	5.499337	4.3092895	5.3444624
touch	6.1670613	3.467403	5.7797
kill	4.587624	4.5726204	5.018284
feature	4.9879346	3.7294364	5.2436876
happiness	6.969307	4.598386	6.329104
assume	4.3411083	3.9005687	4.9157395
notion	5.8529577	4.0029626	5.5812335
purchase	6.2849703	3.8921673	6.488274
faithful	6.612897	3.3333592	5.850856
soldier	4.4140153	4.311632	5.0242696
father	5.2455025	4.1437593	5.1277246
narrow	3.5897267	3.6920161	4.3263273
great	4.914004	4.1526055	4.679581
tear	3.8591313	4.3781457	3.9741652
honorable	5.498126	4.1085367	5.859978
previous	4.344754	3.8802943	4.9144297
good	5.903789	3.921397	5.8003283
domestic	4.985653	3.7592833	4.5101857
glory	6.728735	4.1435933	5.785255
lay	4.8087125	3.0132527	5.4674892
occasion	4.7938075	4.2192106	4.7210464
guard	5.143901	4.0094857	5.3578277
whole	4.9447446	4.028896	4.5722985
mouth	5.1475024	4.4037614	5.462098
receive	6.354489	3.6757712	6.1990585
take	5.7361965	3.6259174	6.001862
simple	5.9577303	4.1403904	6.0573635
error	3.5090995	4.497262	4.0787897
wisdom	6.418946	4.3588843	6.169616
rock	5.792195	4.2050567	5.548811
decide	5.454755	4.06168	5.6811757
exclaim	5.9475813	4.859112	5.5322614
assure	7.1001873	4.0685234	6.608108
sign	4.931767	4.097384	5.5028315
preserve	6.2211533	3.672168	6.2484074
commerce	5.307645	4.6346006	5.309981
plant	5.112482	3.8299477	5.172151
walk	5.5694284	3.432025	5.760926
difference	4.7827854	4.1781597	5.240991
hang	4.81444	3.6225812	5.29671
following	6.7974977	3.4085455	6.0608516
employ	4.8623857	3.946997	5.7358236
