deal	5.0463877	4.273131	5.3902802
study	5.584799	4.1567516	6.114046
afford	5.9739943	3.8910992	5.6034403
service	5.555511	3.9947565	6.0984335
height	5.2160583	4.1730795	5.431456
prospect	6.711281	4.480473	5.9653616
pleasant	6.533906	3.9773772	5.763408
shade	4.885439	3.5013878	5.042879
listen	5.246484	4.0997596	5.565598
mighty	5.8515863	4.739466	5.4555855
country	5.644614	4.0768557	5.4933195
title	6.6102	3.934513	5.7708006
choose	4.7997475	3.56609	5.365874
village	5.880848	4.3079977	5.5424685
acquire	6.4272175	4.6568336	6.4412813
rank	5.564864	4.378761	5.6507826
bow	6.3240204	3.618357	6.122382
doctor	5.080179	4.3483243	5.0583725
talent	7.2863297	4.8712506	6.8518248
source	5.51441	4.2589417	5.2664485
lead	4.7720532	3.9376369	5.784968
question	4.999325	4.2796855	5.476671
publish	5.3479586	3.8998435	5.6094284
interest	5.736147	3.8371625	5.927294
serve	4.8439813	3.4331608	5.6957216
divine	6.3602233	3.726943	5.6272497
put	5.174829	3.796602	5.5849953
shadow	4.9228153	3.495317	5.098897
practical	5.513102	4.0554986	6.248126
surface	5.027308	3.6000354	4.740047
account	5.2577333	3.989937	5.2742376
loss	4.2951393	4.302716	4.5748124
indian	4.895028	4.465022	5.249433
vine	6.688565	3.557201	6.20819
certain	5.224194	4.613038	5.1077065
sin	3.902979	4.3639355	4.620806
necessity	4.4180164	4.222252	4.7888436
lose	4.397429	4.2381105	5.028945
private	4.6557584	3.5370908	5.389878
gentleman	6.1098886	4.0487537	5.6818514
daughter	5.7780867	4.927438	5.0232944
drive	3.7924242	5.001949	4.5590878
strange	4.595026	5.298921	4.461379
journey	5.348188	3.9598863	5.6505313
uncle	6.7781706	3.9447017	6.795187
species	5.93799	4.4950175	5.3948717
think	5.2682915	4.2547145	5.3502717
bed	5.323808	3.1895938	5.2095103
wind	5.0957856	4.3339553	4.6998267
bless	7.8277855	3.9598262	6.774713
destroy	3.5988278	4.7811575	4.5877166
author	5.4467335	4.009134	5.2551513
sustain	5.5283027	3.8002386	6.08922
black	4.109663	4.5945253	4.611011
event	6.3083324	4.501291	5.3647113
liberty	6.443924	4.5615897	5.818337
negro	3.766931	4.389117	4.2332625
little	5.1670017	3.7594714	4.9493895
fortune	6.6306024	4.3913784	5.8130527
touch	5.6430187	3.724493	5.685159
kill	3.816135	4.9089093	4.995571
feature	5.116949	4.061628	5.292363
happiness	7.4713335	4.6839185	6.53566
assume	4.108813	3.7212346	4.9174423
notion	5.681945	3.927769	5.317581
purchase	5.855014	3.7464266	6.0842485
faithful	6.346244	3.5607271	6.347211
soldier	4.277075	4.5309925	5.1397247
father	6.179046	4.451229	5.746266
narrow	3.5474844	3.297579	4.175664
great	5.7800674	4.4302406	6.0027475
tear	3.7765543	3.7076576	4.6015124
honorable	5.948993	4.6210084	6.2450185
previous	4.015119	3.5985384	4.9628057
good	6.3570185	3.770811	6.275497
domestic	5.0450335	3.760456	4.8946624
glory	7.0671253	4.4524026	6.2886944
lay	5.050264	3.1970708	5.470531
occasion	5.3567247	4.0544376	5.2339983
guard	4.985622	3.5327263	5.5103216
whole	4.8033037	4.5479465	4.9129376
mouth	4.9572644	3.9023051	5.36841
receive	6.1661625	3.9430013	6.290043
take	4.9238496	4.1414676	5.7117243
simple	5.832554	4.002241	5.7758374
error	3.484879	3.9605176	4.380308
wisdom	6.623447	4.3956604	6.1443443
rock	5.678298	4.2487383	4.9213495
decide	4.8287296	4.3234143	5.598331
exclaim	5.9409375	5.031967	5.493881
assure	6.8323555	4.0722485	6.4450326
sign	5.5989585	3.4752486	5.853498
preserve	6.165173	3.3971648	6.116747
commerce	6.120274	4.502553	5.8100977
plant	5.0259542	3.5692554	5.0988574
walk	5.592264	3.3838134	5.737346
difference	5.46016	4.048003	5.1957626
hang	5.251523	3.854475	5.2851133
following	6.167037	3.7757454	5.905259
employ	4.773631	3.998868	5.485659
