deal	5.43509	4.048045	5.444776
study	5.863872	3.623507	6.4520397
afford	6.0809507	3.949276	5.6763897
service	5.711158	3.7826934	5.457024
height	5.2760544	4.297153	5.0647807
prospect	6.739702	4.147164	5.9798126
pleasant	7.2823863	3.790114	6.3432484
shade	5.5150957	3.6475744	5.3562174
listen	5.0529337	4.3861613	5.6152134
mighty	5.472487	4.7981005	5.434951
country	5.693309	3.2775981	5.491271
title	5.8159223	4.0561213	5.4546804
choose	5.1515293	3.8313303	5.4676065
village	5.8928304	3.7904665	5.636462
acquire	6.133584	4.325495	6.085598
rank	5.2858496	4.1310964	5.324931
bow	5.598695	3.7306688	5.8035493
doctor	4.3488517	4.015385	4.828879
talent	6.5853105	4.5223308	6.422065
source	5.6891336	4.059893	5.5643497
lead	5.5718737	4.045006	5.667229
question	5.1904345	4.0610523	5.425469
publish	5.676897	4.079585	5.8493385
interest	6.048975	4.112899	5.7855344
serve	5.0424867	3.4267187	5.254321
divine	6.491831	4.0648103	5.7589874
put	5.5118823	3.844767	5.7160144
shadow	4.704148	3.6725826	4.9702687
practical	5.8063216	3.7849274	6.1616697
surface	4.653621	3.2958906	4.558271
account	5.619774	4.3149524	5.445308
loss	5.134987	4.690889	5.140183
indian	5.2903643	4.7433066	5.6940794
vine	6.1359854	3.5410664	5.6046877
certain	4.9569	4.3661737	5.2895203
sin	3.8828523	4.5770497	4.3922257
necessity	4.289338	4.535195	4.968032
lose	3.9766877	4.453853	4.6914797
private	4.365211	3.9588983	5.2633805
gentleman	5.5903096	3.8008661	5.21484
daughter	5.2561164	4.362162	4.702862
drive	4.1848235	4.8243647	4.751568
strange	4.714117	4.6723433	4.694626
journey	5.998121	4.299853	5.839805
uncle	4.442805	3.3281143	5.0304966
species	5.645254	4.6522493	5.416135
think	5.4217153	4.4427752	5.656317
bed	5.3616767	3.5207362	5.670257
wind	4.914548	4.1247573	4.5848174
bless	7.1978397	3.7667832	6.1061068
destroy	3.5085251	4.949595	4.49958
author	5.903897	4.286737	5.683358
sustain	5.415808	4.0102234	5.59175
black	4.418309	4.52048	4.6266317
event	5.9298162	4.7027473	4.9801683
liberty	6.5917797	4.523168	5.8773155
negro	4.5868373	4.2180696	4.7261233
little	5.2562366	4.2342134	5.37968
fortune	5.690769	4.7626314	5.3133016
touch	5.7035794	3.7593725	5.657654
kill	4.4303794	4.740153	5.0418034
feature	5.7385826	3.895495	5.595397
happiness	6.5774746	4.5403852	6.0915723
assume	4.7772145	4.170971	5.121043
notion	5.8510303	4.327576	5.7434435
purchase	6.0845537	3.9857237	6.1285195
faithful	6.5203695	3.3467777	6.1681914
soldier	4.932059	4.3207955	5.445051
father	5.260566	3.7018723	4.981395
narrow	3.7256105	3.6669374	4.4144993
great	5.454919	4.2089543	5.4807825
tear	4.170884	3.806202	4.612433
honorable	5.45875	4.480301	5.7237144
previous	4.5163417	4.3066087	4.7878327
good	6.251498	3.9320362	6.173456
domestic	4.876297	3.8118072	5.069287
glory	6.650362	4.811592	6.251404
lay	5.0086393	3.3561358	5.679025
occasion	5.118089	4.0265408	4.846277
guard	4.9488187	3.8976705	5.4120092
whole	5.102069	4.080742	5.068756
mouth	4.512228	4.5773993	5.198122
receive	6.411338	3.6118853	6.1439023
take	5.7994924	4.056674	6.1242375
simple	6.5887003	3.753872	5.969453
error	4.391519	4.230835	4.6791215
wisdom	6.0795565	4.342701	6.1383877
rock	5.434007	4.4325814	5.0655956
decide	4.694216	4.175947	5.2465897
exclaim	5.8327246	4.767768	5.585659
assure	6.6900544	4.0003023	6.6601305
sign	4.4480467	3.0578015	4.8689184
preserve	5.6753235	3.7658293	5.658687
commerce	5.353341	4.1530085	5.389351
plant	5.0712104	3.4902668	5.2235675
walk	6.0417595	3.830897	5.987486
difference	5.487507	3.6793451	5.456893
hang	4.5745416	3.9730442	5.07653
following	6.7810006	3.7523415	5.913765
employ	5.0472674	3.660813	5.7664604
