deal	4.4886174	5.01293	4.527655
study	6.4910154	4.161657	6.546638
afford	5.751846	3.7653606	5.439493
service	5.9088306	4.169751	6.3365593
height	5.2343936	4.1176686	5.246066
prospect	6.829679	4.394242	5.9347258
pleasant	6.651305	4.0925956	6.1009364
shade	4.604027	3.6654859	5.0363455
listen	5.5262566	4.463107	5.4239254
mighty	5.619812	4.5148177	5.3906684
country	5.188816	3.61147	5.4439373
title	6.5120716	3.8182995	5.829812
choose	5.5820155	3.0749788	6.3801265
village	5.910254	4.2844806	5.42008
acquire	6.2144685	4.4678206	6.157068
rank	5.008134	3.8053088	5.500546
bow	6.200447	3.1361463	6.2366056
doctor	4.850349	4.0307674	5.047303
talent	6.88893	4.8619943	6.6443367
source	5.692918	4.3022413	5.412107
lead	5.19118	3.842032	5.565572
question	5.5381303	4.2728357	5.2920737
publish	5.9349008	3.9940293	5.783681
interest	5.85661	4.198231	5.444793
serve	5.038066	3.489303	5.90576
divine	6.773119	3.987636	5.659782
put	5.2480392	3.7355013	5.206976
shadow	4.868046	3.7918773	5.0413074
practical	5.473943	4.190144	5.907404
surface	5.0547657	3.2050817	4.966429
account	5.2874637	3.7360468	5.111691
loss	3.8502762	4.559091	4.2270927
indian	5.0104995	5.465972	5.0039697
vine	5.942902	3.2728639	5.518853
certain	5.2209234	4.400273	5.1804857
sin	3.7115152	4.7060976	4.1449504
necessity	4.088734	4.154816	4.702185
lose	4.4352846	4.410837	4.7347116
private	4.2229176	3.593861	5.2426457
gentleman	6.11563	3.1618047	5.9771733
daughter	5.3534007	4.052707	4.8219204
drive	4.1047535	4.6015005	4.567356
strange	4.6394863	5.1614995	4.4907484
journey	5.9933224	3.9981189	5.5976334
uncle	5.7381954	3.4355617	5.534239
species	5.4914827	4.359426	4.999543
think	5.6316643	4.2227654	5.593227
bed	5.214341	3.496249	5.152189
wind	4.6714153	4.1193085	4.689122
bless	7.5174313	4.407043	6.2443624
destroy	3.6472762	4.63568	4.4516683
author	6.0166287	4.395616	5.5193706
sustain	5.0128045	3.7861674	5.4132977
black	5.1443367	4.5104685	4.592101
event	5.9126434	4.7938375	5.1128855
liberty	6.8121758	4.7817283	6.076088
negro	4.871778	4.536478	4.8416667
little	4.8657637	4.44195	4.927345
fortune	6.151992	4.186477	5.6026587
touch	5.4913945	3.8092957	5.388346
kill	4.2203746	5.10973	4.4933195
feature	5.26637	3.9715261	5.4614387
happiness	6.9396744	4.4704785	6.080519
assume	4.093278	3.6950417	5.0263844
notion	5.349532	4.3365526	5.4013615
purchase	6.947379	3.9043827	6.5745068
faithful	6.258253	3.7155051	5.932022
soldier	4.5385146	4.370209	5.355238
father	5.562069	4.2772484	5.181157
narrow	3.1844318	3.7653701	4.208973
great	5.247203	5.6260977	5.1233478
tear	4.0806146	4.349113	4.53201
honorable	5.8940783	4.3371515	6.395947
previous	4.2631407	3.8613074	4.9591856
good	5.673669	4.153095	5.7747173
domestic	4.85234	3.5549207	5.438244
glory	7.058469	4.2453947	6.3153677
lay	4.73858	4.2137465	5.1335974
occasion	5.0190177	4.0796638	4.9958553
guard	4.784843	3.9710677	5.115964
whole	5.551817	4.042605	5.22746
mouth	5.3158693	3.952722	5.7673807
receive	6.3082557	4.0463843	5.940137
take	5.5295105	4.1274424	5.7805967
simple	5.5029545	4.0205564	5.490612
error	3.4365106	4.6444945	4.328326
wisdom	5.896818	4.4317317	6.1426
rock	5.250746	4.372254	5.1100245
decide	5.37466	3.931755	5.3780594
exclaim	5.744851	4.9825044	5.6151814
assure	6.856561	3.9528816	6.6075134
sign	5.130066	3.5951343	5.1345863
preserve	5.930933	3.3357754	6.024722
commerce	5.446108	4.316815	5.6368594
plant	4.7913885	3.5030944	5.017797
walk	5.7885942	3.806893	5.5110164
difference	4.2748127	4.2764273	4.813602
hang	4.9026737	4.028768	4.99736
following	6.5630007	3.4117014	5.945919
employ	5.221947	4.020527	6.381297
