deal	4.946888	4.8206773	5.224757
study	6.1763525	3.9114516	6.2990885
afford	6.2261534	3.938141	6.021265
service	5.5530496	4.3020024	5.913597
height	5.2154493	4.3461328	5.3173394
prospect	6.407656	4.2086644	5.8202534
pleasant	6.4734077	4.0041857	5.9413495
shade	5.2032833	3.749787	5.3678737
listen	5.0844655	4.3715878	5.643027
mighty	5.3886356	4.6391215	5.501189
country	5.166431	3.3605857	4.985016
title	5.8096237	3.9449086	6.0160866
choose	5.344497	3.9673722	5.5904584
village	5.9851637	4.0376287	5.633105
acquire	6.6389484	4.6438837	6.604376
rank	5.081252	4.1283	5.2785873
bow	5.9380236	3.2273688	5.617342
doctor	5.025998	3.9563763	5.5112305
talent	7.062785	4.8718657	6.5122786
source	6.122465	4.2092295	5.491808
lead	4.9091463	3.9363801	5.521295
question	5.2832146	3.9586601	5.728844
publish	5.2657924	3.987187	5.3891897
interest	5.9645348	3.8654552	5.999319
serve	5.0090656	3.673295	5.608933
divine	6.533348	4.3186603	5.9585023
put	5.348397	3.664812	5.669497
shadow	5.3360143	3.535767	5.4716225
practical	5.878235	3.8899088	5.7856946
surface	5.564991	3.5491176	5.1835685
account	5.5406404	4.1263323	5.798828
loss	4.8516674	4.281595	5.0237813
indian	5.483244	4.8163323	6.0744104
vine	6.028141	3.925196	5.2973824
certain	5.1514	4.614389	5.4630613
sin	3.9685936	4.6448784	4.4507937
necessity	4.4327717	4.378539	5.163674
lose	4.659234	4.856996	5.242353
private	4.749808	3.9639633	5.482418
gentleman	5.8360815	4.395871	5.6882057
daughter	5.688324	3.866189	5.140861
drive	3.8100238	4.78022	4.408753
strange	4.538941	4.7480006	4.691522
journey	6.2763505	3.7362814	6.0117335
uncle	6.133973	3.562793	6.054241
species	5.4038963	4.472879	5.031278
think	5.4756055	4.347601	5.70596
bed	5.2564754	3.537716	5.2497687
wind	5.184643	4.34004	4.7398953
bless	7.380845	4.128042	6.3836317
destroy	3.6810117	5.242106	4.5783653
author	5.4843717	4.3913574	5.1000047
sustain	5.1178575	3.817328	5.5466385
black	4.906995	4.214698	5.6582313
event	6.0693884	4.7685995	5.5144634
liberty	6.410425	4.763706	6.0030804
negro	4.0907574	4.665174	4.96597
little	5.2665834	3.6696985	5.346426
fortune	6.200717	4.2619834	5.8308725
touch	5.770194	3.6914568	5.644251
kill	4.175516	4.7293344	4.717514
feature	5.2194037	3.5625181	5.3243256
happiness	6.969421	4.173411	6.0468035
assume	3.801576	3.8366456	4.873672
notion	5.595399	4.0001354	5.498615
purchase	6.229724	4.1621666	6.4111104
faithful	5.917432	3.7257557	5.9778795
soldier	4.6870217	4.368949	5.4056964
father	5.241571	3.7918289	5.092027
narrow	4.022654	3.600104	4.9208956
great	5.5787406	4.3145	5.3681
tear	3.7520123	3.7574823	4.307183
honorable	5.5771117	3.900664	5.6687756
previous	4.6965065	4.1392093	5.177424
good	6.4780493	4.1545157	6.709335
domestic	4.8545814	3.6418388	4.8256383
glory	6.713724	4.5953245	6.2016363
lay	4.752114	3.773723	5.352677
occasion	5.294979	4.349954	5.353236
guard	5.396816	3.6090884	6.019615
whole	5.2102666	4.0778127	5.23464
mouth	5.3770614	4.118942	5.44253
receive	6.126025	3.9342854	5.980768
take	5.1903696	3.931345	5.884596
simple	5.8775144	3.8556385	5.7415295
error	3.9062593	4.2847033	4.1924324
wisdom	6.5939927	4.386221	6.0778346
rock	5.500113	4.4551544	5.238181
decide	4.8912287	4.173957	5.420191
exclaim	5.526901	4.7951937	5.586404
assure	6.5464954	3.993857	6.3001523
sign	5.3918457	3.547837	5.3631454
preserve	6.453432	3.6478746	6.284546
commerce	5.9282465	4.09018	5.4275665
plant	4.7418227	4.1849194	4.770911
walk	5.5623603	3.6857653	6.1220894
difference	4.88553	4.2894526	5.1966715
hang	4.556558	3.660907	5.1537027
following	6.3588057	3.6492243	5.851681
employ	5.036983	3.9781113	5.7244725
