deal	5.7435017	4.3687243	4.9090276
study	6.240349	3.7984562	6.357956
afford	6.4854217	4.230502	6.3646455
service	6.49536	3.8922448	6.508622
height	5.164431	3.8997836	5.3352065
prospect	6.78571	4.2018976	6.1126943
pleasant	7.2814703	4.1643987	6.258566
shade	5.224596	4.059073	5.2187524
listen	5.1504135	4.0515	5.537873
mighty	6.146303	4.4701166	5.6812563
country	5.6602583	3.4742937	5.344939
title	6.488125	3.6953025	6.0829706
choose	4.88079	3.4795418	5.670806
village	6.1010356	3.967271	5.2690635
acquire	6.676731	4.047605	6.897553
rank	5.2964334	4.3570843	5.3377476
bow	5.875864	3.5832546	5.793337
doctor	4.4213643	3.9128976	4.8844047
talent	6.719472	4.2127466	6.736476
source	5.634684	4.360206	5.4692297
lead	5.214859	4.115197	5.4243083
question	5.1841235	3.9492822	5.7409043
publish	5.8365107	4.232391	5.8016634
interest	6.074062	4.1441193	5.971195
serve	5.4758263	3.650689	5.512932
divine	6.731711	3.8234084	5.848074
put	5.2335243	3.9392169	5.705185
shadow	5.295535	3.7656848	5.4013815
practical	6.082281	4.0859637	6.1728277
surface	5.3542852	3.2262015	5.017894
account	5.4835157	3.5868537	5.5060425
loss	4.41666	4.494773	4.741502
indian	5.753742	4.5839624	5.6744423
vine	5.878137	3.841229	5.4146147
certain	5.0133815	4.2760878	5.2824335
sin	3.9764338	4.1080317	4.2336287
necessity	4.493556	4.3576407	4.6981773
lose	4.6162076	3.9677238	5.247021
private	4.404669	3.6896236	5.2209687
gentleman	5.3826747	3.412415	5.294135
daughter	5.478093	4.2942595	4.9512444
drive	4.3392463	4.728745	4.7787514
strange	5.0698175	4.944101	4.866356
journey	6.163412	3.7073183	5.754858
uncle	5.854101	3.729579	5.847248
species	5.279441	4.306787	5.152101
think	5.8931456	4.173797	5.621497
bed	4.7810245	3.229148	4.7954884
wind	5.401888	3.6567469	5.2217526
bless	7.294675	3.877495	6.414866
destroy	3.558254	4.955459	4.417979
author	5.795538	4.442199	5.2867517
sustain	4.835809	3.9950294	5.489308
black	4.622207	4.3814173	4.9080276
event	6.2190433	4.547728	5.2163935
liberty	6.6034894	4.624994	5.961957
negro	4.737221	4.6546454	4.4524293
little	5.463008	4.37914	5.31342
fortune	6.1023226	4.3416924	5.5434904
touch	5.9157696	3.795556	5.8603663
kill	4.5080986	4.966688	4.484931
feature	5.0669193	4.201663	5.509677
happiness	7.117509	4.5081334	6.520312
assume	4.3709817	3.896204	4.9454465
notion	6.1154118	4.09507	5.4066505
purchase	6.2572193	3.2307715	5.9552183
faithful	6.6787353	3.6999779	6.1465983
soldier	4.7095284	5.038729	5.070885
father	5.675013	4.574774	5.0692263
narrow	3.5243113	3.607381	4.3961506
great	5.6822248	4.4456854	5.415615
tear	4.0198345	4.6048303	4.5113783
honorable	5.9353924	3.7821329	6.2600293
previous	4.352428	3.9752	4.7561784
good	6.733324	4.202025	6.3700857
domestic	4.7540317	4.124481	4.6922755
glory	7.133773	4.0472274	6.099575
lay	4.7378254	2.993476	5.4656115
occasion	4.665272	4.0822406	4.817275
guard	5.1669064	3.8983371	4.936486
whole	5.3768854	3.9023604	5.673242
mouth	4.846495	4.1016335	5.453357
receive	6.7038937	3.9317887	6.4758797
take	5.333042	4.0011163	5.6828628
simple	6.386901	3.9460983	5.9898663
error	3.8101602	4.209266	4.3322806
wisdom	6.473636	4.1408944	6.212949
rock	5.1887727	3.7315083	4.883101
decide	4.7251635	3.9519475	5.458504
exclaim	6.101189	5.0186954	5.9356723
assure	6.6123304	3.8497076	6.459034
sign	4.991106	3.7216806	5.43701
preserve	6.3899455	3.3544974	6.007703
commerce	5.8455763	3.9454646	5.9214234
plant	4.830071	3.6850214	4.7048216
walk	6.075389	3.7308812	5.7917204
difference	5.13661	3.950384	4.881247
hang	4.763045	3.8115573	5.172139
following	6.5501904	3.682788	6.1175165
employ	4.754355	3.3918	5.8242025
