deal	4.922395	4.16956	5.424764
study	6.2552943	3.9552345	6.162655
afford	6.23395	4.0433755	6.020276
service	5.8600135	4.100932	5.980481
height	5.754894	3.895746	5.6245193
prospect	6.3830414	4.4054046	5.7068057
pleasant	6.799538	3.5140743	6.2027392
shade	5.5577083	3.5362098	5.6827865
listen	5.4962635	3.81614	5.6524014
mighty	5.5836134	4.4466405	5.394191
country	5.740587	4.1711826	5.549194
title	6.0718365	3.875869	5.756035
choose	5.4768553	3.7245288	5.7742953
village	5.666456	3.7773256	5.303162
acquire	6.188389	4.0169396	6.3705397
rank	5.333398	4.37069	5.426919
bow	5.752804	3.3283675	5.8137617
doctor	4.9967527	3.7739851	5.1878076
talent	6.485511	4.6191196	6.4632907
source	5.99004	4.130172	5.720267
lead	5.180986	4.2713375	5.4762063
question	5.0925193	4.2123485	5.4448338
publish	5.867836	4.0171113	5.6036105
interest	5.8859506	4.293083	5.877617
serve	5.592901	3.85011	5.9338536
divine	6.0141478	4.2474837	5.4209447
put	5.1920376	3.7719882	5.4391017
shadow	5.208949	3.7606897	5.2449164
practical	6.101611	3.8789299	6.1261215
surface	5.8145804	3.4521627	5.630429
account	5.416295	4.292143	5.378856
loss	4.673334	4.4106607	4.7739244
indian	5.391289	4.1295877	5.1478415
vine	5.594736	3.7399185	5.275717
certain	5.4530625	4.2004204	5.561235
sin	3.9343987	4.253842	4.35635
necessity	5.065434	4.317383	5.199834
lose	5.354341	4.1824627	5.360343
private	5.1625023	4.1137676	5.4025264
gentleman	6.0324163	4.065627	5.834105
daughter	6.1978188	4.021031	5.7494197
drive	4.7935615	4.5063725	4.9212403
strange	5.239138	4.40649	4.9891953
journey	6.0274677	3.6841102	5.5944724
uncle	5.7181015	4.0858345	5.395792
species	5.7282567	4.115384	5.2860494
think	5.5576525	4.1583595	5.5851436
bed	5.485428	3.6923864	5.388306
wind	5.163113	4.157988	5.129758
bless	6.265408	3.8869188	5.954068
destroy	4.136694	4.6078343	4.56258
author	6.014642	4.310171	5.698429
sustain	5.468636	4.0163193	5.499936
black	4.6936884	3.872094	4.904126
event	5.570013	4.285802	5.37106
liberty	5.7939715	4.271286	5.7201166
negro	5.3011417	4.228733	5.136504
little	5.9307632	3.842514	5.728072
fortune	6.043324	4.555232	5.686659
touch	5.645866	4.071506	5.4614615
kill	4.139822	4.877908	4.627272
feature	5.819299	4.080351	5.771305
happiness	6.617656	4.4192185	6.0882916
assume	5.0938444	3.9772875	5.4327154
notion	5.190049	4.2206125	5.054296
purchase	5.684314	4.022451	5.8324256
faithful	5.8865395	3.9494438	5.9091434
soldier	5.032385	4.367877	5.308637
father	5.7277102	3.933446	5.494296
narrow	4.384855	3.6130953	4.790761
great	5.8355503	4.1420603	5.77372
tear	4.580173	4.0669546	4.7107763
honorable	5.413145	4.29751	5.471736
previous	5.2916374	3.8735945	5.2660666
good	5.942234	4.048475	5.9470754
domestic	5.7901893	3.8804169	5.7898054
glory	6.6385393	4.4356337	6.076595
lay	5.44628	3.5689619	5.538293
occasion	5.5882773	4.3539805	5.573098
guard	4.737631	4.2343583	5.4629683
whole	5.7589607	3.824364	5.6190314
mouth	5.0307646	4.0736494	5.169712
receive	5.9703226	4.135081	5.867452
take	5.455677	3.8320618	5.587144
simple	6.389766	3.8398228	5.8831
error	4.1638618	4.3956504	4.604733
wisdom	6.6997595	3.743098	6.2494154
rock	5.749085	4.0739136	5.395078
decide	5.2794333	4.1750216	5.678412
exclaim	5.6333485	4.499412	5.8581467
assure	6.1232014	4.2958713	5.89682
sign	5.237831	4.038886	5.7250614
preserve	5.964472	3.75879	5.8904395
commerce	5.787836	3.8822126	5.7496557
plant	5.50809	3.7933657	5.450911
walk	5.749761	3.680638	5.760774
difference	5.164967	3.8298004	5.395045
hang	4.7580724	3.9847054	4.9921465
following	6.0149508	3.804692	5.7890124
employ	5.738916	3.88772	5.970045
