deal	4.964816	4.247341	5.4176135
study	6.172009	4.010154	6.1659164
afford	6.1308002	3.985957	6.0663934
service	5.673029	3.9793925	5.8770847
height	5.7825146	3.9181128	5.5252485
prospect	6.265938	4.3784337	5.689777
pleasant	6.869185	3.5144017	6.2939
shade	5.789348	3.4077842	5.82919
listen	5.526023	3.982232	5.68986
mighty	5.5806413	4.41674	5.3510036
country	5.746952	4.1412435	5.574431
title	5.895207	3.9812758	5.723679
choose	5.4935627	3.7818205	5.739554
village	5.7504506	3.9057367	5.311179
acquire	6.209745	4.0197434	6.4338217
rank	5.2302933	4.4795027	5.384451
bow	5.631275	3.4785402	5.8094215
doctor	4.9091783	3.7382216	5.246744
talent	6.4159017	4.5655518	6.41969
source	5.879623	4.067223	5.6950607
lead	5.251526	4.280559	5.5814776
question	5.106705	4.2272716	5.4687676
publish	5.7860827	4.099923	5.618604
interest	5.9521084	4.25622	5.9568353
serve	5.518303	3.8062944	5.881855
divine	5.843929	4.3457003	5.404116
put	5.2460666	3.8073554	5.5150666
shadow	5.2160606	3.6414185	5.3152595
practical	6.003326	3.9399688	6.068051
surface	5.719631	3.492034	5.574338
account	5.4186163	4.307681	5.424706
loss	4.8322515	4.2985945	4.877857
indian	5.3447576	4.0951047	5.1545267
vine	5.810484	3.836486	5.479762
certain	5.3986526	4.118428	5.4830046
sin	3.9009993	4.315506	4.4338207
necessity	4.9799995	4.3154354	5.2299047
lose	5.4034367	4.1768107	5.4202733
private	5.067904	4.078242	5.409658
gentleman	6.0000987	4.0347195	5.780305
daughter	6.0292416	4.1335535	5.6607
drive	4.6832194	4.5296326	5.008611
strange	5.1908684	4.4062862	5.0574512
journey	6.1251264	3.736059	5.6678605
uncle	5.6499166	4.0982885	5.346452
species	5.615691	4.0084925	5.235718
think	5.5677485	4.2140903	5.642001
bed	5.4837236	3.7141562	5.4490557
wind	5.1356144	4.1451216	5.1154046
bless	6.377486	3.800902	5.98345
destroy	4.0772085	4.668846	4.7075834
author	5.9054537	4.2710238	5.729072
sustain	5.507181	4.0859194	5.455336
black	4.8313932	3.85952	5.047998
event	5.5247664	4.3340883	5.3762636
liberty	5.845203	4.245803	5.7430496
negro	5.2517323	4.2189636	5.122844
little	5.9227676	3.8391688	5.754758
fortune	5.91489	4.579921	5.580303
touch	5.7211847	4.0724955	5.600072
kill	4.192213	4.9190493	4.654522
feature	5.777913	4.0544877	5.7225943
happiness	6.549324	4.3232307	6.1257677
assume	5.122895	3.953277	5.4904137
notion	5.0352855	4.254944	5.0485754
purchase	5.5954003	4.0365877	5.7264833
faithful	5.802646	3.9401534	5.9212184
soldier	5.081555	4.3830123	5.3707924
father	5.673916	3.9561834	5.465597
narrow	4.354656	3.4506507	4.7466483
great	5.9166584	4.1775084	5.841287
tear	4.6842294	4.092091	4.8187146
honorable	5.1197786	4.2620335	5.3835278
previous	5.367952	3.8640735	5.2801924
good	5.9717774	4.0291195	5.995963
domestic	5.6111193	3.8382978	5.7436075
glory	6.7084265	4.3297887	6.117855
lay	5.4502068	3.5867944	5.6372714
occasion	5.537205	4.3666706	5.5553093
guard	4.8639116	4.196792	5.5465307
whole	5.782964	3.868999	5.6599655
mouth	4.961588	4.0872064	5.1222296
receive	5.9045134	4.0636005	5.893499
take	5.4586587	3.8337953	5.6388893
simple	6.375428	3.8723106	5.924881
error	4.1007233	4.3832417	4.5906496
wisdom	6.634353	3.6929452	6.24169
rock	5.7254148	4.0597672	5.426514
decide	5.3309116	4.140244	5.613333
exclaim	5.6947236	4.4859095	5.8017645
assure	5.96404	4.1953144	5.842
sign	5.2476187	4.074961	5.831052
preserve	6.0158553	3.7151227	5.9481354
commerce	5.734027	3.9049535	5.7774816
plant	5.486345	3.824739	5.4804177
walk	5.8145037	3.688294	5.802451
difference	5.177598	3.786045	5.4110947
hang	4.8313704	4.034713	5.0264273
following	6.075756	3.8121974	5.900833
employ	5.643842	3.8512886	5.959239
