deal	4.85872	4.2449183	5.397752
study	6.1270547	3.978168	6.064523
afford	6.174923	4.0374465	5.9633107
service	5.765856	3.9760609	5.914599
height	5.72795	3.8961353	5.658153
prospect	6.3205495	4.3533344	5.679458
pleasant	6.87063	3.5264685	6.276182
shade	5.5601935	3.586463	5.7221103
listen	5.4244556	3.9509792	5.6433654
mighty	5.591457	4.423292	5.388886
country	5.7584844	4.1915383	5.550637
title	6.0372915	3.8109415	5.826694
choose	5.49965	3.7065227	5.7298374
village	5.6746497	3.8017662	5.3430934
acquire	6.0920568	4.024062	6.263116
rank	5.352973	4.5029387	5.4613104
bow	5.6161046	3.3907933	5.6885495
doctor	4.77279	3.830596	5.137267
talent	6.335377	4.577488	6.255541
source	5.914467	4.0201015	5.6751285
lead	5.2324734	4.254194	5.545539
question	5.045411	4.1639595	5.4213934
publish	5.8329163	4.025403	5.564797
interest	5.912263	4.2876177	5.8633437
serve	5.61478	3.851384	6.0026383
divine	6.016496	4.2381973	5.436194
put	5.202484	3.8376954	5.4420195
shadow	5.272667	3.7007394	5.339863
practical	5.9183893	3.8917184	6.0907
surface	5.6473274	3.4795039	5.5835896
account	5.4350066	4.325521	5.3516307
loss	4.87632	4.3512955	4.972417
indian	5.3964453	4.1145124	5.2048106
vine	5.983852	3.8301196	5.48118
certain	5.4180675	4.164419	5.446145
sin	4.0419345	4.308877	4.4789596
necessity	5.0789433	4.380211	5.220051
lose	5.4155784	4.1800256	5.4377027
private	5.2089252	4.0942035	5.42025
gentleman	6.096142	4.149315	5.837173
daughter	6.0675716	4.1097493	5.6765647
drive	4.729811	4.585169	4.9769235
strange	5.269286	4.4287252	5.0507917
journey	6.059346	3.7684584	5.6881876
uncle	5.7527447	4.244562	5.415186
species	5.586727	4.0692472	5.2113833
think	5.5638156	4.2008076	5.6030445
bed	5.4831085	3.724236	5.449234
wind	5.197037	4.2192945	5.0693974
bless	6.4325314	3.8874128	5.989613
destroy	4.2023993	4.5343995	4.7239494
author	5.9281783	4.257456	5.671263
sustain	5.5028453	3.9971187	5.566691
black	4.7705545	3.9627705	5.034922
event	5.4933777	4.311521	5.354336
liberty	5.8668814	4.3250866	5.7204423
negro	5.2990203	4.289418	5.174656
little	5.9584074	3.843999	5.7470655
fortune	6.0626235	4.462942	5.5929008
touch	5.6997633	4.085982	5.56216
kill	4.1606135	4.958398	4.6808248
feature	5.680471	4.0917554	5.697518
happiness	6.6019454	4.3885846	6.0824885
assume	5.075013	4.0334544	5.4406834
notion	5.0640287	4.2546916	5.0040884
purchase	5.5755215	3.8925083	5.771931
faithful	5.906846	4.112857	5.9220557
soldier	5.0846186	4.4568214	5.435415
father	5.6967387	3.971459	5.537524
narrow	4.4283786	3.4281528	4.8399143
great	5.8646507	4.192872	5.794167
tear	4.695875	4.199852	4.804611
honorable	5.3038545	4.3359203	5.44042
previous	5.388202	3.9673944	5.3580675
good	6.047123	4.064517	6.0390515
domestic	5.76085	3.9209363	5.708618
glory	6.6710467	4.442377	6.08375
lay	5.4924655	3.6004996	5.612333
occasion	5.5267916	4.3179493	5.4669895
guard	4.8034277	4.2268867	5.5919757
whole	5.7825828	3.8648722	5.6236157
mouth	5.15729	4.1325183	5.2074447
receive	5.9310613	4.0614533	5.876649
take	5.5029545	3.848079	5.645462
simple	6.3927894	3.888891	5.980737
error	4.197732	4.3645844	4.692449
wisdom	6.5432367	3.7990391	6.2079434
rock	5.7379727	4.0595703	5.4596252
decide	5.21323	4.1283097	5.6427016
exclaim	5.6681	4.5259857	5.8203225
assure	5.9893923	4.330104	5.834794
sign	5.194272	4.144714	5.742769
preserve	5.9849997	3.8250213	5.9356866
commerce	5.874727	3.867004	5.747496
plant	5.5496755	3.9280446	5.3995614
walk	5.717449	3.7634099	5.8073883
difference	5.1884427	3.8245862	5.333018
hang	4.82122	4.0530095	5.042598
following	6.1305285	3.834472	5.9301615
employ	5.7041645	3.8222227	5.967682
