deal	4.8917413	4.184983	5.4112024
study	6.3241844	3.960277	6.1721997
afford	6.285359	3.9831123	6.0379925
service	5.762138	3.9688764	5.8979187
height	5.592904	4.051003	5.486092
prospect	6.384955	4.2415576	5.7412715
pleasant	6.9198446	3.5041792	6.343857
shade	5.648406	3.4922323	5.796365
listen	5.431474	3.9668381	5.5924
mighty	5.554392	4.489316	5.4140835
country	5.7659044	4.1798024	5.554473
title	5.9096665	3.912561	5.676136
choose	5.452959	3.760783	5.696967
village	5.631624	3.8971696	5.2802124
acquire	6.240175	3.9858747	6.367414
rank	5.3297935	4.4665136	5.4341197
bow	5.679726	3.5087998	5.7496347
doctor	4.9623094	3.683876	5.2520347
talent	6.365766	4.488323	6.317116
source	5.825099	4.0072536	5.6418967
lead	5.24336	4.2339563	5.562342
question	5.0490813	4.194146	5.3715806
publish	5.7990875	4.116917	5.6106305
interest	5.882169	4.3116503	5.819807
serve	5.4877563	3.811748	5.875284
divine	5.943216	4.197321	5.375569
put	5.233158	3.815186	5.4713774
shadow	5.213389	3.619967	5.290038
practical	5.995134	3.802686	6.125476
surface	5.720554	3.4743066	5.4974813
account	5.3620315	4.3434663	5.396989
loss	4.76418	4.313673	4.9707174
indian	5.247621	4.149161	5.144195
vine	5.900651	3.727951	5.482355
certain	5.404676	4.100359	5.5140767
sin	4.0856814	4.3316	4.380438
necessity	5.122616	4.2715836	5.2382393
lose	5.402859	4.1415205	5.4474096
private	5.0646024	4.07033	5.4109416
gentleman	6.1132326	4.1260467	5.886266
daughter	6.0636168	4.05615	5.651172
drive	4.795052	4.4816093	4.970873
strange	5.220727	4.4302564	4.995865
journey	6.147009	3.7150242	5.7656794
uncle	5.69175	4.1812663	5.4538665
species	5.602676	4.039956	5.2569513
think	5.5757623	4.2377334	5.624802
bed	5.4544716	3.6423652	5.43415
wind	5.1724534	4.0927854	5.0872765
bless	6.3732405	3.83682	6.036839
destroy	4.034953	4.6512294	4.6023693
author	6.0074883	4.3032975	5.7161884
sustain	5.4891458	4.0592213	5.530903
black	4.8725157	3.8177822	5.065911
event	5.5201983	4.2958274	5.38267
liberty	5.8594146	4.3186493	5.719257
negro	5.3692713	4.203291	5.1805053
little	5.884696	3.8259022	5.729342
fortune	5.9393697	4.492606	5.6303926
touch	5.7969556	4.130124	5.627823
kill	4.2412596	4.9564257	4.7017927
feature	5.658114	4.0948634	5.733457
happiness	6.536514	4.3308954	6.0736914
assume	5.2010484	3.978928	5.507528
notion	5.117374	4.2354574	5.0107822
purchase	5.5827594	4.0120153	5.7723603
faithful	5.841736	3.9596884	5.857878
soldier	5.064672	4.4522724	5.3398166
father	5.697126	3.978075	5.5036087
narrow	4.3547006	3.4889143	4.82662
great	5.8795147	4.1901855	5.8030314
tear	4.7436695	4.1201897	4.821883
honorable	5.2313886	4.389045	5.3763304
previous	5.2969265	3.8808568	5.322264
good	6.0135236	4.049128	6.004213
domestic	5.7450423	3.8627648	5.7699594
glory	6.6145997	4.5018435	6.0155177
lay	5.4326687	3.6058395	5.5771356
occasion	5.5029726	4.3276224	5.516495
guard	4.887662	4.3123937	5.6219797
whole	5.7803793	3.862905	5.632131
mouth	4.9451885	4.0615616	5.133758
receive	5.899254	4.1006045	5.86362
take	5.5408316	3.850879	5.6691203
simple	6.4017653	3.8750358	5.908777
error	4.1093903	4.441964	4.6317897
wisdom	6.6471343	3.648326	6.212812
rock	5.6626	4.0987387	5.3769255
decide	5.221122	4.0568852	5.5853944
exclaim	5.640166	4.514127	5.814486
assure	6.0724964	4.196214	5.8802834
sign	5.3225846	4.0451927	5.920789
preserve	6.0368237	3.7070284	5.899646
commerce	5.6406627	3.8703907	5.6498084
plant	5.4044924	3.82509	5.4122777
walk	5.788315	3.751722	5.8000326
difference	5.3164797	3.8278103	5.471679
hang	4.865497	4.1254954	5.0233617
following	6.097221	3.7819033	5.8851433
employ	5.61194	3.8108783	5.856194
