deal	4.876689	4.189855	5.3822484
study	6.225599	3.9543507	6.160531
afford	6.2370033	4.076292	5.988045
service	5.7782993	3.945446	5.9911375
height	5.61352	3.9959505	5.5214005
prospect	6.3515067	4.3385463	5.740081
pleasant	6.8250747	3.5838912	6.174722
shade	5.7931323	3.5469623	5.7349834
listen	5.471325	4.0350704	5.667421
mighty	5.592803	4.4327126	5.3165693
country	5.81582	4.1341934	5.6233764
title	6.0791426	3.9394615	5.7825804
choose	5.517269	3.7148273	5.7537794
village	5.852447	3.8281462	5.277096
acquire	6.1041503	3.99303	6.3398614
rank	5.430807	4.407098	5.521394
bow	5.6511354	3.4723544	5.785328
doctor	4.998821	3.699007	5.2501926
talent	6.448002	4.629202	6.4073815
source	6.047594	3.9320552	5.7149153
lead	5.3285384	4.301586	5.5194902
question	5.093433	4.2413445	5.437743
publish	5.8210907	4.0045943	5.7170544
interest	5.904608	4.291309	5.907237
serve	5.527481	3.764467	5.8834033
divine	5.9664755	4.237559	5.4102473
put	5.2417693	3.78884	5.49992
shadow	5.371377	3.5968294	5.3153563
practical	6.001724	3.8789198	6.1073694
surface	5.6325874	3.517178	5.4457974
account	5.394697	4.272329	5.393418
loss	4.8377843	4.3506355	4.8954797
indian	5.3687916	4.1683335	5.114049
vine	5.7404137	3.7070806	5.3923225
certain	5.3536887	4.1293287	5.4703693
sin	4.14071	4.2825317	4.51398
necessity	5.080941	4.342243	5.2145233
lose	5.419347	4.1149845	5.4027686
private	5.059018	4.119646	5.3775077
gentleman	6.068297	4.0928683	5.8651285
daughter	5.9971576	4.126152	5.6270347
drive	4.8017106	4.5499187	5.009923
strange	5.2500243	4.4475017	5.0191708
journey	6.008509	3.638865	5.6605787
uncle	5.699251	4.072983	5.45638
species	5.6272516	4.0751023	5.1936793
think	5.56918	4.224457	5.596697
bed	5.475829	3.5672271	5.4672594
wind	5.1887236	4.178528	5.1031775
bless	6.2489915	3.9106865	5.988339
destroy	4.1425624	4.5448875	4.6022763
author	5.958849	4.28069	5.7130017
sustain	5.365102	4.0225163	5.479578
black	4.9393497	3.8556986	5.079265
event	5.4678125	4.2759824	5.318562
liberty	5.8140883	4.305198	5.715994
negro	5.3309307	4.2255163	5.176075
little	5.9216337	3.8462052	5.729359
fortune	5.971418	4.5275683	5.729432
touch	5.7115507	4.0571795	5.5692544
kill	4.2434883	4.938986	4.6181836
feature	5.7482085	4.142616	5.756002
happiness	6.605265	4.24179	6.1156144
assume	5.232267	3.991045	5.525874
notion	5.1005726	4.2036448	5.111409
purchase	5.764411	4.0146656	5.880787
faithful	5.8649735	4.0651975	5.951852
soldier	5.1060896	4.465276	5.459935
father	5.6397343	3.9720855	5.4674487
narrow	4.3839326	3.457923	4.766551
great	5.8720903	4.13928	5.771385
tear	4.5162144	4.1163435	4.714368
honorable	5.1153903	4.3315105	5.368132
previous	5.193763	4.0095906	5.2437787
good	6.029126	4.0282435	6.0438423
domestic	5.606817	3.8676977	5.672712
glory	6.7284565	4.486187	6.1127205
lay	5.5123215	3.5235863	5.615417
occasion	5.569015	4.3926206	5.528531
guard	4.9447985	4.3284044	5.6246467
whole	5.736766	3.825919	5.6351304
mouth	5.050492	4.0656395	5.155855
receive	6.0099216	4.049315	5.9185395
take	5.472567	3.867794	5.616048
simple	6.441258	3.8256361	5.895488
error	4.2642317	4.443454	4.6675067
wisdom	6.5849133	3.7953563	6.1789746
rock	5.7727857	4.0288186	5.440902
decide	5.310835	4.149308	5.656761
exclaim	5.67487	4.5910373	5.7809124
assure	6.263129	4.2458377	5.9163723
sign	5.2672634	4.0456944	5.8148847
preserve	6.0318913	3.7108235	5.927716
commerce	5.795617	3.8219745	5.773993
plant	5.463682	3.809612	5.4646206
walk	5.837093	3.7544422	5.8404555
difference	5.103227	3.7109551	5.3981924
hang	4.83009	3.9493005	4.985402
following	6.042511	3.8954453	5.781292
employ	5.7912793	3.797854	5.9957047
