deal	4.9634867	4.249789	5.4536166
study	6.1834636	3.9348373	6.11347
afford	6.2746315	4.0124655	5.9756575
service	5.6807084	4.1135964	5.8762455
height	5.7708454	3.9425209	5.588609
prospect	6.36065	4.342082	5.670127
pleasant	6.8916683	3.461429	6.2511053
shade	5.6140585	3.5035896	5.6984315
listen	5.6221895	3.8359733	5.7579927
mighty	5.527761	4.4315023	5.404568
country	5.785277	4.160456	5.5818715
title	5.8151164	4.0444264	5.713806
choose	5.546095	3.678431	5.7461653
village	5.7309394	3.8287709	5.3180265
acquire	6.2976475	4.056348	6.4744534
rank	5.3254175	4.446538	5.420638
bow	5.740794	3.3942816	5.8271604
doctor	4.880373	3.7540903	5.220349
talent	6.3298836	4.5138273	6.418825
source	5.921022	4.106481	5.659655
lead	5.2698193	4.26774	5.5355387
question	5.034707	4.206786	5.3802495
publish	5.8310237	3.9822764	5.620673
interest	5.888439	4.2227597	5.861744
serve	5.5334926	3.9360867	5.9481173
divine	5.9236956	4.146832	5.3887596
put	5.2278156	3.8490243	5.4618397
shadow	5.1601276	3.6868718	5.218323
practical	5.9776673	3.927964	6.0296793
surface	5.73572	3.3853912	5.5897155
account	5.440477	4.247582	5.4378147
loss	4.8859005	4.454222	4.881339
indian	5.3673496	4.152509	5.1677556
vine	5.8896046	3.5986865	5.488691
certain	5.431846	4.104826	5.497887
sin	4.0119104	4.3846917	4.340806
necessity	5.027548	4.3661633	5.1811028
lose	5.361125	4.2186837	5.3997874
private	5.111752	4.0893183	5.414503
gentleman	6.028772	4.125206	5.857816
daughter	6.0785913	4.0837407	5.7093325
drive	4.715625	4.5463023	5.0074735
strange	5.274278	4.357692	5.0413103
journey	5.965711	3.681059	5.6608257
uncle	5.6437893	4.2607093	5.376674
species	5.6155233	4.109106	5.246258
think	5.5646224	4.205482	5.599585
bed	5.4592495	3.6668441	5.371736
wind	5.179864	4.044729	5.153362
bless	6.2787127	3.8782942	5.991142
destroy	4.2075443	4.548636	4.7187824
author	5.9130487	4.27724	5.68718
sustain	5.504897	4.1684833	5.436858
black	4.786046	3.89699	5.0081863
event	5.467766	4.3019257	5.2845445
liberty	5.7598033	4.249175	5.7163744
negro	5.2449265	4.3073916	5.0523057
little	5.957942	3.8587189	5.753743
fortune	5.955905	4.503684	5.6047854
touch	5.7277746	4.0996313	5.5816894
kill	4.3088512	4.878503	4.7371078
feature	5.641018	4.045366	5.6877174
happiness	6.6614485	4.3110237	6.0749807
assume	5.1616135	4.006071	5.4828396
notion	5.0563726	4.2084093	5.0400295
purchase	5.6899385	3.968099	5.726119
faithful	5.694931	3.9855046	5.8540583
soldier	5.1077766	4.3501234	5.4069843
father	5.6880074	3.9618752	5.5092874
narrow	4.300467	3.5841112	4.708423
great	5.8887267	4.15994	5.815606
tear	4.7106104	4.088734	4.8530912
honorable	5.130604	4.40264	5.395541
previous	5.3051934	3.805949	5.259212
good	6.042125	4.049288	6.006362
domestic	5.6508555	3.897894	5.7175064
glory	6.652178	4.5235915	6.1113663
lay	5.401703	3.5613866	5.561492
occasion	5.556842	4.340266	5.502262
guard	4.7832146	4.214679	5.526565
whole	5.7943463	3.8601315	5.653071
mouth	5.0528846	4.1061893	5.2386155
receive	5.9874797	4.034893	5.9281588
take	5.4952874	3.8298872	5.6388936
simple	6.414551	3.9674	5.914884
error	4.1669984	4.3454757	4.642771
wisdom	6.6460304	3.65712	6.2872424
rock	5.7568893	4.052511	5.500393
decide	5.2796774	4.0857773	5.551955
exclaim	5.6174445	4.462275	5.834378
assure	6.150677	4.2803383	5.9324417
sign	5.2429233	4.017162	5.830444
preserve	5.997951	3.7354436	5.945582
commerce	5.861524	3.837232	5.7699757
plant	5.521368	3.697987	5.543058
walk	5.7741966	3.6892786	5.822439
difference	5.202917	3.8041852	5.4047594
hang	4.8681135	3.979606	4.981991
following	6.092859	3.846451	5.8812222
employ	5.64617	3.851671	6.006718
