deal	4.859378	4.2732882	5.322153
study	6.267976	3.9490175	6.2181845
afford	6.1241336	3.9493678	5.8800755
service	5.789417	4.0280204	5.943219
height	5.768738	3.8847764	5.591482
prospect	6.339227	4.3597155	5.716345
pleasant	6.7308116	3.4834104	6.138755
shade	5.7803698	3.5399094	5.8398666
listen	5.5251617	3.928998	5.6486797
mighty	5.59407	4.4817615	5.431715
country	5.7052255	4.1885395	5.5747867
title	5.8808236	3.893797	5.802362
choose	5.567876	3.7079926	5.8225126
village	5.717225	3.837061	5.3284826
acquire	6.2547193	3.957736	6.392973
rank	5.290322	4.47697	5.4230595
bow	5.6864176	3.4530723	5.834595
doctor	4.9592853	3.7401385	5.2000694
talent	6.444806	4.5546594	6.499921
source	6.010707	4.0492997	5.854152
lead	5.2338023	4.236222	5.5314064
question	4.9930563	4.22169	5.3682623
publish	5.802723	3.9717648	5.6605406
interest	5.785047	4.2730994	5.8374357
serve	5.5787573	3.8153424	5.9659853
divine	5.8133364	4.2621903	5.3398385
put	5.24656	3.8158178	5.473748
shadow	5.25164	3.7172449	5.32612
practical	6.0611115	3.8645222	6.1871414
surface	5.562787	3.4688709	5.5625663
account	5.4187794	4.272897	5.444425
loss	4.7632194	4.4471326	4.871495
indian	5.4519506	4.0791383	5.19595
vine	5.742068	3.570169	5.36879
certain	5.3623495	4.1044755	5.48874
sin	3.9404857	4.3505807	4.393133
necessity	5.0056953	4.330048	5.2194986
lose	5.34274	4.2031703	5.347815
private	5.0870724	4.0875344	5.4442997
gentleman	6.001868	4.0801444	5.7997866
daughter	6.107608	4.0733366	5.713349
drive	4.810838	4.5100436	5.0637975
strange	5.1822414	4.3638496	4.991439
journey	6.0505643	3.6427815	5.69083
uncle	5.7489896	4.277727	5.4784117
species	5.657613	4.048004	5.3092127
think	5.534004	4.2268453	5.5846944
bed	5.5041213	3.6736758	5.477426
wind	5.1426	4.183697	5.1357307
bless	6.216612	3.8994699	5.9878945
destroy	4.076262	4.5019712	4.6250706
author	6.0668235	4.142395	5.8005037
sustain	5.47225	4.029548	5.535636
black	4.835734	3.8352501	5.001463
event	5.3644466	4.317902	5.323651
liberty	5.7405534	4.2010345	5.72134
negro	5.1953425	4.1426053	5.0045505
little	5.947956	3.813819	5.7465096
fortune	5.8314295	4.447031	5.578556
touch	5.7079315	4.0970507	5.6056004
kill	4.198988	4.8481436	4.653019
feature	5.6006675	4.072751	5.6904497
happiness	6.5471344	4.349476	6.112868
assume	5.151993	3.9714265	5.474889
notion	4.9876804	4.3059225	5.0087285
purchase	5.6107116	3.9494562	5.750248
faithful	5.8493586	4.1681805	5.952265
soldier	5.072168	4.405532	5.4090266
father	5.697813	3.9150717	5.5217404
narrow	4.509261	3.503737	4.931933
great	5.822104	4.192696	5.8078523
tear	4.5068817	4.0400934	4.6873446
honorable	5.154207	4.3459306	5.3757477
previous	5.2794485	3.946893	5.2931027
good	5.9589753	4.0586996	5.959036
domestic	5.6862497	3.884966	5.815845
glory	6.564582	4.442267	6.0454984
lay	5.497009	3.5014985	5.6204405
occasion	5.4827547	4.367345	5.4692807
guard	4.9068356	4.175615	5.6487064
whole	5.7896237	3.8765013	5.673494
mouth	5.196577	4.102643	5.307897
receive	5.9251657	4.057153	5.95015
take	5.512082	3.815683	5.649639
simple	6.337838	3.8502707	5.872062
error	4.2403436	4.411327	4.722521
wisdom	6.768217	3.7531393	6.375951
rock	5.660861	3.9751759	5.4141684
decide	5.154769	4.163063	5.5351295
exclaim	5.5384665	4.5571966	5.7939544
assure	5.971676	4.350989	5.831196
sign	5.2661996	4.067518	5.876253
preserve	5.871508	3.7313225	5.8585663
commerce	5.7241755	3.9438248	5.661034
plant	5.4763055	3.7901218	5.5182295
walk	5.7579055	3.7260718	5.799232
difference	5.102518	3.9020917	5.379395
hang	4.7572455	3.9687793	4.931139
following	6.084593	3.76983	5.867156
employ	5.6964917	3.7901523	5.913779
