deal	4.8046856	4.23413	5.3425817
study	6.1779838	4.024841	6.1275682
afford	6.225009	4.0142794	5.9854007
service	5.7312365	4.027922	5.9351134
height	5.8356147	3.897973	5.702502
prospect	6.3028345	4.374017	5.707288
pleasant	6.8940935	3.5447884	6.2437544
shade	5.6049957	3.4924073	5.7258677
listen	5.4941955	3.9026117	5.6198373
mighty	5.4609118	4.4105477	5.3135085
country	5.7584004	4.156347	5.612361
title	5.992359	3.8785367	5.7534237
choose	5.6197996	3.7929475	5.7939878
village	5.73783	3.7846153	5.3924174
acquire	6.256227	3.9948294	6.3539104
rank	5.351412	4.433929	5.4292517
bow	5.7529993	3.3675246	5.8952246
doctor	4.8800006	3.688139	5.091264
talent	6.442274	4.4982796	6.369543
source	5.9110847	4.072477	5.669893
lead	5.283459	4.222631	5.555577
question	5.018845	4.2158456	5.3549075
publish	5.9643197	3.9770093	5.671992
interest	5.858853	4.2648005	5.8867173
serve	5.563862	3.811799	5.935548
divine	5.8904214	4.2177286	5.3698893
put	5.2897396	3.798154	5.4512634
shadow	5.1962767	3.6456392	5.272495
practical	5.962432	3.9142194	6.0828323
surface	5.746145	3.3643029	5.5680723
account	5.4537134	4.262514	5.431134
loss	4.8566556	4.4246936	4.861559
indian	5.327548	4.0774474	5.1766953
vine	5.790242	3.7576442	5.29221
certain	5.4471784	4.1004267	5.514244
sin	4.0284376	4.396534	4.483402
necessity	4.9982038	4.3513126	5.2148476
lose	5.3520684	4.14523	5.3680882
private	5.0826526	4.0812397	5.431287
gentleman	6.0366774	4.1109524	5.86474
daughter	6.1342263	4.050834	5.66825
drive	4.806716	4.554288	5.00273
strange	5.2625704	4.404449	5.0489707
journey	6.040908	3.7632968	5.5949416
uncle	5.734678	4.2284274	5.43326
species	5.6554856	3.9823833	5.2982206
think	5.5474014	4.1785526	5.563033
bed	5.5374947	3.6512773	5.4701886
wind	5.206772	4.1403723	5.147149
bless	6.3420544	3.8631682	6.056206
destroy	4.1829867	4.5464926	4.5751247
author	5.956317	4.2285285	5.6857505
sustain	5.551773	4.0724587	5.479571
black	4.697098	3.85559	4.9869976
event	5.49997	4.260708	5.332524
liberty	5.8428636	4.327872	5.758361
negro	5.1171	4.2676406	5.047458
little	5.931318	3.7975726	5.718327
fortune	6.0810585	4.518977	5.6603312
touch	5.728173	4.101119	5.5615587
kill	4.304601	4.842873	4.7698455
feature	5.655978	4.057801	5.723638
happiness	6.6171827	4.336257	6.0475593
assume	5.1692657	3.9463704	5.4763603
notion	5.040208	4.348402	5.111893
purchase	5.5221043	3.976025	5.7109814
faithful	5.6406255	4.112987	5.822066
soldier	5.002145	4.414154	5.321025
father	5.672657	3.9296024	5.490035
narrow	4.4341707	3.4512413	4.894571
great	5.8667946	4.159998	5.7759585
tear	4.6623693	4.0918055	4.746685
honorable	5.183394	4.2971263	5.4485073
previous	5.361237	3.940156	5.2674046
good	6.0678873	4.03248	6.016406
domestic	5.687105	3.8444982	5.7473483
glory	6.6436462	4.3992286	6.011699
lay	5.444535	3.5900853	5.603484
occasion	5.5669775	4.326852	5.5341225
guard	4.8324184	4.2114687	5.618161
whole	5.786564	3.8155062	5.629321
mouth	5.2029305	3.991053	5.2764454
receive	5.9661517	4.060166	5.9267817
take	5.5357747	3.8056653	5.642213
simple	6.432324	3.9074972	5.8919916
error	4.1867604	4.34439	4.70842
wisdom	6.613223	3.6919794	6.1203995
rock	5.7885656	4.0432973	5.4727573
decide	5.1397843	4.2096386	5.5128417
exclaim	5.6339154	4.4974456	5.823325
assure	5.9809036	4.2461624	5.8587413
sign	5.205493	4.0882516	5.846876
preserve	6.012826	3.765816	5.927588
commerce	5.8474255	3.797508	5.73111
plant	5.4426565	3.7979033	5.453312
walk	5.8282337	3.747339	5.827411
difference	5.154045	3.8426104	5.3663425
hang	4.7989044	4.0260887	5.045027
following	6.158978	3.7778807	5.8463597
employ	5.7403603	3.827711	5.9585123
