deal	4.9381995	4.257349	5.4290977
study	6.2272162	3.9849281	6.175605
afford	6.214817	4.0427575	6.0391793
service	5.673195	3.9805024	5.878989
height	5.6457906	3.9265234	5.444423
prospect	6.2600775	4.3287487	5.676815
pleasant	6.8167334	3.534681	6.201102
shade	5.5612082	3.6158552	5.643495
listen	5.5241313	3.9369993	5.7038083
mighty	5.5604715	4.378566	5.3646054
country	5.674905	4.154259	5.561084
title	6.004437	3.9443498	5.831301
choose	5.466134	3.7651696	5.69714
village	5.660095	3.8681355	5.314418
acquire	6.1147437	4.096796	6.36272
rank	5.3553877	4.450566	5.4988537
bow	5.7117186	3.4483373	5.8348303
doctor	4.8790083	3.9004738	5.1508303
talent	6.4318805	4.6570125	6.395991
source	5.9930396	4.0662003	5.751867
lead	5.255454	4.191579	5.4933214
question	5.1034927	4.196083	5.4358034
publish	5.7675385	3.9918375	5.602139
interest	5.878198	4.2161894	5.883188
serve	5.47744	3.8055239	5.9118376
divine	5.9329534	4.334774	5.416294
put	5.21409	3.8445187	5.439621
shadow	5.2231603	3.774104	5.204192
practical	5.984628	3.8811839	6.0562496
surface	5.6523914	3.4339209	5.5288153
account	5.395393	4.283437	5.3437486
loss	4.7446737	4.339764	4.80665
indian	5.3456306	4.120402	5.112643
vine	5.7474375	3.6709685	5.4557257
certain	5.5067434	4.1567445	5.536398
sin	3.96835	4.3824368	4.3801117
necessity	5.057205	4.304893	5.223877
lose	5.4151697	4.213478	5.388641
private	5.1851444	4.065024	5.421611
gentleman	6.020755	4.091987	5.8564367
daughter	5.9911857	4.065573	5.6771326
drive	4.6806183	4.508272	4.934778
strange	5.2389197	4.347275	5.032576
journey	6.139037	3.716421	5.673967
uncle	5.6046114	4.204231	5.3175936
species	5.6338725	4.144867	5.237728
think	5.5636888	4.176681	5.5930033
bed	5.501301	3.6685295	5.4358125
wind	5.227996	4.1566195	5.1530614
bless	6.3214684	3.8391395	6.088373
destroy	4.127339	4.5208125	4.621005
author	5.899498	4.281206	5.623855
sustain	5.4345546	4.062233	5.430309
black	4.6926117	4.002099	4.9662886
event	5.4482703	4.2209625	5.2469583
liberty	5.7403736	4.217872	5.672288
negro	5.170392	4.283428	5.084091
little	5.931344	3.8662221	5.714033
fortune	5.964451	4.561023	5.624532
touch	5.727518	4.0616617	5.549865
kill	4.2137537	4.8611774	4.682519
feature	5.66753	4.102368	5.7452235
happiness	6.6064954	4.301038	6.0719485
assume	5.0400968	3.982878	5.3387737
notion	4.9449077	4.249621	4.9156394
purchase	5.562363	4.079955	5.7944794
faithful	5.858776	3.8671472	5.912933
soldier	5.0244436	4.386849	5.361157
father	5.6461763	3.9469547	5.522405
narrow	4.5559635	3.3348022	4.8420215
great	5.8872423	4.166507	5.7764835
tear	4.699042	4.0489864	4.841977
honorable	5.213587	4.281401	5.435748
previous	5.3687253	3.7478127	5.3266463
good	6.017136	4.061824	6.0256042
domestic	5.6152415	3.9250903	5.663077
glory	6.613737	4.419384	6.000503
lay	5.4717355	3.5577488	5.5354347
occasion	5.5400105	4.366277	5.533879
guard	4.8457637	4.2435184	5.6328125
whole	5.7525105	3.835974	5.6032605
mouth	5.0692863	4.2287645	5.1920724
receive	5.9786983	4.04115	5.9452224
take	5.45023	3.838374	5.609965
simple	6.4467936	3.8805	5.9729614
error	4.234377	4.4281654	4.6247163
wisdom	6.6161323	3.8438642	6.2598643
rock	5.667602	4.0484967	5.3917913
decide	5.2898517	4.160766	5.6500483
exclaim	5.607329	4.5796294	5.808866
assure	6.0666585	4.1998043	5.894172
sign	5.197105	4.148952	5.8059745
preserve	6.0004516	3.7466314	5.9423046
commerce	5.868877	3.7967527	5.799558
plant	5.4779024	3.7592697	5.4327073
walk	5.788288	3.6892018	5.8279047
difference	5.215771	3.8149402	5.4066296
hang	4.8885922	4.08777	5.06189
following	6.0576315	3.6615865	5.8568616
employ	5.632849	3.859326	5.896832
