deal	4.8924766	4.146244	5.3494325
study	6.25435	4.0246587	6.1534343
afford	6.2697678	3.955457	6.007119
service	5.720812	4.035966	5.968434
height	5.6062346	3.917793	5.525745
prospect	6.3428407	4.329224	5.693867
pleasant	6.858424	3.5613418	6.2158675
shade	5.7336297	3.550904	5.864456
listen	5.563749	3.903876	5.757593
mighty	5.5193834	4.3753424	5.3835425
country	5.6703467	4.166066	5.541491
title	5.891278	3.8358536	5.7553344
choose	5.4943714	3.7906654	5.742793
village	5.55901	3.8488665	5.2697215
acquire	6.212359	4.0872364	6.412743
rank	5.399265	4.5758967	5.4512916
bow	5.6921496	3.4239414	5.8069315
doctor	4.9565787	3.8195503	5.2582574
talent	6.5025063	4.5275235	6.4942083
source	6.023113	4.0434227	5.78037
lead	5.327185	4.2816453	5.565969
question	4.995266	4.1628475	5.399336
publish	5.8759756	4.0860076	5.669933
interest	5.87442	4.2311926	5.8813477
serve	5.55023	3.826008	5.957086
divine	5.881495	4.2722254	5.305421
put	5.2777967	3.8052437	5.500561
shadow	5.3154445	3.6259027	5.3801274
practical	5.857263	3.9955676	6.0342546
surface	5.6925335	3.3807313	5.5545306
account	5.372974	4.260416	5.4292936
loss	4.708697	4.393604	4.886043
indian	5.2688026	4.105324	5.118875
vine	5.886197	3.8382506	5.2825665
certain	5.451967	4.1719627	5.4792204
sin	4.0810876	4.3017507	4.4730744
necessity	4.9892316	4.2711325	5.1675997
lose	5.2710576	4.132433	5.315883
private	5.1202793	4.0827	5.4404473
gentleman	5.9916487	4.121293	5.8442564
daughter	6.1123652	4.115021	5.651612
drive	4.719508	4.575572	4.991291
strange	5.1257186	4.3465447	4.966792
journey	6.073156	3.7276452	5.6603556
uncle	5.751853	4.1330323	5.4476933
species	5.5528626	4.1127143	5.120778
think	5.5851946	4.143265	5.6108055
bed	5.4918094	3.7495131	5.391417
wind	5.1812572	4.120486	5.1106277
bless	6.2104797	3.859439	6.0069914
destroy	4.061981	4.5112205	4.5271397
author	5.9886527	4.259539	5.792362
sustain	5.4349747	4.033751	5.510632
black	4.798708	3.8962822	5.004308
event	5.5011516	4.323108	5.3681655
liberty	5.7638807	4.285925	5.645199
negro	5.2592664	4.2393594	5.0895185
little	5.9087768	3.818724	5.718751
fortune	5.8779316	4.4961505	5.6641703
touch	5.829943	4.0655313	5.63927
kill	4.264324	4.8832946	4.6281495
feature	5.6718173	4.0993304	5.745141
happiness	6.6415606	4.366108	6.095453
assume	5.1139827	4.0231137	5.4039774
notion	5.0004754	4.219809	5.0672817
purchase	5.539865	3.9583414	5.780772
faithful	5.8787465	4.0603	5.9658074
soldier	5.094602	4.510902	5.445349
father	5.6225243	3.9800706	5.49265
narrow	4.375627	3.3721352	4.8136377
great	5.8238196	4.1214395	5.7638597
tear	4.742752	4.090491	4.7727957
honorable	5.3308268	4.3470182	5.4714613
previous	5.2247477	3.8912876	5.1777983
good	6.021621	4.0056877	6.01716
domestic	5.6241245	3.9063797	5.745337
glory	6.714883	4.387549	6.161198
lay	5.5079703	3.568267	5.6333942
occasion	5.4928656	4.4072757	5.5584235
guard	4.805605	4.3295555	5.562796
whole	5.6988583	3.8359182	5.593082
mouth	5.06649	3.9702818	5.1471634
receive	5.8969383	4.062335	5.8417754
take	5.4637756	3.8135078	5.6245527
simple	6.431342	3.8784292	5.9302397
error	4.1463356	4.3180947	4.7358813
wisdom	6.556963	3.7314777	6.2411275
rock	5.655469	4.048878	5.414914
decide	5.200556	4.229549	5.6532273
exclaim	5.7274323	4.551884	5.8684163
assure	6.096599	4.268897	5.892065
sign	5.3086696	4.057933	5.7645116
preserve	5.9018273	3.7499712	5.8375883
commerce	5.8808694	3.8746471	5.728381
plant	5.41063	3.8552706	5.2878404
walk	5.8502727	3.7785993	5.833092
difference	5.1831384	3.8117092	5.3760786
hang	4.805196	4.0038137	5.037715
following	6.1667943	3.7706947	5.8712
employ	5.6374454	3.8488033	5.9290895
