deal	4.7971535	4.1911464	5.3706355
study	6.322038	3.9705272	6.2085876
afford	6.2121177	4.0282364	6.0420322
service	5.733197	3.9876597	5.907505
height	5.685834	3.9245083	5.5655675
prospect	6.3735933	4.3449326	5.723533
pleasant	6.9103403	3.403801	6.2734375
shade	5.6788487	3.5477188	5.7468085
listen	5.4882913	3.8815887	5.610529
mighty	5.5250897	4.4750624	5.393485
country	5.80753	4.192987	5.6027455
title	5.884538	3.986916	5.6685696
choose	5.5804715	3.680136	5.830912
village	5.746195	3.8815112	5.3566103
acquire	6.095847	3.9894192	6.322657
rank	5.4266386	4.4774656	5.526612
bow	5.7015715	3.4860663	5.7379384
doctor	4.892113	3.7240276	5.18029
talent	6.4575987	4.473855	6.4777703
source	5.9243226	4.009485	5.708542
lead	5.2536197	4.2804904	5.511588
question	4.94332	4.1959143	5.3647017
publish	5.8314133	4.085168	5.625017
interest	5.9323606	4.2852554	5.939954
serve	5.612882	3.826459	5.9726863
divine	5.9339156	4.2479477	5.427651
put	5.187654	3.864066	5.402556
shadow	5.28013	3.6853938	5.296856
practical	6.008163	3.9649403	6.1109633
surface	5.708583	3.2986054	5.609863
account	5.3724194	4.298873	5.3886766
loss	4.7172966	4.349636	4.852629
indian	5.3265657	4.2007666	5.1397486
vine	5.8301353	3.7083619	5.443084
certain	5.3730164	4.186503	5.52269
sin	4.0244627	4.2742968	4.464835
necessity	5.077789	4.385959	5.2719326
lose	5.3428907	4.102282	5.397353
private	5.135162	4.1631627	5.485943
gentleman	6.003128	4.133828	5.8055882
daughter	6.1046076	4.0558057	5.7634993
drive	4.781459	4.520984	5.045686
strange	5.197035	4.2987003	5.0553923
journey	6.0150485	3.7891438	5.569401
uncle	5.8460503	4.1931934	5.4318376
species	5.6981444	4.0989523	5.3031
think	5.5202856	4.156513	5.6050687
bed	5.3589764	3.7059135	5.340992
wind	5.106179	4.225189	5.0604773
bless	6.2570305	3.8625348	5.976174
destroy	4.1398773	4.637391	4.681119
author	6.0224175	4.311771	5.7705264
sustain	5.51419	4.002205	5.463907
black	4.7935543	3.9112787	4.994238
event	5.4841337	4.274411	5.3091836
liberty	5.8616	4.317754	5.7577662
negro	5.102464	4.2080903	5.117376
little	5.924242	3.834265	5.738969
fortune	5.91876	4.5627556	5.62278
touch	5.726588	4.0932493	5.572733
kill	4.172872	4.923067	4.647744
feature	5.7109895	4.097714	5.702785
happiness	6.6049666	4.3006124	6.1132765
assume	5.149457	4.072032	5.435192
notion	5.09438	4.2564692	5.071455
purchase	5.516857	4.0692735	5.775384
faithful	5.845285	4.1180944	5.8765855
soldier	5.063399	4.361575	5.394664
father	5.7172794	4.0223875	5.5138664
narrow	4.3892803	3.5448866	4.820498
great	5.8356605	4.180828	5.822225
tear	4.666781	4.0821176	4.8233395
honorable	5.26102	4.348029	5.445952
previous	5.2869344	3.9658005	5.325226
good	5.9778147	4.032249	6.002927
domestic	5.782666	3.8643646	5.7720914
glory	6.646028	4.423238	6.1153975
lay	5.3813953	3.620539	5.5526695
occasion	5.5549474	4.3353705	5.549034
guard	4.8519983	4.353605	5.539339
whole	5.769755	3.8475466	5.648071
mouth	5.0776505	4.0702024	5.0900702
receive	5.897106	4.0983615	5.8556356
take	5.5167646	3.8598917	5.673256
simple	6.35874	3.8817346	5.8996897
error	4.206482	4.345475	4.7256494
wisdom	6.687799	3.7505527	6.2333865
rock	5.6513953	3.998155	5.34697
decide	5.244436	4.247654	5.6307883
exclaim	5.6722693	4.5013094	5.8105493
assure	6.059183	4.2940598	5.885906
sign	5.2505	4.1821327	5.705923
preserve	5.92469	3.7715542	5.839807
commerce	5.879939	3.8946111	5.728861
plant	5.4991693	3.8462694	5.3977895
walk	5.8126144	3.80521	5.7955346
difference	5.24464	3.7798986	5.4282866
hang	4.8419943	4.1140733	4.972472
following	6.095931	3.8990076	5.9310217
employ	5.6735396	3.82012	5.9621687
