deal	4.777276	4.17035	5.312573
study	6.118621	4.008906	6.156077
afford	6.152777	3.9740186	5.98847
service	5.7201242	4.0135126	5.905887
height	5.7488303	3.936771	5.5845394
prospect	6.3631773	4.360442	5.682746
pleasant	6.8335447	3.4815965	6.1839232
shade	5.746363	3.5255532	5.8017125
listen	5.6020374	3.9019547	5.7344036
mighty	5.477053	4.3968368	5.366895
country	5.739876	4.1236424	5.559593
title	5.991035	4.060875	5.783064
choose	5.5689077	3.7242177	5.7893467
village	5.7342134	3.8577902	5.3310337
acquire	6.171441	4.0577784	6.334552
rank	5.4024673	4.4491835	5.499446
bow	5.7630367	3.432865	5.841707
doctor	4.83889	3.711379	5.1207643
talent	6.533875	4.525405	6.5169487
source	5.9079323	3.9899068	5.65336
lead	5.266024	4.2338142	5.581881
question	5.074339	4.2602654	5.465451
publish	5.764101	4.005417	5.5963416
interest	5.9118366	4.2242193	5.868767
serve	5.501826	3.8329868	5.9447184
divine	6.0033784	4.268638	5.462721
put	5.2477174	3.7601852	5.4959865
shadow	5.241826	3.7084203	5.3236938
practical	5.97444	3.9312465	6.0728784
surface	5.6482053	3.34098	5.5897927
account	5.4137554	4.257778	5.3614264
loss	4.7699766	4.320562	4.8495684
indian	5.3646607	4.083763	5.1375036
vine	5.6982417	3.6916685	5.3766413
certain	5.3648534	4.118394	5.4786344
sin	4.1735687	4.2527103	4.531096
necessity	5.045863	4.261154	5.20827
lose	5.3655376	4.2164183	5.3606067
private	5.1446004	4.1261287	5.430966
gentleman	6.0622125	4.119165	5.880424
daughter	6.0292053	4.0764923	5.6640334
drive	4.746512	4.5049286	4.970275
strange	5.1569014	4.409535	4.9372983
journey	6.0192823	3.8190167	5.6506586
uncle	5.7722893	4.20442	5.4742327
species	5.634413	4.046097	5.25972
think	5.5611444	4.197895	5.6424594
bed	5.3954897	3.6962028	5.3348203
wind	5.1384196	4.112591	5.1061773
bless	6.3387327	3.8373313	6.013528
destroy	4.0690384	4.5476127	4.6182203
author	5.9284945	4.2685504	5.6693416
sustain	5.4264126	3.953343	5.5101023
black	4.8021812	3.884762	4.976925
event	5.5432053	4.3038225	5.399267
liberty	5.7795353	4.2515707	5.717356
negro	5.3216314	4.223288	5.205993
little	5.946621	3.8241837	5.7156606
fortune	6.075442	4.4815955	5.7174435
touch	5.6704435	3.9830313	5.589166
kill	4.2797556	4.8438673	4.7644315
feature	5.7337337	4.1608324	5.760666
happiness	6.681615	4.3234878	6.1192102
assume	5.1588974	3.9839165	5.542179
notion	5.0557246	4.357378	4.9536595
purchase	5.608548	3.9763572	5.8713503
faithful	5.8306084	4.030087	5.9200397
soldier	5.0229588	4.3937817	5.3880553
father	5.7285233	3.9295144	5.492936
narrow	4.411113	3.487864	4.717299
great	5.826208	4.1670737	5.8017497
tear	4.625846	4.0668073	4.752242
honorable	5.354573	4.2112722	5.5334725
previous	5.249411	3.9447777	5.2625337
good	5.999423	3.9982567	6.024988
domestic	5.742013	3.8879354	5.6975527
glory	6.752352	4.4087343	6.116353
lay	5.413526	3.5780716	5.5977354
occasion	5.544972	4.34726	5.542857
guard	4.9761477	4.175832	5.676221
whole	5.73112	3.8496368	5.644823
mouth	5.1613126	4.1298876	5.2259555
receive	5.89503	4.0365515	5.913122
take	5.5079885	3.8439786	5.663384
simple	6.323516	3.8810043	5.8944936
error	4.2217684	4.403243	4.6584253
wisdom	6.6638846	3.7037516	6.2869887
rock	5.740095	4.0633025	5.4293084
decide	5.3185844	4.241828	5.6786666
exclaim	5.7759824	4.5386505	5.9215245
assure	6.147603	4.2061667	5.9811873
sign	5.2121897	4.093336	5.773314
preserve	5.9325953	3.7456558	5.8882856
commerce	5.8458266	3.9094765	5.7008367
plant	5.499684	3.8159323	5.421762
walk	5.857395	3.7231228	5.861245
difference	5.207565	3.799269	5.459525
hang	4.7771664	4.1190133	4.9764967
following	6.0484996	3.8358355	5.90715
employ	5.628001	3.8209221	5.9224095
