deal	4.9662604	4.1938033	5.466539
study	6.252601	3.9421887	6.14113
afford	6.1778064	3.951626	6.021507
service	5.746393	4.094712	5.9072185
height	5.748683	3.932149	5.6063895
prospect	6.372448	4.31881	5.6814637
pleasant	6.9691124	3.4630032	6.3208933
shade	5.577981	3.5124435	5.75824
listen	5.509553	3.8130069	5.6470695
mighty	5.531337	4.507276	5.3799305
country	5.7381725	4.149368	5.564361
title	5.8696985	3.9977398	5.7227283
choose	5.5405974	3.759092	5.7720113
village	5.7972736	3.8655126	5.4107037
acquire	6.1136613	4.1077957	6.2582893
rank	5.3316374	4.3686976	5.4466157
bow	5.695553	3.3534403	5.869885
doctor	4.8651276	3.7714522	5.1642785
talent	6.336892	4.6476846	6.414526
source	6.063641	4.029346	5.8162103
lead	5.263868	4.2682343	5.571409
question	5.0077844	4.1878595	5.4168267
publish	5.8480835	4.0543656	5.671442
interest	5.896505	4.2542763	5.957669
serve	5.572042	3.8720126	5.8622513
divine	6.015281	4.212777	5.4408164
put	5.225324	3.8171487	5.4820833
shadow	5.0999002	3.709305	5.264808
practical	5.9545956	3.8818595	6.083991
surface	5.777815	3.4332464	5.565972
account	5.5315447	4.33604	5.46148
loss	4.9086556	4.50645	4.959972
indian	5.404037	4.1448874	5.1939178
vine	5.8928666	3.6991825	5.454031
certain	5.3714404	4.1596565	5.5070796
sin	4.096495	4.276282	4.3829336
necessity	5.055629	4.2663846	5.192356
lose	5.351874	4.178105	5.4117613
private	5.1262913	4.1310873	5.4901104
gentleman	6.0501633	4.0672717	5.82363
daughter	6.081718	4.144805	5.683651
drive	4.8489923	4.5109835	5.056965
strange	5.20246	4.393787	5.0663285
journey	6.1314697	3.7926283	5.7144637
uncle	5.708118	4.179456	5.3584824
species	5.676544	3.960901	5.258209
think	5.5893993	4.181654	5.624039
bed	5.417145	3.6799495	5.415767
wind	5.206229	4.165637	5.1720257
bless	6.23195	3.9250336	5.9357014
destroy	4.1314325	4.5536222	4.6328197
author	6.0287757	4.265271	5.7230124
sustain	5.5199957	4.0815887	5.513836
black	4.789569	3.8843167	5.0583344
event	5.5740824	4.295762	5.343625
liberty	5.782511	4.3183784	5.640337
negro	5.2543745	4.1402054	5.1312213
little	5.9094415	3.8453557	5.732981
fortune	6.0189414	4.5485363	5.6305017
touch	5.6601996	4.0722804	5.523797
kill	4.2859125	4.8766274	4.7388983
feature	5.6505704	4.11193	5.6796894
happiness	6.530111	4.3258495	6.0197043
assume	5.0981116	3.988299	5.4355235
notion	5.056905	4.1985745	5.000553
purchase	5.58945	3.9544046	5.7293563
faithful	5.726764	4.167237	5.8063674
soldier	5.000412	4.5278006	5.2795515
father	5.682502	3.9761405	5.473913
narrow	4.2661543	3.4373038	4.738704
great	5.837521	4.192309	5.7947493
tear	4.6594367	4.152687	4.7421713
honorable	5.2835274	4.369289	5.480336
previous	5.2699	3.9236994	5.1946797
good	5.973361	4.0449815	6.002709
domestic	5.7100444	3.865825	5.741493
glory	6.7132382	4.4380426	6.045611
lay	5.4726753	3.5933983	5.6111073
occasion	5.561964	4.3636823	5.566403
guard	4.79694	4.2241983	5.5589457
whole	5.7786913	3.8271315	5.643667
mouth	5.2367334	4.032373	5.2760286
receive	5.933521	4.0630403	5.9380074
take	5.4738474	3.8134298	5.6525154
simple	6.3255496	3.8173676	5.811538
error	4.1424193	4.482255	4.5970907
wisdom	6.551605	3.7134686	6.253273
rock	5.7425666	4.084478	5.4087286
decide	5.195681	4.1896043	5.5467687
exclaim	5.593762	4.5277333	5.769615
assure	6.1746435	4.274564	5.9425793
sign	5.160485	4.0495367	5.7759933
preserve	5.9899373	3.8030317	5.872051
commerce	5.7608147	3.7350883	5.7052484
plant	5.470733	3.7950385	5.4397264
walk	5.7872715	3.6723099	5.782319
difference	5.193058	3.824488	5.427933
hang	4.817267	4.099999	5.0334697
following	6.0694876	3.8368578	5.851801
employ	5.8018107	3.801117	5.99988
