deal	4.885207	4.235725	5.417994
study	6.221569	3.958217	6.2051144
afford	6.1797028	3.9781423	5.962165
service	5.782067	3.9806597	6.000173
height	5.7550607	3.7811322	5.5583057
prospect	6.3841066	4.2189274	5.6949263
pleasant	6.6940675	3.5647936	6.159331
shade	5.6497116	3.5556185	5.769714
listen	5.4690547	3.9385724	5.637385
mighty	5.5540805	4.499785	5.410676
country	5.7119584	4.1350274	5.5922775
title	5.7929235	3.8901272	5.684485
choose	5.5168767	3.7555327	5.73139
village	5.5618033	3.8372266	5.279755
acquire	6.143934	3.9703143	6.3742447
rank	5.3364086	4.4945297	5.5056677
bow	5.736269	3.4546857	5.915932
doctor	4.9234257	3.7634573	5.185956
talent	6.4387355	4.5582485	6.4524455
source	6.0168996	4.104746	5.703277
lead	5.205433	4.279522	5.4801683
question	5.047685	4.2328334	5.384128
publish	5.754921	4.007786	5.596864
interest	5.9289145	4.260258	5.9144998
serve	5.5287094	3.8907022	5.9724846
divine	5.956607	4.297518	5.4054456
put	5.169518	3.843941	5.4128323
shadow	5.123618	3.691519	5.237993
practical	5.9629393	3.8558736	6.1026254
surface	5.6852446	3.4380233	5.5736666
account	5.386094	4.3232465	5.422849
loss	4.716797	4.3263674	4.8261604
indian	5.3387327	4.1521463	5.155912
vine	5.9002566	3.7473662	5.40145
certain	5.376253	4.1597676	5.468722
sin	4.058175	4.3311977	4.4854403
necessity	5.088851	4.3110743	5.2405114
lose	5.3098063	4.139429	5.391107
private	5.1267138	4.1218863	5.4097013
gentleman	6.06296	4.1075964	5.839942
daughter	6.1406593	3.9905548	5.653183
drive	4.733583	4.4818654	4.9737825
strange	5.2622952	4.4111786	5.0420103
journey	6.0309267	3.6972039	5.6685953
uncle	5.830288	4.0919642	5.4815803
species	5.6319695	4.0742416	5.309972
think	5.5482	4.1959767	5.5999537
bed	5.4168277	3.739399	5.352067
wind	5.166698	4.1511683	5.0833592
bless	6.317359	3.7661455	6.0675693
destroy	4.1260343	4.5069885	4.566889
author	6.0014286	4.320144	5.713271
sustain	5.4974933	4.037587	5.5114403
black	4.795552	4.0480714	5.052842
event	5.5306644	4.341817	5.373979
liberty	5.8011117	4.2573915	5.689615
negro	5.4606867	4.1853743	5.236893
little	5.861786	3.8557851	5.6825204
fortune	5.936568	4.501284	5.6863017
touch	5.694334	4.107306	5.504804
kill	4.2240863	4.8228154	4.639954
feature	5.766599	4.0360775	5.7699466
happiness	6.4855685	4.3924017	6.0700893
assume	5.089207	3.9957128	5.43413
notion	5.0581627	4.2009706	5.102783
purchase	5.6414294	3.940854	5.8094435
faithful	5.746287	4.1390376	5.7624288
soldier	5.045278	4.4122925	5.4203253
father	5.678109	3.9155009	5.494869
narrow	4.420504	3.450524	4.7611523
great	5.8548555	4.146701	5.7892766
tear	4.677767	4.0608945	4.800349
honorable	5.286583	4.242616	5.419277
previous	5.3563147	3.7881668	5.3238654
good	5.978383	4.044903	6.0133305
domestic	5.68495	3.908253	5.6827006
glory	6.706984	4.4157715	6.1316566
lay	5.387122	3.6049204	5.5568213
occasion	5.5484858	4.411566	5.536949
guard	4.828995	4.212013	5.4616804
whole	5.773774	3.8396614	5.6089416
mouth	4.9868307	4.168686	5.124341
receive	5.9485645	3.98941	5.883965
take	5.444596	3.8301418	5.5893435
simple	6.3888254	3.8568888	5.9252133
error	4.194966	4.338993	4.6982636
wisdom	6.5557194	3.757017	6.264053
rock	5.5918465	4.039693	5.38832
decide	5.287565	4.2461996	5.6251326
exclaim	5.633928	4.404256	5.74036
assure	6.1256285	4.3032255	5.9231257
sign	5.2258315	4.078563	5.791801
preserve	5.880723	3.7245238	5.8697486
commerce	5.8410707	3.8127127	5.7141056
plant	5.581748	3.7409601	5.449406
walk	5.7348714	3.7337844	5.722793
difference	5.1720314	3.804395	5.416409
hang	4.8282366	4.021772	5.0620327
following	6.1110034	3.7869396	5.8452654
employ	5.701937	3.8626468	5.9596524
