deal	4.889174	4.1786313	5.339011
study	6.1851134	3.9411702	6.1845345
afford	6.3279295	4.0096416	6.049456
service	5.82507	4.028796	5.996219
height	5.7588806	3.9974942	5.6511316
prospect	6.3508554	4.3569756	5.7084737
pleasant	6.928091	3.3797827	6.2693243
shade	5.627178	3.5256824	5.7907653
listen	5.5442476	3.816232	5.646469
mighty	5.531615	4.376271	5.347423
country	5.7715893	4.1607194	5.585027
title	5.830436	4.0175867	5.660785
choose	5.49332	3.741588	5.743765
village	5.686459	3.818772	5.29374
acquire	6.2555256	4.0700607	6.4255133
rank	5.482141	4.4377337	5.5412407
bow	5.6694603	3.4217184	5.798729
doctor	4.9321756	3.6148658	5.281728
talent	6.3899164	4.5604415	6.4327574
source	5.9955587	4.101448	5.7090526
lead	5.1949544	4.2523794	5.4965763
question	5.100234	4.235357	5.4877076
publish	5.7976007	4.0321	5.6181445
interest	6.0226293	4.3026395	5.9478836
serve	5.5090084	3.8752975	5.8535676
divine	5.958951	4.2343183	5.421096
put	5.1491446	3.8277209	5.4398336
shadow	5.191622	3.6227849	5.2753367
practical	6.0633144	3.9587278	6.1463428
surface	5.601833	3.3676136	5.4687853
account	5.4529047	4.233141	5.413215
loss	4.7532644	4.384462	4.8949394
indian	5.3957763	4.0788217	5.168175
vine	5.823328	3.584759	5.4687014
certain	5.4821672	4.088652	5.5373135
sin	3.9210901	4.326722	4.439213
necessity	4.967519	4.218383	5.2174587
lose	5.3947563	4.1517987	5.4195952
private	5.2260675	4.146491	5.493608
gentleman	6.0358224	4.0605206	5.8472238
daughter	6.147698	4.0141516	5.7931
drive	4.7397056	4.5294466	4.984154
strange	5.1642237	4.3330936	5.00658
journey	6.1615295	3.7031865	5.7831025
uncle	5.830379	4.283742	5.596775
species	5.6695614	4.019538	5.2635736
think	5.534538	4.1427474	5.6208067
bed	5.43566	3.675137	5.383157
wind	5.257159	4.1670823	5.1100183
bless	6.274326	3.9123821	6.0060496
destroy	4.037715	4.5016108	4.5958247
author	6.0337186	4.2742543	5.764222
sustain	5.475689	3.995324	5.471978
black	4.6160297	3.8271575	4.9402723
event	5.5488033	4.3164635	5.3688984
liberty	5.8606725	4.2793274	5.8169904
negro	5.4002466	4.154798	5.1881933
little	5.8799906	3.8058019	5.71326
fortune	5.956531	4.491699	5.6466513
touch	5.802318	4.070096	5.603585
kill	4.1805506	4.8851843	4.724122
feature	5.586016	4.06966	5.7219524
happiness	6.7679014	4.2761874	6.2032757
assume	5.1825523	3.9368258	5.470587
notion	5.196703	4.1111193	5.093631
purchase	5.715406	3.9285114	5.846382
faithful	6.052091	4.1455026	6.033126
soldier	5.1297283	4.3660326	5.422856
father	5.6038513	3.9537826	5.5133815
narrow	4.470831	3.5951686	4.81903
great	5.8687944	4.170474	5.8087583
tear	4.768584	4.1040144	4.882177
honorable	5.384954	4.365357	5.5511193
previous	5.2722836	3.9601524	5.2836385
good	6.003396	4.0399027	6.033391
domestic	5.7877417	3.83361	5.7501583
glory	6.713663	4.4015923	6.0946283
lay	5.4145484	3.53324	5.5939674
occasion	5.5061064	4.331182	5.467538
guard	4.917447	4.30432	5.6293383
whole	5.7706947	3.7959323	5.615423
mouth	4.969442	4.156907	5.122115
receive	5.961367	4.0561814	5.9072485
take	5.413782	3.830322	5.6020284
simple	6.304129	3.8529103	5.890442
error	4.1306405	4.3894067	4.6533756
wisdom	6.7696576	3.665554	6.2708864
rock	5.5571847	4.0620756	5.32133
decide	5.3021502	4.1315775	5.667947
exclaim	5.5823755	4.5511355	5.815073
assure	6.1990104	4.2493773	5.9604564
sign	5.1728168	4.1410065	5.7472787
preserve	5.8534718	3.707174	5.823913
commerce	5.8289113	3.936899	5.7012863
plant	5.274313	3.817544	5.3393703
walk	5.760004	3.6831	5.829676
difference	5.1462545	3.7692678	5.394025
hang	4.797764	4.083629	5.014403
following	6.1157374	3.8448963	5.8797827
employ	5.641353	3.8535833	5.9284754
