deal	4.8956547	4.1736197	5.400081
study	6.2322445	3.8946238	6.2271924
afford	6.1445704	4.045249	5.9877515
service	5.804579	3.9640727	6.020016
height	5.7180376	3.9252849	5.5354667
prospect	6.213899	4.325135	5.605663
pleasant	6.869269	3.4669251	6.244485
shade	5.6912446	3.587251	5.816029
listen	5.490664	3.7986097	5.5767694
mighty	5.586286	4.4335217	5.3367887
country	5.695117	4.1260695	5.592992
title	5.919187	4.049193	5.6888676
choose	5.531453	3.7326083	5.831806
village	5.6182046	3.8755517	5.25847
acquire	6.1404257	3.9497793	6.3660593
rank	5.3101473	4.4464283	5.5281177
bow	5.714261	3.5440333	5.821527
doctor	5.0199184	3.6280146	5.2755346
talent	6.467425	4.4246325	6.4976025
source	5.9127183	4.065364	5.6753683
lead	5.2939053	4.1761312	5.519989
question	5.069644	4.194434	5.3906865
publish	5.834351	4.123161	5.6758413
interest	5.8861375	4.244776	5.8643975
serve	5.5813866	3.7783937	5.9822264
divine	6.0633936	4.275713	5.4091086
put	5.149259	3.8598394	5.420163
shadow	5.2482576	3.7217278	5.3137374
practical	5.9433255	3.891853	6.08317
surface	5.747425	3.469146	5.543139
account	5.443054	4.268102	5.4929285
loss	4.779173	4.3785205	4.834446
indian	5.2597175	4.104631	5.0927067
vine	5.896203	3.746689	5.376831
certain	5.499861	4.103123	5.588042
sin	4.155517	4.3363533	4.4556623
necessity	4.9903235	4.251892	5.221726
lose	5.3606586	4.1635475	5.382564
private	5.248244	4.067185	5.462099
gentleman	5.9488254	4.06212	5.7750993
daughter	6.1061296	4.028534	5.6498437
drive	4.6695147	4.5163774	4.9322934
strange	5.161402	4.442157	4.9814405
journey	6.1549606	3.73599	5.7075586
uncle	5.759452	4.167084	5.4677877
species	5.829975	4.103786	5.441305
think	5.548037	4.167867	5.6224437
bed	5.6344895	3.6778216	5.5208073
wind	5.2336006	4.1285524	5.1646442
bless	6.260648	3.9734807	5.949457
destroy	4.2230697	4.5037346	4.6967583
author	5.9158387	4.1853027	5.6783385
sustain	5.485125	4.0075192	5.4953775
black	4.5986137	3.8921726	4.9693213
event	5.574464	4.278285	5.3270993
liberty	5.694076	4.300474	5.6379957
negro	5.2023144	4.0665526	4.9813566
little	5.92414	3.852827	5.757468
fortune	5.8602624	4.548516	5.575683
touch	5.740639	4.089756	5.572281
kill	4.296545	4.8811064	4.6890154
feature	5.717581	4.113435	5.689202
happiness	6.5561376	4.2937493	6.066792
assume	5.268025	3.986285	5.549629
notion	5.0663395	4.20395	5.0390887
purchase	5.479792	3.9125826	5.648084
faithful	5.951857	3.9752638	6.028692
soldier	4.9938965	4.363964	5.4041157
father	5.7195144	3.9696794	5.4912086
narrow	4.472131	3.5026457	4.88034
great	5.82843	4.125484	5.7785296
tear	4.659604	4.13044	4.855505
honorable	5.191331	4.2062125	5.3935747
previous	5.297204	3.8112195	5.3387804
good	6.0523157	4.0607243	6.032146
domestic	5.7280955	3.8960717	5.7870765
glory	6.532192	4.3740973	5.96422
lay	5.428093	3.6269004	5.6086903
occasion	5.5649147	4.3238516	5.5770597
guard	4.7126327	4.374303	5.4811664
whole	5.752336	3.831552	5.6146555
mouth	5.247965	4.1533027	5.223087
receive	5.9731984	4.156118	5.9282722
take	5.5020614	3.8427885	5.635149
simple	6.532031	3.8882618	6.0178723
error	4.3319864	4.3362155	4.8082843
wisdom	6.7067943	3.6668873	6.260147
rock	5.7188735	4.15963	5.416521
decide	5.253072	4.212578	5.5961785
exclaim	5.643095	4.548774	5.7721276
assure	6.0500093	4.2809734	5.812157
sign	5.297111	4.062351	5.828118
preserve	5.895712	3.7045493	5.8595657
commerce	5.747789	3.848912	5.762265
plant	5.469794	3.9179556	5.4588037
walk	5.7971187	3.7078667	5.86564
difference	5.2129197	3.8115942	5.388328
hang	4.8998413	4.068723	5.0658827
following	6.100892	3.7786045	5.8732896
employ	5.679972	3.7548575	5.9501
