deal	4.885195	4.2783966	5.402752
study	6.2127447	3.9509304	6.1807203
afford	6.2508254	4.049711	6.039745
service	5.7757006	4.0088453	5.9760427
height	5.7105036	3.9652019	5.5126157
prospect	6.3800645	4.3508563	5.816016
pleasant	6.9086857	3.406774	6.2053027
shade	5.8308997	3.5175562	5.793827
listen	5.3617883	3.9398427	5.578695
mighty	5.488545	4.4316907	5.2853203
country	5.794885	4.125996	5.605024
title	5.9563956	3.8772876	5.8144007
choose	5.5688286	3.7176316	5.747976
village	5.6274548	3.8470495	5.2735662
acquire	6.1445284	3.9805055	6.342589
rank	5.1982646	4.5052905	5.463506
bow	5.6763	3.3911617	5.8110976
doctor	4.6894407	3.7207355	5.037465
talent	6.4931145	4.5324674	6.4873
source	5.978301	3.941475	5.762917
lead	5.286816	4.206249	5.5563006
question	5.0522885	4.2079644	5.4051747
publish	5.6904154	4.0111055	5.6281724
interest	5.9048767	4.2879486	5.8823676
serve	5.585131	3.7873256	5.906671
divine	5.8910275	4.161286	5.423421
put	5.276213	3.8186386	5.5101204
shadow	5.337687	3.5964928	5.3022695
practical	5.8806496	3.83919	6.0903296
surface	5.755	3.466302	5.5085773
account	5.4475946	4.2415705	5.408729
loss	4.69633	4.348577	4.861642
indian	5.357223	4.1506495	5.145994
vine	5.8120794	3.8911054	5.374141
certain	5.48143	4.130399	5.572321
sin	4.1531916	4.3289146	4.503412
necessity	5.062455	4.3907137	5.207168
lose	5.297776	4.120577	5.37499
private	5.0645022	4.065732	5.432156
gentleman	5.986978	4.1475205	5.825054
daughter	6.0513425	4.0536165	5.7303324
drive	4.712217	4.527899	4.92649
strange	5.2900105	4.3390193	5.0518374
journey	5.8485785	3.682516	5.5227294
uncle	5.874044	4.171014	5.4956017
species	5.707495	4.0426674	5.324552
think	5.5605793	4.178215	5.6303797
bed	5.520302	3.7118964	5.4451184
wind	5.177959	4.1667633	5.148756
bless	6.38108	3.840735	6.016801
destroy	4.024045	4.594213	4.54395
author	5.95014	4.234846	5.702907
sustain	5.3780565	4.074469	5.3724523
black	4.6749916	3.8836288	4.95918
event	5.5257077	4.2686396	5.2893248
liberty	5.852295	4.3733444	5.7184615
negro	5.287595	4.212158	5.071286
little	5.8990774	3.8489842	5.7171197
fortune	5.998072	4.519634	5.627574
touch	5.61203	4.081059	5.5229926
kill	4.2372217	4.9449925	4.6130805
feature	5.6910214	4.1241274	5.684104
happiness	6.5831203	4.3171515	6.088575
assume	5.113535	3.9657462	5.444372
notion	5.1019077	4.216112	5.0538464
purchase	5.412115	4.0288305	5.6422706
faithful	5.9681454	3.921008	6.048649
soldier	4.9068294	4.4268	5.3929405
father	5.6929407	3.993558	5.499275
narrow	4.3612795	3.470135	4.782128
great	5.8561034	4.1828766	5.762353
tear	4.7487087	4.101568	4.862294
honorable	5.2379975	4.308126	5.497784
previous	5.274778	3.9864473	5.2942834
good	6.009271	4.102597	6.018852
domestic	5.645788	3.8702774	5.684164
glory	6.7957506	4.3994403	6.1169715
lay	5.463719	3.6389656	5.5821505
occasion	5.552073	4.351052	5.5349727
guard	4.7971687	4.324675	5.530799
whole	5.753724	3.8870597	5.648945
mouth	5.0899534	4.0688605	5.216154
receive	5.927031	4.08543	5.9137073
take	5.488469	3.8341591	5.631784
simple	6.476856	3.8945136	5.967375
error	4.1044836	4.313436	4.6330047
wisdom	6.5928984	3.7095613	6.225128
rock	5.8191986	4.1164627	5.461904
decide	5.237925	4.1924853	5.566321
exclaim	5.708101	4.5215325	5.8367467
assure	6.096311	4.272417	5.798685
sign	5.3354187	4.011982	5.8474617
preserve	5.960237	3.7301002	5.8827934
commerce	5.717249	3.978958	5.765431
plant	5.4555826	3.8534305	5.507462
walk	5.8811784	3.7418451	5.8079
difference	5.221285	3.816473	5.3763943
hang	4.886842	4.016649	5.020861
following	6.129714	3.8209534	5.873928
employ	5.663147	3.7721531	5.9585156
