deal	4.7670326	4.1586137	5.271737
study	6.271334	4.0303135	6.1493454
afford	6.1171527	4.0534806	6.008564
service	5.796152	4.054245	5.947517
height	5.797919	3.9375587	5.6145077
prospect	6.4314375	4.3884764	5.6981316
pleasant	6.713038	3.4832783	6.1510005
shade	5.7168174	3.4794066	5.641029
listen	5.5818715	3.9643178	5.7184963
mighty	5.5261674	4.3736963	5.3681426
country	5.7387877	4.134856	5.565783
title	6.0078607	3.8859775	5.7361627
choose	5.498181	3.7291956	5.7407184
village	5.6604686	3.811533	5.225604
acquire	6.1544356	4.0283856	6.383289
rank	5.3383007	4.4533772	5.5002923
bow	5.8475547	3.4517548	5.8389435
doctor	4.933663	3.7012858	5.155247
talent	6.550419	4.5116186	6.518351
source	5.9857836	4.1609635	5.7148166
lead	5.1406493	4.203553	5.5071373
question	5.0324125	4.275731	5.4035444
publish	5.8712626	4.0709953	5.613379
interest	5.8249984	4.274027	5.8572564
serve	5.467807	3.8378456	5.888473
divine	5.907577	4.2883697	5.4051757
put	5.198513	3.8255236	5.4856777
shadow	5.2559304	3.5863752	5.227732
practical	5.9070487	3.9458523	6.061198
surface	5.6358314	3.3533742	5.4944353
account	5.403395	4.276758	5.4045315
loss	4.7247047	4.3856792	4.880465
indian	5.3263206	4.099532	5.1207294
vine	5.851495	3.735563	5.4037766
certain	5.419886	4.0825224	5.5584116
sin	3.882933	4.3946958	4.301366
necessity	5.036533	4.3921595	5.2224703
lose	5.324349	4.196371	5.4325743
private	5.0635214	4.161085	5.4377174
gentleman	5.996531	4.105737	5.7923307
daughter	6.158039	4.0491276	5.6909866
drive	4.7466173	4.532906	5.010968
strange	5.2587776	4.3406653	5.0738435
journey	6.095398	3.7333782	5.730625
uncle	5.8129435	4.354216	5.4249206
species	5.73678	4.0898657	5.299971
think	5.5719347	4.205262	5.608466
bed	5.369878	3.6911273	5.416191
wind	5.184994	4.169784	5.1076355
bless	6.2449017	3.8968801	5.9161563
destroy	4.0808997	4.533004	4.609559
author	6.0023937	4.191631	5.670929
sustain	5.462818	4.033806	5.572633
black	4.703588	3.8617406	4.916994
event	5.491715	4.298687	5.3125606
liberty	5.807775	4.396187	5.6798615
negro	5.2251577	4.2359266	5.044522
little	5.883179	3.8209217	5.7165284
fortune	5.9004574	4.580427	5.6244645
touch	5.687083	4.017373	5.5682335
kill	4.05389	4.8267274	4.518043
feature	5.603821	4.11918	5.5995445
happiness	6.5561066	4.3402953	6.095977
assume	5.115946	3.9264154	5.469482
notion	5.032751	4.2933264	5.008355
purchase	5.5766587	3.9984233	5.6974583
faithful	5.69661	3.9963048	5.7976
soldier	5.00233	4.3467793	5.3590527
father	5.6611004	3.9232066	5.4299464
narrow	4.526655	3.4388795	4.854086
great	5.85421	4.159227	5.797095
tear	4.640976	4.1113243	4.776721
honorable	5.178959	4.328514	5.4088707
previous	5.2486987	3.8849642	5.276536
good	5.9424934	4.071535	5.9716063
domestic	5.584327	3.805188	5.599138
glory	6.7047153	4.412487	6.0801477
lay	5.529212	3.5236886	5.637934
occasion	5.507369	4.3536124	5.5572834
guard	4.783328	4.3509007	5.462185
whole	5.7534795	3.8262713	5.634069
mouth	5.1128545	4.181633	5.2309914
receive	5.9260054	4.058352	5.9091263
take	5.4856663	3.8573444	5.648156
simple	6.412068	3.8899024	5.9576106
error	4.178073	4.404975	4.6730385
wisdom	6.704532	3.7088318	6.276905
rock	5.56125	4.123054	5.279037
decide	5.198267	4.209668	5.585613
exclaim	5.541196	4.5427427	5.769733
assure	6.0967884	4.2740254	5.859502
sign	5.187238	4.024396	5.8327084
preserve	5.9606423	3.7674758	5.857437
commerce	5.85964	3.9125612	5.8081408
plant	5.557529	3.779376	5.4542155
walk	5.8294215	3.755375	5.8142767
difference	5.2512546	3.8915827	5.436648
hang	4.7467566	4.109663	4.9233823
following	6.045413	3.80042	5.7996535
employ	5.7193446	3.8222082	6.017885
