deal	4.938924	4.160045	5.4521008
study	6.27525	3.9334047	6.240668
afford	6.2156734	4.087864	5.971529
service	5.8314447	3.9955168	5.9364195
height	5.696781	4.0141034	5.5287323
prospect	6.3148885	4.4189715	5.7393374
pleasant	6.754281	3.571715	6.1967597
shade	5.613697	3.5806513	5.789539
listen	5.6118464	3.8700132	5.751881
mighty	5.5183983	4.4728208	5.3867483
country	5.755813	4.1454496	5.557515
title	5.8434772	3.9722216	5.6001873
choose	5.5586295	3.7033064	5.757783
village	5.694497	3.8200824	5.2384543
acquire	6.285588	3.9800255	6.4285784
rank	5.2947464	4.3901706	5.3649473
bow	5.7264147	3.3721268	5.7716484
doctor	4.871287	3.843257	5.1822
talent	6.4585752	4.5337	6.5056877
source	5.993645	4.045707	5.6902742
lead	5.223098	4.229684	5.519002
question	5.070499	4.1561537	5.401454
publish	5.7639	3.8934615	5.602382
interest	5.9496226	4.270046	5.911143
serve	5.623101	3.9399078	5.9172263
divine	5.8813796	4.374527	5.343553
put	5.2276707	3.771343	5.4756527
shadow	5.1881986	3.792753	5.2784085
practical	6.0650606	3.7945044	6.0594215
surface	5.7576017	3.382875	5.5880804
account	5.475176	4.2745457	5.454717
loss	4.7526813	4.3773427	4.839283
indian	5.3001213	4.18229	5.1033087
vine	5.757037	3.6585672	5.4257636
certain	5.459849	4.135441	5.4964714
sin	3.9682996	4.3900056	4.36644
necessity	4.96964	4.367144	5.2090797
lose	5.352535	4.1089864	5.39229
private	5.1873827	4.0455456	5.5071483
gentleman	5.993968	4.111273	5.819009
daughter	6.051352	4.025185	5.616192
drive	4.8596554	4.5225234	5.045825
strange	5.2083583	4.3498783	4.999957
journey	6.0770545	3.7353952	5.642211
uncle	5.5972905	4.3055677	5.3692746
species	5.7027535	4.090087	5.290633
think	5.536931	4.178977	5.590727
bed	5.5115047	3.7079859	5.417111
wind	5.1183906	4.1852083	5.087862
bless	6.312582	3.9027073	5.956007
destroy	4.0416007	4.5968933	4.5948963
author	5.9599466	4.2131915	5.6862164
sustain	5.534927	4.0731635	5.4648323
black	4.7109776	3.9303932	4.8843675
event	5.477067	4.333319	5.3096356
liberty	5.836067	4.236004	5.7194533
negro	5.0624146	4.2633142	4.950759
little	5.8947387	3.9041405	5.7170753
fortune	5.9760585	4.589401	5.6287203
touch	5.6893024	4.0804806	5.5723486
kill	4.1408596	4.884801	4.718477
feature	5.6520896	4.1435857	5.7042446
happiness	6.6075754	4.4036484	6.0831985
assume	5.209154	3.920334	5.446291
notion	5.070967	4.144538	5.00343
purchase	5.569657	3.9801	5.7668114
faithful	5.9537773	4.1180634	5.8999386
soldier	5.1019077	4.3574276	5.4430137
father	5.666874	3.984488	5.48211
narrow	4.4677563	3.4837375	4.753243
great	5.8537765	4.1632943	5.803536
tear	4.6378627	4.059832	4.842989
honorable	5.3011913	4.364777	5.516782
previous	5.2836833	3.913366	5.260782
good	6.014563	4.1337256	5.9998736
domestic	5.7300925	3.8674917	5.7598863
glory	6.6487384	4.4303684	6.0714855
lay	5.484818	3.6069038	5.6405735
occasion	5.584959	4.4057965	5.537724
guard	4.8260922	4.306934	5.551161
whole	5.737036	3.829402	5.608553
mouth	5.0949497	4.1586957	5.173147
receive	5.945239	4.0156054	5.879894
take	5.498265	3.8087022	5.63316
simple	6.4438295	3.9436903	5.9418144
error	4.1223097	4.4358783	4.5417976
wisdom	6.6533694	3.7674134	6.2237487
rock	5.638438	4.1392655	5.377393
decide	5.258631	4.118845	5.5631375
exclaim	5.6923113	4.5657377	5.8661194
assure	6.0680704	4.332841	5.8654485
sign	5.2317963	4.1550364	5.8114967
preserve	6.055975	3.7829454	5.9901304
commerce	5.699098	3.8473842	5.680931
plant	5.4682713	3.8154278	5.476244
walk	5.8365	3.7766302	5.8766065
difference	5.1834593	3.8015897	5.4310055
hang	4.8393655	4.0794997	4.988023
following	6.0664797	3.715118	5.794895
employ	5.731217	3.7837155	5.9630837
