deal	4.9536133	4.1819286	5.4668446
study	6.2368183	4.040758	6.1425157
afford	6.275124	4.0516343	6.0167356
service	5.70699	3.9948113	5.8808856
height	5.692956	3.8787649	5.562901
prospect	6.378289	4.4116383	5.6617155
pleasant	6.7624726	3.3806663	6.1695185
shade	5.650859	3.5481133	5.6773257
listen	5.4687967	3.964744	5.605829
mighty	5.5535088	4.389572	5.3615484
country	5.742924	4.134443	5.5494866
title	5.9374685	3.9703302	5.835562
choose	5.5247755	3.6230636	5.746698
village	5.6848793	3.8642874	5.3169384
acquire	6.174709	3.9679432	6.311628
rank	5.235613	4.4934573	5.3877916
bow	5.743702	3.4840112	5.8363466
doctor	4.9480176	3.6980224	5.1823316
talent	6.529784	4.4771066	6.421204
source	6.1096573	4.184623	5.7247953
lead	5.2432017	4.2374177	5.5170856
question	5.0929527	4.1544743	5.4154615
publish	5.8138337	3.9687488	5.627799
interest	5.916964	4.310424	5.8894587
serve	5.4864	3.7618773	5.871874
divine	5.7861166	4.347624	5.31037
put	5.2489967	3.7933023	5.4754734
shadow	5.1854005	3.64224	5.2451925
practical	6.0723257	4.0238705	6.1572094
surface	5.5997324	3.4228501	5.503011
account	5.467247	4.3050056	5.416565
loss	4.8319793	4.3551507	4.9563193
indian	5.331011	4.1408873	5.1586876
vine	5.826086	3.5846655	5.3467517
certain	5.557416	4.0668864	5.556007
sin	3.9764376	4.3135495	4.447328
necessity	5.041725	4.310107	5.207137
lose	5.351582	4.141002	5.393793
private	5.185981	4.0946445	5.417938
gentleman	5.9939203	4.055594	5.8203597
daughter	6.1075974	4.1571546	5.676066
drive	4.712544	4.4858317	5.037983
strange	5.1325245	4.3295116	4.9865093
journey	6.0741253	3.6056814	5.6228924
uncle	5.772082	4.3027344	5.3939366
species	5.6806664	3.988686	5.338409
think	5.5376325	4.172285	5.6071916
bed	5.50965	3.7108855	5.4312096
wind	5.1785264	4.180769	5.1275835
bless	6.251328	3.9120378	6.001571
destroy	4.169514	4.5265064	4.572295
author	5.9942727	4.272791	5.733725
sustain	5.556802	4.039847	5.5542564
black	4.7629733	3.8508952	5.009154
event	5.4432573	4.269119	5.335605
liberty	5.7935295	4.2603383	5.6700706
negro	5.1934996	4.1857843	5.0125356
little	5.9440937	3.829643	5.718359
fortune	5.9358153	4.471719	5.580921
touch	5.768896	4.088898	5.588138
kill	4.2881775	4.887057	4.725916
feature	5.6019144	4.150778	5.6531615
happiness	6.6131873	4.355199	6.0575995
assume	5.088612	3.9616601	5.457617
notion	4.9796596	4.2474656	4.994569
purchase	5.587947	3.8700485	5.7266107
faithful	5.848297	4.1397824	5.9602075
soldier	5.0372324	4.427905	5.3595815
father	5.629385	4.011615	5.4649496
narrow	4.449146	3.516414	4.786762
great	5.9078536	4.140927	5.832427
tear	4.7188106	4.0317864	4.8895955
honorable	5.1996017	4.2392025	5.3980575
previous	5.358925	3.9248118	5.33712
good	6.0096154	4.0133424	6.026957
domestic	5.7813277	3.9656167	5.780399
glory	6.6163635	4.440248	5.982405
lay	5.4438715	3.6041558	5.626517
occasion	5.5406137	4.3593407	5.4951224
guard	4.8377886	4.3732634	5.4627557
whole	5.7661505	3.838029	5.623816
mouth	5.1319456	4.10838	5.1878533
receive	5.9666758	4.065862	5.8900275
take	5.478147	3.7969205	5.6047373
simple	6.4831	3.901323	5.9883366
error	4.2162895	4.46219	4.665035
wisdom	6.604153	3.7487972	6.2845674
rock	5.6660175	4.007882	5.4392724
decide	5.3118877	4.081697	5.6523085
exclaim	5.5831785	4.6114964	5.8407264
assure	5.9137936	4.236252	5.854648
sign	5.3433733	4.0364304	5.781045
preserve	5.910467	3.654257	5.884934
commerce	5.75556	3.855996	5.704508
plant	5.5363884	3.7578816	5.48787
walk	5.789204	3.726287	5.7137976
difference	5.1133537	3.7773538	5.456064
hang	4.7905464	3.9448934	4.964984
following	6.1107097	3.8086755	5.789064
employ	5.710431	3.760587	5.946349
