deal	4.959958	4.1825547	5.459716
study	6.2467823	3.9889572	6.125206
afford	6.260171	4.0346007	5.97594
service	5.7403693	4.039381	5.9533005
height	5.703321	3.8472075	5.5037994
prospect	6.3463135	4.3034143	5.6650457
pleasant	6.963353	3.543232	6.2529716
shade	5.6866307	3.579599	5.8622785
listen	5.512733	3.8608437	5.6970344
mighty	5.5829067	4.4461074	5.51087
country	5.7173266	4.169797	5.531574
title	5.957696	3.9135766	5.7722735
choose	5.4128637	3.7341883	5.7397037
village	5.7191267	3.820267	5.3550854
acquire	6.172625	3.9953828	6.365296
rank	5.217206	4.479949	5.432979
bow	5.7532268	3.3623035	5.9075165
doctor	4.885159	3.8042436	5.2595167
talent	6.436817	4.6653333	6.450453
source	6.0313673	3.957809	5.720274
lead	5.247608	4.274943	5.5405755
question	5.079973	4.179985	5.4037633
publish	5.797794	4.0230017	5.5978456
interest	5.922407	4.191241	5.905373
serve	5.4922347	3.8687403	5.9423523
divine	5.93565	4.217761	5.3968024
put	5.1656885	3.7995327	5.397943
shadow	5.2897644	3.6953638	5.376703
practical	5.982355	3.8882644	6.0545993
surface	5.619881	3.3192565	5.532994
account	5.4678183	4.233278	5.426317
loss	4.6946006	4.336689	4.813176
indian	5.3380756	4.110332	5.2164993
vine	5.8015366	3.6668885	5.339827
certain	5.4862785	4.1392646	5.561308
sin	3.9084158	4.36629	4.404912
necessity	5.102459	4.3783665	5.165843
lose	5.4037557	4.169983	5.4220996
private	5.0906544	4.125475	5.4044905
gentleman	6.043053	4.1506977	5.855366
daughter	6.076742	4.0853333	5.734777
drive	4.7360067	4.471669	4.99553
strange	5.2150655	4.4142385	5.0111237
journey	6.1185074	3.7318912	5.590812
uncle	5.680546	4.148737	5.373218
species	5.6696754	4.0914845	5.2819605
think	5.554564	4.223931	5.6126385
bed	5.462762	3.6831412	5.479596
wind	5.292567	4.134808	5.1205683
bless	6.279562	3.9987535	5.9950147
destroy	4.0918784	4.5337405	4.5998363
author	5.9440837	4.253866	5.688616
sustain	5.38798	3.994056	5.4378104
black	4.642155	3.8042567	4.9571276
event	5.5319357	4.250631	5.351422
liberty	5.754904	4.309223	5.607094
negro	5.293315	4.2795553	5.2459826
little	5.888669	3.831687	5.7318377
fortune	5.933702	4.5552053	5.6360865
touch	5.713102	4.1410193	5.586742
kill	4.224229	4.9044356	4.6725965
feature	5.7676024	4.108175	5.798696
happiness	6.5889463	4.3728275	6.1376634
assume	5.1439166	3.9979324	5.516873
notion	5.0833764	4.2894907	5.057456
purchase	5.549279	4.024764	5.8129797
faithful	5.8232274	4.1253676	5.8838315
soldier	4.977289	4.4027843	5.344555
father	5.6760015	3.975823	5.4941664
narrow	4.4573026	3.4596405	4.8124027
great	5.874006	4.1711974	5.8122683
tear	4.7148385	4.129473	4.7770653
honorable	5.195377	4.3512316	5.432745
previous	5.355784	3.9768193	5.3171105
good	6.006447	4.0699663	6.030468
domestic	5.6768785	3.808811	5.752957
glory	6.5835457	4.4390883	6.059697
lay	5.3801236	3.5653048	5.5683026
occasion	5.5161066	4.3601403	5.5359745
guard	4.774002	4.381727	5.522946
whole	5.721116	3.8200753	5.63252
mouth	5.0870132	4.0546465	5.112108
receive	5.9662867	4.040092	5.8750877
take	5.4305916	3.819466	5.5995135
simple	6.339601	3.7935214	5.9160666
error	4.091048	4.4160223	4.63739
wisdom	6.6508493	3.676656	6.2835636
rock	5.5860553	4.0210853	5.380026
decide	5.1792583	4.1129627	5.6293125
exclaim	5.638971	4.5649157	5.8603926
assure	6.061734	4.2773247	5.8458586
sign	5.339953	4.0913863	5.7879353
preserve	5.900363	3.7323086	5.8779125
commerce	5.7556567	3.8996925	5.764286
plant	5.4778037	3.8938072	5.358111
walk	5.824661	3.7542324	5.818721
difference	5.122116	3.8631148	5.3873997
hang	4.773712	4.0823517	5.0198526
following	6.1195803	3.8396087	5.8494925
employ	5.6066785	3.7745955	5.909173
