deal	4.710722	4.281888	5.3800325
study	6.25538	4.0168858	6.2050505
afford	6.231384	4.07559	5.9989104
service	5.7040524	4.027394	5.9248047
height	5.626797	3.9926748	5.616454
prospect	6.570014	4.337657	5.837143
pleasant	6.7905126	3.6067178	6.1865163
shade	5.692415	3.5344362	5.784428
listen	5.5740337	3.8988261	5.629207
mighty	5.551857	4.4676766	5.370065
country	5.7643814	4.173495	5.570833
title	6.019246	3.8795617	5.791571
choose	5.421462	3.8005664	5.707226
village	5.672251	3.795549	5.3324304
acquire	6.1773977	3.9188907	6.417126
rank	5.3014345	4.490466	5.4473367
bow	5.7793674	3.3314142	5.782523
doctor	4.972116	3.6877372	5.319217
talent	6.4054065	4.5413623	6.4465027
source	5.9392657	4.0203176	5.7003145
lead	5.232774	4.2699914	5.5226197
question	5.0738897	4.276818	5.430612
publish	5.748254	4.014658	5.613588
interest	5.95773	4.2753205	5.919716
serve	5.4087806	3.8349364	5.856481
divine	5.79454	4.3103676	5.2680044
put	5.1851096	3.8163671	5.4605937
shadow	5.2152348	3.7199004	5.2890806
practical	5.981592	3.8628669	6.140843
surface	5.611231	3.3826084	5.5410895
account	5.400581	4.2872086	5.3929834
loss	4.7165093	4.377721	4.934077
indian	5.3112664	4.136164	5.128499
vine	5.984914	3.7016613	5.4417095
certain	5.4493546	4.144879	5.5513124
sin	3.985322	4.357424	4.3908806
necessity	5.146877	4.3512864	5.3030243
lose	5.3421526	4.205124	5.4288406
private	5.1657124	4.0654407	5.4539223
gentleman	6.0135174	4.1171856	5.878888
daughter	6.130594	4.0084214	5.7097793
drive	4.6211147	4.5087576	4.9060574
strange	5.1596284	4.4750414	5.0062666
journey	6.0226393	3.768927	5.743116
uncle	5.7173476	4.166418	5.489793
species	5.5593357	4.0863767	5.1698055
think	5.5746727	4.208674	5.652985
bed	5.510709	3.686033	5.499558
wind	5.2091813	4.185264	5.1206083
bless	6.278843	3.947746	5.9661613
destroy	4.0614576	4.6042547	4.5584707
author	6.0272484	4.2511096	5.6784997
sustain	5.384071	4.0208755	5.4387784
black	4.6965523	3.8614552	4.926705
event	5.546642	4.338203	5.3536906
liberty	5.869445	4.352406	5.7071652
negro	5.3143196	4.2449694	5.229633
little	5.920187	3.879109	5.7638283
fortune	6.029099	4.5290747	5.7012467
touch	5.6809783	4.0682397	5.584965
kill	4.2418747	4.899064	4.7376347
feature	5.6847706	4.1773996	5.7619195
happiness	6.612939	4.425766	6.064398
assume	5.1325135	4.056922	5.442727
notion	5.069252	4.2781506	5.06567
purchase	5.5531745	3.9885697	5.830239
faithful	5.8468695	4.1228967	5.894848
soldier	5.0703964	4.4076953	5.44511
father	5.6811776	3.96658	5.4694138
narrow	4.35738	3.5011387	4.7634835
great	5.843856	4.1996856	5.8200693
tear	4.6789446	4.1076555	4.8418207
honorable	5.366913	4.3025274	5.504652
previous	5.340008	3.9406066	5.296971
good	5.9479275	4.094731	5.9986796
domestic	5.6549797	3.9680953	5.6916723
glory	6.6371555	4.387256	6.1024804
lay	5.452453	3.5994396	5.5689874
occasion	5.478717	4.404543	5.5075455
guard	4.8750353	4.2108355	5.4690704
whole	5.7405033	3.8552701	5.6162243
mouth	5.015417	4.087221	5.149682
receive	5.917095	4.0504694	5.850679
take	5.45291	3.8524463	5.5964704
simple	6.4404273	3.8434868	5.894827
error	4.145753	4.432202	4.6282268
wisdom	6.6463914	3.710387	6.269163
rock	5.6333055	4.0220675	5.352728
decide	5.250624	4.1808386	5.6153
exclaim	5.693367	4.630953	5.8428645
assure	6.126871	4.2355266	5.8395696
sign	5.354661	4.108878	5.827061
preserve	5.881783	3.7407727	5.8216624
commerce	5.639781	3.87862	5.6834893
plant	5.556657	3.9267335	5.4314795
walk	5.844388	3.7680655	5.798615
difference	5.123123	3.7988663	5.3502507
hang	4.7046394	4.129697	4.912937
following	6.1379185	3.8055425	5.8430686
employ	5.70245	3.7779596	5.928769
