deal	4.951914	4.164006	5.4115767
study	6.22582	3.923397	6.1160254
afford	6.306047	4.041026	6.00658
service	5.7472587	4.0749745	5.9416094
height	5.5724773	3.9350622	5.566535
prospect	6.408752	4.4837127	5.754616
pleasant	6.822055	3.470735	6.190127
shade	5.5813556	3.6081507	5.745537
listen	5.606	3.7850509	5.7329564
mighty	5.5580616	4.480476	5.4003882
country	5.832531	4.1586957	5.638314
title	5.9278183	3.9050078	5.655204
choose	5.4917064	3.715101	5.813635
village	5.7947397	3.862547	5.3466125
acquire	6.294437	4.0600967	6.3865294
rank	5.2885423	4.3603115	5.4576597
bow	5.8026843	3.4973874	5.7705145
doctor	5.1110926	3.7115715	5.261905
talent	6.4855766	4.615544	6.4746094
source	5.966966	4.146723	5.6966524
lead	5.2775435	4.264417	5.548476
question	5.050795	4.2297797	5.423379
publish	5.755301	3.9253182	5.606512
interest	5.948944	4.2756248	5.8837557
serve	5.5658245	3.833027	5.9742575
divine	5.962042	4.217987	5.406901
put	5.26284	3.8188221	5.4992704
shadow	5.1061754	3.7447178	5.202691
practical	5.957555	3.84755	6.1138945
surface	5.6401114	3.394289	5.509266
account	5.4916406	4.25912	5.474492
loss	4.7757196	4.419366	4.9026704
indian	5.3867407	4.0818973	5.21571
vine	5.903114	3.6863403	5.396001
certain	5.431311	4.1390905	5.551821
sin	3.9757152	4.3335323	4.362502
necessity	5.074085	4.3863544	5.204266
lose	5.389804	4.1385894	5.406183
private	5.1709194	4.1537747	5.4450755
gentleman	6.130375	4.0884156	5.8816404
daughter	6.204564	4.018995	5.767051
drive	4.7330055	4.5179443	5.0281973
strange	5.2284675	4.335598	5.0298157
journey	5.9633374	3.7726035	5.6894774
uncle	5.695795	4.205985	5.582383
species	5.793697	4.064918	5.343647
think	5.606156	4.1764812	5.642895
bed	5.5397587	3.6942728	5.420928
wind	5.22073	4.2026215	5.1271143
bless	6.2454863	3.853787	5.9924016
destroy	4.1985564	4.5090475	4.6171165
author	6.0397277	4.197278	5.709878
sustain	5.384072	3.9958463	5.492927
black	4.834379	3.888487	5.068792
event	5.5923276	4.311157	5.398869
liberty	5.781791	4.2755494	5.700946
negro	5.2924185	4.3545675	5.1624455
little	5.9503713	3.8127174	5.75049
fortune	5.96621	4.527562	5.612152
touch	5.6923566	4.0987062	5.5544057
kill	4.2986093	4.827355	4.6722636
feature	5.720209	4.05072	5.7238955
happiness	6.633444	4.388372	6.0767283
assume	5.116709	3.8742726	5.469082
notion	5.1007657	4.255718	5.0638585
purchase	5.5481477	3.881578	5.759226
faithful	5.74086	4.1561985	5.779146
soldier	5.0295696	4.4662504	5.4112453
father	5.723627	3.895612	5.5302343
narrow	4.404701	3.583423	4.779496
great	5.906731	4.1569147	5.8457522
tear	4.7567735	4.1268835	4.789579
honorable	5.2399936	4.3137074	5.4626265
previous	5.301297	3.8348393	5.3150496
good	5.9815087	4.04671	5.9831104
domestic	5.757166	3.8722053	5.728329
glory	6.7201157	4.4927034	6.0589166
lay	5.4785886	3.5572844	5.5433617
occasion	5.5144424	4.3179584	5.538497
guard	4.7965126	4.325403	5.6050005
whole	5.8061547	3.7965422	5.662078
mouth	5.253843	4.114459	5.21844
receive	5.970322	4.060312	5.942448
take	5.5338855	3.8215132	5.6525645
simple	6.4924774	3.7883425	5.957388
error	4.288591	4.3797097	4.7574997
wisdom	6.5963593	3.6913624	6.1730447
rock	5.7694864	3.9921608	5.472419
decide	5.251172	4.147937	5.6260276
exclaim	5.660862	4.5118732	5.855303
assure	6.0723443	4.2547426	5.884238
sign	5.2458305	4.079893	5.7465687
preserve	6.0056267	3.7052937	5.9784346
commerce	5.7380934	3.8379426	5.748943
plant	5.5265646	3.8675802	5.4834375
walk	5.7735786	3.7046862	5.7928596
difference	5.196138	3.8220026	5.3879676
hang	4.837378	3.963446	5.0029726
following	6.0959954	3.7999313	5.8299694
employ	5.811952	3.8384614	5.9996066
