deal	4.891985	4.1509166	5.413351
study	6.2154384	4.011059	6.14101
afford	6.2632904	4.0092683	6.024929
service	5.788123	3.9402566	5.8981857
height	5.7809553	3.894869	5.6354017
prospect	6.3122854	4.3227067	5.6797676
pleasant	6.8140736	3.4692788	6.2146864
shade	5.5765166	3.4890065	5.6675277
listen	5.5473638	3.8148255	5.658011
mighty	5.5078464	4.4064684	5.344178
country	5.649079	4.1512804	5.5659084
title	6.078144	3.8971617	5.766243
choose	5.4345193	3.700996	5.7517176
village	5.6561527	3.839094	5.2707396
acquire	6.2228556	4.0150423	6.347881
rank	5.290836	4.483821	5.4559197
bow	5.7106028	3.4953787	5.764583
doctor	4.892787	3.7779365	5.2223196
talent	6.472002	4.538368	6.457818
source	5.945386	4.039541	5.666773
lead	5.2466846	4.2871957	5.515313
question	5.083187	4.2453423	5.4467897
publish	5.8254757	3.9458013	5.6488276
interest	5.9243917	4.3193765	5.915204
serve	5.5204062	3.752515	5.90422
divine	5.862156	4.366767	5.375575
put	5.2355328	3.8232212	5.475374
shadow	5.265897	3.7039418	5.3116565
practical	6.0190215	3.8755934	6.028998
surface	5.689614	3.42567	5.557459
account	5.390479	4.277917	5.393788
loss	4.8621664	4.399254	4.865044
indian	5.353549	4.1144977	5.090048
vine	5.7764616	3.777068	5.410267
certain	5.4272413	4.119504	5.5352526
sin	4.0495367	4.360494	4.4924526
necessity	5.0758414	4.4037037	5.307453
lose	5.392349	4.1195545	5.4091043
private	5.038951	4.0892878	5.405207
gentleman	6.0074677	4.0927835	5.7544584
daughter	5.9769354	4.131772	5.627657
drive	4.7474184	4.52682	4.9733753
strange	5.263711	4.3611765	5.061073
journey	5.9583106	3.6699681	5.678867
uncle	5.7227054	4.2373953	5.4301267
species	5.667677	4.081687	5.3189545
think	5.555132	4.212899	5.6104536
bed	5.5055504	3.648518	5.46585
wind	5.176457	4.200142	5.1164675
bless	6.2415104	3.914211	5.9622493
destroy	4.0004053	4.593018	4.587761
author	5.963693	4.3000913	5.678156
sustain	5.562854	3.9696414	5.520084
black	4.676098	3.8551183	4.9508877
event	5.4289174	4.310766	5.343871
liberty	5.7534013	4.328689	5.6987085
negro	5.172295	4.267884	5.177946
little	5.9144354	3.8375113	5.697457
fortune	5.9202914	4.514722	5.5728335
touch	5.711205	4.071034	5.541913
kill	4.152139	4.930607	4.703148
feature	5.6562834	4.1514535	5.693608
happiness	6.497229	4.312456	6.022408
assume	5.144764	3.9910374	5.4635196
notion	5.135635	4.254922	5.070504
purchase	5.6694403	4.046501	5.8009806
faithful	5.9760194	4.104486	5.938838
soldier	5.037899	4.4611707	5.354275
father	5.6290197	3.9755645	5.456909
narrow	4.4315047	3.412868	4.8253536
great	5.7908297	4.17893	5.772085
tear	4.6861386	4.0784655	4.8243995
honorable	5.134163	4.306067	5.4414206
previous	5.3433423	3.9388452	5.346512
good	6.010171	4.0581045	6.014478
domestic	5.599677	3.8557744	5.715322
glory	6.5897484	4.4859147	6.0459642
lay	5.464045	3.575933	5.5865045
occasion	5.6017613	4.3666997	5.5406747
guard	4.884006	4.3450828	5.534002
whole	5.688238	3.8103423	5.5973616
mouth	5.0297103	4.1162243	5.1103344
receive	5.9234424	4.04339	5.9022717
take	5.510844	3.8404064	5.618463
simple	6.4254837	3.809795	5.9409323
error	4.196553	4.440783	4.6651635
wisdom	6.564911	3.775688	6.260029
rock	5.706922	4.120882	5.416358
decide	5.2344646	4.2197556	5.623531
exclaim	5.6726875	4.60003	5.792333
assure	6.070885	4.3142157	5.891413
sign	5.2733383	4.0517697	5.779532
preserve	5.9446564	3.6557238	5.8694086
commerce	5.726274	3.7180867	5.7364297
plant	5.396514	3.8318803	5.3900604
walk	5.777965	3.7524867	5.795719
difference	5.1700306	3.8675783	5.4543476
hang	4.886959	4.0552235	5.068348
following	6.0341043	3.8346393	5.7831345
employ	5.6380806	3.8505387	5.910209
