deal	4.949512	4.249134	5.4012737
study	6.253268	4.062386	6.170657
afford	6.333121	4.0248	6.067525
service	5.7330217	3.9562507	5.867605
height	5.6718764	3.863733	5.550602
prospect	6.366967	4.395364	5.710439
pleasant	7.000292	3.46836	6.288923
shade	5.6795425	3.5079288	5.776231
listen	5.4608316	3.974052	5.6027155
mighty	5.623935	4.489133	5.476973
country	5.754959	4.1178126	5.5679235
title	5.8648734	3.9014206	5.6982923
choose	5.574055	3.6382182	5.8065295
village	5.702398	3.7774067	5.3329487
acquire	6.239493	3.9982133	6.3944454
rank	5.2095017	4.399719	5.3261585
bow	5.709629	3.3850644	5.829134
doctor	4.9831944	3.6935372	5.2054696
talent	6.43127	4.529175	6.4650407
source	5.905097	4.075396	5.679012
lead	5.2279415	4.2506285	5.503811
question	5.0025682	4.2239366	5.4370694
publish	5.7832394	4.0225863	5.5450287
interest	5.8767557	4.288444	5.87626
serve	5.505146	3.767191	5.881387
divine	5.9334807	4.23128	5.37905
put	5.214567	3.8117225	5.387594
shadow	5.179148	3.622719	5.32249
practical	6.0714293	3.829978	6.098234
surface	5.672908	3.3899395	5.5010376
account	5.47961	4.239019	5.4382815
loss	4.7214675	4.294782	4.8775477
indian	5.366526	4.079635	5.190321
vine	5.8399816	3.6201203	5.3313637
certain	5.488641	4.1567874	5.542629
sin	4.016833	4.3063207	4.421867
necessity	5.128551	4.2738495	5.2935357
lose	5.3636136	4.14548	5.3912625
private	5.123584	4.103917	5.43563
gentleman	6.0183735	4.0721035	5.779933
daughter	6.066167	4.0869026	5.7033896
drive	4.686015	4.513655	4.9301596
strange	5.2305045	4.3497915	5.038354
journey	6.0348363	3.8077734	5.63521
uncle	5.874	4.2105317	5.5068264
species	5.5903645	4.055676	5.213333
think	5.5654254	4.1908603	5.6031027
bed	5.5781193	3.6362247	5.4531555
wind	5.1534	4.1302233	5.059672
bless	6.362169	3.8515937	6.006045
destroy	4.165434	4.5087433	4.634016
author	6.0070734	4.3061733	5.6973786
sustain	5.3930674	4.0039115	5.426546
black	4.681716	3.8295805	4.876891
event	5.5246058	4.3299246	5.335904
liberty	5.8183494	4.2446895	5.6610847
negro	5.323719	4.228858	5.095653
little	5.9817595	3.8114133	5.7445464
fortune	6.0271044	4.5420246	5.658846
touch	5.748305	4.072839	5.5592136
kill	4.20973	4.9206634	4.637328
feature	5.5896764	4.0429344	5.685498
happiness	6.5707297	4.324633	6.0649257
assume	5.0401626	3.9321659	5.3694553
notion	5.072395	4.346115	5.025105
purchase	5.449591	4.0146947	5.6300306
faithful	6.027886	4.0205283	6.0243425
soldier	5.0447826	4.3855786	5.3786125
father	5.6656337	3.9825833	5.4999547
narrow	4.579606	3.5086057	4.887733
great	5.8717813	4.177231	5.759022
tear	4.5313287	4.1447735	4.724539
honorable	5.196003	4.3132143	5.435201
previous	5.407212	3.8331187	5.3135867
good	6.019252	4.018878	5.9544244
domestic	5.72904	3.8431168	5.7795954
glory	6.6244125	4.468934	6.0879493
lay	5.420955	3.5627854	5.5344048
occasion	5.5457573	4.3114347	5.5471897
guard	4.795435	4.2031264	5.4211216
whole	5.731898	3.7994328	5.5648646
mouth	5.085864	4.031591	5.134357
receive	5.918061	4.053305	5.8781605
take	5.517709	3.8286836	5.641683
simple	6.5158787	3.8481805	5.8906293
error	4.1208305	4.3493705	4.5666
wisdom	6.583126	3.6939452	6.168867
rock	5.7717605	3.9665956	5.4290195
decide	5.2510066	4.1810284	5.611142
exclaim	5.6890707	4.5881824	5.7965226
assure	6.0692863	4.302814	5.780106
sign	5.14279	4.1439075	5.676776
preserve	5.999457	3.71162	5.864584
commerce	5.743036	3.8353152	5.686023
plant	5.478752	3.7820733	5.468041
walk	5.881126	3.699027	5.813846
difference	5.097436	3.9323218	5.315967
hang	4.8622456	4.035122	4.9578004
following	6.143728	3.7511299	5.884212
employ	5.624259	3.7758827	5.914202
