deal	4.812295	4.271359	5.302021
study	6.298341	3.9828095	6.2111034
afford	6.2469945	3.9841738	5.9855385
service	5.6735954	4.0080943	5.9150224
height	5.674141	3.9621496	5.528089
prospect	6.378997	4.388184	5.7059865
pleasant	7.013093	3.361035	6.313956
shade	5.665156	3.6134412	5.774735
listen	5.452815	3.9020858	5.5680547
mighty	5.457251	4.5372877	5.4170475
country	5.7375393	4.1552014	5.5823865
title	5.933635	3.9414644	5.736661
choose	5.5332932	3.6661708	5.7693486
village	5.728514	3.8287556	5.336596
acquire	6.1838355	3.9562013	6.3496804
rank	5.29939	4.410744	5.4782004
bow	5.661888	3.3730428	5.811637
doctor	5.1560774	3.7104204	5.2703614
talent	6.3975005	4.593687	6.4482245
source	5.9239597	3.9481244	5.553667
lead	5.2243743	4.2430897	5.544568
question	5.0772853	4.2796984	5.410281
publish	5.8908644	4.042659	5.6240907
interest	5.8180523	4.3602476	5.8649487
serve	5.5848665	3.8507001	5.9982114
divine	6.0242176	4.1950693	5.462483
put	5.230504	3.7994137	5.475518
shadow	5.2043147	3.757588	5.2905655
practical	6.0367594	3.9099228	6.0859857
surface	5.6373878	3.4407027	5.4858217
account	5.4359145	4.358673	5.4213867
loss	4.7666144	4.42999	4.8565245
indian	5.2668076	4.101498	5.091669
vine	5.8781514	3.6506186	5.3599153
certain	5.437293	4.103455	5.524909
sin	4.1132703	4.3361845	4.460515
necessity	5.1098776	4.368438	5.201155
lose	5.334984	4.1911364	5.4099836
private	5.0946965	4.0626163	5.4677134
gentleman	6.035935	4.0504265	5.841037
daughter	6.057331	4.0140877	5.6667485
drive	4.7272067	4.6017003	4.9657755
strange	5.1892424	4.3965144	5.0174227
journey	6.1094794	3.6917298	5.7263937
uncle	5.634228	4.209773	5.331116
species	5.6920853	4.074715	5.3383784
think	5.6364822	4.1660666	5.6698356
bed	5.46632	3.6469107	5.428433
wind	5.165593	4.1879234	5.106441
bless	6.3148456	3.8633685	6.0229063
destroy	4.103518	4.4959326	4.5758104
author	6.000827	4.244661	5.6244836
sustain	5.520295	4.006884	5.4921303
black	4.703744	3.9134622	4.9665546
event	5.4812264	4.3210025	5.3443837
liberty	5.788113	4.2190332	5.7035637
negro	5.254743	4.2896056	5.1406903
little	5.9617157	3.7846985	5.7721553
fortune	5.898856	4.4690666	5.6406364
touch	5.746604	4.041942	5.5481577
kill	4.2033753	4.877653	4.640865
feature	5.8443766	4.1300697	5.768386
happiness	6.5341253	4.2972193	6.0926266
assume	5.191129	3.9345398	5.541872
notion	5.0906696	4.1940413	5.0510774
purchase	5.580415	3.8549159	5.7680883
faithful	5.9517393	4.047609	5.927397
soldier	4.9984756	4.4367833	5.339689
father	5.664049	3.9230113	5.4578915
narrow	4.341544	3.4974775	4.70687
great	5.8921633	4.1688085	5.815502
tear	4.6362906	4.1723604	4.8360825
honorable	5.273957	4.3163753	5.5198894
previous	5.402312	3.9046338	5.3338385
good	6.027378	4.0584965	6.025811
domestic	5.6883774	3.7884662	5.6545076
glory	6.6364036	4.3600063	6.1070843
lay	5.4828496	3.5558457	5.589015
occasion	5.6045947	4.330036	5.5965195
guard	4.799576	4.2089252	5.499026
whole	5.764884	3.8290503	5.6518626
mouth	4.9974575	4.05884	5.1257
receive	5.919525	4.022147	5.8807383
take	5.4784374	3.7847846	5.6401386
simple	6.4809136	3.834816	6.0094047
error	4.160268	4.359541	4.56444
wisdom	6.6810703	3.6886272	6.3885984
rock	5.757504	3.9972079	5.427731
decide	5.2487745	4.1831446	5.5740037
exclaim	5.6152444	4.5150604	5.7772813
assure	6.0947022	4.305109	5.8549075
sign	5.2639327	4.1860576	5.79537
preserve	5.996035	3.7198803	5.862951
commerce	5.5693903	3.8463285	5.661288
plant	5.482402	3.808719	5.4688196
walk	5.831646	3.6957057	5.792987
difference	5.177477	3.911608	5.464721
hang	4.8271966	4.028568	5.0193634
following	6.0999875	3.7943082	5.8533545
employ	5.7484694	3.7707167	5.921968
