deal	4.774263	4.235401	5.390953
study	6.3039646	4.0787888	6.1898694
afford	6.197666	4.115759	6.042308
service	5.849997	4.092941	5.969087
height	5.737297	3.867502	5.5887446
prospect	6.3500996	4.325094	5.7021027
pleasant	6.838215	3.5294392	6.2503934
shade	5.742572	3.5335245	5.8230247
listen	5.50269	3.90582	5.67988
mighty	5.479313	4.383731	5.392683
country	5.7382193	4.1463127	5.5748963
title	6.0806513	3.9533472	5.736579
choose	5.4713507	3.7341666	5.7551055
village	5.7940807	3.8938622	5.3391986
acquire	6.2238765	4.0152335	6.410676
rank	5.380782	4.364856	5.500831
bow	5.7873993	3.3721778	5.875771
doctor	4.7809834	3.8132093	5.088109
talent	6.4728417	4.561806	6.3939943
source	5.93048	4.121114	5.7040267
lead	5.198514	4.2545314	5.4515944
question	5.1045275	4.219404	5.4445944
publish	5.767134	4.0408525	5.4760876
interest	5.8922205	4.272177	5.86402
serve	5.5144963	3.891981	5.9042015
divine	5.874937	4.3408847	5.4233365
put	5.2102847	3.8051012	5.4503016
shadow	5.3520308	3.696952	5.3620663
practical	6.1319833	3.9748192	6.1236925
surface	5.712243	3.4695694	5.600243
account	5.432194	4.251857	5.368692
loss	4.6693783	4.3915486	4.9017916
indian	5.3495564	4.1423364	5.183305
vine	5.730021	3.7003162	5.3825903
certain	5.3915057	4.1271296	5.489835
sin	4.1137414	4.2840137	4.4609785
necessity	4.9662976	4.3009133	5.1819763
lose	5.3187265	4.1442084	5.388884
private	5.0976706	4.061011	5.3906946
gentleman	5.9621434	4.163056	5.826482
daughter	6.0645065	4.077129	5.682902
drive	4.770242	4.5707655	4.9499283
strange	5.273382	4.3810883	5.05296
journey	5.936061	3.6608796	5.585655
uncle	5.6576304	4.1601944	5.319044
species	5.7534456	4.080832	5.32587
think	5.5085444	4.1784987	5.5511665
bed	5.420789	3.6802075	5.4187384
wind	5.1826606	4.213822	5.0485044
bless	6.25176	3.928123	5.9727745
destroy	4.0373187	4.5739045	4.57011
author	5.985836	4.2452693	5.639548
sustain	5.433006	4.067164	5.452445
black	4.756616	3.8759828	5.0040526
event	5.3900375	4.29073	5.309221
liberty	5.7701945	4.3271637	5.694827
negro	5.185868	4.23932	5.1782484
little	5.929089	3.8560052	5.7326303
fortune	5.973597	4.505211	5.618061
touch	5.683439	4.010999	5.541372
kill	4.076396	4.8706264	4.6594076
feature	5.68572	4.081165	5.6987123
happiness	6.4815784	4.327255	6.0004783
assume	5.1467953	3.94418	5.491931
notion	5.085802	4.1703506	4.990636
purchase	5.631744	3.9823043	5.753399
faithful	5.8772526	4.0950966	5.8202863
soldier	5.0098886	4.417003	5.4250865
father	5.663295	3.9497652	5.502842
narrow	4.5021677	3.5069017	4.8315535
great	5.7926617	4.1562247	5.7564964
tear	4.607282	4.1637144	4.783838
honorable	5.199295	4.333294	5.380684
previous	5.2007017	3.9002447	5.296486
good	5.9681263	4.1161356	5.9806366
domestic	5.738214	3.8256488	5.713572
glory	6.644667	4.430293	6.095167
lay	5.440312	3.599393	5.536354
occasion	5.520502	4.397233	5.5677032
guard	4.8899903	4.1957917	5.5710964
whole	5.703029	3.8368535	5.598811
mouth	5.100894	4.177419	5.1459856
receive	5.9470134	4.0640197	5.859238
take	5.457884	3.8371751	5.5936413
simple	6.452401	3.8583367	5.8976483
error	4.1662397	4.351462	4.568198
wisdom	6.7823353	3.7093787	6.3310204
rock	5.6763167	4.0962763	5.3838654
decide	5.2114687	4.1530423	5.58485
exclaim	5.5745664	4.526642	5.7980003
assure	6.051323	4.245872	5.859798
sign	5.1350093	4.0736976	5.674817
preserve	5.9110303	3.7207587	5.8729587
commerce	5.8542237	3.8651004	5.8043346
plant	5.387245	3.9237525	5.3519106
walk	5.7651124	3.7168245	5.761106
difference	5.165081	3.79145	5.370795
hang	4.713315	4.0907173	4.9786453
following	6.110768	3.8171291	5.8756633
employ	5.6650085	3.7720804	5.9326973
