deal	4.799988	4.268175	5.3874927
study	6.288898	4.0341825	6.239144
afford	6.302501	4.0798717	6.012997
service	5.8128424	3.9863813	5.9614167
height	5.6641903	4.0259123	5.586587
prospect	6.3652186	4.2744718	5.7367644
pleasant	6.945454	3.5881457	6.2955813
shade	5.6238904	3.4849665	5.6738706
listen	5.515351	3.8934321	5.6217656
mighty	5.6068687	4.4424343	5.34838
country	5.7317348	4.135779	5.5687723
title	5.9367547	4.011203	5.7979097
choose	5.5278993	3.6854277	5.8169827
village	5.745369	3.8250778	5.291377
acquire	6.1435475	3.9773533	6.3174057
rank	5.295851	4.383972	5.397728
bow	5.7092247	3.3972263	5.8335605
doctor	4.8949428	3.6017315	5.1820884
talent	6.4354234	4.5738325	6.4581366
source	5.9472528	4.1377487	5.6575975
lead	5.229384	4.312051	5.5302362
question	5.058712	4.2349167	5.4024625
publish	5.8205533	4.0363445	5.674342
interest	5.8480124	4.323615	5.8501625
serve	5.6420016	3.797034	5.9723635
divine	5.8809376	4.354449	5.3995743
put	5.1666093	3.857307	5.4483266
shadow	5.1432	3.609438	5.2838144
practical	5.9959345	3.8442538	6.1038313
surface	5.5987477	3.3944626	5.493751
account	5.3822775	4.2797813	5.3787985
loss	4.720522	4.3919306	4.7478094
indian	5.290642	4.129899	5.1392164
vine	5.744121	3.8030097	5.4264975
certain	5.378995	4.1221724	5.4957
sin	3.9317167	4.3278036	4.3763046
necessity	4.9519343	4.3671474	5.169392
lose	5.3584986	4.16524	5.3862596
private	5.191437	4.1020803	5.4658804
gentleman	6.023135	4.135694	5.8371034
daughter	6.035446	4.0087395	5.6658874
drive	4.6996913	4.5567536	4.962544
strange	5.207234	4.3334265	5.001035
journey	6.08576	3.787705	5.672246
uncle	5.7108617	4.221266	5.4980173
species	5.6660233	4.07985	5.28671
think	5.5187845	4.204408	5.6031055
bed	5.4857774	3.704981	5.424904
wind	5.178527	4.204803	5.16575
bless	6.2654457	3.9221492	5.942536
destroy	4.183131	4.5986805	4.6454988
author	5.9949684	4.3267884	5.7552576
sustain	5.4524565	4.0120487	5.481676
black	4.663602	3.8183653	4.9013023
event	5.5263486	4.3335595	5.405679
liberty	5.8196545	4.2954197	5.6927915
negro	5.268761	4.300749	5.101014
little	5.909216	3.8550873	5.732968
fortune	5.982071	4.4953423	5.6417804
touch	5.7327194	4.092621	5.5587277
kill	4.1124506	4.8962274	4.559505
feature	5.691858	4.1065826	5.788294
happiness	6.5655293	4.3434267	6.0605865
assume	5.1844726	3.9733524	5.5466967
notion	4.9414177	4.295162	4.997321
purchase	5.6624904	4.046785	5.762202
faithful	5.777542	4.032936	5.9074764
soldier	5.0091987	4.477803	5.3644295
father	5.6886826	3.9703097	5.4959226
narrow	4.4435396	3.4449894	4.8049326
great	5.8362937	4.2143087	5.78189
tear	4.654757	4.08862	4.7795167
honorable	5.3521247	4.229474	5.4777513
previous	5.283365	3.9310224	5.3127394
good	5.965338	4.0663285	5.990005
domestic	5.662093	3.8918624	5.7491846
glory	6.6430955	4.461097	6.0273905
lay	5.4740434	3.5959563	5.597555
occasion	5.473344	4.3912005	5.5171957
guard	4.75758	4.3437233	5.46363
whole	5.743226	3.8153312	5.651441
mouth	5.149081	4.0910816	5.254114
receive	5.9501553	4.096315	5.896629
take	5.4959507	3.8303432	5.65028
simple	6.4553013	3.8697848	5.971643
error	4.113139	4.3567014	4.675954
wisdom	6.6142254	3.7469032	6.2640305
rock	5.598682	4.0629144	5.3189697
decide	5.279888	4.1511087	5.6181464
exclaim	5.513247	4.5110264	5.708884
assure	6.1091995	4.198537	5.884605
sign	5.337123	4.12086	5.8485584
preserve	5.9831553	3.7317004	5.84116
commerce	5.751809	3.82152	5.7492766
plant	5.538794	3.9745436	5.519
walk	5.7324734	3.71557	5.7571173
difference	5.048622	3.8555045	5.2861404
hang	4.733723	4.0868015	4.9723835
following	6.1148405	3.8016882	5.8812017
employ	5.732381	3.7037838	5.926487
