deal	4.7571125	5.6730905	5.7751102
study	7.0042214	4.124697	6.7963157
afford	7.091483	4.8274417	5.9974976
service	7.2746615	4.455806	6.830528
height	5.478055	5.421802	5.8590994
prospect	7.7471323	5.193042	6.6146145
pleasant	7.6482253	4.204585	5.170523
shade	4.442097	3.4006836	3.252154
listen	5.2188997	5.62163	4.4481754
mighty	6.035678	5.3865447	7.0442657
country	5.68958	4.1012607	6.0002613
title	7.4242306	4.3584943	6.855052
choose	5.512416	4.399182	4.847673
village	6.356968	4.8126736	5.483742
acquire	7.7379017	5.7869816	7.837806
rank	5.749049	5.9169316	6.4546413
bow	5.835909	4.2757	4.9688697
doctor	5.595129	4.42601	5.3374443
talent	8.171909	5.826386	7.7977133
source	6.6343718	4.8981633	5.7243686
lead	5.354643	5.760393	5.5886335
question	4.980265	4.6194005	4.6975713
publish	5.1012454	4.8612084	5.4629574
interest	6.376063	4.993841	5.595193
serve	5.629039	3.6837223	4.8307
divine	7.3988037	4.4722505	7.138386
put	4.921485	4.569647	4.616975
shadow	4.4498763	3.2263832	3.9643545
practical	6.1159925	4.274918	6.337573
surface	4.9387097	2.939177	4.048325
account	5.196011	5.150051	5.427771
loss	3.6195264	5.4306254	3.5448744
indian	4.992767	5.2608905	5.2394047
vine	6.574215	3.8264403	5.8266363
certain	5.280976	5.1304846	5.972863
sin	3.0419562	5.298151	4.516592
necessity	4.5685534	4.989568	5.6005564
lose	4.764519	5.0617867	3.9635339
private	4.1624794	4.8055954	4.7928357
gentleman	6.737215	4.522283	5.9567327
daughter	6.287488	4.485298	5.40348
drive	2.7007003	7.023639	4.361296
strange	4.1579423	5.8263855	4.1936707
journey	5.969694	4.0530806	4.5433717
uncle	7.5292263	4.056485	5.705015
species	4.9491863	5.3626366	4.995864
think	5.8478956	4.895583	5.1047683
bed	5.3981113	2.7065248	3.222206
wind	4.688525	5.154386	4.8757524
bless	8.743269	4.015811	6.400265
destroy	2.7687721	6.5364647	4.8341227
author	5.5205803	4.6009	5.055819
sustain	5.101918	5.2697816	5.844128
black	4.5738835	3.9225373	3.6997278
event	6.8355107	5.8766656	6.9617724
liberty	7.7063456	5.8903413	7.308977
negro	4.586503	5.1767144	4.676593
little	5.352726	3.6951613	3.4838178
fortune	6.2180786	5.6053333	6.009153
touch	5.78672	4.1304	4.2310715
kill	3.614877	6.3922315	4.5984063
feature	5.7597194	3.7094808	5.2735586
happiness	8.939951	4.8927145	6.3735723
assume	4.2167315	5.0713763	4.720344
notion	5.997633	4.343424	4.9831104
purchase	6.7277384	5.211025	6.0699625
faithful	6.8297267	3.9048555	6.3037586
soldier	4.924924	5.6610126	6.238283
father	6.287732	4.5303335	5.856198
narrow	2.8579524	4.124181	3.9528453
great	4.8125525	5.4769435	6.0799084
tear	3.605958	4.253196	2.779344
honorable	6.0447598	5.8565145	6.9063168
previous	4.474041	4.5447445	4.3430614
good	6.8513575	4.705821	6.3965125
domestic	4.92764	3.4568343	4.1214724
glory	7.529194	5.5410204	7.1382895
lay	4.558033	4.1566296	4.266724
occasion	5.2124953	5.223302	5.6768665
guard	4.6841693	5.0301633	5.666975
whole	5.156209	4.733018	5.80956
mouth	4.872176	4.7432885	4.483669
receive	6.837357	4.910586	5.8265815
take	4.354718	4.942467	4.5567026
simple	6.5996914	3.9754353	5.1773357
error	2.5255914	4.926339	3.9139564
wisdom	7.366702	4.607398	7.2296195
rock	5.108536	5.034199	5.356831
decide	5.086326	5.25083	5.6047006
exclaim	5.9222956	6.553632	5.839411
assure	7.55472	5.148964	6.216202
sign	5.2551794	3.8526711	4.90485
preserve	6.1079826	3.9699538	5.740803
commerce	6.4115505	5.3550816	6.846692
plant	4.9892282	4.1494584	4.880783
walk	5.2578363	4.48468	4.4377365
difference	5.2823715	4.631466	5.3803544
hang	4.6770277	4.6237326	4.5057287
following	6.705421	3.538191	5.8973665
employ	5.3734584	4.792162	5.821564
