deal	4.4258103	5.0809717	5.177113
study	6.042041	3.758154	5.605633
afford	7.1335526	4.420023	5.767234
service	6.3162537	4.5336866	5.889533
height	5.237346	5.1214876	5.423838
prospect	7.7023854	4.777501	6.363721
pleasant	7.4451838	3.5842109	4.7922745
shade	4.868943	3.5003874	3.610452
listen	5.789721	5.410142	5.080716
mighty	6.5333066	5.308111	7.2156496
country	5.8683615	3.994115	6.0605583
title	6.9447255	4.716735	6.8267317
choose	5.342187	4.5729504	4.969749
village	5.73037	5.14747	5.623578
acquire	7.7144976	5.553214	7.5505056
rank	6.056286	5.353786	6.2525043
bow	5.815302	4.373543	4.937768
doctor	4.8080153	4.4003263	4.9120283
talent	7.691565	6.04424	7.458164
source	5.7036433	4.9560957	5.4919367
lead	5.276362	5.454167	5.281074
question	5.659654	4.6518173	6.1052823
publish	5.621342	5.2676454	5.5944753
interest	6.3968267	4.647439	5.9242105
serve	5.291061	4.041218	4.508054
divine	7.29557	4.539547	7.1095257
put	5.77456	4.516551	4.9512405
shadow	4.3872113	3.1547205	3.7600746
practical	6.152499	4.444276	6.261508
surface	4.6113296	3.479695	4.3668933
account	5.4710073	4.969718	5.6471825
loss	3.4281518	5.853103	3.8512259
indian	4.946617	5.5599117	5.5844836
vine	6.51199	3.278261	5.207578
certain	5.418279	5.455317	5.9895973
sin	2.6315582	5.4646425	4.0555496
necessity	3.88503	5.0531125	5.1185665
lose	4.200506	5.525778	4.3072815
private	4.1739154	4.355939	4.3743963
gentleman	6.443609	3.9647133	5.330459
daughter	5.940293	4.419718	5.5462446
drive	3.190327	7.0032187	4.6908064
strange	4.8888884	5.4276175	4.531974
journey	5.765224	4.0914	4.52727
uncle	6.9440784	3.77915	5.5649953
species	5.7480903	5.465719	5.415553
think	5.441356	4.820117	4.970006
bed	4.722885	3.052105	3.289393
wind	4.0846887	4.831071	4.2528934
bless	8.891171	4.1235924	6.4490685
destroy	3.080869	6.68437	5.0148716
author	5.257269	4.7334585	5.0558977
sustain	5.6835194	5.0596833	5.9064345
black	5.105943	4.592142	4.545627
event	6.610879	5.581893	6.807328
liberty	7.431061	5.5783167	6.979268
negro	4.2887487	4.991268	4.2747784
little	4.111319	4.243517	3.662646
fortune	6.2772193	5.3881917	6.0040007
touch	5.831981	4.3912992	4.6902366
kill	3.5471392	6.670353	4.925682
feature	6.0988083	3.457189	5.3453994
happiness	7.653057	4.7159033	5.906842
assume	4.1917477	5.069682	4.9683633
notion	4.9628787	4.404786	4.8431306
purchase	6.837657	4.565687	5.8581996
faithful	6.816208	3.7217002	6.055957
soldier	4.6164856	5.7185707	5.8920145
father	5.8429646	4.811923	5.915806
narrow	3.31598	3.9685984	3.533114
great	5.2016535	5.604543	5.577368
tear	3.3586764	4.871622	3.1633124
honorable	6.4629197	5.2493925	6.5137606
previous	4.430376	4.633198	4.49315
good	7.0631256	4.3286095	6.2693725
domestic	4.8514924	3.3839679	4.02183
glory	7.360461	5.2596636	7.1091714
lay	5.4438305	4.1065507	4.371296
occasion	4.763733	5.2896624	5.4185038
guard	4.934058	5.0511465	5.8898544
whole	5.9596977	4.249423	5.66514
mouth	5.575802	5.130904	4.991785
receive	7.217979	4.841897	5.655043
take	5.158245	5.3605933	5.3161435
simple	6.438654	4.2445736	5.419007
error	2.1193538	5.495244	3.9245434
wisdom	6.8542094	4.787573	7.02713
rock	5.320483	4.733837	5.142403
decide	5.1769147	5.1743383	6.239296
exclaim	5.7759233	6.1950774	5.389181
assure	7.149574	5.043493	5.735198
sign	5.3959723	4.204768	4.581651
preserve	5.64734	3.7712798	5.1746244
commerce	7.0071554	5.019532	7.1266584
plant	5.295481	4.013076	4.8427925
walk	5.8563156	4.2611847	4.3162627
difference	4.2582355	4.290899	4.138486
hang	4.288243	4.0023465	3.6236324
following	7.012688	3.4575539	5.4839387
employ	5.195604	4.865751	5.580122
