deal	5.3908005	5.2517414	5.805778
study	6.7203856	4.2710733	6.369419
afford	7.262624	4.699685	6.392412
service	6.773713	4.6729746	6.5656805
height	5.6184297	5.1588573	5.897587
prospect	7.3352776	5.01947	6.536235
pleasant	7.393171	3.847597	4.9166594
shade	4.567409	3.6926174	3.698344
listen	5.4483423	5.529537	4.8316026
mighty	6.2042456	5.4446697	7.2859235
country	6.041064	5.049646	6.4236255
title	7.7113333	3.949658	5.927065
choose	5.7096777	4.7237597	5.7907805
village	5.8618455	5.4270926	5.632192
acquire	7.395483	5.558681	7.097557
rank	6.410492	4.980471	6.166677
bow	6.216566	3.7524874	4.8258295
doctor	5.11646	4.4335384	5.113589
talent	8.476572	6.134887	7.9579067
source	6.3452635	4.7725472	5.819932
lead	5.1999784	5.4226446	5.1718326
question	5.767977	4.2862935	5.7510786
publish	5.94991	4.8493695	5.4280634
interest	6.2554545	5.0308924	6.3879604
serve	5.6481934	4.2332816	5.280003
divine	7.772852	4.4113703	7.225215
put	4.977607	4.1729965	4.3514996
shadow	4.3049774	3.3074384	3.9821093
practical	6.613653	4.4953046	6.278274
surface	4.2305803	3.203837	3.8599482
account	5.5622663	4.7793183	5.6670866
loss	3.576517	5.4625225	3.6865435
indian	5.207937	4.453846	4.8818507
vine	6.262608	3.6940565	4.9293017
certain	4.818042	5.1870317	5.457756
sin	2.9624004	5.532167	4.7763476
necessity	4.671631	4.8413105	5.6226363
lose	4.349854	5.284594	4.0568347
private	4.480785	4.8293824	4.976452
gentleman	6.508684	4.5063357	5.718565
daughter	5.843255	4.567569	4.8406706
drive	3.156879	6.6895933	4.1827497
strange	4.4157763	5.5945034	4.3527336
journey	6.409722	3.8780413	4.5751753
uncle	7.351875	4.273528	5.879551
species	5.300976	5.7650642	5.4269104
think	5.96209	4.885355	5.419939
bed	4.7887344	3.0671406	3.1369734
wind	4.731595	4.98597	4.3654423
bless	8.135231	4.1702104	6.3167224
destroy	3.3024786	6.7939725	5.0605197
author	5.964965	4.717188	5.6394825
sustain	5.329218	5.297227	6.1658406
black	3.2940078	5.4437814	4.1840167
event	6.175311	5.999129	6.9960766
liberty	7.2506022	5.844315	7.3552647
negro	3.3130724	5.724744	4.510233
little	4.5279627	3.7110317	3.173688
fortune	6.9264245	5.5083594	6.7714767
touch	5.518772	4.585924	4.368137
kill	3.767004	6.516423	4.714499
feature	5.4795294	3.798543	5.5924973
happiness	8.110705	4.6432395	6.0066566
assume	4.1157036	4.611642	4.7679677
notion	5.6104183	4.3012357	4.805545
purchase	6.831483	4.6400514	5.9982996
faithful	7.2592344	3.7201943	6.2438164
soldier	4.4802666	5.4950867	5.6331024
father	5.826366	5.068115	5.4449654
narrow	2.8661032	4.10431	3.427324
great	5.4690137	5.178602	6.124408
tear	2.8059406	4.8694735	2.6718495
honorable	6.298029	5.03719	6.100692
previous	4.298663	4.66574	4.351344
good	7.4942045	4.3134375	6.548725
domestic	5.303275	3.5431871	4.2397184
glory	7.701139	5.089802	7.1532807
lay	4.2597265	4.97476	4.6369624
occasion	5.12837	5.348218	5.205392
guard	4.9409966	5.3414726	6.1914864
whole	4.74903	4.9986854	5.5892763
mouth	5.322348	4.61197	4.812905
receive	6.745323	5.0034127	5.586545
take	4.6104474	5.1272035	5.1402354
simple	6.704767	4.1560106	5.6732497
error	2.353757	5.3208966	3.895752
wisdom	7.227231	4.591422	6.9992943
rock	4.9485464	5.03638	5.4674015
decide	5.147308	5.2196226	5.9020147
exclaim	5.625771	5.7467284	5.177202
assure	7.26452	5.192302	6.2666974
sign	5.285638	3.9804735	4.867353
preserve	5.990627	3.812819	5.769098
commerce	6.6152205	4.858444	6.9582367
plant	4.8989186	4.537948	4.704339
walk	6.271568	3.9337528	4.2888255
difference	5.52577	4.315229	4.803298
hang	4.3947515	4.4218645	4.185612
following	7.562973	3.037454	5.5121427
employ	4.845395	5.319542	5.7092333
