deal	4.5774007	5.850016	5.6140094
study	6.625206	4.0979567	6.5423927
afford	6.623045	4.443994	5.711221
service	6.558543	4.494599	5.9403987
height	5.3629227	5.2359962	5.854519
prospect	7.920703	5.051233	6.4753823
pleasant	7.5974417	4.249303	4.870542
shade	4.459541	3.6280065	3.1672626
listen	5.36963	5.545245	4.7648544
mighty	5.876524	5.578189	6.9360476
country	6.1583376	4.7346454	6.13029
title	7.2150373	4.1082573	6.8185987
choose	5.438136	4.209884	4.620375
village	6.178111	4.88251	5.6240406
acquire	7.4443197	6.022671	8.074459
rank	5.5842037	4.90323	5.6437664
bow	5.648241	4.355053	5.1743712
doctor	5.5128593	4.6398163	5.618663
talent	7.762105	6.325355	7.6809945
source	6.6501565	4.403898	5.970027
lead	4.9677315	5.580205	5.2674274
question	4.7236643	3.826715	4.9931602
publish	5.6981597	5.1839685	5.7883677
interest	6.5003424	4.9956665	5.5034432
serve	5.165606	3.9001658	4.279149
divine	7.808937	4.1837792	7.072063
put	4.8443065	4.636003	4.576454
shadow	4.3435473	3.3697278	3.5747871
practical	6.0595837	4.5088844	6.060907
surface	4.887911	3.1510096	4.388645
account	5.8446712	4.664771	5.788284
loss	3.0947578	5.164341	3.7791154
indian	4.4330873	5.122216	4.9812083
vine	6.9438343	3.2390296	5.2679386
certain	5.1931095	5.3095374	5.6710534
sin	3.239115	5.904883	4.609484
necessity	3.9353461	5.0743313	5.276065
lose	4.0770044	5.027517	4.401241
private	4.2537036	4.755737	4.9979277
gentleman	6.368719	4.7642097	5.898505
daughter	6.0827646	4.782668	5.840389
drive	3.5275114	6.7247534	4.6274896
strange	4.3569603	5.456546	3.8667026
journey	6.588301	4.582615	5.0354457
uncle	7.1684637	4.7368517	6.97581
species	5.554038	5.6253815	5.2289476
think	6.0304737	4.8657374	5.0025916
bed	4.7046194	2.892663	3.2307637
wind	5.379972	4.8692827	5.0565157
bless	8.523635	4.387462	6.3019214
destroy	3.1049376	6.5890746	4.977748
author	5.6212783	4.630335	5.158313
sustain	4.9685736	5.110956	5.7562313
black	3.910312	4.9209046	4.600359
event	6.344677	5.4479203	6.4942136
liberty	7.734335	5.40798	7.475211
negro	4.2125087	5.606184	4.5467296
little	4.1126738	3.7255955	2.7063901
fortune	6.511426	4.996685	5.789752
touch	5.7039866	4.5846663	4.7461057
kill	3.4091983	6.4326487	4.789238
feature	5.9172497	4.289873	5.4875555
happiness	8.453934	4.765695	6.2626076
assume	3.7652752	5.008367	4.727563
notion	5.549795	4.5882926	5.0833707
purchase	7.1303816	4.587124	6.107565
faithful	6.850274	3.8001494	5.8119287
soldier	4.1520042	5.638667	5.711505
father	5.227795	5.265333	5.984167
narrow	2.8429039	4.6815844	3.8743703
great	4.968666	5.730662	5.5663176
tear	2.807863	4.4353004	2.2594628
honorable	6.0632286	5.4208755	6.3493023
previous	4.266828	4.321568	4.257733
good	7.451295	4.741604	6.671943
domestic	4.873397	3.7804372	4.1401987
glory	7.6496887	5.2217875	6.8194857
lay	3.7911258	4.3391094	4.24609
occasion	5.128293	5.35847	5.498632
guard	5.0313225	5.1418114	6.2308884
whole	5.642453	4.7980385	5.853274
mouth	5.7112246	4.812392	5.2814064
receive	7.2076874	4.32595	5.801841
take	4.90096	4.964488	5.4300375
simple	6.3982677	3.9874709	5.785995
error	2.4483786	5.3017883	3.8033748
wisdom	7.152686	4.7181544	6.9502764
rock	4.8115945	5.011941	5.6060476
decide	5.4133925	4.783892	5.8941593
exclaim	5.7852798	6.6321583	5.601994
assure	7.307581	5.41465	6.339286
sign	4.9697475	3.7770324	4.6780334
preserve	5.974044	4.318089	5.947994
commerce	6.6132917	5.4128265	6.885548
plant	4.6496835	4.0556293	4.397072
walk	5.4746656	4.635149	4.4865875
difference	4.186681	4.241357	4.4911366
hang	4.050631	4.3643427	4.1159086
following	7.425784	3.283027	5.9637365
employ	4.841281	4.954914	5.253357
