deal	5.2987895	5.505198	5.9591603
study	6.7725167	4.3392253	6.26641
afford	6.1095223	5.1286774	6.233448
service	6.384905	4.861827	6.10378
height	5.330243	5.113649	5.5989
prospect	7.2399597	5.3276896	6.3891206
pleasant	7.368712	4.145062	4.991613
shade	4.5079136	3.5316105	3.6463156
listen	5.6673174	5.710082	5.274002
mighty	5.668958	5.5334687	6.957535
country	5.2037764	4.5081058	5.8904915
title	7.091242	4.1763	6.215313
choose	5.833786	4.711187	5.731219
village	6.0123844	4.6415606	5.6554193
acquire	7.717681	5.6246634	7.741414
rank	6.201807	5.3384037	5.963114
bow	5.8419867	4.3043127	5.252153
doctor	4.9610176	3.9447691	4.9235215
talent	7.6085396	5.681168	7.5487413
source	6.6857142	5.0725727	6.11152
lead	5.2286887	5.649196	5.2216024
question	5.1105337	4.5206947	5.6171494
publish	5.1993237	5.0790787	5.1829815
interest	6.675369	5.4272113	6.2849884
serve	4.9523225	4.216352	4.4059496
divine	7.180677	3.9319415	6.8585277
put	4.7716236	4.683614	4.0331326
shadow	4.140754	3.358451	3.6292143
practical	6.2870474	4.624092	6.404545
surface	4.5557523	3.328504	3.7285943
account	5.750427	5.2424583	5.7454457
loss	3.452159	5.4408603	4.204122
indian	4.549058	5.3257294	5.4314795
vine	6.714969	3.5110326	5.0530014
certain	4.898235	5.27065	5.57349
sin	2.9031458	5.3916426	4.4013886
necessity	4.242011	4.980694	5.274771
lose	4.070092	5.54442	4.751755
private	4.0711927	4.53005	4.6703477
gentleman	6.1960487	4.7315636	5.882826
daughter	6.1692395	4.4418383	5.591995
drive	3.3386357	6.5821724	4.5747027
strange	4.3225627	5.3571153	3.959256
journey	6.102777	4.4981737	4.709139
uncle	6.818529	4.1712112	5.599456
species	6.0121474	5.375868	5.020879
think	5.8821797	4.577226	4.8655643
bed	5.213911	3.4828296	3.3686275
wind	5.359164	4.7611704	4.6022367
bless	8.211231	4.434901	6.6035075
destroy	3.0942516	6.519419	5.0420456
author	5.923217	4.7246747	5.342167
sustain	5.231228	5.0625963	5.8170614
black	3.1333168	4.388174	4.036359
event	5.9309587	5.635999	6.5155187
liberty	6.7523837	5.6144323	7.5470095
negro	3.5070891	4.745429	4.2291036
little	4.373351	4.0766163	3.7115538
fortune	6.637428	5.235136	6.3568163
touch	5.566765	4.70007	4.6241975
kill	3.761043	6.4989195	4.6596193
feature	5.608339	3.6585422	5.2294416
happiness	8.325653	4.957777	6.2664576
assume	4.3805456	4.950226	4.9390655
notion	5.1501927	4.3918304	4.803206
purchase	7.1314707	4.1415396	5.833486
faithful	7.1809382	3.8306956	6.2880054
soldier	4.7730656	5.451653	5.8646936
father	5.686355	4.841142	5.6768765
narrow	3.4830885	4.218122	3.8547006
great	4.742779	5.791321	5.924861
tear	3.2490606	4.970469	3.087884
honorable	6.0080924	5.3298717	6.2819715
previous	4.497851	4.901459	4.595785
good	7.3857727	4.01011	6.4260473
domestic	4.676089	3.495767	3.718569
glory	7.059904	5.087198	6.9065237
lay	4.898116	4.388942	4.8871527
occasion	4.461412	5.7710705	5.0324697
guard	5.1069326	5.40001	6.417042
whole	5.338458	4.892732	5.809822
mouth	5.362455	4.4246063	4.622733
receive	6.767461	4.624256	5.8994126
take	4.7374287	5.0546923	4.92028
simple	6.357605	4.163869	5.801401
error	2.6508918	5.568993	4.050838
wisdom	7.503274	4.4736238	7.4447803
rock	4.835258	4.8703313	5.1083136
decide	4.880028	5.633266	6.2184834
exclaim	6.0364995	5.653741	5.6912923
assure	7.265178	5.300677	6.49756
sign	4.660206	3.670556	4.2869167
preserve	5.86277	4.050647	5.614109
commerce	6.915336	4.8716707	6.7723656
plant	5.041709	4.1011653	4.754097
walk	5.816782	4.337622	4.2983594
difference	4.330584	4.387803	4.5483108
hang	4.1282706	4.2257614	3.9820328
following	6.984327	3.7623181	5.531845
employ	5.119294	4.617881	5.531085
