deal	6.1185226	5.6901736	6.5286694
study	6.739854	3.9838052	6.107254
afford	6.6852927	4.763959	6.012559
service	6.4205256	4.3715425	6.1307735
height	5.07136	4.813475	5.4783816
prospect	7.5175858	5.035359	6.0875735
pleasant	7.7427444	4.2714634	5.0701756
shade	4.2269206	3.8806334	3.580204
listen	5.0964675	5.771106	4.7519712
mighty	5.8307376	5.803501	7.0958776
country	5.5996466	4.302636	5.4543896
title	7.43447	4.109368	6.918742
choose	4.79516	4.5273066	4.4410434
village	6.7981215	5.001169	5.822929
acquire	7.945283	5.3536906	7.7559185
rank	6.1656094	5.067674	6.2606015
bow	5.9173803	3.869767	5.072004
doctor	4.711533	4.464147	5.004802
talent	7.984923	6.0283284	7.891906
source	6.432817	4.424287	5.733686
lead	5.275375	5.6774282	5.40704
question	5.0594993	3.9524944	4.793238
publish	6.362444	5.1163745	5.8040113
interest	5.5636415	5.144123	5.8012714
serve	5.312609	3.5522494	4.516998
divine	7.3905683	4.678303	7.4676824
put	5.128587	4.294046	3.9256954
shadow	4.285675	3.3285754	3.8987584
practical	6.213155	4.4935107	6.272315
surface	4.2544284	3.1048062	3.5119758
account	5.3847933	4.877369	5.7839518
loss	3.5704799	5.3287854	3.9586234
indian	5.115026	5.5626254	5.5805054
vine	6.6816583	3.4671283	5.159145
certain	5.1438622	5.361903	5.6909866
sin	2.9363043	5.44016	4.5844955
necessity	3.870961	5.31818	5.456564
lose	4.4240727	5.1208067	4.5627813
private	3.957779	4.483821	4.605326
gentleman	6.4465866	4.4321237	5.4552536
daughter	5.9292846	4.189912	5.3314633
drive	3.0060945	6.6816444	4.6215563
strange	4.347136	5.9087286	4.289448
journey	6.0228314	4.1574016	4.2387037
uncle	6.1691813	3.0808814	5.1300764
species	5.3948126	5.6411085	4.6598744
think	5.6057067	5.184263	5.3236284
bed	5.007922	3.438597	3.5373225
wind	4.7924027	5.051113	4.351883
bless	8.131255	4.10334	6.421
destroy	2.8818188	6.7064834	5.023568
author	5.9491205	5.087424	5.462192
sustain	5.00953	5.1566114	5.611749
black	3.0726383	5.3358226	3.9332066
event	5.886653	5.5156245	6.6823864
liberty	7.0523014	5.4012933	7.302102
negro	3.686748	5.5827336	4.7446566
little	4.5261993	4.019567	3.8385859
fortune	6.473116	5.140153	6.150756
touch	4.9802284	4.6746125	4.341378
kill	3.7322085	6.511849	4.9368362
feature	5.566982	4.1794844	5.1308575
happiness	7.9689903	4.8025374	6.184101
assume	3.8862417	5.0968018	4.9620647
notion	5.432319	4.6774764	5.39006
purchase	6.5423794	4.756271	5.443165
faithful	6.4331083	4.074059	6.2641106
soldier	4.7738276	5.840911	6.122635
father	5.879827	5.003958	6.151507
narrow	3.4003541	4.3322377	3.7390172
great	6.2622204	5.510546	6.742395
tear	2.6336837	4.890585	2.9083395
honorable	6.6358414	4.9965153	6.3024426
previous	4.4600997	4.4925365	4.433628
good	7.5533895	3.9186459	6.519616
domestic	5.0185657	3.822225	4.2838564
glory	7.7004995	5.270651	7.2808046
lay	4.361178	4.3741083	3.9947982
occasion	6.159685	5.349811	5.4258986
guard	4.187923	5.7136526	6.0321074
whole	5.4488835	4.7483845	5.5103073
mouth	4.958307	4.787562	4.6745954
receive	6.9942727	4.7134433	5.6019225
take	4.992617	5.0589495	4.8562703
simple	6.117099	4.2821503	5.6237392
error	2.6256208	5.5318513	4.275309
wisdom	7.5325127	4.7249503	7.827773
rock	4.8929324	4.8626094	5.00501
decide	5.399496	5.033019	5.644696
exclaim	5.821512	6.41477	5.8944426
assure	7.4613113	5.36102	6.5436697
sign	5.081561	4.139768	4.6791024
preserve	5.596042	3.4437218	5.272932
commerce	6.651815	5.6376824	6.730089
plant	5.18659	4.151011	4.812634
walk	5.7149363	4.8044558	4.4964647
difference	5.289372	3.9544163	5.3367524
hang	3.968928	4.270899	3.9278376
following	6.898713	3.4540436	5.848197
employ	4.694037	4.9320498	5.3498626
