deal	5.2982483	4.934125	5.724225
study	6.5385666	4.298522	6.498893
afford	6.625766	4.6840353	5.6535263
service	7.108291	4.650133	6.744152
height	5.152841	5.3372974	5.6178913
prospect	8.193682	5.540887	6.593688
pleasant	7.2169695	4.211463	4.588542
shade	4.229329	3.7526908	3.1495173
listen	4.9084864	5.6382575	4.572817
mighty	5.947771	4.976513	7.0238647
country	5.9612565	4.4875383	5.765116
title	7.311804	4.5484385	7.0751276
choose	5.2337666	4.088305	4.5369353
village	6.2250843	4.7893505	5.5031133
acquire	8.010164	5.556389	7.9778767
rank	6.1256323	5.2784233	5.9999933
bow	5.822175	3.8329294	5.099865
doctor	4.96096	3.6917577	4.960897
talent	8.006997	5.580124	7.385411
source	6.1910048	5.122421	5.5359983
lead	4.7770205	5.8867292	5.3045893
question	4.9305916	4.241732	5.1527042
publish	5.760454	4.8314505	5.7982507
interest	6.254443	5.2393084	5.742419
serve	5.165743	4.2103815	4.729153
divine	7.761629	4.2518263	7.213134
put	5.5766296	4.802136	4.3278136
shadow	4.108756	3.4272707	3.6655707
practical	6.164155	4.468156	6.5993123
surface	4.6303043	2.9861794	4.196211
account	5.216941	5.2213283	5.752711
loss	4.1286626	5.318836	4.3184147
indian	5.0945697	5.510923	5.8501263
vine	6.960586	3.5376601	5.460002
certain	5.1002364	5.032528	5.44063
sin	3.5011575	4.950328	4.393215
necessity	4.1553073	5.2444954	5.4435005
lose	4.9763665	5.644147	5.058957
private	4.222886	4.6550016	4.836646
gentleman	6.537055	4.0150185	5.3652916
daughter	6.2235804	4.0741487	5.53171
drive	3.1008735	6.657033	4.3484573
strange	4.008477	5.4877853	3.992483
journey	5.942506	4.650275	4.951274
uncle	7.489072	4.446901	6.032243
species	4.834496	5.7912655	4.5817013
think	5.7739024	4.473027	5.162048
bed	4.3101993	3.000484	3.3984458
wind	4.180152	4.5051284	4.0372906
bless	8.426914	4.1544027	6.454709
destroy	3.0984976	6.4072256	4.7695527
author	5.8785353	4.8021207	5.2253575
sustain	5.6574016	5.128868	6.055603
black	4.1104198	4.5134997	3.959103
event	6.5029745	5.616453	6.7235107
liberty	7.368541	5.77585	7.7715535
negro	4.183673	5.2231436	4.4689503
little	4.331277	4.377687	3.7183845
fortune	7.0304623	5.036703	6.015074
touch	5.4250026	4.4479156	4.70467
kill	3.442474	6.577707	4.949901
feature	5.4895844	3.7287843	5.054594
happiness	8.118211	5.1257634	6.4730263
assume	4.42083	5.011454	5.0896816
notion	5.654956	4.09664	4.967677
purchase	6.374551	4.632534	5.913251
faithful	6.8927107	3.9669955	6.3186646
soldier	5.1327114	5.93567	6.338697
father	6.4592495	4.678242	5.6233416
narrow	3.5866227	4.4632554	3.9728756
great	4.578151	5.3859234	5.9675117
tear	3.3253355	4.8560405	2.77593
honorable	5.961713	5.405108	6.48499
previous	4.4773145	4.712146	4.731834
good	7.059329	4.061801	6.4147453
domestic	4.953062	3.5784125	3.9816713
glory	7.47947	5.4113736	7.258808
lay	3.9950194	4.456343	4.20559
occasion	5.2146854	5.4512568	5.5133567
guard	5.2339697	5.1341047	5.9133277
whole	5.884844	4.271974	5.920849
mouth	5.1749377	4.9039297	4.860107
receive	6.1328506	4.8802853	5.128064
take	5.1046576	5.4969234	4.9093795
simple	6.3580666	3.9832792	5.676006
error	2.3674703	5.7218194	3.7413726
wisdom	7.6140933	4.4580765	7.3730984
rock	4.727188	4.541564	5.2769303
decide	4.804948	4.8984203	5.7699847
exclaim	6.0860243	5.61977	5.187635
assure	7.196105	5.2492523	6.247084
sign	4.8784604	3.8182507	4.1569457
preserve	5.9406962	3.959447	5.8083053
commerce	6.3729773	5.3720126	6.5600677
plant	4.9463243	4.0638943	4.7108393
walk	5.8569555	4.424733	4.163336
difference	4.013217	4.401812	4.5707536
hang	4.2345543	4.0200744	3.5904114
following	6.581566	3.6320727	5.445309
employ	4.7637634	4.9626985	5.1445446
