deal	4.8632717	4.9335685	5.3839207
study	6.760623	4.2793274	6.539828
afford	7.1229486	4.7426567	6.051941
service	6.460314	4.812132	6.2359715
height	5.1458254	5.514308	5.6513433
prospect	7.665889	5.4458876	6.296174
pleasant	7.1238937	4.011945	4.9543667
shade	4.315551	3.7183397	3.2087042
listen	5.4427104	5.097105	4.874778
mighty	6.048872	5.7935023	7.1269646
country	5.2970457	4.297887	5.6440034
title	7.070604	4.5871606	6.6352396
choose	4.918939	4.219261	4.6036463
village	6.3572025	4.6261606	5.7215395
acquire	7.586334	5.791532	8.166624
rank	6.045462	5.367088	5.8519325
bow	5.8103285	4.5696306	4.9845862
doctor	5.2940774	4.407231	5.3150773
talent	8.013056	6.121488	7.7524624
source	6.2375546	4.812986	6.02427
lead	4.851735	5.4298944	4.9332805
question	5.290606	3.9925327	5.338259
publish	5.438735	4.468551	5.0309744
interest	6.9629297	4.967802	6.0280175
serve	4.8693333	4.2415295	4.8166823
divine	7.86922	4.2933407	7.3256054
put	5.707657	4.439849	4.495105
shadow	4.182339	3.8047433	3.832944
practical	6.0320706	4.2427254	6.1786766
surface	4.537032	3.2401474	3.7300346
account	5.622541	4.843209	5.2760377
loss	4.0688257	5.4744678	3.862879
indian	4.407392	4.582256	4.8252225
vine	6.449176	3.9098346	5.420378
certain	4.882078	5.7059946	5.9441466
sin	3.0447152	5.2713947	4.570141
necessity	4.2074003	5.623381	5.7146897
lose	4.2260017	5.7279816	4.709617
private	4.2078276	4.202118	4.7107472
gentleman	6.2077847	4.780607	5.2630672
daughter	5.918501	4.5348	5.208254
drive	3.2332325	6.8498325	4.5253844
strange	3.9935038	5.6431704	4.384902
journey	5.5381436	4.1575084	4.6419516
uncle	7.262986	5.039201	6.050827
species	5.493352	5.2551484	5.461349
think	5.864281	4.5102916	4.8155
bed	5.4824114	2.6325738	3.513819
wind	4.3587646	5.2099915	4.2224884
bless	8.086249	4.1248846	5.935275
destroy	3.1270542	6.813645	4.929737
author	5.937682	4.6910214	5.15411
sustain	5.5432696	5.1141386	5.964813
black	3.0843115	4.61406	3.6692457
event	6.4984503	5.576956	6.5941486
liberty	7.923598	5.836423	7.57979
negro	4.281139	5.1172266	4.5507584
little	4.8847895	3.9705935	3.5726976
fortune	6.5223646	6.033478	6.346714
touch	5.558091	4.2263155	4.0633955
kill	3.8188038	6.001754	4.3621087
feature	5.3503876	3.4801273	4.934698
happiness	8.0503025	5.3495092	6.1635475
assume	3.9939284	5.2796	5.2463207
notion	5.45593	4.797183	5.2451925
purchase	7.5968084	3.929762	6.0727572
faithful	6.6764355	3.6476617	6.044536
soldier	4.652502	5.9997067	5.6418552
father	5.844372	5.1656346	5.8704762
narrow	3.116211	4.436023	3.7337098
great	4.9698462	5.183016	5.9549527
tear	3.280736	4.3444405	2.6167111
honorable	6.043884	5.4989867	6.236507
previous	4.2462463	4.2785726	4.470793
good	6.852888	4.26811	5.879122
domestic	4.485522	3.7659378	4.3773127
glory	7.389699	5.6128454	6.981021
lay	4.854856	4.0714774	3.7986856
occasion	5.264732	5.1008906	5.2782416
guard	5.068749	5.221692	6.375284
whole	5.5049195	4.961349	5.601776
mouth	5.0150576	4.181099	4.7341933
receive	6.7848897	4.3021655	5.508134
take	5.088821	5.1521845	5.2424994
simple	6.489793	4.2281413	5.9952188
error	2.111886	5.4553876	3.8254733
wisdom	6.928442	4.622668	7.15221
rock	5.248723	4.8874106	5.429495
decide	5.1942716	4.9172697	5.8010926
exclaim	6.3413577	5.832413	5.4453497
assure	7.622813	5.2353477	6.282088
sign	4.8481207	4.337145	5.025007
preserve	5.3857245	4.1960754	5.517785
commerce	6.431265	5.014569	6.959116
plant	4.926222	3.6485138	4.5574737
walk	5.7145157	4.5171742	4.0840306
difference	4.6772823	4.0928044	4.7051973
hang	4.2261357	4.802701	3.9221938
following	6.988419	3.7452912	5.600724
employ	4.8995514	4.656546	5.7280016
