deal	4.941966	5.291893	6.043973
study	7.007604	4.139085	6.6192975
afford	6.346129	5.2870145	6.0008774
service	6.6107244	4.926297	5.925969
height	5.2248116	5.3648996	5.922432
prospect	7.5873923	5.139349	6.4718885
pleasant	7.2884107	4.416172	5.036214
shade	4.731303	3.3733122	3.4295387
listen	5.256706	5.15346	4.459309
mighty	5.9619017	5.906496	7.1683674
country	5.779681	4.2088284	5.3301983
title	7.49968	4.9426136	6.591297
choose	5.2299147	4.6650777	4.981297
village	6.325286	4.8455667	5.6103888
acquire	7.6908827	5.838262	8.125746
rank	6.2916846	5.7352424	6.4914417
bow	6.2760754	3.998732	5.1348495
doctor	4.9618096	4.3256187	5.0222178
talent	8.033396	6.1134872	8.1124325
source	6.8287845	5.0141106	6.1291876
lead	4.621466	6.1546288	5.4597187
question	5.1088476	4.4510245	5.799743
publish	5.672284	4.8734245	5.38339
interest	6.447528	4.7993307	5.471393
serve	5.095947	4.0700703	4.619886
divine	7.593317	4.5029635	7.4410143
put	4.7512755	4.7872076	4.5560007
shadow	4.3602176	3.3213074	3.7619839
practical	6.156482	4.0625687	6.091486
surface	5.2297564	3.188053	4.4181094
account	5.318415	4.9620256	5.330335
loss	3.2107823	6.1317935	4.0255046
indian	4.9360876	4.817954	5.1860967
vine	7.9623976	3.1077209	6.2612486
certain	5.290388	5.233435	5.9420867
sin	2.8536377	5.361749	4.4344397
necessity	4.317665	5.1907725	5.592962
lose	4.2442837	5.55897	4.2160234
private	4.0099797	4.7196727	4.644
gentleman	6.7956905	4.1604233	5.681896
daughter	7.276306	4.3687334	5.8791175
drive	2.472314	7.435491	4.6115203
strange	4.5036507	5.360402	4.115732
journey	6.087532	4.322545	4.4435134
uncle	7.8581605	3.6803482	5.4562583
species	5.6670246	5.0744677	4.7916923
think	5.472468	4.9229274	4.941958
bed	5.3456244	3.2086186	3.575782
wind	4.5441523	5.038457	4.4436517
bless	8.49807	3.9183414	6.279059
destroy	3.1046622	6.6963234	5.1660957
author	5.968129	4.3260527	5.1367846
sustain	5.2007494	5.5715823	6.097271
black	3.6983924	4.513215	4.3832607
event	6.2641335	5.4788566	6.36605
liberty	7.3779287	6.1224375	7.583518
negro	3.930434	4.554483	4.415152
little	4.804427	3.9211302	3.5942826
fortune	7.0101376	5.399505	6.5374374
touch	5.3232794	4.3215866	4.3435855
kill	3.8214207	6.5126867	5.161088
feature	5.111332	3.567196	4.6932755
happiness	9.029106	5.2746377	6.617536
assume	4.334903	5.25004	5.318901
notion	5.3981447	4.4864616	4.9961076
purchase	6.4864383	4.743383	5.490939
faithful	6.6684103	4.027665	6.0027466
soldier	4.488556	5.4107175	5.6496105
father	6.189808	4.5431137	6.0296097
narrow	3.2791076	4.317813	3.4480505
great	5.488879	5.7622333	6.443614
tear	3.1593533	4.9332886	3.0700378
honorable	5.9674783	5.69646	6.636711
previous	4.2511463	4.589731	4.596363
good	6.821806	4.2215443	6.182246
domestic	5.1623654	3.6690166	4.094878
glory	7.5531387	5.4822264	7.0717974
lay	4.266745	4.141508	4.3338337
occasion	5.338179	5.513163	5.152901
guard	4.393677	4.7904525	5.4416585
whole	5.802747	4.4799147	5.9524875
mouth	4.6565027	4.6758056	4.512401
receive	6.2632046	5.1226654	5.6708417
take	3.9760287	5.4796553	4.9564624
simple	6.5310555	4.249854	5.6302595
error	2.4863367	5.189616	4.1207547
wisdom	7.163598	4.394394	7.2778325
rock	4.8630095	5.1914907	5.484926
decide	5.69229	5.1951103	6.755346
exclaim	5.1567564	6.5231223	5.553089
assure	7.2052526	5.367449	6.475627
sign	5.0953436	3.620693	4.4200764
preserve	5.5100117	4.286576	5.502796
commerce	6.6267924	5.008898	6.846685
plant	5.754976	3.6354396	5.1176615
walk	5.212594	4.5746455	4.0761595
difference	4.411617	4.2891126	4.922186
hang	4.1409802	4.3974895	3.9331357
following	6.78301	3.450931	5.268617
employ	4.5496836	4.421956	4.89288
