deal	5.7077637	4.7505636	5.837863
study	6.2019715	4.77673	6.625488
afford	6.690895	4.7951455	5.979122
service	6.490735	5.261671	6.5924864
height	5.2480345	5.212103	5.415808
prospect	7.542844	5.1844926	6.3558683
pleasant	7.913384	3.9554086	5.094764
shade	4.699119	3.7526512	3.6335173
listen	5.271761	4.707538	4.2595043
mighty	6.303157	5.354335	7.1982317
country	5.3876734	4.3771935	5.6448293
title	7.481757	3.6749573	6.8847356
choose	5.228451	4.4811735	4.994914
village	6.177187	4.570677	5.455431
acquire	8.01314	5.4493933	8.087803
rank	5.4927726	5.16944	6.078273
bow	5.3354034	4.671464	5.504721
doctor	5.01213	4.042564	5.2225995
talent	7.8328285	5.794095	7.323901
source	7.006959	4.938307	6.382141
lead	5.029716	5.7114244	4.9722724
question	5.477433	4.065535	5.288809
publish	6.1736994	4.651977	5.952882
interest	5.9808044	4.6998386	5.5352545
serve	5.7104263	4.2564955	4.943487
divine	7.2192883	4.4919252	7.170459
put	4.4608083	4.9992557	4.4030433
shadow	4.6829247	3.6364222	4.1372786
practical	6.2694783	4.548827	6.3396554
surface	4.5757113	3.0647423	3.9318478
account	5.899065	4.7695622	5.7563496
loss	3.4769347	5.383572	3.8909066
indian	5.439892	4.88421	5.51233
vine	6.7228765	3.4262502	5.702471
certain	5.401557	5.3766236	5.988941
sin	3.23383	5.1991873	4.46395
necessity	4.147826	5.094937	5.5067673
lose	4.290021	5.4312286	4.295667
private	4.3565826	4.4833817	4.888039
gentleman	6.4574428	4.8222036	5.975122
daughter	6.182371	4.6642327	5.671995
drive	3.332067	6.728819	4.6614594
strange	4.282512	4.9354687	3.848001
journey	6.424148	3.894309	4.7464876
uncle	6.808077	4.8351436	6.3509655
species	5.374303	5.338479	4.6799364
think	5.951212	4.6722164	5.1930776
bed	5.8701715	2.485953	3.4781475
wind	4.7083426	4.9103184	4.912733
bless	8.788992	4.3339963	6.6263885
destroy	3.5888813	6.8591313	5.389418
author	5.964071	4.4789834	5.6007643
sustain	5.38117	5.33602	6.2240763
black	3.681708	4.8761835	3.5239224
event	6.4030523	5.633047	6.869007
liberty	7.0913453	5.9504437	7.4235826
negro	3.7528431	5.725232	4.3108854
little	5.2818956	3.6560087	3.3790274
fortune	6.879788	5.1366663	6.583723
touch	5.195398	4.1575007	4.2215204
kill	3.7994814	6.3279734	4.950269
feature	5.482235	3.9661565	5.313071
happiness	8.335367	5.4285684	6.6152406
assume	3.944913	4.7667103	4.6300654
notion	5.6823406	3.8385139	4.972386
purchase	6.775218	4.5708084	5.5580254
faithful	6.648898	3.9578066	6.2717752
soldier	3.8213878	6.011726	5.744605
father	5.749232	4.9197135	6.4408216
narrow	3.6383057	4.394424	3.8398077
great	5.712192	4.9979095	6.0883694
tear	3.2877772	4.7402444	2.7895827
honorable	6.0499954	5.7088237	6.527149
previous	4.3976183	4.5889807	4.324406
good	7.477459	3.7926948	6.290195
domestic	5.0695	3.8839746	4.5436993
glory	7.6151476	5.2724705	7.1980934
lay	4.687538	4.1796064	3.9220176
occasion	5.1973767	5.470013	5.5690565
guard	4.387485	5.1020513	5.578199
whole	5.7731185	5.229521	6.1694465
mouth	5.365243	5.141479	5.0667744
receive	6.4448586	5.005498	5.727919
take	4.9852676	4.603975	4.999545
simple	6.476684	3.9352255	5.535389
error	2.1371975	5.467476	3.9083354
wisdom	7.3518696	4.682071	7.265389
rock	5.375579	4.7874975	5.220894
decide	5.251626	4.8410544	5.722026
exclaim	6.104604	6.129294	5.671043
assure	7.5703263	5.3370533	6.4551315
sign	5.008464	3.9735894	4.738182
preserve	5.665614	4.2042737	5.614983
commerce	6.9230323	5.2275543	7.156765
plant	4.79095	3.9763365	4.3394327
walk	6.0371733	3.8767123	4.141254
difference	4.634109	4.2813025	4.5031896
hang	4.489068	4.285574	4.334619
following	6.9769864	3.880845	5.8098717
employ	4.939076	5.0004077	5.415143
