deal	4.803871	5.381111	5.293147
study	6.974408	3.938324	6.2272654
afford	5.8458195	4.8852515	6.0910788
service	6.613483	4.35043	6.3595395
height	5.298213	5.63605	5.964361
prospect	7.7281756	5.0920024	6.6174107
pleasant	7.251149	4.0620294	4.8346887
shade	4.531335	3.5746384	3.4812236
listen	5.0972357	4.9864836	4.4553595
mighty	6.2155533	5.354745	7.0505934
country	5.6028237	4.5050483	5.94491
title	7.2240734	4.625259	7.1915298
choose	5.087855	4.571118	5.0977025
village	6.4428105	5.0318913	5.7829747
acquire	7.763934	5.9868374	8.241302
rank	6.1336493	5.486872	6.1836243
bow	5.8602543	4.090935	4.7924986
doctor	5.1814623	4.3846583	5.2713256
talent	7.9320803	6.2126274	7.964361
source	6.494111	4.460783	5.632432
lead	5.071269	5.3726172	5.427705
question	4.9841585	4.2406197	5.476249
publish	5.3217845	5.156157	5.4393783
interest	6.349038	4.432834	5.5118194
serve	5.451762	3.7280545	4.626698
divine	7.1753597	4.682447	7.131913
put	5.0559893	4.117042	4.195318
shadow	4.352608	3.1714773	3.8390808
practical	6.4277267	4.289871	6.2290053
surface	4.530853	2.8497014	4.04659
account	4.9766297	5.25405	5.897674
loss	3.4268503	5.3497	3.6903782
indian	4.7529316	5.590351	5.3460264
vine	6.531727	4.420009	5.9781494
certain	5.440307	5.4196596	6.169836
sin	3.1940606	5.003143	4.4552345
necessity	4.312554	5.244584	5.6129208
lose	4.2115912	5.2663665	4.6870275
private	3.773629	4.2651935	4.709143
gentleman	6.367483	4.2559347	5.9502892
daughter	5.8100395	4.5792117	5.5351424
drive	2.8996224	6.7199106	4.4683003
strange	4.570323	5.5729146	4.327663
journey	6.0573096	3.8854475	4.4809737
uncle	7.604677	3.530687	5.998874
species	5.734628	5.4932084	5.0507655
think	5.7223177	4.8772416	5.0919614
bed	4.8798785	2.8031023	3.0454688
wind	4.607494	4.81713	4.493872
bless	8.424308	4.236574	6.5524244
destroy	3.073197	7.058286	5.3109627
author	6.009618	4.6047807	5.450822
sustain	5.2876034	5.2495584	6.092734
black	3.9155836	4.820059	4.359662
event	6.302732	5.690015	6.9792175
liberty	7.340398	5.9432187	7.359532
negro	3.8433352	5.0926666	3.945333
little	4.67375	3.8869066	3.229362
fortune	6.970066	5.1020174	6.758095
touch	5.3931236	3.9935458	4.502387
kill	3.3204453	7.000959	4.6964116
feature	5.592354	3.9105306	5.3606644
happiness	8.478243	5.0395274	6.666581
assume	3.8997586	5.0278482	5.1148357
notion	5.900229	4.2483525	5.1654315
purchase	6.222132	4.5619526	5.737911
faithful	6.702351	3.935605	5.936716
soldier	4.8432126	6.045633	6.0233808
father	5.715287	5.0257397	6.033697
narrow	3.3450336	4.438686	3.632482
great	5.182764	5.475473	5.7441325
tear	2.8034682	5.1474166	2.4333389
honorable	6.554343	5.212816	6.43379
previous	3.8647547	4.686559	4.6575747
good	6.7842464	4.001398	6.387414
domestic	4.9440413	3.2376828	3.8146296
glory	7.619767	5.222241	7.314493
lay	4.2441683	4.0900636	3.857738
occasion	4.547114	5.2315407	5.244613
guard	4.5873427	5.1255045	5.9569774
whole	5.4413657	4.4293046	5.523934
mouth	5.781849	4.2110653	4.9058228
receive	6.4842796	5.1442027	5.464799
take	4.762587	4.8628616	5.091547
simple	6.9241896	3.7949443	5.7481394
error	2.87249	5.2361193	4.111379
wisdom	7.2171335	4.750978	7.218071
rock	4.728096	4.6273637	5.010544
decide	5.0823736	5.037051	6.1682177
exclaim	5.7689376	6.378323	5.6320267
assure	7.1299424	4.899563	5.914199
sign	5.0298595	4.228965	5.1030416
preserve	5.771062	3.8860402	5.7782173
commerce	6.62887	5.046939	6.749961
plant	4.750116	4.2698298	4.9892354
walk	5.8292418	4.38139	4.51624
difference	4.482912	4.414736	4.9644575
hang	4.144813	4.142079	4.0077243
following	6.7395144	4.0528507	5.7182407
employ	4.5119867	4.9916472	5.3374186
