deal	4.8558545	5.567243	5.703725
study	6.149165	4.193939	6.6033077
afford	6.4747524	5.0148025	5.8866353
service	6.741193	4.8941584	6.047595
height	5.329756	4.9828086	5.6613874
prospect	7.409932	5.272937	6.3133674
pleasant	6.908311	4.2192106	4.628904
shade	4.534143	3.762866	3.3528726
listen	5.4565706	5.388241	5.081084
mighty	6.0973196	5.7892685	7.3683615
country	5.382746	4.591823	6.0597324
title	7.310379	4.329454	6.780715
choose	5.8121486	4.672839	5.351884
village	6.0823636	4.956295	5.7942095
acquire	7.6400347	5.55254	8.415291
rank	6.003092	4.976629	5.7751083
bow	6.4101553	3.953836	5.305133
doctor	4.66659	3.911708	4.815194
talent	7.8021593	5.7799444	7.714736
source	6.1094956	5.174044	5.4857492
lead	5.3410115	5.9736958	5.655348
question	5.3994784	4.3895726	5.5905576
publish	5.806432	5.226385	5.743509
interest	6.2326946	4.8338785	5.93466
serve	4.954861	4.2152987	4.1125493
divine	8.108404	4.0323477	7.0166483
put	5.5400195	4.6712847	4.730847
shadow	3.8998911	3.4681754	3.6589544
practical	6.093148	4.302016	6.310253
surface	4.647422	2.9724977	3.9995832
account	5.5039196	4.8190374	5.663138
loss	3.0881815	5.6864448	3.614791
indian	4.7395515	5.234606	6.0663137
vine	6.560966	3.672206	5.256231
certain	4.734174	5.1096196	5.310701
sin	2.6571577	5.2808967	4.1760864
necessity	4.6357803	5.1258225	5.6938324
lose	4.76609	5.276311	5.0404377
private	4.234669	4.847373	4.7926164
gentleman	6.6417923	3.8732383	5.757604
daughter	6.011527	4.326915	5.518953
drive	3.237694	6.65518	4.757189
strange	4.539438	5.354847	4.0164585
journey	6.037239	4.3130026	4.823731
uncle	6.415689	4.473804	5.8620157
species	5.7971897	4.8770313	5.0882316
think	5.923957	4.9787064	5.111995
bed	4.7894235	3.6066139	3.4044347
wind	4.444957	5.0933437	4.3870225
bless	8.269922	4.1009603	6.2044277
destroy	3.2942991	6.882147	5.493549
author	5.6796317	4.4547386	5.2645693
sustain	5.3201976	5.55548	6.0886
black	3.446985	4.3482137	3.8604913
event	6.3858476	5.6383166	6.96475
liberty	7.409275	5.8534927	7.5054693
negro	3.775756	4.7126007	4.4942083
little	3.8917277	4.5198426	3.5098882
fortune	6.7260885	5.1337247	5.92201
touch	5.3802814	4.0953283	4.338336
kill	3.4498212	6.4586973	4.9542837
feature	5.4445386	3.6880274	5.325213
happiness	7.9915047	4.68686	6.052766
assume	3.8785007	4.7421455	4.5392604
notion	5.4450393	4.1004415	4.871587
purchase	6.849655	4.6409235	5.9431925
faithful	6.960493	4.1876984	6.1911964
soldier	4.8508306	6.4315386	6.0540032
father	5.321385	4.3971386	5.6881266
narrow	2.184006	4.7966104	3.4199576
great	4.5142927	5.3813953	5.2484717
tear	3.0080607	4.302801	2.4453406
honorable	6.0840445	5.5678477	6.09922
previous	4.668349	4.389428	4.506215
good	6.3682566	4.1454253	6.1127486
domestic	4.4392138	3.851049	3.8406925
glory	7.918808	5.551485	7.18501
lay	3.7439148	4.5546083	3.9380739
occasion	5.083987	5.4111257	4.910552
guard	4.956895	4.6700697	5.8627825
whole	5.07438	4.3680134	5.2139187
mouth	5.2590413	4.6322074	4.8489385
receive	6.980053	4.71684	5.342156
take	5.347378	5.090608	5.2677155
simple	6.4409065	4.1050415	5.567674
error	2.1921954	5.5196457	4.0045624
wisdom	7.084875	4.5817623	7.218001
rock	4.811118	4.8290324	5.3620267
decide	5.526495	5.433408	6.386791
exclaim	5.8331537	6.186405	5.8619556
assure	7.296874	5.00028	6.297455
sign	5.0776343	3.6872015	4.5046253
preserve	6.108518	4.153771	5.8936653
commerce	6.6971827	5.1417933	6.7088766
plant	4.8992243	3.8839357	4.420402
walk	6.451007	4.6299143	4.8086967
difference	4.5417533	4.5022836	4.758356
hang	3.7880678	4.582925	3.7541804
following	6.842554	3.5843186	5.7228823
employ	4.922542	5.426925	5.2860155
