deal	5.10379	5.3336005	5.582898
study	6.4918065	4.179356	6.2296896
afford	6.4283037	4.91172	5.7712727
service	5.8056273	4.814563	5.667031
height	5.0871525	5.0629044	5.55877
prospect	7.5178432	5.3706093	6.7720914
pleasant	7.5576773	3.9906049	5.18835
shade	4.2442904	3.6160412	3.2915616
listen	5.239915	5.638442	4.736822
mighty	5.737724	5.8163834	7.3369436
country	5.4997025	4.6701293	5.845235
title	7.706843	4.441515	6.688816
choose	5.53029	4.751151	5.120748
village	6.519079	5.0789022	6.064845
acquire	7.719769	5.9535027	8.183716
rank	5.809515	5.4520593	5.806427
bow	6.040764	4.1159277	5.2290363
doctor	4.9846706	4.432585	4.9289856
talent	8.044154	5.882314	7.6666217
source	5.91951	4.9936333	5.5350485
lead	4.7188125	5.9423237	5.387978
question	4.882572	4.775056	4.950334
publish	5.8296924	4.4928055	4.926465
interest	6.5167747	5.37864	6.2926702
serve	4.5371523	3.8632727	4.2761207
divine	7.3664055	4.2437873	6.9265814
put	4.6513124	5.065593	4.36451
shadow	4.437315	3.2268395	3.8633652
practical	6.375666	4.1963797	6.406032
surface	4.7329564	3.2276206	4.2322397
account	5.2714615	4.704564	5.1792555
loss	3.4679918	5.402195	3.6213512
indian	4.8275757	5.1289177	4.917926
vine	6.4886913	3.6776345	5.444298
certain	4.9752913	5.4568396	5.7441483
sin	3.0471318	4.7585444	4.016698
necessity	4.507409	5.583806	5.7837644
lose	4.3843718	5.6510468	4.697541
private	3.6183944	4.604959	4.657568
gentleman	6.394836	4.4881287	5.995802
daughter	5.782275	4.667162	5.798536
drive	3.5116339	6.729553	4.881963
strange	4.2644186	5.3434997	4.141918
journey	6.516475	4.056287	4.7769117
uncle	5.6538506	4.410598	5.20395
species	5.66602	5.120462	5.128275
think	5.596866	4.256866	4.741498
bed	3.8691661	3.0771077	3.1667256
wind	5.046444	4.684927	4.212
bless	8.389083	4.0762453	6.423507
destroy	3.4842446	6.5430484	5.2986383
author	6.2320232	4.332945	5.401287
sustain	5.65757	5.281352	6.170558
black	4.2672157	4.535762	3.9435844
event	6.0805426	5.4497166	6.2642236
liberty	7.6407547	6.349673	7.586761
negro	3.9503984	5.020565	4.331785
little	4.179296	4.045891	3.0172968
fortune	6.576707	5.3214436	6.22874
touch	5.9842687	4.5504518	4.8060293
kill	3.5662036	6.23484	4.64816
feature	5.2653036	3.6274848	5.020404
happiness	7.442086	5.486159	5.972013
assume	3.9042866	5.181867	4.8327622
notion	6.0046253	4.548125	5.406315
purchase	6.667966	4.7357	5.8379326
faithful	6.580114	3.8708267	6.0617533
soldier	4.018136	6.0668073	5.909626
father	5.349241	5.2945366	6.07382
narrow	3.0300987	4.5099998	4.2425175
great	5.399913	5.50451	5.9245877
tear	2.7511191	5.10572	2.829005
honorable	5.8372173	5.10586	6.2750816
previous	4.3173404	4.3719044	4.2863154
good	7.6977262	4.1079855	6.6294203
domestic	4.5514536	3.4382553	3.8256893
glory	6.934613	5.3202024	6.79801
lay	4.685584	4.6012073	4.5117555
occasion	5.084421	5.2879777	5.387562
guard	5.437639	5.3589163	6.2080574
whole	5.1444926	4.5028515	5.7551107
mouth	4.475588	4.7109194	4.200198
receive	7.1542487	4.9186387	5.8481636
take	4.7177753	5.482165	4.8935485
simple	6.6173224	4.3383284	6.054061
error	2.834643	5.2374573	3.8363004
wisdom	7.0605583	4.3385744	6.9947405
rock	4.643054	5.2615485	5.3116117
decide	5.145351	5.773843	6.446488
exclaim	6.053522	6.291955	5.788182
assure	7.1200714	5.225387	6.1119113
sign	5.588725	3.8938947	4.788467
preserve	6.0222216	3.8619156	5.5010133
commerce	6.243062	5.2792697	6.75681
plant	4.415812	4.256754	4.5162873
walk	5.678112	4.52837	4.3507524
difference	4.134286	4.689499	4.0643153
hang	4.113431	4.3232203	3.8998437
following	7.395155	3.4641213	6.1116076
employ	3.9697902	5.2941427	4.98248
