deal	5.273633	5.520281	5.586174
study	6.76097	4.5020833	6.647893
afford	6.5883822	4.78815	5.990924
service	6.5479817	5.124134	6.644229
height	4.9764338	4.8557444	5.413096
prospect	7.6503706	5.296303	6.3617
pleasant	7.4591618	4.2218266	4.826272
shade	4.4609447	3.7986386	3.3752687
listen	5.430689	5.327866	4.8596077
mighty	5.6591597	5.739501	6.855515
country	5.0716577	4.8475184	5.5418234
title	7.3077536	4.389586	6.600691
choose	5.901537	3.8867354	5.2630625
village	6.9182215	4.529599	5.7597713
acquire	7.7052517	6.117399	7.9726105
rank	5.660672	4.938532	5.6551404
bow	6.0095043	4.3330383	5.253057
doctor	5.1420035	4.428932	5.1433034
talent	8.040115	5.583186	7.6403356
source	6.8557158	4.687191	6.16935
lead	4.558133	5.472531	4.996505
question	5.337178	4.843616	5.961798
publish	5.4894056	4.7363896	5.5030327
interest	6.139736	5.2399316	5.9373207
serve	4.8121142	4.476724	4.9735074
divine	8.001268	4.1814117	7.1107826
put	5.019262	4.633936	4.1868205
shadow	4.459345	3.7094097	3.8666346
practical	6.003862	4.6062784	6.137063
surface	4.578228	3.1761932	4.0290704
account	5.4448476	4.7340527	5.2198706
loss	3.9971397	5.483345	4.191459
indian	5.2652516	5.3731575	5.5918365
vine	6.1806836	3.6025262	5.2379136
certain	5.413273	5.0504475	5.684792
sin	3.2043881	5.341132	4.152727
necessity	4.3062544	4.783587	5.519593
lose	4.09011	5.1880627	4.35005
private	4.698558	5.0232816	5.2314243
gentleman	6.8080378	4.2608643	5.687894
daughter	6.41247	4.765951	5.8173013
drive	3.7989395	6.003236	4.212107
strange	4.4707036	5.1816425	4.1249986
journey	6.269461	4.312342	5.036094
uncle	6.731002	3.5541623	4.847717
species	5.128816	5.097086	4.534181
think	5.5830936	4.4354734	4.867659
bed	5.208326	3.073034	3.2290385
wind	4.6318574	4.793864	4.2956734
bless	8.169378	4.2079096	5.800973
destroy	3.4182477	6.6732445	5.1443014
author	5.520917	4.615003	5.3939266
sustain	5.4780045	5.27909	6.028305
black	3.1494496	3.960887	3.4838982
event	6.5724597	6.062455	6.9859133
liberty	7.679064	5.642987	7.1662006
negro	4.207383	4.6586256	4.3805976
little	5.0730643	3.832777	3.4461598
fortune	6.87465	5.580748	6.276966
touch	5.339876	4.062947	4.3913574
kill	3.8017297	6.227687	4.9051685
feature	5.6791053	4.3943534	5.553686
happiness	8.302172	4.5949078	6.1533227
assume	4.1342726	5.2588296	5.1327524
notion	5.030157	4.005471	4.4737444
purchase	7.008642	4.6068406	5.875354
faithful	6.91681	4.358119	6.3510075
soldier	4.460036	5.6652007	5.9250536
father	6.1746635	4.9534607	6.237855
narrow	3.0337958	4.738847	3.8406484
great	5.8543744	5.711487	6.2320642
tear	3.137514	4.6998625	2.967247
honorable	6.313228	5.9141355	6.867785
previous	4.4973016	4.4291477	4.5928764
good	7.427747	5.0233374	6.8929715
domestic	5.2077765	3.2349076	3.9853096
glory	7.5898857	5.479681	6.6518807
lay	4.716941	4.278686	4.305146
occasion	5.5876007	5.3659596	5.1936784
guard	4.190277	5.3419824	5.933799
whole	5.6159964	4.4773083	5.841939
mouth	5.0710135	5.082499	5.1142387
receive	6.674596	4.2105274	5.4948096
take	5.108185	5.3807683	5.0632167
simple	6.229191	4.4410467	5.7276144
error	2.4751532	5.4263396	3.7823117
wisdom	7.263105	4.6555104	7.1033688
rock	4.672611	4.7859297	5.102164
decide	5.6051855	4.978815	6.23386
exclaim	5.582196	6.228268	5.5976706
assure	7.051856	4.831824	6.174035
sign	5.1782227	3.8786373	4.788476
preserve	5.6807637	4.2400293	5.613596
commerce	6.282132	5.3135133	6.609707
plant	4.924593	4.3378496	5.090635
walk	5.766876	4.5381947	4.5201497
difference	4.555418	4.1591673	4.7043047
hang	4.274328	4.172798	3.9605112
following	6.7046347	3.5758142	5.8779035
employ	4.701452	4.7698946	5.5527325
