deal	5.21943	5.1391096	5.520591
study	6.796967	4.2670527	6.4842453
afford	7.2369537	5.3987346	6.721696
service	7.1981077	5.4122024	7.160742
height	5.273226	5.256251	5.5268555
prospect	7.783847	5.231789	6.5896406
pleasant	7.3537946	4.462479	5.2312837
shade	4.520802	3.6021006	3.3321145
listen	5.0755854	5.141866	4.583096
mighty	6.024228	5.491738	7.246149
country	5.076503	4.1360564	5.7417464
title	7.160344	4.065178	6.602607
choose	5.516811	4.694255	5.009394
village	6.7140965	4.6901464	5.666115
acquire	7.428067	5.8487883	8.090719
rank	5.995232	4.968845	5.7722235
bow	5.7209005	4.2685347	4.9518957
doctor	4.2760177	4.2128196	4.6564503
talent	8.02208	5.9641104	7.5781937
source	7.0017467	4.718375	5.838046
lead	5.2013907	5.606646	5.213319
question	4.6126184	4.5984674	5.214324
publish	5.7004747	4.9068937	5.217
interest	6.8132076	4.695911	6.292962
serve	5.418857	4.1201344	5.163004
divine	7.399024	4.5216246	6.972694
put	5.1448035	4.6949263	4.6519356
shadow	4.3049946	3.6621912	4.283861
practical	6.4084826	4.4362764	6.4859786
surface	4.6931305	3.2254565	4.3769703
account	5.313586	4.6707115	5.2774997
loss	3.8098793	5.7345853	4.177348
indian	5.0598907	5.180443	5.353587
vine	7.1551733	3.2262974	5.2702627
certain	5.7314205	5.487953	6.3461847
sin	3.224195	5.1730957	4.353091
necessity	4.5782757	5.620869	5.7776303
lose	4.1143603	5.4683924	4.4979644
private	4.489267	4.4374714	4.6038933
gentleman	5.893002	4.4569263	5.706676
daughter	5.3902707	4.562664	5.391869
drive	2.959324	7.120063	4.517165
strange	4.4083548	5.8260903	4.6688275
journey	6.435839	4.210769	5.044634
uncle	6.124305	4.4022026	5.672292
species	5.4269342	4.5689116	4.984179
think	5.672436	4.9450045	4.971121
bed	4.9958797	2.9882343	3.3002725
wind	4.659999	5.1047597	4.4574647
bless	8.658142	4.173739	6.17285
destroy	3.1310487	6.874428	4.872088
author	5.7666664	3.9379678	5.180322
sustain	5.3078876	5.3752103	6.2067127
black	4.2225914	4.2832046	4.3750706
event	6.488617	5.709385	6.666948
liberty	7.192855	6.4221745	7.4919295
negro	3.8381877	5.0256667	4.5102324
little	4.918493	4.524719	4.0855107
fortune	5.9723315	4.999528	6.0228205
touch	5.667874	4.277869	4.583456
kill	3.6224878	6.602236	4.6090837
feature	5.2543535	3.9793851	5.3504524
happiness	8.1192665	4.649638	5.7481093
assume	3.6750166	5.1517687	5.06716
notion	5.3842387	4.033209	4.915507
purchase	6.342593	5.083682	5.7430425
faithful	6.7741613	4.2256064	6.410049
soldier	4.833138	5.617092	5.6292763
father	5.455184	5.4860044	6.358986
narrow	3.0864787	4.476021	4.412882
great	5.92779	5.3903003	6.265459
tear	3.6128216	4.208969	2.5664186
honorable	5.972327	5.3725758	6.1958833
previous	4.7697597	4.352247	4.6353416
good	7.328746	4.5035515	6.4878073
domestic	4.7108016	3.8020828	3.9162602
glory	7.178677	5.246424	6.834696
lay	4.581302	3.7279725	4.2394853
occasion	5.599357	5.07974	5.5940967
guard	5.184972	4.90389	5.9410386
whole	5.4830403	4.45461	5.968165
mouth	5.2653623	4.3382964	4.820264
receive	7.15931	4.850276	5.472619
take	5.225895	5.584949	5.3037744
simple	6.8310943	4.347088	6.3718023
error	2.8114142	4.6908593	3.9795082
wisdom	7.6611114	4.669143	7.2403793
rock	4.9926386	5.2556725	5.651492
decide	4.9981794	5.216187	6.0847597
exclaim	5.8247123	6.5878763	5.8990116
assure	7.3554535	5.1789107	6.1090884
sign	5.625087	3.6580815	4.935496
preserve	6.0704184	4.339305	5.617262
commerce	6.2894144	5.061131	6.783845
plant	5.4235196	3.4085727	4.6841187
walk	5.6140146	4.5927896	4.3915777
difference	5.6612043	4.3481226	5.3204994
hang	3.943263	4.5833077	4.0704
following	7.409498	3.7187786	6.1882105
employ	4.9737697	4.704428	5.15346
