deal	5.488122	5.1879582	5.6484494
study	6.3465605	4.1344905	6.3937955
afford	6.5364103	4.9479284	6.29627
service	6.617282	4.635323	6.5389967
height	5.584834	4.7500033	5.50208
prospect	7.8526115	4.7773995	6.516838
pleasant	7.790368	3.8347507	4.892118
shade	4.153611	3.8765416	3.3811927
listen	5.401265	5.238188	4.7799864
mighty	6.195073	5.2961035	6.7765336
country	5.240961	4.0541725	5.5648036
title	7.678208	3.738584	6.6591415
choose	5.0134926	4.802217	5.3024435
village	6.143495	4.564346	5.4905424
acquire	7.811496	5.369998	8.254555
rank	5.503577	4.8304453	5.698721
bow	6.353058	4.3121533	5.2151794
doctor	5.65122	4.227828	5.3098674
talent	7.94524	5.8590765	7.975547
source	6.5132895	5.3510776	6.1188974
lead	5.0156865	5.6247125	5.426185
question	5.3515844	4.198802	5.4369354
publish	5.3069754	5.223199	5.5100193
interest	6.4691772	4.3772097	5.694874
serve	4.827775	4.486452	4.6443515
divine	7.3616724	4.8592777	7.111158
put	5.0345564	4.6836143	4.4198713
shadow	4.2835016	3.5736828	3.8186307
practical	5.9422174	4.843964	6.3618846
surface	5.151926	3.326197	4.3226385
account	5.4592495	4.3790154	5.3890157
loss	3.7944834	5.09215	3.7830856
indian	4.7418056	5.320836	5.3069267
vine	7.2113705	3.1792817	5.7717056
certain	5.505389	5.324951	5.895218
sin	3.4011028	5.4450593	4.5943923
necessity	4.379631	5.0252223	5.5808253
lose	4.3682785	5.2476883	4.9480505
private	4.1854963	4.572339	4.782857
gentleman	6.674376	4.11964	5.540797
daughter	5.541743	5.011809	5.56988
drive	3.529771	6.752853	4.72231
strange	4.2297373	5.361178	3.7560196
journey	6.1755176	4.167012	4.9331665
uncle	6.448731	4.3710823	5.8918815
species	5.617065	4.7934804	5.157163
think	5.5799394	4.710623	4.6917815
bed	4.565295	3.1369271	2.918933
wind	4.9650154	4.658297	4.5588326
bless	8.906048	4.6679378	6.722703
destroy	3.104089	6.819005	5.1102905
author	5.5426903	4.6794224	5.0725327
sustain	5.4274344	4.970988	6.001293
black	3.9667535	4.469939	4.0084577
event	6.3386545	5.7621036	6.5559483
liberty	7.605241	5.5087123	7.273799
negro	4.0913005	5.0628343	4.1782103
little	4.3250055	4.461981	3.313407
fortune	6.692242	4.608964	5.9534235
touch	6.2163343	4.4328165	4.6942034
kill	3.905119	6.2662897	4.6827307
feature	5.3270483	3.629322	4.749636
happiness	8.542692	4.344759	6.026004
assume	3.9926395	5.136887	5.157362
notion	5.3970466	4.1992426	5.0635977
purchase	6.799511	4.083205	5.4774547
faithful	6.901431	4.203908	6.298228
soldier	4.2446322	5.391641	5.3653946
father	6.1572046	5.2103477	5.619275
narrow	3.2514575	3.8315458	3.3420472
great	5.907969	5.7636976	6.248327
tear	3.1008942	5.013876	2.5496564
honorable	6.426552	5.3125587	6.684471
previous	4.021824	4.849699	4.350597
good	7.267837	4.4892716	6.4945817
domestic	4.1071873	3.8605604	3.8821952
glory	7.316253	5.0359783	7.151866
lay	4.187813	4.054267	3.700775
occasion	5.084567	5.382599	5.392569
guard	4.8833504	5.1618705	6.155098
whole	5.690186	4.395744	5.3582735
mouth	4.7615237	4.680975	4.405479
receive	6.853881	4.6605597	5.646082
take	4.5734944	5.3808694	4.8718023
simple	6.380497	4.0291624	5.4344425
error	2.5095527	5.4574537	4.131382
wisdom	6.9376454	5.1959553	7.703487
rock	5.1476383	4.8686166	5.502712
decide	5.167381	5.390117	6.2901163
exclaim	6.185782	6.026428	5.503417
assure	7.6251307	5.3556895	6.8225346
sign	5.1735005	3.7586298	4.7275834
preserve	5.953382	4.17929	5.935836
commerce	6.5463066	4.9125013	6.9244857
plant	4.871181	3.7318232	4.660098
walk	5.867082	3.9896433	4.2834983
difference	4.8692675	4.6785855	4.8730645
hang	4.2380223	4.4892726	3.9477336
following	7.1778173	3.334618	5.6221995
employ	3.7843926	5.3111987	5.552627
