deal	5.78254	5.066361	6.0408525
study	6.8129396	3.9284768	6.256098
afford	6.7612934	4.914859	5.987016
service	6.686546	4.8532724	6.181711
height	5.2881713	5.2057185	5.5458517
prospect	7.2153926	4.8629017	6.1055875
pleasant	7.655633	3.9745746	4.927963
shade	4.283229	3.656346	3.0649886
listen	5.228248	5.729515	4.7837577
mighty	6.1337824	5.6328006	6.906957
country	5.4529533	4.543996	5.755908
title	6.885084	4.900969	7.105223
choose	5.0424204	4.896111	4.9810934
village	6.283884	5.2581434	5.963465
acquire	8.445168	5.442644	8.225063
rank	5.455569	4.8454733	5.615878
bow	5.557522	4.2840247	4.9775124
doctor	4.9115257	4.26805	4.7701883
talent	8.038087	5.5564976	7.5381393
source	6.1903405	4.9787765	5.9468365
lead	4.9048567	5.4800444	5.149175
question	4.949207	4.348795	5.3432307
publish	5.4302444	5.516633	5.6415777
interest	5.9883966	5.332901	5.889861
serve	5.124083	4.1079154	4.524365
divine	7.2900305	4.5230093	7.003963
put	5.0210557	4.6825585	4.676481
shadow	4.2373114	3.0383599	3.5893133
practical	6.373089	4.3661184	6.1435156
surface	4.474365	3.3049865	3.9585683
account	5.348594	4.845442	5.539311
loss	3.879179	5.22348	4.239861
indian	5.3904624	5.544193	5.826106
vine	6.993784	3.4789257	5.2725787
certain	5.4914317	5.0136743	5.7797976
sin	2.8378987	5.4184504	4.2139125
necessity	4.082583	5.161193	5.2554154
lose	4.306799	5.269854	4.4613895
private	4.178235	4.4069324	4.844551
gentleman	6.4306364	4.2047753	5.951727
daughter	5.100085	5.197199	5.366887
drive	2.9908078	6.7293754	4.038991
strange	4.561148	5.598737	4.210917
journey	6.117182	4.109852	4.2891555
uncle	6.6225004	3.8962836	5.650002
species	6.4668026	5.2905073	5.7537613
think	5.680827	4.595827	4.905045
bed	4.7262983	3.078627	3.163505
wind	4.933077	5.05075	4.329331
bless	8.986154	4.0775642	6.699959
destroy	3.3482053	6.647004	5.517893
author	5.43173	4.9935536	5.375232
sustain	5.6649957	5.31088	6.3731103
black	3.7888181	4.4153833	3.7287831
event	7.0006914	5.5680876	6.7759733
liberty	7.4804773	5.566781	7.5713615
negro	3.916853	5.230466	4.657013
little	4.1537676	4.1640453	3.4161835
fortune	6.6883535	5.2121377	6.5855713
touch	5.2843065	4.7586575	4.339199
kill	4.2230425	6.249484	4.742424
feature	5.4002233	3.9367595	5.195343
happiness	8.093642	4.993659	6.625697
assume	3.742557	4.621108	4.543506
notion	5.1797943	4.1911845	4.7022014
purchase	7.1096272	4.4484415	6.25951
faithful	6.71612	4.038468	5.974969
soldier	4.464189	5.358842	5.6670156
father	6.0066605	5.327879	5.828397
narrow	2.806333	4.467962	3.6728158
great	5.570691	5.0946045	5.618203
tear	3.1861236	4.982065	2.573534
honorable	5.8965554	5.121023	6.2442355
previous	4.2838326	4.5940413	4.4210696
good	7.5441523	4.0747237	6.6427326
domestic	4.484854	3.7398462	3.5858457
glory	7.267394	5.354221	6.643181
lay	4.720269	3.9299226	4.2606783
occasion	4.882348	5.328256	5.22568
guard	5.30297	5.102304	6.2881746
whole	4.9368014	4.6709175	5.3349524
mouth	5.4243836	4.718296	5.0795403
receive	6.868499	4.651951	5.1097703
take	4.6189785	5.416476	4.857013
simple	6.397553	4.3307137	5.586323
error	2.4897537	5.784469	4.1083527
wisdom	7.290676	4.8076205	7.121064
rock	5.3002515	4.5669937	5.5488977
decide	4.4023476	5.270722	5.7919526
exclaim	6.0073757	6.19977	5.871793
assure	7.974409	4.9066834	6.5107956
sign	5.2846045	3.8022923	4.7828813
preserve	6.82436	4.036145	6.1321564
commerce	6.972981	4.991053	6.6311426
plant	5.158637	3.7972941	4.4662123
walk	5.5299864	4.1307096	4.170256
difference	5.360385	4.0295544	5.256014
hang	4.4822483	4.4855943	4.314447
following	6.990651	3.7618322	5.67076
employ	5.4772935	4.769605	5.779862
