deal	5.339037	5.3035316	5.5733624
study	7.053752	4.4194245	6.3006525
afford	5.913507	5.1784387	5.689092
service	5.9940896	4.7379775	6.169832
height	5.309233	4.9987082	5.568532
prospect	7.394717	5.0328846	6.696371
pleasant	7.6418743	3.8635035	5.1707144
shade	3.9171956	3.826106	3.4466991
listen	4.8486485	5.6092954	4.34812
mighty	5.833833	5.965622	7.199337
country	5.4364605	4.5205407	5.773151
title	8.507433	3.8817456	7.437803
choose	4.4658256	4.1172423	4.443274
village	7.0881653	4.4814587	5.5732555
acquire	8.770298	5.505951	8.270671
rank	5.954542	5.139303	6.2689524
bow	5.351457	4.143806	4.7118697
doctor	5.6279736	4.142317	5.422384
talent	8.201663	5.7216816	7.8379602
source	7.128867	4.502897	5.7914176
lead	5.088531	5.9899173	5.3919845
question	5.9052396	4.802392	6.126008
publish	5.87174	4.9622707	5.9411306
interest	5.9227476	4.951376	5.210075
serve	4.8133	4.0201097	4.9432025
divine	7.556506	4.823486	7.1599298
put	4.972214	5.0122466	4.0901012
shadow	3.9477973	3.416087	4.042445
practical	6.047103	4.7001724	6.037558
surface	4.6306214	2.991118	3.9669294
account	5.369336	4.848492	5.5027094
loss	3.5431457	5.369044	3.6639082
indian	5.6712985	5.3031135	5.2246227
vine	7.125615	3.429335	5.8082886
certain	5.594003	5.5364766	6.025858
sin	2.5908937	4.940483	3.8869963
necessity	4.015573	5.543927	5.078105
lose	4.5963616	4.9288306	4.11779
private	4.2135935	4.8175454	5.197168
gentleman	6.040253	4.3911595	5.884075
daughter	6.6699457	4.0336723	5.978562
drive	3.3305142	6.373144	4.2779074
strange	4.4952903	5.705851	4.234859
journey	6.0917997	3.9936612	4.636156
uncle	7.002933	4.1103554	5.3890915
species	4.9330125	5.3834233	4.6891623
think	6.258464	5.336329	5.3540964
bed	5.4171376	2.8436487	3.365203
wind	4.6666355	4.858714	4.718555
bless	8.6872635	4.2059817	6.740807
destroy	2.9771824	6.7441936	5.091815
author	6.0030775	4.452598	5.5299554
sustain	5.046397	5.5088096	5.9755735
black	3.8476458	4.664309	4.092512
event	5.9775968	5.785087	6.574785
liberty	7.3575053	5.3833313	7.1523204
negro	4.312979	5.455292	4.753969
little	4.980545	3.8668208	3.3106422
fortune	6.6357718	4.9253488	6.6462536
touch	5.255384	4.4829288	4.3688107
kill	4.099183	6.2631016	4.4436197
feature	5.9657974	4.1872525	5.620697
happiness	8.384186	4.4874935	6.4826546
assume	4.1176376	5.223573	5.1646385
notion	5.9003315	4.161943	5.1001506
purchase	7.4439573	4.368726	5.8626614
faithful	6.2600884	4.012485	5.7184854
soldier	5.0728774	6.4167237	6.400317
father	6.40561	4.9414387	5.8353863
narrow	3.206883	4.3733063	3.7293665
great	5.191513	6.225109	6.276861
tear	3.5525246	5.230195	3.001915
honorable	6.0720468	5.2670264	7.120878
previous	3.6932907	4.8223085	4.1485057
good	7.4559236	4.3596354	7.045898
domestic	4.1645136	3.9670942	4.148127
glory	7.5083942	5.5410643	7.375786
lay	4.010286	4.6403837	4.117998
occasion	4.886859	5.5880547	5.2722216
guard	4.668069	5.149414	5.6379223
whole	5.77252	4.6171994	6.160597
mouth	5.1271944	5.2040477	4.6849136
receive	6.776558	5.0212345	5.2434034
take	4.994229	5.0802503	5.001075
simple	6.8157797	3.8452797	5.4596376
error	2.267254	5.303206	3.9666839
wisdom	7.2754283	4.659111	7.1325445
rock	4.886333	4.6965647	5.2396164
decide	5.386168	5.2186294	6.260007
exclaim	6.075728	6.3182573	5.9623184
assure	7.4511375	4.914227	6.1050677
sign	4.615244	4.02376	4.4097733
preserve	5.4902987	4.2136087	5.6314173
commerce	6.280509	5.3340855	7.127928
plant	4.573903	4.017991	4.6577015
walk	5.572464	4.4429164	4.4528036
difference	4.3232594	4.720843	4.608166
hang	4.349932	4.301926	4.3574786
following	6.8737135	3.5649042	5.571955
employ	4.9068894	5.3511877	5.6517205
