deal	5.2302465	5.0714355	5.367173
study	6.475997	4.4694943	6.4900665
afford	6.8213854	4.4826064	5.8453283
service	6.9103193	4.5271616	6.074423
height	5.1519604	5.073041	5.5783234
prospect	7.6320047	5.4069486	6.409363
pleasant	7.503045	4.2038074	4.7320795
shade	4.6720376	3.4452982	3.2845447
listen	5.1052623	5.196575	4.6824455
mighty	6.2169657	5.453061	6.8252554
country	6.1665664	4.2006073	5.8172045
title	7.922799	4.863072	7.321455
choose	5.0857167	4.5025783	5.2353277
village	6.065958	5.235427	6.02687
acquire	7.978881	5.976286	8.621463
rank	5.980246	5.4134617	6.308769
bow	6.504113	4.4700894	5.50737
doctor	4.5200305	4.5035324	4.455825
talent	8.057848	5.5804133	7.795136
source	6.231047	5.1837807	5.9958296
lead	5.200689	5.3594947	5.046043
question	5.441533	4.1020417	5.8626184
publish	5.8886824	4.570943	5.327145
interest	5.6938396	5.268501	5.5296
serve	5.480685	3.4460697	4.5021687
divine	7.843203	4.6768003	7.254448
put	4.9533362	4.746343	4.425283
shadow	4.383093	3.44661	4.136433
practical	6.0993624	4.5321393	6.36512
surface	4.573961	3.0631266	3.803678
account	5.338001	4.8202	5.2988844
loss	3.3150709	5.512044	4.256826
indian	5.1191463	5.3763785	5.9491034
vine	7.2955937	3.842713	5.323597
certain	5.386422	5.376727	6.0033226
sin	2.7635822	5.2744827	4.3619027
necessity	4.097106	5.178381	5.485494
lose	4.2137403	5.330489	5.089176
private	4.3490534	4.3382235	5.028192
gentleman	6.7488146	4.5707626	5.754734
daughter	6.1570745	4.5093117	5.33051
drive	2.946518	6.817521	4.4741626
strange	4.1798835	5.1866217	3.9470716
journey	6.479325	4.3471937	5.0768576
uncle	6.582137	4.722458	5.958967
species	4.883986	5.40174	4.8971148
think	5.858201	4.4731097	4.8942294
bed	4.844968	2.897422	3.1541824
wind	4.6344914	4.8975344	4.4208565
bless	8.808366	4.119439	6.55116
destroy	3.4230642	6.4968433	5.079014
author	5.8170824	4.7744994	5.3363185
sustain	5.3743134	5.161722	5.877996
black	3.6166363	4.474927	3.7122235
event	6.664295	5.5285707	6.392316
liberty	7.867765	5.701868	7.137636
negro	3.8212132	5.635862	4.3100047
little	4.8173504	4.36804	3.4851801
fortune	6.9602847	5.1430984	6.2379394
touch	5.585628	4.5121074	4.6287565
kill	3.3522367	6.5215406	5.068558
feature	5.556635	3.8629045	4.9883013
happiness	8.412017	5.3056526	6.7578344
assume	4.114455	5.145508	5.1229877
notion	5.3404207	4.75953	5.3515515
purchase	7.0535045	4.2474675	5.918223
faithful	6.9020863	3.8255005	5.8772535
soldier	5.258587	5.852117	6.2802
father	6.4735456	4.689814	5.937859
narrow	3.2866092	4.391486	3.8201733
great	5.187454	5.718167	5.8995457
tear	3.516924	4.847147	2.845785
honorable	6.5757074	5.3076377	6.5000296
previous	4.587985	4.603134	4.9751773
good	7.11285	4.101086	6.2019606
domestic	4.8484163	3.404904	3.99123
glory	7.828295	5.565749	7.240905
lay	4.489815	4.107821	4.460057
occasion	5.0321784	5.333341	5.0495634
guard	5.1894083	4.477796	5.587124
whole	5.318316	4.8001924	5.629634
mouth	4.9136868	4.9437323	4.7283316
receive	6.6773763	4.9981246	5.6031036
take	5.1316066	5.1767697	5.1742024
simple	6.3715773	4.0156565	5.707235
error	2.6626656	5.041224	3.4779775
wisdom	7.254733	4.808577	7.270569
rock	4.5691977	4.2864885	4.8151627
decide	5.2095346	4.9501843	6.023047
exclaim	5.8977127	6.300541	5.6080127
assure	7.825507	4.944676	6.3628182
sign	5.578172	4.2277575	5.019462
preserve	6.0960073	3.7006392	5.391027
commerce	6.5218425	5.082744	6.605402
plant	5.259878	3.9698365	4.41201
walk	5.7740297	4.547553	4.4779253
difference	4.9037166	4.1415877	4.921868
hang	4.2327666	4.0362825	3.7812648
following	7.209526	3.8222766	5.809564
employ	4.534164	4.5649586	5.3687663
