deal	5.3344297	5.428244	5.738212
study	6.281751	4.5424557	6.51353
afford	5.634199	5.056923	5.421589
service	6.5326195	4.5600047	5.992121
height	5.9149265	5.468502	6.107938
prospect	7.9078383	5.198227	6.398368
pleasant	7.45655	4.3324184	4.66207
shade	3.8832736	3.6867633	3.1385713
listen	5.0145926	5.912995	4.9163456
mighty	5.8602085	5.358848	6.935177
country	5.575656	4.5350356	5.815802
title	6.9916043	4.0530906	5.9809
choose	5.634118	4.167382	5.184858
village	6.3065166	4.6213636	5.576152
acquire	7.439315	5.7241707	7.6540813
rank	6.3645926	4.8626065	6.384061
bow	5.9439487	4.3959694	5.2697744
doctor	5.0437717	4.746475	5.5055676
talent	8.14357	5.7367163	8.0335865
source	6.8734913	5.1123414	5.976112
lead	4.917022	5.667742	5.186171
question	4.2297506	4.5004473	5.2118726
publish	5.3503904	4.9173183	5.364749
interest	6.61565	5.002661	6.332111
serve	4.7671895	4.243315	4.3512564
divine	7.3540535	4.406539	6.838419
put	4.487972	4.698248	4.15506
shadow	3.814083	3.1197872	3.344061
practical	6.1202765	4.3569584	6.1443243
surface	4.8256445	3.2708771	3.9804697
account	5.5392838	4.5425816	5.01756
loss	3.835368	5.241537	3.8039937
indian	4.616733	4.9001837	4.7422194
vine	6.9793167	3.7211304	5.9481707
certain	5.1543355	4.9215894	5.5632844
sin	3.2205763	5.2192745	4.876689
necessity	4.378549	4.956167	5.1765404
lose	4.5714216	5.191727	4.3832703
private	4.4754047	4.408763	4.864543
gentleman	6.28384	4.902807	5.994321
daughter	6.0988407	4.5639167	5.765744
drive	3.5742948	6.5927796	4.7181964
strange	4.43503	5.1963267	3.8575487
journey	6.087944	4.446205	4.817233
uncle	6.193287	3.7835474	5.761491
species	5.7091017	5.0789356	5.0712385
think	5.790359	4.486041	4.8116245
bed	5.4800754	2.6269004	3.4086442
wind	4.5294313	4.444917	4.143563
bless	8.206348	4.011774	5.934634
destroy	3.254701	6.5618005	4.993122
author	5.916941	4.650835	5.4159307
sustain	5.223566	5.275226	5.9808626
black	3.9712725	4.556799	3.7463155
event	6.3585043	5.6628494	6.583181
liberty	7.457616	6.067801	7.6023817
negro	4.1326003	5.633741	4.672373
little	4.577629	3.6609795	2.7400548
fortune	6.470953	4.934255	6.0529885
touch	5.882676	4.4448843	4.432347
kill	3.8367884	6.0088196	4.8182073
feature	5.6646647	4.1187043	5.35448
happiness	8.10701	4.4705796	5.951662
assume	4.321209	5.494744	5.2916956
notion	5.564806	4.3054748	4.9949636
purchase	6.6996784	4.286152	5.8684063
faithful	7.123539	3.9140956	6.2547984
soldier	4.6184683	5.987538	5.857073
father	5.4812574	5.0639696	5.8750153
narrow	3.3002062	4.426387	3.578743
great	5.2293515	5.6979456	5.945836
tear	3.680965	4.8946524	3.0903525
honorable	5.6522264	5.471195	6.361348
previous	4.4962997	4.7434354	4.6022153
good	7.6348944	4.255906	5.978484
domestic	4.9237294	3.1434968	4.1457915
glory	7.0527134	5.4863176	6.9735794
lay	4.228933	3.9108634	3.7822824
occasion	5.280195	5.178855	4.982035
guard	5.169231	5.2781825	6.2997527
whole	5.9681635	4.552593	6.2535057
mouth	4.9296327	4.81557	4.5667405
receive	6.7396755	4.7933054	5.513498
take	5.4428387	5.3220396	5.1178026
simple	6.491334	3.9091382	5.6562915
error	2.425923	5.675171	3.903983
wisdom	7.10088	5.0494604	7.1921797
rock	5.141237	4.7085	5.306186
decide	4.388129	5.2746253	5.8943806
exclaim	5.807089	6.1741495	5.5588994
assure	7.0943565	5.388826	6.1823044
sign	5.2126274	3.6191947	4.412074
preserve	5.539975	3.9434485	5.4260426
commerce	5.805478	4.819434	6.7543454
plant	5.537411	4.119146	5.0390325
walk	5.4184694	4.8529534	4.2624435
difference	4.507455	4.3570585	4.5351043
hang	3.9994557	4.5783405	4.2410793
following	7.139486	3.4308093	5.563962
employ	4.635412	4.7782354	5.581477
