deal	5.361744	5.3046713	6.124242
study	6.450404	4.132545	6.4209137
afford	6.909959	5.0374517	6.38566
service	6.702806	4.9300375	6.4106064
height	5.2229486	5.133081	5.5855684
prospect	7.750305	5.4992275	6.5619717
pleasant	7.6493716	4.0469284	5.02324
shade	4.371597	3.8480172	3.3022065
listen	5.3416104	5.4418426	5.0702305
mighty	6.4239335	5.7112117	7.142131
country	5.129259	4.902374	5.4217443
title	7.889349	4.534017	6.875603
choose	4.9471908	4.4123173	4.6079726
village	6.0212545	4.9509263	5.527312
acquire	7.8631096	5.349279	7.7992487
rank	6.5890274	4.6760244	6.1478996
bow	5.745116	4.0830297	4.6805778
doctor	5.4331803	4.642088	5.3425364
talent	7.839007	6.1135235	7.7070937
source	6.84974	4.771651	5.9978247
lead	4.93321	5.4410534	5.178585
question	5.3378296	3.9501402	5.1698403
publish	5.66779	4.6421614	5.537871
interest	6.1047316	4.7372813	5.5109496
serve	5.4799604	3.6268463	4.80192
divine	7.6968517	4.5764627	7.406748
put	5.043594	4.8497844	4.156104
shadow	4.419395	3.3716757	3.8104134
practical	5.7133403	4.512518	6.286252
surface	4.835613	2.8767183	3.9442577
account	5.459601	4.7388716	5.359409
loss	3.828136	5.0499477	3.7927494
indian	5.0420713	5.1314235	5.4994907
vine	6.715764	3.6275434	5.420261
certain	5.536375	5.3953447	5.969919
sin	3.0304575	5.482148	4.5336127
necessity	4.358289	5.0672145	5.220968
lose	3.9751275	5.4646206	4.628322
private	3.9193947	4.3479476	4.679204
gentleman	6.41796	4.457487	5.6239953
daughter	5.857942	4.4451437	5.427675
drive	3.3230557	6.38157	4.382127
strange	4.330399	5.7402487	4.204992
journey	6.07568	3.8185523	4.6424203
uncle	6.765563	4.5405903	5.800409
species	4.9811306	4.8065157	3.7899303
think	5.6370773	4.7336817	4.600057
bed	5.322629	3.087137	3.644269
wind	4.0153785	4.7235546	3.7735453
bless	8.805193	4.555287	7.0442977
destroy	2.7390916	7.205895	5.2820425
author	5.8728294	4.1874585	5.1426435
sustain	5.5215416	5.2351794	5.813784
black	3.9219303	4.9685345	3.9837213
event	6.5649304	5.4473624	6.5942574
liberty	7.4468718	5.990123	7.6147175
negro	4.50408	5.416291	4.7921696
little	4.94497	4.1276293	3.676208
fortune	6.94425	4.9560647	6.048374
touch	5.8406305	4.4459066	4.4715033
kill	3.5838747	6.36516	4.602132
feature	4.8988314	3.9206748	4.6889253
happiness	8.33783	5.1180167	6.4844313
assume	4.6555843	4.8308744	5.202599
notion	5.8117695	3.9344716	4.8238015
purchase	6.425085	4.457233	5.608585
faithful	7.102954	3.8565798	6.4353986
soldier	4.696152	5.577887	5.9288826
father	6.0593295	5.169935	5.8814573
narrow	3.1567318	4.638734	3.828951
great	5.9405947	4.9630427	6.728546
tear	2.9832397	4.5561004	2.7994356
honorable	6.4481974	4.829388	6.453457
previous	4.350138	4.564825	4.6492186
good	7.9093227	3.6128106	6.6078787
domestic	4.7847548	3.7976074	4.2701178
glory	7.693791	5.447819	7.2467747
lay	4.1024284	4.9350624	4.5641503
occasion	5.195398	4.868965	5.316155
guard	4.8839793	4.9481716	6.291901
whole	5.2604547	4.896634	5.7705398
mouth	5.480652	5.125235	5.0931478
receive	6.63636	4.798042	5.320535
take	4.955356	5.0629425	5.0181913
simple	6.605666	4.260389	5.449207
error	2.2101336	5.5264764	3.738431
wisdom	6.8643055	4.513295	6.801956
rock	4.8575974	4.437263	5.064469
decide	5.352573	5.3927927	6.374975
exclaim	6.2674556	6.0399795	5.6906853
assure	7.211092	4.794824	5.8878818
sign	5.4177547	3.9168677	4.756202
preserve	6.095554	3.9360514	6.1592007
commerce	6.3437433	5.5162807	6.9867964
plant	4.9692793	4.416221	5.0090075
walk	5.732648	3.9510403	3.9346797
difference	5.440904	4.087414	5.059688
hang	4.310847	4.514961	4.1794167
following	7.2247634	3.528647	5.6489162
employ	4.2610297	4.843754	5.5854077
