deal	5.4442897	5.419882	5.974911
study	6.774173	4.260638	6.5807304
afford	7.0956936	4.167865	5.9576874
service	6.493348	4.2629337	5.842889
height	5.064207	4.8514185	5.305305
prospect	7.5556283	5.18751	6.553169
pleasant	7.7127323	4.1056046	4.855246
shade	4.309553	3.654448	3.2182884
listen	4.922284	5.1109514	4.638015
mighty	6.2894845	5.669399	7.2487564
country	5.035838	4.546875	5.314263
title	7.3068295	3.6852534	6.1693926
choose	5.3461537	4.2070346	4.926749
village	6.2524047	4.743262	5.5928826
acquire	7.9526663	5.3545413	7.8685646
rank	6.1721296	5.5156417	6.3760066
bow	6.2196646	4.1044793	5.122101
doctor	4.6256695	4.1905513	5.1893253
talent	8.108997	5.862613	7.8205924
source	6.536574	4.6995883	6.051579
lead	5.0996695	5.791143	5.1693745
question	5.339076	3.8440852	5.29864
publish	5.3838925	4.9274526	5.435531
interest	6.8755097	4.8090215	6.255805
serve	5.8940997	3.6000223	4.66843
divine	7.133214	4.561955	7.0269513
put	5.3316464	4.3779426	4.6670713
shadow	4.3761487	3.2931828	3.6742787
practical	5.9458404	4.203193	5.832097
surface	4.595346	2.997863	3.889305
account	5.5645356	4.9096003	5.845657
loss	3.7914734	5.3535414	3.995772
indian	4.6401534	4.9110866	5.108591
vine	6.289279	4.2387195	5.217766
certain	5.2826543	5.4602394	5.795714
sin	2.5696774	5.270132	4.347781
necessity	4.4529138	4.861426	5.4619045
lose	4.2729535	5.2930555	4.642916
private	4.51929	4.3059206	4.6956015
gentleman	6.414741	4.1477814	5.2950125
daughter	5.3223133	4.382069	5.2553496
drive	3.8779683	6.6757092	4.930891
strange	4.4518275	5.410417	4.327626
journey	6.079115	4.152982	4.586857
uncle	6.841837	4.298601	6.034365
species	5.093532	5.452581	4.826804
think	6.0739274	4.9681325	5.2624383
bed	4.689297	2.9472961	3.050159
wind	4.979762	4.949893	4.2579894
bless	8.311655	4.649479	6.6119885
destroy	3.60498	6.6121836	5.050898
author	5.3148317	4.9579782	5.4399533
sustain	5.499979	5.2341623	6.103749
black	3.2834716	4.805958	3.5576892
event	6.782095	5.554266	7.015752
liberty	7.6411595	5.9908743	7.497712
negro	3.4893053	5.1761703	4.0809674
little	4.5813503	4.02884	3.3640008
fortune	6.6089807	4.905356	6.0550823
touch	5.833559	4.063074	4.6307764
kill	4.233731	6.5786695	4.9617524
feature	5.2465687	3.8107586	4.9324355
happiness	8.176341	4.603862	6.2768097
assume	3.695735	4.728473	4.452408
notion	5.5216966	4.372455	5.2318277
purchase	7.063127	4.5816574	5.9560986
faithful	6.6309705	3.900651	5.9044247
soldier	4.932005	6.2531214	5.9613943
father	5.477307	4.095088	5.665519
narrow	3.3190324	4.6141753	3.4344153
great	5.2887964	5.89945	6.585013
tear	2.9386866	5.0288205	2.9241793
honorable	6.4186573	5.2491417	6.5156493
previous	4.5786133	4.2210846	4.433835
good	7.1696525	4.4113274	6.8259706
domestic	4.949104	3.7119138	4.4913263
glory	7.173433	5.7252855	7.061984
lay	4.399591	4.8943043	4.324257
occasion	5.489126	5.502827	5.5442166
guard	4.7551546	5.564424	6.272039
whole	5.525724	4.9675946	6.033657
mouth	4.6786532	4.747755	4.562576
receive	7.0567164	4.71495	5.682126
take	4.768253	4.9962544	4.6851773
simple	6.5434237	4.210349	5.7485495
error	2.1468706	5.550129	3.9634213
wisdom	6.6161895	4.7536097	6.6152716
rock	5.0126243	4.945814	5.3397613
decide	5.6081457	5.112156	6.2456627
exclaim	6.0234785	6.105791	6.068524
assure	7.5201516	5.5388155	6.635502
sign	5.100086	3.7618005	4.4902067
preserve	5.9057264	3.9993277	5.931815
commerce	6.4775424	5.530476	7.0516286
plant	4.819115	4.5346665	4.491707
walk	5.9472165	4.1024923	4.2011037
difference	4.7890606	4.0869303	4.9378166
hang	4.675479	4.5599923	4.7262135
following	7.5220995	3.528484	5.9114656
employ	4.6192846	5.1939225	5.730241
