deal	5.56227	5.6773367	5.9155865
study	6.7841005	4.43794	6.5044937
afford	6.8981514	4.7787733	6.153943
service	6.5004683	4.7298784	6.223487
height	5.4711037	5.073032	5.8797936
prospect	7.503825	5.0045233	6.580308
pleasant	7.3842983	3.9921231	4.9579797
shade	4.32543	3.349683	3.5681567
listen	5.0829473	5.645644	4.386747
mighty	6.5114746	5.4422216	7.031539
country	5.246609	4.2040186	5.197469
title	7.5860977	4.3976984	7.0671124
choose	5.6709995	4.5662217	5.110314
village	6.1883125	4.819686	5.8692527
acquire	8.061086	5.898136	8.430029
rank	6.3445745	5.644303	6.432391
bow	6.0694075	4.112064	4.902367
doctor	4.7366157	4.3870544	4.7642555
talent	8.041796	6.0125084	7.9421806
source	5.8272066	4.4192038	5.573559
lead	5.038582	5.46688	5.4082
question	4.885392	4.1284103	5.2967033
publish	5.946607	4.876111	5.5546837
interest	6.3814974	5.3625336	5.6390266
serve	5.2599998	3.7576356	4.4212756
divine	7.6469355	4.604424	7.43552
put	5.1319604	4.4688168	4.510816
shadow	4.0800714	3.2926953	3.6686254
practical	5.7661943	4.559043	6.3048115
surface	4.8906302	3.2397077	4.186444
account	5.6522083	4.689316	5.5020914
loss	3.7053108	5.878933	4.2016244
indian	4.753808	5.2723436	5.510698
vine	6.4749384	4.0690784	5.686339
certain	5.4332457	5.29716	5.7693315
sin	2.849244	4.838537	4.220227
necessity	4.592505	5.3038974	5.65181
lose	4.5966825	5.233931	4.3381143
private	4.444676	4.6801457	5.2685165
gentleman	6.307254	4.398142	5.4532175
daughter	5.4466023	4.3156533	4.7886686
drive	3.4142013	7.0439253	4.9316325
strange	4.3065033	5.5741115	3.8958094
journey	5.769363	4.3008327	4.2158146
uncle	5.7312436	3.8924918	5.435498
species	5.3508883	4.8827543	4.270874
think	5.8766546	4.9284654	5.2012777
bed	4.98018	2.8776119	3.2664695
wind	4.816675	4.9334946	4.346731
bless	8.083616	4.4566984	6.395565
destroy	3.271172	6.5339737	5.196384
author	6.2266064	4.620371	5.504613
sustain	5.576072	5.305893	6.0690007
black	4.0940056	5.0880218	4.643326
event	6.44779	5.9557767	6.8512964
liberty	7.748037	5.8446174	7.643681
negro	4.282122	4.896839	4.8960733
little	4.6659594	4.3619866	3.6193202
fortune	6.8535953	5.0523176	6.3149524
touch	5.6014853	4.5086975	4.4396753
kill	3.7686443	6.4463797	4.9989467
feature	5.271975	3.515541	5.049334
happiness	8.137267	4.53343	6.5859785
assume	4.4982376	4.8350825	4.7785645
notion	5.7697906	4.2341356	4.9254694
purchase	6.910427	4.572491	5.905814
faithful	6.5148168	4.18666	6.119276
soldier	4.621565	6.442071	6.220902
father	5.737124	4.4938335	5.8036265
narrow	3.100403	4.1227307	3.5992172
great	5.806661	5.9235473	6.052301
tear	3.3463514	4.5963955	2.9629784
honorable	5.6904407	5.401229	6.709492
previous	4.527767	4.575762	4.634262
good	7.5201516	4.6467133	6.9368286
domestic	4.3015437	3.200643	3.5936606
glory	7.6006494	5.345164	6.9917164
lay	4.6279683	4.23526	3.8022795
occasion	5.250614	5.316698	5.3248
guard	4.823218	5.203428	5.8778033
whole	5.446276	4.5825777	5.5294795
mouth	4.451816	4.6638412	4.5582886
receive	6.996194	4.9430575	5.823246
take	5.070302	4.8695865	5.148401
simple	6.083289	4.041065	5.296471
error	2.5852654	5.3697343	4.093897
wisdom	6.9638968	4.8368254	7.49471
rock	5.127439	4.4387856	5.0450773
decide	5.3583107	5.362295	6.190281
exclaim	6.4812717	5.9202733	6.018772
assure	7.6050286	5.085056	6.3160257
sign	5.263627	3.3956223	4.707137
preserve	5.868484	4.228424	6.035596
commerce	6.133333	4.9681516	6.0883064
plant	4.8163314	4.161911	4.7296066
walk	5.9162703	4.821232	4.422302
difference	5.337017	4.2525377	5.2874603
hang	4.434807	4.298909	3.97804
following	6.8627143	3.7604148	6.2152896
employ	5.218013	4.824342	5.4801774
