deal	4.6540833	5.5483847	5.8115153
study	7.0852137	4.1953125	6.8759785
afford	6.734265	5.1354218	6.3727713
service	7.438401	4.491213	6.618126
height	5.0396442	5.1534433	5.3551474
prospect	7.0620184	5.252878	6.419687
pleasant	7.954606	3.9529004	5.4307175
shade	4.810415	3.616363	3.6537042
listen	5.335803	5.690942	4.8743224
mighty	6.316667	5.4527082	7.173842
country	5.6404552	4.795802	6.159447
title	7.303113	4.040678	6.384723
choose	5.97796	4.122422	4.9448113
village	6.093456	5.0815854	5.8475585
acquire	7.9032373	5.7748065	8.38376
rank	5.4396276	5.057171	5.4343657
bow	5.935616	4.064923	5.3702736
doctor	4.908966	4.8006783	5.305073
talent	8.139587	5.91097	7.8313775
source	6.518141	4.7233205	5.851571
lead	5.0585985	5.639109	5.4217253
question	4.9943595	4.8534794	5.598084
publish	6.1524434	5.0212955	5.55932
interest	6.5535374	5.1785803	5.939787
serve	6.226346	4.1628695	5.285909
divine	7.3343143	3.9465618	6.6160593
put	4.686937	5.1370044	4.4589777
shadow	4.7287254	3.0659065	3.632593
practical	6.1166964	4.3149734	6.3907566
surface	4.8545456	3.175895	3.8676786
account	4.995662	5.2608876	5.3474045
loss	3.3710232	5.1530347	3.5625768
indian	4.8871384	5.6465874	5.404499
vine	6.381509	3.8714237	5.333908
certain	5.557317	5.592542	6.340358
sin	3.6108017	5.4494376	4.681479
necessity	4.2003183	5.1293626	5.1905985
lose	4.412172	4.8820515	4.697772
private	4.834062	4.5547137	5.1601014
gentleman	6.6015205	4.422657	5.9369226
daughter	5.51591	4.765027	5.2779064
drive	3.1355057	6.4979672	4.8033457
strange	4.3380685	5.635955	4.340782
journey	6.234536	4.167706	4.5565443
uncle	6.584716	4.070167	5.620531
species	5.1088405	5.6003265	5.222539
think	5.725461	4.643334	4.8289948
bed	4.7546134	2.8921127	2.9332447
wind	4.661569	4.398879	4.391585
bless	8.214535	4.0960875	6.4566617
destroy	3.0660963	6.5702925	5.1793613
author	5.8497677	4.436959	4.911148
sustain	5.245002	5.271227	5.888033
black	3.2545161	4.589958	3.4076247
event	6.043046	6.0397887	6.8599625
liberty	7.6941934	5.3116627	7.621134
negro	4.057938	5.270723	4.275952
little	4.7972846	3.7970624	3.5239182
fortune	7.136505	5.0738897	6.307993
touch	5.288754	4.4266768	4.261548
kill	3.4853258	6.6520596	4.894306
feature	5.0671067	4.3073063	5.3569345
happiness	8.491287	4.3773694	6.0349054
assume	4.1703496	4.8047276	4.7076697
notion	4.77148	4.2744923	4.66984
purchase	7.0989285	4.4010754	5.8290834
faithful	6.8234763	3.6799026	6.156475
soldier	4.3479795	5.585231	5.472795
father	5.838662	5.1590567	5.5905685
narrow	3.3382344	4.413857	4.3330674
great	5.258434	5.8152175	6.562728
tear	3.9549189	4.4988556	3.0758328
honorable	6.615065	5.328313	6.613062
previous	4.3303266	4.551981	4.339156
good	6.8219123	4.442107	6.50042
domestic	5.087957	3.6262455	4.1629663
glory	7.7761106	4.919845	7.0591
lay	4.0971966	4.9750257	4.586029
occasion	4.897536	5.6579704	5.356078
guard	4.3075995	5.436033	5.752865
whole	5.7060924	4.894784	5.8177695
mouth	4.711283	4.9492173	4.7490416
receive	6.268408	4.866296	5.5188227
take	4.465929	5.294507	5.133176
simple	6.3619366	4.306861	5.6200867
error	2.5476544	5.5028033	3.9315295
wisdom	7.3676977	4.871764	7.482272
rock	5.016358	4.579888	5.051857
decide	5.315601	5.1947713	6.3130226
exclaim	5.535415	6.3078413	5.4278736
assure	7.5528965	5.2977967	6.6341743
sign	4.7337265	3.8725948	4.2740993
preserve	5.5937533	4.4009953	6.0376353
commerce	6.4656477	5.403361	6.7380595
plant	5.038228	4.3083735	4.7415066
walk	5.9096823	4.3589134	4.440275
difference	4.570663	4.734904	5.1876535
hang	4.576056	4.40845	4.3491936
following	6.5670033	3.8871226	5.760996
employ	5.5849075	5.316863	6.102303
