deal	4.561214	4.881648	5.7293615
study	6.7892413	4.341426	6.7691813
afford	7.1799445	4.7853594	6.250553
service	6.905287	4.448319	6.3672714
height	5.110513	5.169523	5.7157483
prospect	7.597353	5.483765	6.682637
pleasant	7.266694	3.8604054	4.6729693
shade	4.696063	3.419907	3.5525987
listen	4.491417	5.800247	4.359913
mighty	5.7897406	5.355073	7.0413504
country	5.484529	4.5271907	5.732157
title	7.3623257	4.484891	6.64423
choose	5.3164563	4.1380796	4.6249824
village	6.653661	4.803377	5.582261
acquire	7.780998	5.5380607	8.419865
rank	6.020819	5.1534595	6.4895406
bow	6.0449977	4.024181	5.3574557
doctor	4.656704	4.5490913	5.078766
talent	8.102823	5.5236907	7.716376
source	7.179496	5.099339	6.414198
lead	4.614514	5.196508	4.632285
question	4.4885764	5.076614	5.6071577
publish	5.73357	5.126487	5.7669563
interest	6.2484674	5.4260883	5.733247
serve	5.431218	3.6459346	4.7821937
divine	7.885375	4.2607255	7.264129
put	4.930854	4.801435	4.1482
shadow	4.617085	3.2860053	4.113814
practical	6.155762	4.2617173	6.316432
surface	4.822666	3.1484709	4.164237
account	5.6873865	4.5011234	5.2726626
loss	4.6483045	5.161945	4.2097964
indian	5.3249006	5.255507	5.1228185
vine	6.0804915	3.5740352	5.393435
certain	5.3881884	5.0576897	5.3824973
sin	3.1595554	5.2374396	4.7757306
necessity	4.488024	5.265804	5.4004374
lose	4.494227	5.3176126	5.103027
private	4.2212577	4.2906504	4.488692
gentleman	5.973614	4.3753242	5.510211
daughter	5.543795	4.6827693	5.542569
drive	3.5953217	6.2290893	4.728414
strange	3.6836057	5.5621953	3.4122136
journey	5.884597	4.0948296	4.6010437
uncle	5.7869873	3.5111487	4.8514485
species	5.6287026	4.9327636	4.996113
think	5.4449644	4.562739	4.660242
bed	4.560528	3.4015563	3.3118167
wind	4.255288	4.3978567	4.1462717
bless	8.900838	4.3859153	7.062811
destroy	3.6434126	6.3531747	4.94747
author	6.304711	4.720852	5.8608365
sustain	5.76739	5.0910954	5.915697
black	4.0968122	5.625336	4.115056
event	6.524652	5.85979	6.883178
liberty	8.081878	6.277218	7.7575207
negro	4.0814633	5.556689	4.18722
little	4.871241	3.7611394	3.4868588
fortune	6.3843765	4.6909723	6.087532
touch	5.4812465	4.366072	4.6435676
kill	4.0917377	6.4375505	5.0935583
feature	5.1534915	3.6621363	4.964315
happiness	8.7054825	4.804146	6.7179775
assume	4.201444	4.8267636	5.043604
notion	5.621019	4.1344557	5.3690906
purchase	6.7622585	4.6809583	5.79601
faithful	7.0430174	4.1954756	6.372119
soldier	4.2328606	5.9934044	5.4337587
father	6.0000286	5.116225	6.1839194
narrow	2.8169475	4.32481	3.2226598
great	5.383905	5.0851326	6.4827213
tear	3.3053346	4.7016015	2.7840414
honorable	6.13974	5.032794	6.2467594
previous	4.4324856	4.9452767	4.7829723
good	7.124841	4.0135584	6.2504487
domestic	5.035341	3.9114265	4.058585
glory	7.5763617	5.259024	7.517784
lay	4.4061675	4.94875	4.8440785
occasion	5.159822	5.379215	5.232764
guard	4.8690815	5.562125	6.0218477
whole	5.5665555	4.719089	5.526936
mouth	4.8503876	4.7130103	4.3002872
receive	6.9268336	4.7203865	6.005763
take	4.8656445	5.2341003	5.074102
simple	6.269591	4.1971216	5.611511
error	2.8293216	5.3435316	4.5311227
wisdom	7.0523324	4.2325845	6.967309
rock	5.044944	4.8695374	5.441597
decide	4.8214946	5.0842333	5.8271885
exclaim	5.9631615	6.3966575	5.936833
assure	7.870665	4.937278	6.5780807
sign	5.529831	3.650765	4.997017
preserve	6.343644	3.8510447	5.8347616
commerce	6.2092094	5.505767	6.794838
plant	4.1704993	4.2184987	4.518017
walk	5.6460924	4.252148	4.1736417
difference	5.1127353	4.2022195	5.150306
hang	4.2768526	4.365576	4.4283123
following	7.168864	3.7809248	5.681529
employ	4.579143	4.9743423	5.1083183
