deal	4.5198164	5.7897635	5.463558
study	6.0892315	4.647832	6.65145
afford	7.170636	4.9274206	6.1742105
service	6.718832	4.632231	6.2496367
height	5.3056116	5.248941	5.781358
prospect	7.3953457	4.862256	6.540228
pleasant	7.5351295	3.974537	5.101348
shade	4.3968964	3.609834	3.1221592
listen	5.2892947	5.3607426	4.48371
mighty	6.3689704	5.775017	7.247573
country	5.5339622	4.0631766	6.025206
title	7.716396	3.9434814	6.6041956
choose	5.233876	3.9817123	4.7305145
village	6.301401	4.6150064	5.6094093
acquire	7.683845	5.413224	7.8483567
rank	5.9885683	5.020467	5.956834
bow	6.2827187	3.9693985	5.4598446
doctor	4.7363915	3.954428	5.112875
talent	8.351541	5.412435	7.8468876
source	5.836789	4.6978073	5.137451
lead	4.8831534	6.0205593	5.2047844
question	5.328502	4.1893396	5.5772476
publish	5.961803	4.835766	5.2062144
interest	6.276778	4.9559717	5.546261
serve	4.991485	4.5078855	4.5344896
divine	7.7163177	4.310872	7.273735
put	5.328709	4.512937	4.67145
shadow	4.195672	3.4557414	3.7291837
practical	6.4848714	4.4134064	6.2814403
surface	4.684582	2.8895564	4.0521727
account	5.636218	4.6017747	5.6060286
loss	4.2334137	5.3862767	4.497735
indian	5.104093	4.775174	5.084575
vine	6.092718	3.5990887	5.0887485
certain	5.03983	5.560085	5.948848
sin	3.2456546	4.839088	4.3053718
necessity	4.1827025	5.068454	5.6801972
lose	4.0818825	4.7030625	4.5154815
private	4.354945	4.583869	4.5898476
gentleman	6.697998	4.3991137	5.941061
daughter	5.8528028	4.522518	5.446449
drive	2.9961185	7.0191517	4.741073
strange	3.7638676	5.7070394	4.3000183
journey	5.899231	4.384622	4.44049
uncle	6.2545857	3.8839035	5.172495
species	5.9485855	5.055779	5.359047
think	5.4611573	4.726037	4.641569
bed	5.0123005	3.3748615	3.4508467
wind	4.3036532	4.841251	3.9754636
bless	8.590282	4.2382455	6.670335
destroy	2.9187975	6.427477	4.620473
author	5.875547	4.51131	5.198341
sustain	5.355434	5.2450795	6.1829305
black	3.4249568	4.512646	4.1987257
event	5.8868904	6.0146327	6.486236
liberty	7.7580175	5.7326536	7.951163
negro	4.3126416	5.16653	4.502657
little	4.2056427	4.064696	3.1514392
fortune	6.815668	4.8917847	5.926799
touch	5.9367595	4.3634024	4.492184
kill	3.4455352	6.6386223	4.6623163
feature	5.3196898	4.049922	5.2657976
happiness	8.304422	4.760391	6.2840595
assume	4.2544713	4.867991	4.879359
notion	5.5963097	4.014626	5.12695
purchase	7.450115	4.5570354	6.147143
faithful	6.660855	4.422787	5.898719
soldier	4.3420124	5.926489	5.9150925
father	6.3862085	4.84759	6.057093
narrow	2.842682	4.403599	3.691896
great	5.2162275	6.385416	6.672901
tear	3.6458104	4.700609	3.2947414
honorable	6.640918	5.190229	6.6259217
previous	4.3552675	4.5914106	4.5803
good	6.903001	4.4303007	6.446759
domestic	4.9029794	3.244697	3.9039679
glory	7.534307	5.3463783	6.85658
lay	4.576606	4.401272	4.377419
occasion	5.676755	5.071828	5.6297436
guard	4.379691	4.8383036	5.604232
whole	5.160712	4.8169227	5.8791018
mouth	5.248062	4.486834	4.5394406
receive	7.095734	4.9900966	6.199991
take	4.194453	5.4269648	4.8371053
simple	7.0183296	4.042306	5.8559427
error	2.2871041	4.7542267	3.3956919
wisdom	7.3439374	4.7694683	7.0464735
rock	4.988788	4.9702654	5.3426275
decide	4.670807	5.280249	5.9263225
exclaim	5.6513996	6.159649	5.674425
assure	7.471507	5.169139	6.340934
sign	5.339677	3.4350433	4.7045307
preserve	5.5653048	4.0899816	5.3336563
commerce	6.4172745	4.9132223	6.2471676
plant	4.9998045	4.063419	4.7170033
walk	5.359323	4.434583	3.9212682
difference	5.0939593	4.8188143	5.3790097
hang	4.210833	4.6567526	4.1649585
following	6.7513156	3.40524	5.821114
employ	4.7960324	4.7689033	5.1008334
