deal	4.9896846	5.4681187	6.1541657
study	6.3887424	3.6382952	5.8217535
afford	6.591869	4.9108286	5.1704707
service	6.5293684	4.1162868	5.5728197
height	5.143977	5.0383496	5.596426
prospect	7.493349	4.660947	5.899971
pleasant	7.5145206	3.9641914	4.872737
shade	3.6644397	4.191358	2.8014755
listen	4.672044	5.804018	4.7678075
mighty	5.767607	5.98433	7.182376
country	5.8344607	3.8761148	5.9068136
title	8.401283	4.27637	6.975896
choose	5.557963	4.3641005	5.125929
village	6.4942827	4.6111217	5.790854
acquire	7.989195	5.654244	8.180047
rank	5.958109	5.140424	5.813018
bow	5.279971	3.9445057	4.7867627
doctor	4.8197236	3.946291	5.156614
talent	8.2133255	5.8478723	7.7198486
source	6.123252	4.5758944	5.4310074
lead	4.9734163	5.525914	5.409045
question	4.6259127	4.9519825	5.754551
publish	6.3389273	5.0553985	5.850711
interest	6.323019	4.9618745	5.6350565
serve	5.3079824	3.6528	4.525366
divine	7.943682	4.4649796	7.517564
put	4.614556	4.754185	4.1507993
shadow	4.0554433	3.304432	2.9960456
practical	5.776272	4.686242	6.257962
surface	4.8651037	2.940501	4.039954
account	5.60954	4.8236074	5.438349
loss	3.5955167	5.38884	3.5321503
indian	4.9803104	5.5318637	5.2787633
vine	7.0109406	3.6838603	5.7866783
certain	5.689179	5.1710186	5.915879
sin	3.0749588	5.0970497	4.6282783
necessity	4.176383	5.300452	5.371051
lose	3.9082503	5.7363667	4.495247
private	4.8763385	4.1945615	4.85371
gentleman	6.1308947	4.4477005	5.6354218
daughter	5.3571253	4.337856	5.3052964
drive	3.5656517	6.5703773	4.5263534
strange	4.1484985	5.760768	4.0983806
journey	6.8019266	4.1402903	5.0306168
uncle	6.5027146	3.314096	5.428797
species	5.242751	5.2197347	5.222727
think	6.239706	4.286561	4.96011
bed	5.369651	2.9370923	3.484612
wind	4.5181217	4.5053015	4.303055
bless	8.027543	4.047079	6.0331964
destroy	3.3860614	6.858016	5.419216
author	6.3350487	4.595282	5.7080827
sustain	5.5339937	5.0127425	6.3108664
black	3.4390056	4.6194353	4.1055813
event	6.638756	5.556722	6.61357
liberty	7.9555545	5.8297734	7.510849
negro	4.404973	5.2570777	4.828597
little	5.1448045	3.7365541	3.4128847
fortune	6.6695724	4.7783237	6.0634065
touch	6.0020385	4.271648	4.565212
kill	4.279085	6.529153	5.2989106
feature	5.1481314	3.6368651	4.7176204
happiness	7.994069	4.5102634	5.9859505
assume	3.8732307	5.4925947	5.0770836
notion	5.8104258	4.500465	5.4201946
purchase	7.1957192	4.648193	5.874093
faithful	7.1864223	4.0440845	6.2219915
soldier	4.905982	5.89001	6.045024
father	5.3704557	4.731108	5.795544
narrow	3.344045	4.2085876	3.9637463
great	5.3653255	5.6733994	6.602777
tear	2.2386382	4.663167	2.3597198
honorable	6.1595407	4.9430265	6.019058
previous	4.2668552	4.8740525	4.374685
good	7.551235	4.0588617	6.4047165
domestic	5.261415	3.4249673	4.0050454
glory	7.389813	5.2816396	7.0379734
lay	4.9490633	4.6848183	4.714223
occasion	5.5743127	5.1002483	5.3940153
guard	5.18874	5.5826135	6.2136807
whole	5.426634	4.5628514	5.673849
mouth	5.2685537	4.592551	4.8257008
receive	6.673119	4.784561	5.515139
take	4.3603144	4.857938	4.3417544
simple	6.4241886	4.2533426	5.6517544
error	2.265195	5.2616434	3.9265163
wisdom	6.630885	4.7523813	6.885334
rock	5.1795707	5.0449595	5.593635
decide	5.060789	5.2086277	6.168556
exclaim	5.93412	6.3998914	5.7834797
assure	7.33826	4.867607	6.081746
sign	5.3182635	3.7913709	4.808039
preserve	5.807431	4.1207986	5.7825356
commerce	6.0051327	5.7163625	6.9665728
plant	5.513172	4.0652027	5.0036087
walk	5.8815145	4.9596634	4.700842
difference	4.581214	4.529505	4.4306464
hang	3.7565618	3.9928877	3.390297
following	7.002906	3.653121	5.4722657
employ	5.1614127	5.1610208	5.7511587
