deal	5.2874928	5.8283796	6.149365
study	6.6716547	3.9723	6.573697
afford	5.879129	4.8266788	5.38564
service	6.377543	4.6351748	6.0233483
height	4.501863	4.9859853	5.0421658
prospect	6.99211	5.4054437	6.129485
pleasant	7.7846317	4.030054	5.049674
shade	4.3494387	3.9541845	3.2681413
listen	5.140952	5.6568894	4.8386674
mighty	6.092705	5.6412973	7.3016763
country	5.7152276	4.0797453	5.875558
title	6.744172	4.1481123	6.301072
choose	5.9294724	4.313072	5.4017887
village	6.5066195	4.74467	5.7604723
acquire	7.7011786	5.667365	8.035041
rank	5.5154386	4.8963804	5.491837
bow	5.9378295	4.363949	5.3419433
doctor	5.276097	4.107091	5.269713
talent	7.8310914	5.797446	7.6997814
source	6.0821466	4.9262753	5.6713715
lead	5.0910954	5.4720497	5.2573395
question	4.918944	4.148071	5.2939506
publish	5.146403	5.165802	5.41374
interest	6.693471	5.226083	6.172638
serve	5.3137627	3.5968928	4.3342876
divine	7.331807	4.440299	7.4136434
put	4.776198	4.72269	3.9382827
shadow	4.6947255	3.4031239	4.012788
practical	6.310005	4.3551655	6.2222385
surface	5.047724	2.9146273	4.047665
account	5.3288746	4.695628	5.324506
loss	3.3809688	5.496335	3.7338653
indian	4.758313	5.3546066	4.964712
vine	6.457348	4.0385895	5.5566893
certain	5.6643043	4.89951	5.9011106
sin	2.92312	5.6035957	4.5091476
necessity	4.6307406	5.2860875	5.8398848
lose	4.148248	5.0483017	4.265947
private	4.069141	4.3750257	4.474759
gentleman	6.115102	4.5925636	5.4348683
daughter	5.5786586	4.601683	5.475599
drive	3.4757967	6.5742774	4.8061433
strange	4.3237796	5.163449	4.37235
journey	6.655124	4.2949915	5.095204
uncle	6.5047092	4.531524	4.8280363
species	5.4628515	5.4043627	5.625333
think	5.826314	4.7943277	5.0594053
bed	4.978944	3.3802738	3.2340274
wind	5.083139	4.7264843	4.631248
bless	8.032314	4.3342	6.56061
destroy	3.2389164	6.794331	4.966275
author	5.8403616	4.5746546	5.562016
sustain	5.4055557	5.198182	6.265446
black	3.534348	4.7810645	3.7864919
event	6.9289055	5.3472476	7.0222497
liberty	7.323468	5.6829653	7.093446
negro	3.423318	5.9106727	4.1318865
little	5.0057487	3.9435437	3.1775818
fortune	6.7632895	4.9642115	6.3024464
touch	5.5549555	4.340183	4.2805023
kill	3.856588	7.124827	5.0103517
feature	5.3899384	3.435889	4.997808
happiness	7.904326	4.714479	5.828203
assume	3.8189592	4.922127	4.899925
notion	5.425396	3.902676	4.9425817
purchase	6.563284	5.0695415	6.099627
faithful	7.082352	4.344471	6.6824102
soldier	4.7218876	5.6558948	5.877925
father	5.4219875	4.98825	5.808998
narrow	3.5059586	4.449565	3.700247
great	6.0251374	5.6546803	6.90088
tear	3.3351295	4.6089907	2.8319864
honorable	5.9062576	5.167857	5.95904
previous	4.303468	4.391502	4.642963
good	7.5261645	3.7480364	7.0712824
domestic	5.026292	3.121816	4.0852613
glory	7.0845003	5.4928913	7.1233263
lay	4.5906863	4.621686	3.9246924
occasion	5.162059	5.1870933	5.0964136
guard	5.1612787	4.499042	5.909956
whole	5.292172	4.571415	5.518013
mouth	4.919127	4.501283	4.4854355
receive	6.3404303	5.114829	5.29611
take	4.2275763	4.8725395	4.318688
simple	6.5056334	4.2711864	5.5456605
error	2.4498844	4.843995	3.621879
wisdom	7.267351	5.0410867	7.687689
rock	4.9005723	5.0210905	5.264444
decide	5.847494	5.088908	6.3163023
exclaim	4.8667965	6.0943494	5.259723
assure	6.9974823	5.5858226	6.3808913
sign	5.3136764	3.6379075	4.428534
preserve	5.9756527	3.768917	5.63191
commerce	6.383689	4.9408855	7.0621758
plant	4.2638717	4.123265	4.3390727
walk	5.518146	4.5420685	4.3706603
difference	4.760355	3.9620774	4.5680394
hang	4.0738964	4.5927777	4.0011625
following	6.870082	3.7619824	5.755993
employ	4.825574	4.569647	5.4032993
