deal	4.4737587	5.8499656	5.483829
study	7.080643	4.099477	6.433323
afford	7.3390126	4.6368656	5.8836703
service	6.558331	4.7938204	6.2688746
height	5.412813	5.256564	5.945992
prospect	7.8177476	5.4725943	6.8788166
pleasant	7.3253307	4.1080837	4.8218646
shade	4.3821263	3.5939343	3.1526918
listen	5.391573	5.532447	4.6118894
mighty	6.1412277	5.2364817	7.1028695
country	5.840177	5.1837783	6.243848
title	7.204508	4.033928	6.6741657
choose	5.121587	4.4347467	4.8494787
village	5.6950817	5.013803	5.460706
acquire	8.115217	5.402079	8.204358
rank	6.4984875	5.3169117	6.527281
bow	5.696838	4.1429586	5.109179
doctor	5.024371	4.34453	5.3900976
talent	7.6290054	6.315152	7.908115
source	6.2827187	4.9674926	5.785716
lead	5.310846	5.6279593	5.2531805
question	5.582469	4.249564	6.102537
publish	5.564755	5.2770333	5.9858804
interest	6.577339	4.9262915	6.2249556
serve	5.5258503	4.036245	4.70343
divine	7.342637	4.871881	7.4803066
put	5.124203	4.3479114	4.200392
shadow	4.35556	3.1505275	3.9664326
practical	6.2562337	4.3728943	6.3683825
surface	5.095244	2.8962991	4.226019
account	5.7995024	4.5553803	5.6248302
loss	3.7176633	5.146012	4.0238557
indian	5.038436	4.6427937	5.3066235
vine	7.2892857	4.099013	5.5495453
certain	5.305473	5.6175394	6.0388336
sin	3.1725333	5.442841	4.7663846
necessity	4.2225127	4.938988	5.4717674
lose	4.066831	5.177126	4.464194
private	3.8211482	4.7352257	4.891437
gentleman	6.5039496	4.4281416	5.8086166
daughter	6.2540483	4.41503	5.789242
drive	2.9160953	6.8055024	4.649768
strange	4.3528347	5.47075	4.0431685
journey	6.0299163	4.15757	4.5857053
uncle	6.6979475	3.9262378	5.4291987
species	5.196343	5.5425634	4.5920568
think	6.097989	4.512059	5.0694323
bed	4.8364763	2.871696	3.1066525
wind	4.657784	4.5992126	4.272934
bless	8.471013	4.738346	6.9345617
destroy	3.0326757	6.511516	4.7885733
author	5.6037025	5.1321335	5.517712
sustain	5.520303	5.219117	6.017308
black	3.9069326	5.049817	3.9606128
event	6.78045	5.5791616	7.1232305
liberty	7.747403	5.949758	7.5908847
negro	4.16395	5.5111322	4.94373
little	3.8385913	4.116508	3.1912684
fortune	6.42291	5.3681865	6.351756
touch	5.844522	4.3534846	4.767411
kill	3.8810751	6.552831	4.6530886
feature	5.0906034	3.8980408	5.092514
happiness	8.294319	4.5862794	6.0336294
assume	4.4057918	4.5557404	4.8545175
notion	5.6986604	4.161124	5.422701
purchase	6.3097715	4.500216	5.5394397
faithful	6.709816	4.4387484	6.3822136
soldier	5.0191164	5.9095774	6.3464847
father	5.7417088	4.8564143	6.002865
narrow	2.5580196	4.539075	3.337965
great	5.122072	6.2393727	6.3189454
tear	2.9607434	4.8255	2.8850417
honorable	6.0915627	5.2052083	6.402608
previous	4.5871077	4.5077944	4.4933558
good	7.1003585	4.626548	6.7691865
domestic	4.7940626	3.4897065	3.7329278
glory	7.538447	5.5698977	7.4533997
lay	4.1211896	4.280554	3.904895
occasion	5.2679043	5.4808025	5.0801907
guard	5.643195	5.1859956	6.441813
whole	5.249937	4.964165	6.1265306
mouth	4.8207808	4.8642774	4.7245927
receive	6.963706	4.7886486	5.647386
take	5.028326	5.056947	5.076688
simple	6.544613	3.747199	5.5614386
error	2.562067	5.7884116	4.367561
wisdom	6.4992027	4.5527463	6.8150344
rock	5.0427275	4.645117	5.270958
decide	5.0058293	5.545409	6.1603656
exclaim	6.0474453	5.796017	5.915561
assure	7.7817135	5.257923	6.2942796
sign	5.758597	3.9212894	5.189327
preserve	5.918725	3.7312627	5.627796
commerce	6.4429297	5.339005	6.9549437
plant	5.548428	4.8120594	5.099504
walk	5.552277	4.0323944	4.3867474
difference	4.391588	4.7013946	5.1113315
hang	4.0106	4.3323417	3.6460972
following	7.1494083	3.642816	6.0332093
employ	4.504451	5.30216	5.6659245
