deal	5.7250795	5.1415157	5.8571434
study	7.5095477	4.3473763	6.9080276
afford	6.2299337	4.93354	5.884415
service	6.416369	4.32498	6.5365562
height	5.5547256	5.5573115	6.1010427
prospect	7.634282	5.4042606	7.1265182
pleasant	7.582311	3.874516	5.032691
shade	4.3896627	3.7016819	3.5032828
listen	5.2265925	5.677161	4.499965
mighty	6.3955503	5.2791038	6.9489307
country	5.282785	4.368334	5.476576
title	6.939934	4.275812	6.324984
choose	4.9508657	4.5653853	5.199089
village	6.393111	5.1087112	6.0112863
acquire	7.807793	5.9610395	8.194705
rank	5.607191	4.9566984	5.7814484
bow	5.9064913	4.249921	5.1102505
doctor	5.0835614	4.4887414	5.5652523
talent	8.259613	6.1479697	7.942748
source	6.7929773	4.8363433	6.059987
lead	4.9214706	5.3369317	5.9307775
question	4.3308916	4.543186	4.9196224
publish	5.608615	5.4461064	5.245694
interest	6.4469595	5.0488076	5.89353
serve	4.8222327	3.7293458	4.2333503
divine	7.4305797	4.3850965	7.3010054
put	4.696675	4.7267103	4.3596063
shadow	4.2221932	3.4966223	4.1887636
practical	6.2387857	4.7608128	6.4572988
surface	4.694376	3.281213	4.359884
account	4.8833985	4.617865	5.2848287
loss	3.276553	5.400818	4.1663084
indian	4.7754745	5.581841	5.636561
vine	7.396105	3.9782474	6.184722
certain	5.2952466	5.284053	5.966017
sin	3.5262284	5.209278	4.4786234
necessity	4.6377325	4.878304	5.8270903
lose	4.095195	5.720768	4.5053678
private	3.871061	4.392119	4.7166004
gentleman	6.39497	4.364588	5.905753
daughter	5.8470926	4.840612	5.6984158
drive	3.1407378	6.6610847	4.6682653
strange	4.198979	5.6165605	3.8397088
journey	5.994584	4.2989697	4.5671654
uncle	6.802755	3.7852647	5.3912835
species	5.9633336	4.9550743	4.8041515
think	5.3750257	4.541992	4.658901
bed	5.4173236	2.6685746	3.6222746
wind	4.7010846	4.8016047	4.393171
bless	8.796857	4.7432694	7.194778
destroy	3.3878496	6.918966	5.1505527
author	5.530884	4.571592	5.004729
sustain	5.340703	5.0808997	6.2620764
black	3.1375313	5.2369695	4.2730556
event	6.785577	5.663896	7.1313305
liberty	7.510501	6.001858	7.9736967
negro	4.009242	5.4854183	4.798378
little	4.8423014	3.4606948	3.6463299
fortune	6.4298706	4.8172092	6.1436214
touch	5.533167	4.3579493	4.3184342
kill	3.6381571	6.9107027	4.885913
feature	5.3484983	4.0393577	5.1026525
happiness	8.218677	4.964799	6.7537556
assume	3.8345935	4.698059	4.3864903
notion	5.714448	3.9168944	4.6692996
purchase	6.9754467	4.6485224	5.842808
faithful	6.575842	3.797391	6.433719
soldier	4.388261	5.6987224	6.076804
father	6.3991084	4.9854918	6.10652
narrow	3.2177126	4.2832847	4.1550045
great	5.5671473	5.3674803	6.019391
tear	3.5498223	4.730111	3.0126529
honorable	5.503046	5.42134	6.6045656
previous	4.218444	4.5321	4.3701744
good	7.477579	4.0068827	6.8165274
domestic	4.751169	3.4642894	3.9793944
glory	7.5924625	5.121259	7.185732
lay	4.5254254	4.263466	4.03919
occasion	4.9316254	5.015765	5.3359346
guard	4.8458834	5.5168786	6.0432215
whole	5.4795976	4.983764	5.808482
mouth	5.511868	4.690256	4.891763
receive	6.9951873	4.537254	5.6546054
take	5.0394297	5.4500465	5.250246
simple	6.5412197	3.8876615	5.7889433
error	2.549418	5.4485135	4.2877526
wisdom	7.864688	4.885558	7.868911
rock	5.106721	5.022917	5.4452257
decide	4.9451075	5.2927155	6.1614056
exclaim	6.5456586	6.0824375	5.611646
assure	7.853912	5.230845	6.5193357
sign	5.0220866	3.9665895	4.5618067
preserve	6.039979	3.9070454	6.286354
commerce	6.6632853	5.30076	6.6337137
plant	5.3015327	4.1819444	4.9609776
walk	5.4852543	4.3254976	3.9001822
difference	5.191562	4.418412	5.016654
hang	4.289996	4.2278175	4.141661
following	7.1561894	3.5699298	5.922266
employ	4.8368874	5.0105944	4.97466
