deal	4.42906	5.286466	5.460516
study	6.8547983	4.0848784	6.4906034
afford	6.453468	4.9798837	5.9879665
service	6.996251	4.1273685	5.8522425
height	5.3940525	5.330652	6.0633144
prospect	7.139429	5.141897	6.151719
pleasant	7.3566427	4.18988	4.9506774
shade	4.3299856	3.7117457	3.451094
listen	5.222227	5.392905	4.7499943
mighty	5.8791833	5.444764	6.7016935
country	5.8298516	3.9725385	5.3662896
title	7.8365498	3.9535196	6.8821507
choose	5.5082045	4.6729217	5.2994714
village	5.890182	4.8944407	5.375325
acquire	8.06852	5.521289	7.9277387
rank	6.268025	4.682639	5.8748503
bow	6.430128	3.8698876	5.2756734
doctor	4.7928414	4.653533	5.213458
talent	8.192643	5.661713	7.699615
source	6.506821	4.9247456	6.02534
lead	5.124954	5.4631	5.404649
question	5.5166235	3.8624856	5.283469
publish	6.187854	4.8387165	5.451588
interest	6.6025667	4.5635853	5.6207337
serve	5.558534	3.8169878	4.458811
divine	7.305185	4.3048086	7.410223
put	4.9414387	4.1237783	3.874562
shadow	4.273562	3.4276555	3.8748946
practical	6.519467	4.5452833	6.4761586
surface	4.6736436	2.8539617	4.056042
account	5.243479	4.781077	5.710718
loss	3.5651197	5.516041	4.118815
indian	4.713924	5.830019	5.867418
vine	7.294796	3.9014337	6.108301
certain	5.362886	5.796505	6.4141397
sin	3.2166967	5.5674853	4.586599
necessity	3.7232137	5.772665	5.471532
lose	4.1304965	5.105205	4.203702
private	4.174712	4.5117693	4.5703
gentleman	6.6882358	4.674837	5.8681393
daughter	6.393872	4.2431555	5.352253
drive	3.4621968	6.7176123	4.692569
strange	4.187142	5.6701326	4.3183513
journey	5.8956585	4.3703337	4.675461
uncle	6.9135656	4.9377165	6.3472166
species	5.6667213	4.9997416	5.213862
think	5.432165	5.456961	5.181133
bed	4.6449885	2.945234	2.6070273
wind	5.017824	4.7987113	4.737015
bless	8.700195	4.1786613	6.3340845
destroy	3.6514761	6.8761134	5.409453
author	5.841872	4.531928	5.330773
sustain	5.446551	5.3100863	6.1471024
black	3.3228774	5.121473	3.5505257
event	6.7367387	5.5523577	6.570332
liberty	7.013779	6.013518	7.3435645
negro	3.6011946	5.680732	4.260165
little	4.7244453	4.4281626	3.48634
fortune	6.677335	5.09358	6.160365
touch	5.7132335	4.4384575	4.477645
kill	3.8837473	6.7377634	5.1112165
feature	5.5763597	3.6737888	4.997354
happiness	7.966256	4.8621206	6.46419
assume	4.49849	4.8681965	5.1398425
notion	5.251421	4.4077754	4.7526445
purchase	6.6144323	4.8210764	5.7041087
faithful	6.739075	3.887105	5.847342
soldier	4.36371	6.037089	5.5679526
father	6.85155	4.614557	5.8975224
narrow	2.7082324	4.6184072	3.3344252
great	5.6582575	4.7934403	6.0244355
tear	3.350961	4.420042	2.1708663
honorable	6.6365347	5.422393	6.808959
previous	4.6132874	4.635325	4.6146054
good	7.293916	4.3025465	6.888316
domestic	4.640879	3.7932339	4.0712314
glory	7.686343	5.217786	6.9273787
lay	4.055384	4.610778	4.2200766
occasion	5.104067	4.9744697	5.5442133
guard	4.2274218	5.2466636	5.5587983
whole	5.9263105	4.3095484	5.657334
mouth	5.1242237	4.47427	4.207677
receive	6.6406918	4.4221373	5.340198
take	5.635854	4.875267	5.018403
simple	5.870549	4.096088	5.206836
error	2.5514636	5.250274	3.928864
wisdom	7.112302	4.7754335	7.0401816
rock	4.79832	5.183701	5.4378114
decide	5.465025	4.8651013	6.2247734
exclaim	5.9799356	6.326383	5.7245636
assure	7.904272	5.251809	6.3931446
sign	4.8674645	3.8449914	4.8813076
preserve	6.0932755	3.9156332	5.73337
commerce	6.665247	5.3811097	7.1811867
plant	5.1940503	3.7633712	4.9355206
walk	5.5455604	4.517557	4.2537723
difference	4.458983	4.3413925	4.919904
hang	4.3047457	4.641657	3.9562268
following	7.1186986	3.396241	5.526342
employ	4.7245183	5.136057	5.1857257
