deal	5.269497	5.5347314	5.8327103
study	6.5759254	4.474956	6.5089064
afford	6.8767624	4.741355	6.1750083
service	6.587189	4.660456	6.3398504
height	5.28712	5.2265873	5.7703633
prospect	7.455171	5.2038846	6.416179
pleasant	7.5597095	4.143441	4.9555917
shade	4.5322843	3.7436643	3.3556495
listen	5.429989	5.442344	4.873094
mighty	6.25081	5.655403	7.227688
country	5.799704	4.0866146	5.5696864
title	7.672441	4.04177	6.676155
choose	5.5518494	4.4190335	5.043543
village	6.577895	4.8756514	5.8815155
acquire	7.8040457	5.763972	7.9676485
rank	5.724546	5.201565	5.898206
bow	5.981097	3.7426512	4.7016582
doctor	4.7937016	4.1842694	4.8431497
talent	8.001569	5.869402	7.6129465
source	6.5755324	4.6698146	5.842869
lead	5.1032677	5.7260265	5.555456
question	5.0218067	4.0253105	5.423127
publish	5.614436	5.1134763	5.5899034
interest	6.461682	4.885528	6.0436583
serve	5.5686445	3.883834	4.8803835
divine	7.5404377	4.325869	6.9685717
put	5.0169663	4.4223766	4.2745533
shadow	4.3818583	3.4570985	3.7429256
practical	5.8766193	4.5638685	6.201956
surface	5.004194	2.9082131	3.9810977
account	5.6237316	4.6361847	5.8170834
loss	3.856614	5.376955	4.0484366
indian	5.0819793	5.0166736	5.036576
vine	6.928355	3.9307044	5.546007
certain	5.3593855	5.2890453	5.9162827
sin	2.9450083	5.404291	4.4612265
necessity	4.4563694	5.327426	5.505755
lose	4.656648	4.9653316	4.558861
private	4.0923157	4.4863167	4.57617
gentleman	6.169573	4.242152	5.5299635
daughter	5.9986215	4.382583	5.7004213
drive	3.0410652	6.8670683	4.718451
strange	4.105415	5.5983315	4.181135
journey	6.3936343	4.0809975	4.922835
uncle	6.7370443	3.7892084	5.5888824
species	5.690318	5.252657	5.2147794
think	5.4586787	4.88689	5.0373993
bed	4.8161135	3.4151227	3.3600678
wind	4.478281	4.7256966	4.456822
bless	8.706352	4.2354746	6.545464
destroy	3.1538684	6.753819	5.1087003
author	5.8889956	4.5560417	5.2470493
sustain	5.4029064	5.085545	5.920079
black	3.3798513	4.9872513	3.6133065
event	6.7394648	5.74884	6.9986157
liberty	7.952079	5.7607307	7.381125
negro	3.5050747	5.090604	3.8579192
little	4.6662173	3.8719714	3.3006406
fortune	6.806663	5.180566	6.317078
touch	5.438335	4.1336555	4.2628713
kill	3.8422325	6.697913	5.0851197
feature	5.4549065	3.7659662	5.1111536
happiness	8.561443	4.5474396	6.1935577
assume	4.0786114	4.8466883	4.767588
notion	5.387666	4.128517	4.9154634
purchase	6.681904	4.5886497	5.915007
faithful	6.648639	4.1849437	6.2434077
soldier	4.4752812	5.7321253	5.769044
father	6.0092387	4.6889677	6.135247
narrow	3.2503989	4.3471637	3.6935573
great	5.423408	5.7419534	6.536046
tear	3.2515895	4.856334	2.843214
honorable	6.135556	5.358294	6.3421917
previous	4.489692	4.5425224	4.6144094
good	6.9527435	4.342946	6.31769
domestic	4.7070975	3.4338207	3.8669062
glory	7.392653	5.49123	6.894575
lay	4.1998625	4.7663984	4.2297306
occasion	5.2149067	5.2448077	5.4054365
guard	4.708314	5.127253	6.0957775
whole	5.260725	4.3000903	5.453144
mouth	5.3161635	4.728204	4.61299
receive	6.6647167	4.75877	5.6719074
take	4.6036744	5.258393	5.0147486
simple	6.430236	4.180089	5.795657
error	2.410739	5.4860535	4.029007
wisdom	7.0710077	4.6718245	7.147275
rock	5.1878552	4.99949	5.395235
decide	5.3817387	5.0304775	6.101179
exclaim	5.684287	6.1367188	5.670885
assure	7.7124386	5.1977305	6.488491
sign	5.0354557	3.9976497	4.4995337
preserve	6.191146	3.9468772	5.811164
commerce	6.4087334	5.0428915	6.6927133
plant	5.1114826	4.1462603	4.798174
walk	6.056818	4.4163857	4.5676074
difference	4.738816	4.5009437	5.049548
hang	4.150628	4.5904837	4.2216697
following	7.164543	3.6596777	5.9329224
employ	4.674159	4.8420105	5.4464903
