deal	4.756489	5.5988283	5.535048
study	6.617235	4.366687	6.4445357
afford	6.4288526	4.6628294	5.739202
service	6.3704476	4.5771637	5.9620824
height	4.997347	5.2633176	5.6103716
prospect	7.4294195	5.3980575	6.481227
pleasant	7.3319445	3.9865441	4.7392797
shade	4.428679	3.627448	3.2310548
listen	5.145721	5.3890367	4.710078
mighty	6.363791	5.4401946	7.108156
country	5.5819273	4.2123804	5.569795
title	7.1949043	4.3802967	6.727796
choose	5.2295103	4.4417048	5.1998835
village	6.282532	4.859086	5.660038
acquire	7.69944	5.9827065	7.982272
rank	5.970916	5.5380754	6.1171064
bow	6.059544	3.9505978	5.2209682
doctor	4.7528	4.1481757	5.1923356
talent	7.9509435	5.937769	7.7153845
source	6.029072	4.6478634	5.5098677
lead	5.02627	5.599942	5.09084
question	5.046257	4.2253876	5.571673
publish	5.718126	5.0086327	5.734875
interest	6.5982738	4.8526115	5.86541
serve	5.439738	3.7029295	4.4692492
divine	7.3162394	4.498997	7.1510496
put	5.2171426	4.6476383	4.4903584
shadow	4.262825	3.201654	3.6754959
practical	6.156279	4.3325624	6.1563826
surface	4.7051206	3.0456	4.0011683
account	5.7081747	4.418623	5.600041
loss	3.5400276	5.3613296	3.7701724
indian	4.571542	5.1147203	5.143573
vine	6.8396993	3.8430312	5.672125
certain	5.137296	5.236968	5.8446465
sin	2.995553	5.4679213	4.4515185
necessity	4.209527	5.263184	5.4405947
lose	4.489582	5.2901354	4.599476
private	4.143518	4.0991426	4.4157214
gentleman	6.280401	4.5443125	5.8181987
daughter	6.0669107	4.671653	5.716173
drive	3.037089	6.823274	4.3792753
strange	4.1850524	5.674686	4.2398295
journey	6.1706233	3.9072907	4.619582
uncle	6.707452	3.8307347	5.7702255
species	5.6139717	5.1123643	4.9514465
think	5.7019997	4.6701627	5.1617594
bed	5.083397	3.0015206	3.3151803
wind	4.904024	5.010414	4.588449
bless	8.656141	4.353307	6.476113
destroy	3.2984624	6.6981807	5.338229
author	6.049921	4.6397395	5.4498577
sustain	5.7237616	5.1810966	6.1699514
black	3.9227314	5.305242	4.4189224
event	6.773528	5.600802	6.850977
liberty	7.4685907	6.15681	7.4725266
negro	3.5637834	5.474279	4.2902613
little	4.2900214	4.0296564	3.251196
fortune	6.919905	5.146994	6.1889305
touch	5.6115575	4.1396637	4.3719115
kill	3.915559	6.536742	4.995818
feature	5.6290727	3.7974505	5.2168427
happiness	8.378727	4.740473	6.1559086
assume	4.1278996	4.7975492	4.9421086
notion	5.6893315	4.2779365	5.105302
purchase	6.6273794	4.685262	5.702868
faithful	6.5364494	4.0230694	6.021943
soldier	4.714297	5.77852	6.0012417
father	5.5897393	5.1590166	5.9369497
narrow	3.0482802	4.333911	3.5165758
great	5.4387727	5.771599	5.967946
tear	3.2434564	4.9537325	2.7170243
honorable	6.1877403	5.225963	6.1808233
previous	4.396654	4.6456466	4.538432
good	7.074066	4.5317974	6.2464924
domestic	4.707095	3.562216	4.010208
glory	7.3833537	5.4046516	7.1434417
lay	4.6306534	4.455531	4.483409
occasion	5.255044	5.3784204	5.3846445
guard	4.718136	5.338586	6.1084595
whole	5.614751	4.721053	5.723751
mouth	4.6819224	4.452338	4.6450386
receive	6.6432652	4.778371	5.60662
take	4.801036	5.420665	5.169477
simple	6.434424	3.9899967	5.5419226
error	2.4090085	5.467418	3.7354023
wisdom	7.0697007	4.580399	7.0066547
rock	5.033612	4.947463	5.4425735
decide	5.3896203	5.4664903	6.4178495
exclaim	5.804183	6.240848	5.6340275
assure	7.7788954	5.1578617	6.3932686
sign	5.2168646	3.7793736	4.665146
preserve	5.670213	3.9415498	5.7714067
commerce	6.441676	5.1452446	6.9095387
plant	4.926084	4.2374973	4.807678
walk	6.1528544	4.451517	4.405666
difference	4.91986	4.7296567	4.9855623
hang	4.12058	4.3865166	3.9165463
following	7.1278515	3.5604737	5.810105
employ	4.960287	4.955079	5.4771824
