deal	5.0932117	5.311041	5.7701626
study	6.478702	4.544442	6.454664
afford	6.5218244	4.824706	6.00962
service	6.292059	4.943055	6.1921477
height	5.4194407	5.0055714	5.789217
prospect	7.646603	5.17564	6.532053
pleasant	7.391646	4.0438204	4.817927
shade	4.4920673	3.6032834	3.1613164
listen	5.2701454	5.2291017	4.7075386
mighty	6.135844	5.523341	7.147818
country	5.797209	4.308342	5.748371
title	7.4085584	4.352449	6.849553
choose	5.328939	4.538296	5.1075454
village	6.242595	4.839612	5.5591993
acquire	7.644369	5.7124977	7.873604
rank	5.9834566	5.1055346	5.9733143
bow	5.7497044	4.2800217	5.0780187
doctor	4.9869347	3.8380792	5.048834
talent	7.9895945	5.739843	7.6546855
source	6.4744987	4.947426	5.94668
lead	4.947951	5.947469	5.396975
question	5.0820913	4.488868	5.476342
publish	5.5986505	5.030932	5.6101837
interest	6.3125257	5.026709	5.83106
serve	5.4421043	4.206739	4.8642874
divine	7.5723643	4.415607	7.334584
put	4.876979	4.7648106	4.4693108
shadow	4.311846	3.393931	3.809236
practical	6.113215	4.686681	6.2906466
surface	4.612069	2.9779606	3.8754966
account	5.557329	4.4350004	5.6335006
loss	3.4950125	5.3866935	3.8386664
indian	4.814117	5.439657	5.4216857
vine	7.1763735	3.4068635	5.3489285
certain	5.0853324	5.203936	5.7761564
sin	3.2767038	5.2823505	4.5397215
necessity	4.153259	4.9423556	5.3263855
lose	4.240578	5.269901	4.683883
private	4.0648	4.3974886	4.6115475
gentleman	6.2789755	4.208363	5.503682
daughter	6.036393	4.3790245	5.558339
drive	3.1643662	6.716712	4.6564384
strange	4.3587823	5.6272073	4.2483664
journey	6.006247	4.257857	4.6687493
uncle	6.777443	3.9015934	5.722687
species	5.4617023	5.0014863	4.7169113
think	6.0050592	5.068947	5.2573247
bed	5.1274014	3.0538263	3.4455047
wind	4.758543	4.699128	4.5940514
bless	8.699453	4.1949816	6.498863
destroy	3.353136	6.8694696	5.2865214
author	5.694623	4.579942	5.2293572
sustain	5.4158034	5.029329	6.014964
black	3.9363508	4.8346286	3.8642907
event	6.561227	5.602626	6.8346663
liberty	7.9803543	5.9776278	7.612351
negro	3.8842201	5.280845	4.29696
little	4.3629107	4.3073072	3.568245
fortune	6.7294126	4.9810925	6.3190145
touch	5.515587	4.341753	4.3273907
kill	3.8779607	6.614316	4.9672217
feature	5.379781	3.7621164	4.9276505
happiness	8.396892	4.8966846	6.3538237
assume	4.1345387	4.7861876	4.7295966
notion	5.45125	4.3007507	5.024464
purchase	6.71222	4.756386	5.7779703
faithful	6.8168	4.3483953	6.426154
soldier	4.7246184	5.9721203	5.91281
father	5.4442787	4.5419674	5.604949
narrow	3.0141778	4.4516387	3.6127214
great	5.5302587	5.594153	6.53969
tear	3.2592373	4.789134	2.6096835
honorable	5.987049	5.530537	6.2956247
previous	4.42278	4.7486	4.674958
good	7.3158627	4.5426807	6.8060255
domestic	4.8999586	3.7055635	4.387358
glory	7.801852	5.449526	7.283307
lay	4.496937	4.3658385	4.38902
occasion	5.45712	5.2914715	5.566042
guard	4.9853745	5.200152	6.037917
whole	5.5154424	4.6526074	5.7122107
mouth	5.0828624	4.7349005	4.6146517
receive	6.760602	4.7033463	5.4428387
take	4.9994226	5.5211096	5.623353
simple	6.39171	4.2020674	5.5269403
error	2.2190337	5.631251	3.8455627
wisdom	7.1382875	4.790703	7.145978
rock	4.999611	4.738927	5.314518
decide	5.21622	5.350018	6.2104235
exclaim	5.8755293	6.084877	5.644909
assure	7.3620033	5.1478148	6.1189075
sign	5.050152	3.820298	4.445173
preserve	5.913245	3.796342	5.6877337
commerce	6.4640527	5.0916433	6.880984
plant	5.2063484	4.0159845	4.716049
walk	5.9372444	4.477194	4.4891977
difference	4.52648	4.3590055	4.8968253
hang	4.350274	4.3792987	4.2946343
following	6.9558907	3.592834	5.5763516
employ	4.9203386	5.1127505	5.635683
