deal	5.256393	5.245115	5.8160605
study	6.525015	4.371458	6.333281
afford	6.674389	5.106189	5.862925
service	6.379298	4.755157	6.1167545
height	5.3390613	5.3874745	5.865323
prospect	7.590644	5.406831	6.567502
pleasant	7.594118	3.9884317	4.962636
shade	4.3571706	3.779539	3.195983
listen	5.2834263	5.5437713	4.638122
mighty	6.0612326	5.7230315	6.9556413
country	5.5504484	4.5849867	5.7360744
title	7.4693046	4.4209766	6.9222813
choose	5.419206	4.1299806	4.8105197
village	6.529604	4.7168097	5.8164477
acquire	7.802188	5.715663	8.166602
rank	5.790762	5.5665236	6.1859846
bow	5.7764606	4.128536	4.8640437
doctor	5.035328	4.1260643	5.095378
talent	7.978889	6.0342336	7.888158
source	6.360424	4.7564344	5.3698106
lead	4.966399	5.647835	5.1647234
question	5.135926	4.602648	5.323668
publish	5.422093	4.760527	5.342734
interest	6.5828147	5.2203927	6.072058
serve	5.0931416	4.3178706	4.655465
divine	7.490177	4.648899	7.129406
put	5.0782433	4.4948874	4.341994
shadow	4.3512664	3.166755	3.6192904
practical	5.905277	4.4063177	6.276641
surface	4.7908735	3.0299008	4.0100956
account	5.5933037	4.8125076	5.7455807
loss	3.6023755	5.3304324	3.977404
indian	4.947011	5.0104313	5.186235
vine	6.7029214	3.915685	5.539429
certain	5.113811	5.3724837	5.864863
sin	3.0832644	5.249143	4.4812465
necessity	4.170023	4.936292	5.3499613
lose	4.79045	5.20555	4.627034
private	4.042002	4.389629	4.756877
gentleman	6.6979885	4.476721	5.9205475
daughter	6.0502625	4.5778275	5.660878
drive	3.0793295	6.5689454	4.343443
strange	4.15046	5.680368	4.134757
journey	6.198264	3.9711847	4.6101317
uncle	6.669054	3.8245378	5.8759947
species	5.5708904	5.311159	5.025633
think	5.8120723	4.724862	5.0111227
bed	5.0147557	2.9559875	3.371744
wind	4.4019094	4.909396	4.3391805
bless	8.406887	4.370006	6.4057865
destroy	3.0819635	6.538741	5.0006957
author	5.8580313	4.398733	5.055292
sustain	5.5655518	5.009938	6.1129413
black	4.031727	4.9840665	4.3789835
event	6.660304	5.8306074	6.9806905
liberty	7.6579814	5.994102	7.5215607
negro	4.1783214	5.230669	4.578121
little	4.147815	3.9156404	3.0588627
fortune	6.5256214	5.2518816	6.2126513
touch	5.6166916	4.381601	4.416865
kill	3.8811119	6.6296253	5.0046782
feature	5.722288	3.9329069	5.368644
happiness	8.222885	4.78454	6.1111403
assume	4.1898284	4.8601794	4.960356
notion	5.642061	4.0604987	4.9649124
purchase	6.8740826	4.3803635	5.847257
faithful	6.745743	3.9922533	6.002586
soldier	4.6547885	5.784623	5.9400787
father	6.113261	4.9680557	6.001498
narrow	3.1256502	4.3163476	3.74118
great	5.1000247	5.7882047	6.2077436
tear	2.9860554	5.016886	2.5465558
honorable	5.977717	5.557954	6.514853
previous	4.2982416	4.518316	4.4828053
good	7.222967	4.5760717	6.602876
domestic	4.8370824	3.250062	3.9287329
glory	7.5163736	5.4917192	7.067073
lay	4.5371227	4.552784	4.382721
occasion	5.3499546	5.500905	5.389639
guard	5.0163813	5.226964	6.2666645
whole	5.131692	4.6818027	5.4294386
mouth	5.471038	4.361286	4.7884765
receive	6.778677	5.075037	5.620429
take	4.6298532	5.4853578	5.194554
simple	6.4405932	4.1165733	5.690999
error	2.187932	5.1715603	3.7464952
wisdom	7.193985	4.7028255	7.258678
rock	5.0562134	4.9143486	5.4152412
decide	5.153369	5.1943865	6.040223
exclaim	6.02431	6.253177	5.7625628
assure	7.54525	5.276601	6.345524
sign	5.0944967	4.022851	4.757167
preserve	5.8708596	3.8712811	5.85814
commerce	6.307348	5.175622	6.6894813
plant	5.0926285	4.3642163	5.260402
walk	5.983012	4.3125315	4.3615246
difference	4.6304793	4.5658293	5.0188317
hang	4.2072735	4.478704	4.2339115
following	7.28297	3.6719925	5.724436
employ	4.837921	4.8000994	5.6194553
