deal	4.8990917	5.2670126	5.5330257
study	6.8146467	4.41656	6.7901535
afford	6.592966	5.0113735	5.9566407
service	6.4253106	4.5949006	6.157401
height	5.3635874	5.2623496	5.916803
prospect	7.5528355	5.2442117	6.5141153
pleasant	7.3106318	4.1626196	4.879163
shade	4.404504	3.6757824	3.4902298
listen	5.356054	5.5640965	4.771392
mighty	6.393497	5.692331	7.4196806
country	5.118944	4.6123943	5.9161906
title	7.6581335	4.1541095	6.8866835
choose	5.356409	4.3932757	4.895312
village	6.2979226	4.773464	5.577332
acquire	7.592204	5.535771	7.8081994
rank	5.797442	5.2325854	5.839644
bow	6.0107512	4.3336987	5.214114
doctor	4.9126167	4.386259	5.2599125
talent	7.871784	5.8665705	7.6058683
source	6.2989373	4.8100934	5.8066936
lead	5.086385	5.678014	5.42129
question	4.8111978	4.1131163	5.054378
publish	5.647231	4.879875	5.4179163
interest	6.7385297	4.98336	6.1323314
serve	5.2688403	3.948535	4.5867414
divine	7.5027857	4.4157524	7.1061144
put	4.974902	4.7559624	4.2959166
shadow	4.473289	3.5148406	3.978825
practical	6.0401797	4.3254986	6.202017
surface	4.908225	2.9788866	4.0777206
account	5.763127	4.7729707	5.8433065
loss	3.4008415	5.1709633	3.619493
indian	5.1278467	4.8854375	5.2111864
vine	7.07804	3.6905446	5.7456665
certain	5.326962	5.29285	5.893629
sin	3.058298	5.4742184	4.6626625
necessity	4.4315586	5.205085	5.4198956
lose	3.8923688	5.134518	4.316731
private	3.8418555	4.5508556	4.7033978
gentleman	6.377761	4.464045	5.8460703
daughter	5.9879107	4.376405	5.722338
drive	3.208074	6.592163	4.458011
strange	4.201324	5.521724	4.186617
journey	6.2378225	3.9439814	4.505947
uncle	6.971183	4.0476284	6.383359
species	5.564343	5.001216	5.0230336
think	5.8643327	4.7999825	5.1256766
bed	4.7752886	3.1872385	3.4326158
wind	4.5720444	4.6375155	4.1882224
bless	8.225391	4.4841156	6.3929625
destroy	3.2316656	6.7153983	5.4157324
author	5.748348	4.589988	5.305551
sustain	5.560978	5.041679	5.9609365
black	3.9773254	5.0606647	4.1053734
event	6.5878963	5.5360227	6.860038
liberty	7.5872717	6.2580543	7.6272254
negro	3.828747	5.454633	4.442886
little	4.156791	4.09781	3.2186952
fortune	6.690712	4.972434	6.1645384
touch	5.447999	4.400303	4.409773
kill	4.0212994	6.3650866	5.0186124
feature	5.6195726	3.6720285	5.2437477
happiness	8.591362	4.8173423	6.3984785
assume	4.0866456	5.0145745	5.036451
notion	5.7496476	4.2342386	4.912716
purchase	6.781738	4.523957	5.7492676
faithful	6.7475514	4.0428915	6.1746855
soldier	4.5094924	5.7463717	5.5865836
father	5.9632483	4.970038	6.4244924
narrow	2.8543363	4.5980897	3.6725645
great	4.894446	5.5910664	6.0724463
tear	3.1960266	4.923933	2.9568603
honorable	6.2687693	5.390516	6.4484735
previous	4.2708325	4.4754653	4.5169244
good	6.88768	4.184575	6.3912964
domestic	4.8172	3.833918	4.069639
glory	7.480731	5.3745294	7.109727
lay	4.430081	4.9235206	4.621567
occasion	5.441335	5.2581167	5.3618064
guard	4.9018574	5.567258	6.2228165
whole	5.4068403	4.367526	5.6513405
mouth	4.91523	4.8041315	4.6517463
receive	6.5215883	4.681267	5.1949997
take	4.4611654	5.0954885	5.037568
simple	6.200325	4.141118	5.5809326
error	2.3372908	5.431806	3.89629
wisdom	7.19942	4.763758	7.0997534
rock	4.970564	5.0520444	5.517909
decide	5.080088	5.0682836	6.138043
exclaim	5.7863364	6.402427	5.5474415
assure	7.6151805	5.23888	6.399606
sign	5.2302756	3.734479	4.5121326
preserve	5.9033175	3.9844773	5.7377434
commerce	6.4235067	5.3944097	6.8018146
plant	5.149695	4.1730785	5.180673
walk	6.064831	4.2580824	4.467822
difference	4.75689	4.6466694	4.880674
hang	4.4929805	4.4606924	4.2659674
following	7.218065	3.9394746	5.981209
employ	4.8467984	4.795214	5.3471656
