deal	5.3926954	5.2042975	6.065126
study	6.923498	4.362737	6.6025996
afford	6.4990635	5.055894	5.8807364
service	6.4688535	4.847118	6.0564747
height	5.373831	5.362445	5.81677
prospect	7.6096373	5.280831	6.356191
pleasant	7.4776173	4.0445166	4.8221903
shade	4.4015875	3.614765	3.321313
listen	5.2230697	5.4052753	4.6793323
mighty	6.031436	5.5139246	7.1452675
country	5.598934	4.2459893	5.886068
title	7.4300857	4.309015	6.64541
choose	5.208025	4.623678	5.000573
village	6.365813	4.9053726	5.921137
acquire	7.5484424	5.664006	7.831319
rank	6.1792517	5.031046	6.01095
bow	5.6337566	4.201394	5.0157104
doctor	4.4860797	4.0565314	4.892604
talent	8.097626	5.744469	7.820634
source	6.3782377	4.848778	5.6171446
lead	4.8998094	5.8784847	5.4608483
question	5.369321	4.3345075	5.314621
publish	5.6895733	4.943444	5.2467046
interest	6.645501	5.0694246	6.1608176
serve	5.710997	3.95041	4.555688
divine	7.4721956	4.3961525	6.975725
put	5.190824	4.812928	4.5153413
shadow	4.1778355	3.4368362	3.7409573
practical	6.2418137	4.455225	6.461672
surface	4.9830756	2.7901719	4.0910015
account	5.579128	4.6611505	5.6052155
loss	3.5378556	5.6127143	3.9180746
indian	4.9138803	5.410576	5.3506923
vine	7.2185116	3.6402574	5.774557
certain	5.2490172	5.3999443	5.9654098
sin	3.101457	5.4656043	4.732541
necessity	4.1738195	5.3988495	5.4279027
lose	3.9528236	5.6288724	4.408965
private	4.011782	4.4871006	4.560773
gentleman	6.541047	4.0497603	5.736675
daughter	6.066969	4.4502063	5.6309037
drive	3.0581033	6.851675	4.5474935
strange	4.2270203	5.560358	4.331874
journey	6.290859	4.0703907	4.564683
uncle	6.558387	4.258168	6.116464
species	5.153895	5.0984654	4.6531515
think	5.594682	4.9173517	4.995806
bed	4.8517284	3.023554	3.1679244
wind	4.5285215	4.9037995	4.397923
bless	8.513996	4.183735	6.387534
destroy	2.950773	6.96162	5.1747813
author	5.7575345	4.338598	4.9867973
sustain	5.4269757	5.3187017	6.1466246
black	3.7788973	4.9678097	4.2118764
event	6.6431885	5.4602213	6.7795887
liberty	7.7490163	6.037091	7.6897383
negro	4.0200424	5.161027	4.337569
little	4.219961	3.9387217	3.0890749
fortune	6.748947	5.039624	6.3396654
touch	5.337888	4.33698	4.3139467
kill	3.4801242	6.739728	4.8175497
feature	5.3847947	3.771915	5.0517373
happiness	8.283337	5.066711	6.1489615
assume	4.0582247	4.9900613	4.6981583
notion	5.195288	4.157525	4.8021765
purchase	6.676082	4.5501046	5.8572006
faithful	6.6858506	4.21327	6.205104
soldier	4.9854784	5.8802743	6.163004
father	5.900482	4.9275527	5.999773
narrow	3.1838183	4.4343247	3.9735932
great	5.614092	5.2197213	6.1361914
tear	3.0578635	4.563797	2.3871624
honorable	6.1713853	5.4709277	6.343229
previous	4.5418396	4.4488983	4.5710225
good	7.213519	4.4094415	6.6905966
domestic	4.979727	3.5634298	4.045252
glory	7.4439006	5.618186	7.194761
lay	4.9582424	4.2146854	4.4006596
occasion	5.165021	5.321169	5.3413243
guard	5.0048823	5.0882554	6.1597886
whole	5.6332755	4.617569	5.7408056
mouth	5.222473	4.8206816	4.957221
receive	6.778317	4.98464	5.557575
take	4.584444	5.583356	5.2870617
simple	6.4361653	4.2329745	5.7068706
error	2.4972923	5.317204	4.059007
wisdom	7.2363853	4.8517733	7.3568525
rock	4.9007745	4.889642	5.160248
decide	5.2969337	5.170337	6.244803
exclaim	5.8622665	6.294179	5.7281528
assure	7.5003676	5.038558	6.2549944
sign	5.0012217	3.8607116	4.62915
preserve	5.8378725	3.9588773	5.517457
commerce	6.4314647	4.996539	6.722314
plant	5.3537292	3.793593	4.931625
walk	5.9198627	4.3214235	4.3918104
difference	5.0376925	4.4936013	5.2108617
hang	4.321663	4.323847	4.006006
following	7.431534	3.83706	5.9563084
employ	5.056976	5.010057	5.53951
