deal	4.8530116	5.3501635	5.395003
study	6.629634	4.125058	6.5122485
afford	6.7094755	4.570443	5.719343
service	6.663761	4.606468	6.336604
height	5.527214	5.400058	5.9547224
prospect	7.562149	5.2302823	6.6312876
pleasant	7.4684176	4.010068	4.9477406
shade	4.2964287	3.5128636	3.151454
listen	5.5265217	5.2574973	4.70681
mighty	6.33951	5.412336	7.0501595
country	5.4057937	4.0695887	5.6959405
title	7.443377	4.3997097	6.693863
choose	5.6719246	4.4154034	5.162851
village	6.342183	4.9097643	5.7728357
acquire	7.8644915	5.6351237	7.987916
rank	5.6904697	5.422305	5.875671
bow	5.974359	3.8423023	4.909315
doctor	4.876485	4.2234	5.194259
talent	8.062702	5.7725415	7.710893
source	6.5918684	4.7471795	6.0125513
lead	4.8649583	5.629401	5.19295
question	5.069275	4.1791806	5.3746314
publish	5.5429487	5.123751	5.45577
interest	6.9074726	4.6703506	6.1044054
serve	5.4042077	3.7793589	4.6886926
divine	7.2928495	4.6390758	7.0741205
put	5.201951	4.627913	4.601448
shadow	4.28046	3.3389134	3.7146657
practical	6.017896	4.334389	6.278975
surface	4.799906	3.0226436	4.0248203
account	5.658223	4.8124723	5.7897615
loss	3.5231998	5.413071	3.7582521
indian	5.203367	5.2493935	5.404635
vine	6.8440056	3.7668724	5.6247563
certain	5.3126235	5.2001214	5.936015
sin	2.6617637	5.248079	4.4254394
necessity	4.685513	5.0863566	5.6521616
lose	4.5423026	5.126663	4.516551
private	4.3010125	4.044658	4.368703
gentleman	6.4175434	4.3257036	5.734903
daughter	6.017256	4.696603	5.7971153
drive	3.1965568	6.6053815	4.6657634
strange	4.1950064	5.7305107	4.2297773
journey	6.216466	4.043819	4.6172066
uncle	7.087817	3.610536	5.916266
species	5.354851	4.993916	5.0624847
think	5.66422	4.967978	4.863143
bed	5.035823	3.2508562	3.4681911
wind	4.6947117	4.9793787	4.435998
bless	8.385658	4.3337517	6.414512
destroy	3.1357756	6.6713486	5.0759187
author	5.794697	4.616224	5.171066
sustain	5.412097	5.097484	6.0477295
black	4.1905723	5.0992208	4.142038
event	6.5862317	5.720972	6.8609285
liberty	8.013303	6.1209717	7.632104
negro	3.775335	5.398498	4.3861175
little	4.533475	4.026029	3.520555
fortune	6.5067883	5.105526	6.087514
touch	5.8062096	4.1625686	4.27929
kill	3.754692	6.450137	4.726427
feature	5.757378	3.7336721	5.345334
happiness	8.6319275	4.7845745	6.371128
assume	4.2160983	4.9975796	5.020454
notion	5.8227425	4.330815	5.179944
purchase	6.651736	4.6539097	5.70491
faithful	6.721674	3.865317	6.0736327
soldier	4.6216288	6.053839	5.6789856
father	5.9158936	4.858674	6.1075754
narrow	2.85626	4.5007086	3.7236178
great	5.239188	5.612405	6.2306633
tear	3.4652877	4.7534914	2.8738756
honorable	6.1735735	5.4618063	6.4449883
previous	4.509318	4.505812	4.5041237
good	6.867127	4.514565	6.2448
domestic	4.7182293	3.4494328	4.150471
glory	7.4665055	5.309628	6.959269
lay	4.585792	4.4198937	4.268338
occasion	5.027241	5.2752085	5.3535757
guard	4.8630166	5.06807	5.8085055
whole	5.549361	4.410204	5.7146626
mouth	5.0010953	4.9870343	4.9005637
receive	6.6921372	4.796582	5.37368
take	5.1385703	4.8804574	5.260159
simple	6.4576197	4.2601624	5.7136917
error	2.1362228	5.4585404	3.913733
wisdom	7.0246754	4.6994734	7.1005745
rock	5.282983	5.0971584	5.578818
decide	5.0864058	5.1434236	6.027916
exclaim	5.8493934	6.274994	5.764603
assure	7.7822666	5.1928153	6.35577
sign	4.9526234	3.881241	4.5530477
preserve	5.9542046	3.93134	5.820603
commerce	6.285588	5.10363	6.825135
plant	4.867957	4.1752577	4.7567244
walk	5.9848747	4.2162027	4.4326787
difference	4.780548	4.6650653	4.9057584
hang	4.3030887	4.5836368	4.20304
following	7.1674137	3.672526	5.685327
employ	4.7937446	4.786164	5.435963
