deal	4.8328085	5.5563865	5.768564
study	7.0966034	4.6675444	6.9478955
afford	6.2596016	4.800989	5.932847
service	6.7252584	4.5478964	6.1974497
height	5.1712236	5.4114265	5.696129
prospect	7.419791	5.164074	6.341635
pleasant	7.735564	4.0909853	5.112997
shade	4.2717524	3.6641543	3.150378
listen	5.202832	5.5806236	4.7751274
mighty	6.2553425	5.629526	7.212767
country	5.58908	4.320407	5.680852
title	7.0582976	4.352459	6.7501273
choose	5.2646694	4.46967	4.7787056
village	6.105426	4.9307075	5.783219
acquire	7.8406954	5.809948	8.216677
rank	5.5837965	5.239192	5.6085706
bow	5.7501793	4.223076	4.920611
doctor	5.174512	4.3197722	5.3272324
talent	7.868438	5.9739003	7.7767835
source	6.0902333	4.7507696	5.711919
lead	5.1694937	5.5721045	5.30497
question	5.2429004	4.4262795	5.3556514
publish	5.629838	4.9330025	5.744547
interest	6.6745687	4.979812	5.99729
serve	5.4075828	3.9363444	4.770927
divine	7.319357	4.4484305	6.8892217
put	4.863925	4.6095495	4.0590787
shadow	4.3468623	3.2846103	3.746229
practical	6.395241	4.430902	6.321555
surface	4.6201773	2.9697657	3.9060457
account	5.199335	4.4923415	5.4092712
loss	3.3183594	5.528386	3.816512
indian	4.6809673	5.07693	5.292106
vine	6.8565893	3.6301987	5.521892
certain	5.2551527	5.1478624	5.9004726
sin	3.0423086	5.444338	4.5676103
necessity	4.2808685	5.161452	5.413554
lose	4.4335384	5.257616	4.57322
private	4.055163	4.317053	4.599407
gentleman	6.2700806	4.5691156	5.562444
daughter	5.7449336	4.4790387	5.6012697
drive	3.0191536	6.777938	4.374509
strange	4.2718215	5.5868707	4.307845
journey	6.1383023	4.1128745	4.6975536
uncle	6.5542603	4.3545275	5.840687
species	5.753415	5.1189075	4.9580846
think	5.7983603	4.5775523	5.0201764
bed	4.922374	3.1181211	3.168406
wind	4.3278284	4.906046	4.3013344
bless	8.472439	4.2508583	6.41365
destroy	3.1151457	6.60316	4.9657907
author	5.678266	4.5306773	5.2025795
sustain	5.5328007	5.172958	6.061493
black	3.524772	4.6779914	3.7377334
event	6.2284546	5.702469	6.8361435
liberty	7.3858404	5.924863	7.446714
negro	3.7064934	5.4169207	4.260707
little	4.319586	4.062932	3.2796247
fortune	6.525462	5.155817	6.1101055
touch	5.363538	4.35788	4.3216705
kill	3.2901273	6.5615416	4.7169905
feature	5.4081044	3.7647583	5.3341174
happiness	8.144697	4.708571	5.9768705
assume	4.072255	4.939799	4.7959833
notion	5.6411724	4.242731	4.9286046
purchase	6.687399	4.6304226	5.861335
faithful	6.7519274	4.1057863	6.1738544
soldier	4.6678133	5.651898	5.674529
father	5.9861717	5.1435223	6.208464
narrow	3.0978503	4.4186573	3.7892456
great	5.2291956	5.6378727	6.282787
tear	3.3875036	4.7147236	2.8754668
honorable	6.048836	5.35767	6.1649313
previous	4.4492745	4.468397	4.519986
good	6.8065906	4.6957936	6.60157
domestic	4.5031323	3.4026725	3.7244735
glory	7.085784	5.4397283	6.7686386
lay	4.6948757	4.4986486	4.445426
occasion	5.470631	5.1146045	5.383024
guard	5.1520844	5.215932	6.251894
whole	5.3085256	4.491911	5.587279
mouth	4.945991	4.875307	4.8087263
receive	6.5953207	4.87872	5.480061
take	4.6364155	5.2754774	4.9496975
simple	6.3184323	4.335839	5.684514
error	2.0877402	5.5073466	3.8923802
wisdom	7.0647345	4.8634157	7.143773
rock	4.9588966	5.1378307	5.372562
decide	5.2086596	5.1664243	6.0289383
exclaim	5.7608166	6.356207	5.540504
assure	7.475956	5.1658945	6.3247786
sign	5.1222258	4.008122	4.6784005
preserve	5.7585287	4.011469	5.655872
commerce	6.3335342	5.0990334	6.854294
plant	5.136075	4.257698	4.804582
walk	6.014801	4.426709	4.4464283
difference	5.0025024	4.5998306	5.024013
hang	4.5574856	4.6754694	4.394656
following	6.7813683	3.6098733	5.5304127
employ	4.832435	5.010574	5.5570445
