deal	4.936711	5.3947945	5.593867
study	6.529184	4.3103228	6.7237206
afford	6.952218	5.0211124	6.050354
service	6.400267	4.8586597	6.2996445
height	5.3445015	5.14786	5.7243714
prospect	7.790103	5.3260336	6.648121
pleasant	7.317586	4.290062	4.915602
shade	4.3428464	3.8483968	3.4289052
listen	5.1460757	5.5084634	4.706706
mighty	6.1382527	5.651599	6.9158864
country	5.648613	4.3123016	5.9285946
title	7.314254	4.2475433	6.637821
choose	5.1120367	4.267087	4.796156
village	6.2671356	4.6572804	5.7557087
acquire	7.704379	5.735119	7.888937
rank	6.013376	5.3435674	5.9684362
bow	5.6883655	4.4255037	4.819113
doctor	5.0480385	4.108934	5.132594
talent	8.02528	5.892873	7.7488956
source	6.3088846	4.592933	5.6498175
lead	4.7402053	5.5815215	5.2660885
question	5.341371	4.0537853	5.519304
publish	5.7471952	4.9178066	5.6711063
interest	6.3569756	5.0203824	6.046447
serve	5.2316384	4.3127165	4.8418202
divine	7.5967116	4.3240147	7.1844196
put	5.0701723	4.5850105	4.428143
shadow	4.3342075	3.3455894	3.889883
practical	6.156225	4.518001	6.3103085
surface	4.7087355	3.0961595	4.0246325
account	5.71497	4.5736923	5.5303235
loss	3.6124852	5.419341	3.8677902
indian	4.865937	5.023506	5.1932483
vine	7.0153813	3.7317402	5.6422276
certain	5.4052143	5.221573	5.8974943
sin	3.045959	5.2844	4.385298
necessity	4.179529	5.093124	5.3768764
lose	4.5200543	5.4555035	4.560098
private	4.0710125	4.4847984	4.5748935
gentleman	6.2715206	4.273609	5.4114847
daughter	6.123914	4.4233527	5.6915293
drive	2.859594	6.7554884	4.286177
strange	4.387233	5.7774405	4.2682858
journey	6.165978	4.2643547	4.8145328
uncle	6.960002	3.879652	5.6585035
species	5.4742403	5.3930326	5.1239796
think	5.980672	4.6849623	5.180177
bed	4.5234323	3.0664222	3.055963
wind	4.6682816	4.8035	4.2590203
bless	8.616297	4.463051	6.4732285
destroy	3.2070882	6.749161	5.030404
author	5.8080463	4.451704	5.2964077
sustain	5.204928	4.962014	5.8717823
black	3.9364576	4.697191	4.212254
event	6.4601164	5.6014166	6.726353
liberty	8.0630455	5.9295025	7.5526323
negro	3.6520472	5.0959854	4.2735314
little	4.27807	3.9143295	3.2413464
fortune	6.468869	5.0173416	6.1444726
touch	5.6819263	4.364236	4.432662
kill	3.735765	6.5980253	4.7133784
feature	5.6478195	3.6866803	5.3791375
happiness	8.292922	4.549159	5.9487877
assume	3.8731203	5.078787	4.775364
notion	5.795107	4.223806	4.9123926
purchase	6.7651844	4.3478665	5.738352
faithful	6.5439205	4.192561	6.27643
soldier	4.711217	6.1609054	6.25204
father	5.8955026	4.9088545	6.2274113
narrow	3.1153626	4.506075	3.6726036
great	5.5163226	5.7083426	6.111747
tear	3.0679703	4.4780498	2.7404118
honorable	5.9148855	5.5422688	6.1965876
previous	4.515279	4.5523405	4.6562443
good	7.2226944	4.444606	6.5749264
domestic	4.9499183	3.569154	3.9846342
glory	7.3096285	5.5707736	7.0756702
lay	4.479402	4.1254816	4.3389034
occasion	5.177756	5.238928	5.229529
guard	5.0561495	5.1182117	6.196974
whole	5.604691	4.348238	5.7221045
mouth	5.006147	4.552743	4.6501856
receive	6.9066954	4.77446	5.52115
take	4.976696	5.1036887	5.168308
simple	6.476841	4.280336	5.6355
error	2.2599928	5.348812	3.9573555
wisdom	6.9085445	4.8033104	7.098199
rock	5.0169797	4.9056773	5.2150006
decide	5.347006	5.134176	6.275861
exclaim	5.9273214	6.1281996	5.4942675
assure	7.7945747	5.1951294	6.3918757
sign	5.7738085	3.8782535	4.8425217
preserve	5.976989	4.0875754	5.692502
commerce	6.602135	5.199257	6.7591763
plant	4.9838057	4.2054486	4.9250126
walk	5.9689116	4.424852	4.4562874
difference	4.7599707	4.3375425	4.961001
hang	4.3216877	4.568927	4.124093
following	7.201118	3.9722872	5.8889837
employ	4.812598	4.7858286	5.4081006
