deal	4.787707	5.234911	5.6762733
study	6.83924	4.430789	6.7278605
afford	6.8631363	4.641822	5.8164177
service	6.3969793	4.7049127	5.9005466
height	5.161698	5.3719997	5.7454534
prospect	7.4842777	5.0642247	6.3930025
pleasant	7.449972	3.9176068	4.989992
shade	4.3530974	3.7569265	3.3861544
listen	5.635269	5.5349736	4.9477797
mighty	6.265417	5.510577	7.113423
country	5.6317234	4.5070496	6.150093
title	7.37103	4.067748	6.4958057
choose	5.318968	4.3675966	4.8375444
village	6.419713	4.8166203	5.911906
acquire	7.543027	5.611339	7.96556
rank	5.710523	5.1251726	5.8851624
bow	5.8608027	4.1373734	4.907943
doctor	5.124989	4.1124544	5.179018
talent	7.638421	5.849233	7.639303
source	6.6812725	4.8119736	6.0189366
lead	4.930846	5.7699213	5.3228707
question	5.089752	4.759907	5.772528
publish	5.2991805	4.944249	5.4567094
interest	6.6194973	5.255941	5.950808
serve	5.4877353	3.988594	4.490554
divine	7.7247267	4.48049	7.1947603
put	5.056096	4.6598454	4.2839847
shadow	4.224553	3.3219059	3.7413056
practical	6.127468	4.4284105	6.330515
surface	4.773604	3.0944703	3.8836458
account	5.370594	4.5393777	5.612798
loss	3.2742348	5.561803	3.7700725
indian	5.072136	5.1154222	5.386964
vine	7.034623	3.6127508	5.587672
certain	5.2808867	5.320935	5.8592906
sin	2.757302	5.5011473	4.4128327
necessity	4.6000385	5.003131	5.4042616
lose	3.7909896	5.1638503	4.367482
private	4.0031085	4.400642	4.5386696
gentleman	6.5186043	4.6891737	5.807663
daughter	5.7008934	4.6306453	5.7068987
drive	3.0747695	6.8780127	4.594376
strange	4.190041	5.5103517	4.2118454
journey	6.2592115	4.0814223	4.7723126
uncle	7.2716465	3.99302	6.0511985
species	5.647361	5.1209636	5.012218
think	5.4942207	4.7997694	5.0280647
bed	4.9221816	2.745232	3.324409
wind	4.5392194	4.746602	4.351238
bless	8.500072	4.0630608	6.3500066
destroy	3.198296	6.6970425	5.1645684
author	5.980112	4.4025693	5.214463
sustain	5.582858	5.000208	6.1237187
black	3.8223877	4.9360967	4.174263
event	6.661573	5.680025	6.844115
liberty	7.829199	6.1315503	7.531727
negro	3.9121032	5.602889	4.49482
little	4.4731874	3.9918458	3.2400331
fortune	6.5922747	5.1941085	6.3097405
touch	5.599123	4.1930227	4.3154674
kill	3.704818	6.2871003	4.715279
feature	5.2796493	3.8003168	5.305487
happiness	8.6326	4.565654	6.2559185
assume	3.9002538	4.9366302	4.813142
notion	5.344521	4.1002655	4.932745
purchase	6.785561	4.522561	5.7073307
faithful	6.521491	4.100221	6.143015
soldier	4.6103377	5.9235044	5.8836284
father	6.1266413	5.2601094	6.27042
narrow	3.0150995	4.426842	3.5516422
great	5.264829	5.3603497	6.0457687
tear	3.588218	4.905943	3.0472717
honorable	6.220787	5.510168	6.366047
previous	4.4836497	4.623305	4.688888
good	7.1521406	4.1657634	6.3162575
domestic	4.8844614	3.3899026	4.1466966
glory	7.44608	5.450482	7.1958013
lay	4.54827	4.3204055	4.338962
occasion	5.491129	5.2509565	5.637574
guard	4.970942	5.1331377	6.2374067
whole	5.332271	4.604427	5.6105924
mouth	5.1299987	4.8418164	4.6918883
receive	6.469382	5.082384	5.5392203
take	4.7900076	5.422831	5.158556
simple	6.3204656	4.357375	5.592983
error	2.1356864	5.4385686	3.9820027
wisdom	6.969198	4.759544	7.152858
rock	4.9881086	4.8336773	5.226876
decide	5.1955004	5.3609056	6.3218584
exclaim	6.0768785	6.2513223	5.502654
assure	7.4272304	4.966236	6.197185
sign	4.963086	3.8576293	4.466792
preserve	5.623792	3.9841132	5.5343924
commerce	6.471986	5.040823	6.795512
plant	4.8391867	4.1470394	4.8540673
walk	5.7229753	4.5023065	4.35085
difference	5.0285525	4.598553	5.0452166
hang	4.442405	4.5480704	4.2436514
following	7.2113094	3.771378	5.745115
employ	4.8440366	4.964367	5.5922136
