deal	4.708436	5.3425727	5.6638336
study	6.6540833	4.607686	6.605802
afford	6.6327095	4.7208433	5.739397
service	6.4747763	4.6711655	5.972023
height	5.1651754	5.3275237	5.746291
prospect	7.602215	5.372002	6.5054874
pleasant	7.5956116	4.213008	5.1536937
shade	4.4663825	3.6458166	3.2718956
listen	5.30182	5.430354	4.5800695
mighty	6.301585	5.598657	7.1086473
country	5.6845436	4.5018716	5.7212133
title	7.174976	4.288263	6.547016
choose	5.2691765	4.3875213	4.775275
village	6.294923	5.0368	5.9772744
acquire	7.775284	5.7269917	7.8966646
rank	5.726603	5.319643	5.6696267
bow	5.7179456	4.00199	4.845444
doctor	4.9292316	4.2093005	4.9777136
talent	8.0888815	5.9579215	7.7205067
source	6.010148	4.851246	5.9013424
lead	5.1086464	5.727758	5.3852954
question	4.5294685	4.1059995	5.001485
publish	5.711857	5.0564384	5.6298347
interest	6.501485	5.001307	5.940286
serve	5.105301	3.819315	4.3859553
divine	7.581115	4.424556	7.109293
put	5.11338	4.4580736	4.159835
shadow	4.225423	3.349459	3.6382756
practical	6.211236	4.4727182	6.394285
surface	4.550593	3.1217058	3.9801917
account	5.5811357	4.4858003	5.6186314
loss	3.3547478	5.4379063	3.958666
indian	4.88916	5.0619235	5.3117037
vine	7.0404987	3.7848208	5.55052
certain	5.304097	5.3406196	5.948518
sin	3.034236	5.3012347	4.406937
necessity	4.254414	5.0817795	5.561734
lose	4.2533817	5.280019	4.3906593
private	4.0829935	4.3619204	4.7628465
gentleman	6.5538654	4.5567627	5.6420302
daughter	5.8684177	4.5374537	5.7139254
drive	2.9261072	6.849464	4.444976
strange	4.4799075	5.7257595	4.461608
journey	6.1465173	4.165716	4.69755
uncle	7.284211	3.8807175	5.8360233
species	5.7014174	5.1814466	5.0955524
think	6.162942	4.7822986	5.2180934
bed	4.8902183	3.0001478	3.4008317
wind	4.3900156	4.8365335	4.3196726
bless	8.418146	4.2180414	6.3054485
destroy	3.2001786	6.591153	5.1060677
author	5.7328186	4.5409107	5.1376815
sustain	5.442977	4.9414406	5.917878
black	3.4354544	5.45202	4.1019783
event	6.69699	5.5755787	6.880051
liberty	7.805064	6.1094327	7.616909
negro	3.9830174	5.600892	4.2839274
little	4.240938	4.006333	3.2364137
fortune	6.471018	5.1466093	6.238954
touch	5.62749	4.205166	4.275079
kill	3.781403	6.5398636	4.9541273
feature	5.6923656	3.7624025	5.3101645
happiness	8.08747	4.723439	6.1178703
assume	3.9686203	4.7613516	4.692042
notion	5.679212	4.1512375	4.913991
purchase	6.8090143	4.511451	5.9394264
faithful	6.41517	4.1131167	5.9939976
soldier	4.4972005	6.0416985	5.974342
father	5.7607746	4.8226914	5.912712
narrow	3.2598708	4.416737	3.836752
great	5.2165346	5.592946	6.121004
tear	3.060149	4.9632134	2.7974389
honorable	6.2309656	5.3870134	6.3757815
previous	4.4064646	4.5557733	4.544134
good	6.986259	4.555457	6.727385
domestic	4.7873917	3.3767662	4.084069
glory	7.299712	5.356583	6.7756815
lay	4.447013	4.4826546	4.197198
occasion	5.283995	5.31103	5.383259
guard	4.879958	5.283804	6.165989
whole	5.2727704	4.5264435	5.350966
mouth	5.2228327	4.7221475	4.915658
receive	6.7157125	5.0276775	5.6638775
take	4.862608	5.3008823	5.288454
simple	6.5639887	4.0672355	5.642411
error	2.2765548	5.5220933	3.8936732
wisdom	7.1353064	4.757881	7.2719846
rock	4.8766685	5.063637	5.3068695
decide	5.0528116	5.120203	5.9182863
exclaim	5.785247	6.422835	5.603018
assure	7.6321964	5.1193256	6.2186575
sign	5.30592	3.8139825	4.767007
preserve	5.784687	4.079013	5.707871
commerce	6.2774515	5.069936	6.7829056
plant	5.408505	4.4432173	4.9006553
walk	5.838417	4.3679924	4.353709
difference	4.6793165	4.5949116	4.9852824
hang	4.5094333	4.494619	4.0967207
following	7.101163	3.7343068	5.773734
employ	4.7875385	4.787068	5.476396
