deal	4.9622736	5.2730927	5.6553855
study	6.7731113	4.3636622	6.70984
afford	6.628476	5.0337505	5.9749384
service	6.465047	4.775163	6.169021
height	5.1868377	5.189723	5.63361
prospect	7.4667463	5.4206104	6.473204
pleasant	7.31349	4.284608	4.923821
shade	4.1448393	3.8988762	3.2921915
listen	5.264637	5.3225813	4.630519
mighty	5.9424076	5.5828443	7.1093483
country	5.414207	4.447427	5.81736
title	7.4965105	4.235282	6.7611694
choose	5.125284	4.4879494	5.0347867
village	6.228404	4.749188	5.6765065
acquire	7.848506	5.778076	8.204655
rank	5.600376	5.275156	5.7148023
bow	6.0445223	4.144967	5.1879377
doctor	4.8633375	4.3135448	5.128978
talent	7.883063	5.9291472	7.6407266
source	6.4754815	4.746977	5.8081646
lead	4.8801403	5.6820664	5.320008
question	4.928371	4.3850207	5.213276
publish	5.735591	5.014829	5.548844
interest	6.662547	4.865387	6.093633
serve	5.4239454	4.2101707	4.7597713
divine	7.7202373	4.3962684	7.3203583
put	5.0127306	4.7209587	4.23749
shadow	4.2225943	3.5766127	3.7138097
practical	6.181658	4.441111	6.2468824
surface	4.777689	3.0946975	4.196562
account	5.590743	4.452566	5.600887
loss	3.450291	5.4821	3.8150406
indian	5.387933	5.0809164	5.134705
vine	6.912182	3.7256534	5.764962
certain	5.2994976	5.3572865	5.821536
sin	2.9963868	5.275536	4.4286976
necessity	4.25913	5.3096495	5.459094
lose	4.2004657	5.3430552	4.586489
private	4.17783	4.3934007	4.8709903
gentleman	5.7811675	4.6662436	5.5971746
daughter	5.782336	4.6385007	5.8072824
drive	3.0109186	6.9065776	4.526895
strange	4.14492	5.692271	4.254063
journey	6.1570606	3.8461373	4.673188
uncle	6.2913275	4.0052032	5.619687
species	5.605397	5.175615	5.007207
think	5.557306	4.721864	4.8689985
bed	5.1323266	3.1098166	3.5889783
wind	4.754945	4.7637177	4.454498
bless	8.669386	4.251771	6.4141407
destroy	3.0273013	6.677087	5.050745
author	5.769251	4.5515537	5.1606693
sustain	5.506598	5.039359	6.087776
black	3.5775433	4.563255	3.5177343
event	6.373983	5.7408013	6.93161
liberty	7.227241	6.1894507	7.412402
negro	3.4942794	5.4488187	4.0150366
little	4.2462626	4.2122083	3.161751
fortune	6.4440584	5.1438966	6.242786
touch	5.720482	4.396626	4.51324
kill	3.9520879	6.4074793	4.8847103
feature	5.6651154	3.9665155	5.3195205
happiness	8.26264	4.9638405	6.3482485
assume	3.732069	4.92768	4.8397293
notion	5.254673	4.2767487	4.723659
purchase	6.8458915	4.4090223	5.9104967
faithful	6.691853	4.009603	6.1441116
soldier	4.538433	5.8707485	5.782473
father	5.626062	5.2242107	6.089491
narrow	3.3088303	4.456168	3.8315985
great	5.437528	5.531648	6.283675
tear	3.3052487	5.0311465	2.7784219
honorable	6.378772	5.616855	6.5878325
previous	4.447631	4.529314	4.524667
good	7.028384	4.432358	6.4609118
domestic	4.881274	3.516722	4.1046567
glory	6.9250917	5.540225	6.9335055
lay	4.932223	4.2798686	4.3554764
occasion	5.2842226	5.094476	5.1652102
guard	4.919616	5.0000978	6.063898
whole	5.2380123	4.7344832	5.61932
mouth	5.038665	4.5672555	4.7150307
receive	6.647551	4.934831	5.394311
take	4.437574	5.6943855	5.2249413
simple	6.2655725	4.1402154	5.7135983
error	2.489635	5.512138	3.990582
wisdom	7.0777016	4.8672705	7.188858
rock	5.0035787	4.9759254	5.5110846
decide	5.1098514	5.312303	6.2190137
exclaim	5.7656183	6.5032005	5.755699
assure	7.634142	5.082655	6.3529654
sign	5.3190417	3.846918	4.516676
preserve	5.582897	3.9127812	5.587163
commerce	6.276331	5.0895143	6.653941
plant	5.4599595	4.28146	5.1544814
walk	5.7050304	4.1300516	4.1478233
difference	4.867037	4.5900044	4.917264
hang	4.2129774	4.4636683	4.0826674
following	7.429961	3.797975	5.9048414
employ	4.9809675	4.768805	5.3849697
