deal	5.2151155	5.2833285	5.6369867
study	6.6274056	4.4132533	6.4695654
afford	6.8028307	4.896797	6.151787
service	6.4832993	4.593308	6.0399485
height	5.1323185	5.3419714	5.6425724
prospect	7.4951286	5.343232	6.3281283
pleasant	7.3324385	4.124273	4.9335337
shade	4.055866	3.7375987	3.2897017
listen	5.3028355	5.5383883	4.8487296
mighty	6.358562	5.4299397	7.0420456
country	5.2692037	4.3463244	5.7405367
title	7.667103	4.5316	7.161739
choose	5.333536	4.3696885	5.0086956
village	6.236655	4.734215	5.932123
acquire	7.988841	5.8097596	8.103107
rank	6.022819	5.4397106	6.302048
bow	5.9577193	4.0803	4.8916183
doctor	4.8490953	4.331092	5.0196314
talent	7.976144	5.8512034	7.6442556
source	6.4759507	4.956693	5.9319425
lead	5.1046734	5.687293	5.2265735
question	5.50278	4.2998495	5.4059544
publish	5.298108	4.962939	5.319352
interest	6.601637	4.9947896	6.054609
serve	5.151763	4.2396064	4.7114244
divine	7.4582443	4.4917116	7.0294952
put	4.9726143	4.6930394	4.160895
shadow	4.318228	3.1099565	3.6817718
practical	5.7979326	4.36731	5.9221387
surface	4.784401	2.939633	3.981265
account	5.5930347	4.648725	5.745799
loss	3.6610856	5.266337	3.8760772
indian	4.9728518	4.845689	5.2816267
vine	6.970674	4.000432	5.7654724
certain	5.581432	5.188093	6.001449
sin	2.7012773	5.4091797	4.4794927
necessity	4.61475	5.178904	5.6129622
lose	4.359712	5.392277	4.5813346
private	4.0577693	4.455496	4.574873
gentleman	6.075139	4.4115334	5.508931
daughter	5.8727784	4.4955044	5.790663
drive	3.326298	6.5612555	4.6022606
strange	4.418857	5.4377913	4.2672744
journey	6.32205	3.982573	4.599842
uncle	6.873595	3.9171653	5.959797
species	5.5014143	5.224732	4.982002
think	5.7238817	4.512827	4.7918177
bed	4.731763	3.049077	3.2760582
wind	4.6103363	4.5129395	4.236202
bless	8.460314	4.273244	6.4401813
destroy	3.041016	6.630157	5.145015
author	5.7140713	4.6585855	5.2422266
sustain	5.506298	5.0639534	5.979105
black	4.1508617	4.8564305	4.2250557
event	6.4204483	5.6596465	6.753495
liberty	7.8986692	5.888046	7.7034864
negro	3.6585596	5.366835	4.368461
little	4.8520384	4.062724	3.5886283
fortune	6.8324056	5.1840363	6.551171
touch	5.497012	4.2183056	4.254805
kill	3.8548532	6.519384	4.9757485
feature	5.067129	3.9095345	5.089893
happiness	8.078774	5.010682	6.336678
assume	4.2794366	5.100606	5.1144185
notion	5.831049	4.08718	4.9858418
purchase	6.7007155	4.1751275	5.739735
faithful	6.6219244	4.0075073	6.1641107
soldier	4.945818	5.967868	5.943774
father	5.8384175	4.807771	5.999481
narrow	3.036403	4.5214243	3.6827765
great	5.7514544	5.728718	6.477492
tear	3.2121503	4.667452	2.4990346
honorable	5.858726	5.5350237	6.3903294
previous	4.4638743	4.4618187	4.557046
good	7.08609	4.2343035	6.412176
domestic	4.6921134	3.5518513	4.1202507
glory	7.188162	5.4962683	7.204854
lay	4.845127	3.9766817	4.0706453
occasion	5.208062	5.056958	5.160698
guard	5.299049	5.1821647	6.1927547
whole	5.4770536	4.577509	5.469199
mouth	4.965243	5.0122967	4.910682
receive	6.662057	4.6528893	5.2439275
take	5.0544543	5.471224	5.4587784
simple	6.5418344	4.1014442	5.5982695
error	2.276178	5.3950143	3.9382663
wisdom	6.9605684	4.943393	7.1739397
rock	5.2830086	4.8156743	5.4350224
decide	5.464295	5.286636	6.3338375
exclaim	6.0973287	6.344578	5.8695836
assure	7.641709	5.2137265	6.253577
sign	5.142332	3.8930697	4.637716
preserve	6.2577624	4.043535	5.8815346
commerce	6.5213757	5.037081	6.817527
plant	5.237196	4.272099	5.180753
walk	5.946764	4.2523365	4.3701897
difference	4.727833	4.463258	4.93468
hang	4.3798013	4.302646	4.002123
following	7.3180428	3.9444413	6.005709
employ	4.94809	4.7293897	5.567055
