deal	5.4238434	5.174737	5.7249155
study	7.0573077	4.115532	6.5968285
afford	6.4017363	4.5836873	5.735145
service	6.3429155	4.8837504	6.096975
height	5.4401016	5.1684957	5.9795575
prospect	7.6814165	5.005841	6.325945
pleasant	7.3628826	3.9757707	4.7996593
shade	4.276638	3.6321144	3.3113854
listen	5.35138	5.4114184	4.8393445
mighty	6.1979527	5.5794487	7.0422306
country	5.7330217	4.391031	5.8809743
title	7.164607	4.3701553	6.6656256
choose	5.211514	4.3321095	4.7436814
village	6.3697877	4.764777	5.6774054
acquire	7.67655	5.8021393	8.030194
rank	5.835029	5.332813	6.036503
bow	6.039214	4.09708	5.0778794
doctor	4.988038	4.0910015	5.134512
talent	7.851695	6.005116	7.6706543
source	6.2922583	4.5172844	5.7189083
lead	5.13111	5.5966916	5.1897
question	5.1203246	4.175379	5.369994
publish	5.1749363	4.9845147	5.2396054
interest	6.8638372	5.0210247	6.309764
serve	5.198616	4.045504	4.657469
divine	7.156948	4.706338	7.1386085
put	5.0419884	4.7251744	4.335754
shadow	4.251396	3.074069	3.5049925
practical	5.9419823	4.335985	6.13188
surface	4.580136	2.9889748	3.868312
account	5.6081247	4.7082634	5.7455854
loss	3.4877293	5.223772	3.6389587
indian	4.8379436	5.456327	5.3143706
vine	7.1866927	3.7150362	5.665944
certain	5.2665977	5.2747025	5.820354
sin	3.0618172	5.4644127	4.583276
necessity	4.350455	5.0746627	5.4228773
lose	4.476591	5.322873	4.828603
private	3.9777467	4.052758	4.300373
gentleman	6.6253695	4.392679	5.576275
daughter	5.8794093	4.37313	5.50224
drive	3.1290305	6.9260535	4.652398
strange	3.893204	5.6511745	4.124695
journey	6.1408224	4.2373505	4.5341096
uncle	7.5421853	3.4741697	6.3486576
species	5.541302	5.4956093	5.0669513
think	5.653377	4.5442586	4.998899
bed	5.0932584	2.8092601	3.2927918
wind	4.716581	5.133362	4.624411
bless	8.37954	4.2759724	6.352106
destroy	3.0655925	6.7158217	5.027017
author	5.714216	4.702038	5.295045
sustain	5.545496	5.0899463	5.9932365
black	4.0055985	4.5423727	3.7736845
event	6.319258	5.493318	6.576111
liberty	7.503316	5.824601	7.5587683
negro	3.6171644	5.224172	4.372712
little	4.122033	3.7925444	2.9923706
fortune	6.63942	5.1916614	6.319355
touch	5.451786	4.621378	4.4845176
kill	3.7581148	6.365394	4.763604
feature	5.5905514	3.7852292	5.2544303
happiness	8.556887	4.442337	6.154459
assume	3.9300733	5.00078	4.772495
notion	5.774584	4.2824054	5.136309
purchase	6.4750056	4.7038436	5.7846994
faithful	6.5994763	4.1134753	5.992779
soldier	4.73003	5.7835846	5.9621334
father	5.9249167	5.004509	6.2387953
narrow	2.9369025	4.4287367	3.6520708
great	5.571007	5.2434907	6.387682
tear	2.9552913	4.9684315	2.7524858
honorable	6.119818	5.590162	6.32267
previous	4.331229	4.440247	4.297404
good	6.957113	4.298501	6.3522453
domestic	4.6515937	3.3105512	3.8824835
glory	7.642544	5.3804455	7.153933
lay	4.665356	4.489758	4.3387904
occasion	5.462875	5.359206	5.4482985
guard	4.8798985	5.214713	6.309441
whole	5.2975783	4.6286635	5.645404
mouth	5.217392	4.596876	4.664347
receive	6.371761	5.0546074	5.4194193
take	4.9729924	5.3591046	5.117291
simple	6.1806884	4.2652564	5.619742
error	2.347209	5.663933	4.0172825
wisdom	6.888553	4.819572	7.1756043
rock	4.8029065	4.978737	5.196148
decide	5.402289	5.0471997	6.011817
exclaim	5.6102104	6.264486	5.480369
assure	7.7772064	5.3240204	6.5956306
sign	5.028499	3.897347	4.5482283
preserve	6.167679	3.9593136	5.6551194
commerce	6.524581	5.3216853	6.8931804
plant	5.149125	4.179131	4.9159985
walk	6.2009726	4.343466	4.2980475
difference	4.9134383	4.2354827	4.8111014
hang	4.573151	4.44658	4.2932715
following	6.918477	3.7455354	5.420322
employ	4.6028714	5.151366	5.5666523
