deal	4.99071	5.1366005	5.746334
study	6.590444	4.373188	6.28846
afford	6.3960366	4.6261644	5.5382648
service	6.5905824	4.6153436	6.090207
height	5.406231	5.247101	5.9222164
prospect	7.451688	5.503257	6.5633593
pleasant	7.5269556	4.1408367	5.0055923
shade	4.3899784	3.5229774	3.2177587
listen	5.1088953	5.5696115	4.9466567
mighty	6.4183054	5.6881227	7.397431
country	5.3712225	4.6250234	5.921093
title	7.2755117	4.4912615	6.826871
choose	5.826099	4.311146	5.125528
village	6.1273365	5.1045117	5.7224994
acquire	7.785135	5.7353086	8.049496
rank	5.8314705	4.972115	5.767199
bow	5.9480247	4.027625	4.9953246
doctor	5.079205	4.13846	5.22606
talent	7.7670097	5.895684	7.715599
source	5.976441	4.487815	5.4306393
lead	5.129629	5.6588807	5.1136637
question	5.39694	4.200506	5.6431103
publish	5.3656263	5.047063	5.3382792
interest	6.9278026	5.0092607	6.329431
serve	5.341529	3.9132886	4.4542027
divine	7.700845	4.134002	7.062039
put	5.185502	4.426072	4.1891046
shadow	4.2902427	3.3595197	3.8404484
practical	6.285987	4.4085345	6.19254
surface	4.950547	2.752132	4.043523
account	5.8905663	4.7262144	5.8213224
loss	3.4165897	5.273925	3.6169007
indian	4.782321	5.051031	5.141153
vine	7.296664	3.6050982	5.726033
certain	5.284329	5.244686	5.8244925
sin	2.9176106	5.5274625	4.626273
necessity	4.2919345	5.11484	5.4807563
lose	4.4549704	5.2315574	4.4610567
private	3.9892201	4.2843432	4.5762877
gentleman	6.345148	4.613542	5.820404
daughter	6.042498	4.441449	5.5661354
drive	3.0316803	6.838157	4.3998756
strange	4.418525	5.795678	4.362174
journey	6.0906363	4.3225403	4.7958436
uncle	6.6407413	4.068163	6.0714717
species	5.4988894	5.194974	5.1918306
think	5.776488	4.752513	4.881407
bed	4.7661033	3.1785705	3.482355
wind	4.711992	4.7364383	4.361868
bless	8.663269	4.2470665	6.6091304
destroy	3.3735447	6.8194065	5.2348604
author	5.557103	4.425502	5.1605816
sustain	5.4975495	4.9377794	5.8983006
black	3.6347673	4.9746366	4.0088515
event	6.4915442	5.750009	6.8280067
liberty	7.861858	6.093929	7.6180553
negro	3.794429	5.6009636	4.403497
little	4.130229	3.8426554	3.1202908
fortune	6.525301	5.018233	6.286193
touch	5.979771	4.2736278	4.5085287
kill	3.9339726	6.31849	4.7784576
feature	5.573188	4.0173507	5.471668
happiness	8.457718	4.705737	6.1772394
assume	4.0883102	4.956409	4.9256225
notion	5.5795426	4.426427	5.1131277
purchase	6.899838	4.61732	5.9274325
faithful	6.861182	4.0143375	6.283592
soldier	4.874058	5.59082	5.9410715
father	5.9196496	5.1129756	6.2864404
narrow	3.1694741	4.4556017	3.7505515
great	4.9995513	5.2140474	5.8389215
tear	2.8375854	4.864469	2.5823903
honorable	6.0340986	5.4495077	6.230413
previous	4.405031	4.6235485	4.484036
good	6.972916	4.394119	6.298142
domestic	5.0420556	3.4156923	4.084813
glory	7.4559126	5.3269315	7.1250887
lay	4.469943	4.785356	4.5839896
occasion	5.3589525	5.2990823	5.3917146
guard	5.131013	5.112226	6.35499
whole	5.4455338	4.5598736	5.5673814
mouth	4.8794756	4.9592204	4.7700973
receive	6.406193	4.885748	5.2899165
take	4.873267	5.214766	4.9575763
simple	6.4784136	4.263911	5.8198576
error	2.1189122	5.3382416	3.6453087
wisdom	7.099523	4.874703	7.087784
rock	5.1025915	5.067612	5.593631
decide	5.2610054	5.222725	5.9452343
exclaim	5.722328	6.2584267	5.599208
assure	7.3071175	5.2647767	6.2064657
sign	5.039884	3.850459	4.513145
preserve	6.0601816	3.8020124	5.6896486
commerce	6.377598	5.108092	6.8178086
plant	5.1144423	4.277611	4.9657226
walk	5.8012605	4.1685877	4.1539145
difference	4.537487	4.4862385	4.817193
hang	4.1185846	4.410699	4.0518465
following	7.2741737	3.9426532	6.056961
employ	4.855337	4.9948897	5.5690103
