deal	4.976806	5.384116	5.782096
study	6.7416964	4.1368837	6.4930296
afford	6.734917	4.723947	6.0872507
service	6.3428574	4.7991567	6.072516
height	5.008326	5.1869774	5.578389
prospect	7.497353	5.4512005	6.487012
pleasant	7.3430586	4.0571136	4.7755604
shade	4.472312	3.647408	3.4608693
listen	5.2940454	5.5103655	4.918016
mighty	6.231619	5.564528	7.2427635
country	5.419759	4.558452	5.6674128
title	7.598835	4.042037	6.52845
choose	5.384219	4.4816966	5.165859
village	6.1517763	4.8941336	5.698534
acquire	7.6032906	5.5155663	7.7701325
rank	5.9707026	5.3212566	5.9957933
bow	5.9857225	3.8793116	4.7676682
doctor	4.8019466	4.1022353	5.0311203
talent	7.7848573	6.079573	7.682665
source	6.250293	4.7611837	5.661289
lead	4.934411	5.7353725	5.1942697
question	4.98013	4.3579016	5.5592375
publish	5.5761223	4.7786326	5.243112
interest	6.530105	5.18143	6.1731887
serve	5.302616	3.9260185	4.4359384
divine	7.420204	4.285925	7.055894
put	5.069256	4.573139	4.3619213
shadow	4.3313746	3.3667939	3.7359734
practical	6.1016355	4.4718733	6.246155
surface	4.7044625	2.7692006	3.7222066
account	5.6782207	4.8691115	5.801107
loss	3.1119215	5.596283	3.7967093
indian	4.772198	5.2154403	5.201782
vine	7.144441	3.4254863	5.4748626
certain	5.1185775	5.2801924	5.737934
sin	2.9454715	5.476237	4.452755
necessity	4.380252	5.0082326	5.4892125
lose	4.2580223	5.128569	4.6434727
private	3.9682398	4.3012257	4.563959
gentleman	6.2364917	4.3569827	5.5022287
daughter	5.9528894	4.3657637	5.350508
drive	3.0761738	6.5984344	4.5123324
strange	4.4650187	5.6011367	4.266451
journey	6.030184	4.1232877	4.608183
uncle	6.51367	4.0499873	5.821147
species	5.663146	5.326296	5.2012496
think	5.660775	4.836871	5.112227
bed	4.816069	3.2525167	3.3692799
wind	4.8048244	4.6025386	4.37909
bless	8.454029	4.3236265	6.387722
destroy	3.2354732	6.7089314	5.2655272
author	5.9222097	4.4798775	5.1700006
sustain	5.253497	5.096105	5.9765124
black	3.7347755	4.8829885	4.157936
event	6.521102	5.5684423	6.780218
liberty	7.429717	6.043584	7.6293917
negro	3.6054707	5.0912404	4.0487494
little	3.9393735	4.2290516	3.4023802
fortune	6.6184444	5.1003685	6.1678033
touch	5.4599686	4.2899866	4.143007
kill	4.193933	6.4653945	5.1180534
feature	5.6052065	3.856707	5.3665953
happiness	8.402117	4.6894016	6.363919
assume	3.9288883	4.794935	4.839933
notion	5.3188305	4.297644	4.880685
purchase	6.7820034	4.356795	5.674265
faithful	6.8681493	3.9383192	6.2010016
soldier	4.4430604	5.732564	5.7052956
father	5.9337187	4.814002	5.841706
narrow	2.877076	4.562599	3.5534627
great	5.3783994	5.5828414	6.120568
tear	3.0631018	4.800248	2.8934448
honorable	6.05504	5.5583415	6.263377
previous	4.238343	4.557843	4.4970326
good	7.0542307	4.1896424	6.1000657
domestic	4.975572	3.5257893	4.300317
glory	7.412297	5.4424305	7.1711564
lay	4.626497	4.5614305	4.5549035
occasion	5.1578927	5.4173756	5.349575
guard	4.9368644	5.0807977	6.0249815
whole	5.1872993	4.6297903	5.449694
mouth	5.1208034	4.620906	4.667983
receive	6.4462423	4.6929855	5.479047
take	4.8098607	5.0839796	4.9767976
simple	6.257299	4.237807	5.5627255
error	2.2860954	5.576766	3.805418
wisdom	6.893755	4.7098637	7.0032845
rock	5.030277	4.8180585	5.1614184
decide	4.977092	5.3340282	6.3208947
exclaim	5.8150306	6.209644	5.4837937
assure	7.5435333	5.161787	6.340626
sign	5.2675548	3.8130038	4.524701
preserve	5.926696	3.7773643	5.7390304
commerce	6.749522	5.2925124	6.9510674
plant	5.3087153	4.0629635	5.039582
walk	5.955545	4.3702097	4.357012
difference	5.14871	4.338881	4.939756
hang	4.4435105	4.3344154	4.255749
following	7.2822704	3.719533	5.5961
employ	4.8951473	4.844796	5.5236154
