deal	4.4628606	5.220961	5.5650463
study	6.805583	4.2762885	6.6545486
afford	6.699527	4.7427993	5.9079676
service	6.567625	4.5076056	6.06416
height	5.373478	5.275426	5.860151
prospect	7.6685543	5.2376347	6.50231
pleasant	7.627294	3.9398541	4.863034
shade	4.451895	3.6900878	3.2898364
listen	5.225835	5.4680567	4.7513075
mighty	6.409696	5.49629	7.109856
country	5.496462	4.265977	5.6371384
title	7.5363283	4.4335938	6.960781
choose	5.2750134	4.420514	4.945497
village	6.024101	4.7846675	5.705373
acquire	7.7889967	5.5398374	8.147385
rank	5.994175	5.1661263	6.0554357
bow	6.113788	4.3582664	5.2420826
doctor	4.799579	4.472597	5.2397733
talent	8.0822525	5.951742	7.8847322
source	6.2612596	4.802417	5.7689066
lead	4.801613	5.47149	4.929891
question	5.023485	4.3972864	5.4605155
publish	5.4822154	5.144692	5.5693274
interest	6.49543	5.0557404	5.8980913
serve	5.261738	3.755621	4.4057064
divine	7.3886094	4.505774	6.978505
put	5.059477	4.5269575	4.02088
shadow	4.236595	3.1814983	3.734265
practical	5.9849777	4.2736344	6.2324905
surface	4.5793695	3.060057	3.9293933
account	5.8381586	4.550435	5.406193
loss	3.3913972	5.341012	3.720182
indian	4.7967005	5.301013	5.2849503
vine	6.6427155	4.0214276	5.7446213
certain	5.159238	5.234547	5.745678
sin	2.8896675	5.443688	4.5053983
necessity	4.3679996	5.262503	5.450399
lose	4.2663255	5.3346543	4.500881
private	4.090016	4.221966	4.3986053
gentleman	6.4375033	4.495701	5.6837177
daughter	5.950723	4.5004606	5.576658
drive	2.8676462	6.7567854	4.455697
strange	3.9632032	5.4883614	3.935576
journey	6.115014	3.9519365	4.6197987
uncle	6.3839407	3.6591268	5.515974
species	5.687639	5.493983	5.154833
think	5.4128947	4.6549163	4.8884387
bed	5.1645184	3.2685983	3.685011
wind	4.436435	5.0088243	4.390093
bless	8.443234	4.194503	6.468588
destroy	3.0426843	6.809984	5.1163
author	5.7340446	4.553686	5.212136
sustain	5.3956614	5.089838	5.900012
black	3.906197	5.3022876	4.2628417
event	6.344348	5.4820857	6.497551
liberty	8.044292	6.1337113	7.8561954
negro	3.9026437	5.410572	4.20212
little	4.4133015	3.6494207	3.1492894
fortune	6.5723867	5.039156	6.1640015
touch	5.617041	4.247295	4.4325447
kill	3.637245	6.6198797	4.875904
feature	5.524045	3.6960046	5.26087
happiness	8.504875	4.8386183	6.3166776
assume	4.2015576	4.914027	5.011346
notion	5.618128	4.3776393	5.222604
purchase	6.881933	4.4775867	5.9163504
faithful	6.6130276	3.878951	5.9399757
soldier	4.5361	5.522585	5.652243
father	5.9012957	4.692251	5.973034
narrow	3.0321212	4.2502227	3.5490253
great	5.0430403	5.4668455	5.9975553
tear	3.3263898	4.6332483	2.741105
honorable	6.28888	5.2757635	6.3899302
previous	4.5039945	4.626046	4.6122274
good	6.775775	4.204585	6.2345195
domestic	4.577993	3.412773	3.78719
glory	7.468814	5.4578476	7.110313
lay	4.817577	4.4473567	4.4389124
occasion	5.10894	5.3596992	5.150797
guard	4.968067	5.0860567	5.991368
whole	5.5433865	4.694731	5.538453
mouth	5.0741525	4.42609	4.620469
receive	6.639777	4.8541355	5.4733524
take	4.252286	5.391303	5.013466
simple	6.531128	4.200194	5.797923
error	2.3788152	5.207116	3.9629428
wisdom	6.832633	4.5577483	6.996701
rock	5.1567087	5.1742287	5.5936904
decide	5.099081	5.103739	6.1733637
exclaim	5.8123455	6.218871	5.6480427
assure	7.694835	5.17152	6.3854914
sign	5.3194056	3.869544	4.5958724
preserve	5.7791233	3.908926	5.5508094
commerce	6.2627172	5.071215	6.6980143
plant	4.8721166	4.449667	4.9217076
walk	6.1006966	4.5054626	4.3541627
difference	4.747202	4.6467705	4.9348507
hang	4.35812	4.445039	4.3038545
following	7.302292	3.5913765	5.6167545
employ	4.8038	4.601911	5.3100615
