deal	4.815555	5.158981	5.6001406
study	6.8438416	4.5550513	6.833187
afford	6.739456	4.689968	5.7740946
service	6.4026194	4.7755947	6.2310867
height	5.1676636	5.210078	5.726782
prospect	7.1531143	5.286953	6.202654
pleasant	7.4194465	4.149717	4.890207
shade	4.393569	3.8701177	3.3906958
listen	5.3622103	5.4091563	4.646375
mighty	6.1551213	5.453201	7.079151
country	5.738421	4.145622	5.733083
title	7.340137	4.24542	6.6988
choose	5.502339	4.362597	5.037634
village	6.480151	4.5209985	5.57657
acquire	7.6388206	5.7784142	7.918082
rank	5.8535404	5.4754453	6.0697346
bow	5.6399903	4.023574	4.778958
doctor	4.9542456	4.0963125	4.9882984
talent	8.01677	5.8806	7.858508
source	6.835658	4.7137003	5.960994
lead	5.029383	5.7296314	5.422356
question	4.903452	4.2581058	5.224751
publish	5.355346	5.0689807	5.286177
interest	6.368458	5.0299816	5.880555
serve	5.7626796	3.8058944	5.104885
divine	7.506106	4.6972275	7.517647
put	4.6303935	4.5822773	4.0889335
shadow	4.138765	3.4486775	3.6307268
practical	6.0500827	4.5005984	6.402096
surface	4.6213655	3.035157	3.9032998
account	5.542337	4.6826534	5.6760483
loss	3.3236644	5.6346784	3.7038465
indian	4.881721	5.2731814	5.3282337
vine	6.73132	3.66153	5.628174
certain	5.3995695	5.274254	5.939056
sin	2.6810064	5.178185	4.149353
necessity	4.0942836	5.23443	5.296353
lose	3.7400846	5.3629436	4.325237
private	4.1598377	4.40748	4.412402
gentleman	6.3431463	4.2024646	5.4268208
daughter	6.0096755	4.385895	5.47599
drive	3.19767	6.681202	4.6801386
strange	4.1971893	5.7999816	4.2393103
journey	6.0201797	4.0207343	4.4976892
uncle	6.896449	3.9623823	5.794595
species	5.46202	5.125874	4.7731447
think	5.7550473	4.931897	5.08885
bed	5.055188	2.9598262	3.098067
wind	4.7058754	4.950627	4.5521703
bless	8.266207	4.331947	6.424471
destroy	3.4374511	6.656072	5.2600164
author	5.7681046	4.5443287	5.2360253
sustain	5.338457	5.056769	5.8532023
black	3.7126858	4.89677	3.9697602
event	6.2926216	5.740461	6.8951387
liberty	7.5085974	6.0943427	7.6371365
negro	3.8506894	5.3980007	4.460105
little	4.782585	4.086565	3.5385098
fortune	6.6746106	5.101491	6.375676
touch	5.362143	4.301607	4.172329
kill	3.8319068	6.3083916	4.7622004
feature	5.82776	3.564754	5.264725
happiness	8.19452	4.796526	6.1190863
assume	4.032092	5.0251765	4.920004
notion	5.4381824	4.2407713	4.8230243
purchase	6.779976	4.6875553	6.0778065
faithful	6.569535	4.181912	6.195284
soldier	4.6586	6.0065875	5.9662366
father	5.88084	4.677531	5.9819083
narrow	3.0041192	4.304517	3.6834142
great	4.9847293	5.3425617	6.2135806
tear	3.1449633	4.9073105	2.9423003
honorable	6.1586046	5.412552	6.3601284
previous	4.4282517	4.487856	4.597305
good	6.8499737	4.2447023	6.437292
domestic	4.7510943	3.7331152	4.1032686
glory	7.403152	5.487451	7.203186
lay	4.615034	4.4791284	4.3658676
occasion	4.8890667	5.3549685	5.2413607
guard	4.6237783	5.4705577	6.085842
whole	5.42617	4.5735908	5.671502
mouth	5.080677	4.480249	4.6379075
receive	6.8655243	4.9331713	5.5941644
take	4.534673	5.4729285	5.4018965
simple	6.526703	4.2682524	5.600119
error	2.4627519	5.4082975	3.9721084
wisdom	7.057968	4.687547	7.192956
rock	4.8927007	4.957797	5.107504
decide	5.0972767	5.267794	6.0317936
exclaim	5.641143	6.224862	5.527963
assure	7.654947	5.139422	6.2674894
sign	5.260978	3.7231688	4.770032
preserve	5.740688	3.9215403	5.5304093
commerce	6.4882374	5.3637433	6.966781
plant	5.0728555	4.0568852	4.949891
walk	5.9984818	4.212938	4.3003387
difference	4.5250053	4.435596	4.8311667
hang	4.498561	4.4993486	4.2649374
following	7.0228434	3.7856913	5.660597
employ	5.2956576	5.1125712	6.0002894
