deal	4.9390216	5.7652664	5.8077793
study	6.754403	4.290148	6.611247
afford	6.674311	4.8024907	5.9877276
service	6.662363	4.718732	6.0138564
height	5.429171	5.5144267	5.962642
prospect	7.4772787	5.3476486	6.4206753
pleasant	7.5513725	4.096507	4.976281
shade	4.549715	3.8327699	3.546334
listen	5.100224	5.375363	4.50251
mighty	6.3014584	5.6212277	7.160696
country	5.5832925	4.250263	5.7761984
title	7.61765	4.4710956	7.0665402
choose	5.6049805	4.260482	5.053209
village	6.227778	4.7658205	5.8099346
acquire	7.6994085	5.6821475	8.025046
rank	5.9388013	5.3700175	5.851153
bow	6.176502	4.186315	5.020686
doctor	4.8909554	4.0702724	5.0594873
talent	7.9746027	6.047129	7.8636436
source	6.4012856	4.8447886	5.8050537
lead	5.120135	5.7111034	5.553931
question	5.2947865	4.1159353	5.607718
publish	5.6182737	5.1027365	5.5414863
interest	6.5367403	5.117526	6.0836453
serve	5.7260675	3.8317578	4.861643
divine	7.4945364	4.1332264	7.0602703
put	5.1514754	4.3816257	4.1991434
shadow	4.4252872	3.4599955	3.930609
practical	6.370687	4.496377	6.4086576
surface	4.9203305	2.94347	4.0535703
account	5.5795083	4.65897	5.4273806
loss	3.2527187	5.4553366	3.724533
indian	4.8855433	4.924469	5.281584
vine	6.738202	3.8771496	5.751182
certain	5.204455	5.1403165	5.789651
sin	2.98245	5.486391	4.600236
necessity	4.1446285	5.047653	5.3024797
lose	4.761577	5.383913	4.887557
private	4.3271995	4.341422	4.7885237
gentleman	6.4062576	4.4479566	5.664594
daughter	5.5632524	4.597452	5.4895115
drive	3.4527717	6.853288	4.8305197
strange	4.3475056	5.6757946	4.225834
journey	6.076197	4.044092	4.475218
uncle	6.565507	4.1421704	5.947322
species	5.4573283	5.2597017	4.5910707
think	5.927493	4.709052	5.0997105
bed	5.134139	3.1335664	3.4671736
wind	4.7109723	4.9109178	4.3650837
bless	8.666651	4.2998905	6.4632487
destroy	3.3836992	6.5579963	5.250363
author	5.896979	4.3628325	5.127719
sustain	5.4054127	4.950252	6.01161
black	3.5210834	4.734044	3.912541
event	6.376387	5.6263103	6.7089396
liberty	7.5949736	5.9200296	7.5706677
negro	3.7338438	5.149929	4.2389007
little	4.3549757	4.11668	3.248199
fortune	6.5410876	5.0724936	6.167969
touch	5.4803123	4.2374625	4.3796525
kill	3.8997025	6.488263	4.887694
feature	5.5759473	3.7542124	5.18652
happiness	8.359941	4.9153867	6.2687497
assume	4.128155	5.015542	4.9418783
notion	5.7769613	4.499851	5.156767
purchase	6.503503	4.372505	5.611496
faithful	6.6672187	4.161785	6.2436776
soldier	4.547909	5.7588625	5.987261
father	5.6700764	5.1498384	6.121729
narrow	3.0130596	4.3989677	3.7588282
great	5.157873	5.6678977	6.0452094
tear	3.4232593	4.7755594	2.7958078
honorable	6.086814	5.192299	6.1876698
previous	4.6509314	4.593484	4.63165
good	6.9976006	4.359583	6.3683805
domestic	4.7769423	3.3818648	3.9364152
glory	7.680054	5.4595294	7.0710335
lay	4.407122	4.247587	4.109383
occasion	5.0355754	5.0933056	5.017861
guard	4.720516	5.14598	5.945846
whole	5.27026	4.395322	5.589788
mouth	5.0714655	4.6131134	4.529889
receive	6.8523984	4.9803643	5.648282
take	4.811355	5.246428	5.268681
simple	6.4998655	4.2172337	5.787065
error	2.2660983	5.435872	3.9485898
wisdom	6.9636264	4.8081264	7.1610017
rock	4.8825917	4.994751	5.409107
decide	5.2994366	5.1574163	6.4809456
exclaim	5.8655477	6.028028	5.6795936
assure	7.5630474	5.151283	6.2131505
sign	5.1669016	3.842462	4.7206125
preserve	5.8750057	3.8390145	5.54803
commerce	6.2551303	5.0507193	6.670783
plant	5.0202565	4.2650905	4.932665
walk	6.03852	4.448592	4.659709
difference	4.64552	4.583126	4.8598986
hang	4.1582108	4.603741	4.228639
following	6.961027	3.8553362	5.710061
employ	4.761128	4.692169	5.391594
