deal	5.227324	5.35643	5.794103
study	6.818656	4.4212074	6.604257
afford	6.488343	4.6594157	5.7234817
service	6.5486116	4.6109805	6.2087235
height	5.4904056	5.3823423	5.8063283
prospect	7.204851	5.334075	6.393736
pleasant	7.4540443	4.2206125	4.911031
shade	4.524831	3.5567684	3.3201218
listen	5.10024	5.392094	4.740252
mighty	6.2563434	5.4653616	7.0771255
country	5.268684	4.2309303	5.589789
title	7.5447693	4.5246897	6.799837
choose	5.2330513	4.3133564	4.909525
village	6.4248495	4.8121014	5.853329
acquire	7.82292	5.755751	7.9838324
rank	5.836767	4.990902	5.695795
bow	5.9472947	3.957272	4.8424335
doctor	4.9692874	4.13847	5.169995
talent	8.243485	5.928429	7.8272405
source	6.255563	4.7845306	5.87561
lead	4.932342	5.707728	5.1023655
question	4.7939467	4.2195015	5.2431808
publish	5.5889597	5.0931067	5.401917
interest	6.4423122	4.8468084	5.9901686
serve	5.4232645	3.992979	4.5916843
divine	7.554154	4.4315376	7.269397
put	4.8490973	4.5748687	4.147414
shadow	4.296831	3.3094115	3.5804493
practical	6.0024586	4.4418755	6.2138677
surface	4.815327	3.0764277	4.125272
account	5.430199	4.565263	5.464554
loss	3.3655367	5.1516595	3.8296351
indian	5.025251	5.19935	5.459881
vine	7.2399397	3.6552892	5.857605
certain	5.2769084	5.5101933	5.9668775
sin	3.216134	5.19743	4.5949745
necessity	4.249819	5.1886477	5.501944
lose	4.2046666	5.355613	4.6222405
private	4.0173335	4.144191	4.473857
gentleman	6.218132	4.3549466	5.63142
daughter	6.014088	4.4892826	5.730183
drive	2.9684029	6.604676	4.301755
strange	4.085015	5.7479863	4.055893
journey	5.9723587	4.285264	4.637615
uncle	6.331811	3.9364183	5.6745987
species	5.428407	5.3924994	4.746127
think	5.6134634	4.8974156	5.010899
bed	5.0197525	2.8938563	3.3117998
wind	4.8428926	5.068276	4.5570583
bless	8.354043	4.114792	6.26082
destroy	3.3059754	6.6868725	4.981414
author	5.6989136	4.451529	5.1068616
sustain	5.449136	4.9834833	5.95455
black	3.1465707	4.992591	3.797571
event	6.4093356	5.938863	6.9624033
liberty	7.309101	6.0463586	7.448608
negro	3.709468	5.328618	4.435398
little	4.147546	4.030891	3.3024402
fortune	6.64653	4.9666286	6.0074334
touch	5.7785444	4.2996087	4.652749
kill	3.8804994	6.3712435	4.9525805
feature	5.474078	3.8183882	5.2348576
happiness	8.407349	4.790857	6.24988
assume	4.1716137	4.736231	4.965353
notion	5.332885	4.345293	4.7675815
purchase	6.7788086	4.4784656	5.69389
faithful	6.7370853	3.9295669	6.217087
soldier	4.462529	5.700557	5.745223
father	5.9484267	4.795523	6.115202
narrow	3.010689	4.374916	3.6235337
great	5.52174	5.4132667	6.3933315
tear	3.0095103	4.644823	2.6987083
honorable	6.3197875	5.5064745	6.385271
previous	4.633802	4.4828057	4.6158195
good	7.0806704	4.406838	6.4423127
domestic	4.7413616	3.638815	4.06203
glory	7.3692627	5.2085056	6.893971
lay	5.010336	4.3034163	4.3916893
occasion	5.4761834	5.3256345	5.5352554
guard	4.7626057	5.1995616	5.9735374
whole	5.255989	4.5571165	5.438262
mouth	4.9683146	4.6806507	4.794985
receive	6.7724533	4.9604564	5.5828123
take	4.763873	5.2830973	5.181366
simple	6.3535967	4.2226496	5.6566696
error	2.5273333	5.2982173	4.070142
wisdom	6.9929886	4.834454	7.2195363
rock	5.149713	5.0316615	5.4033446
decide	5.316565	5.384128	6.429302
exclaim	5.9536633	6.125444	5.5402775
assure	7.395158	5.281227	6.236601
sign	4.9481325	3.9693747	4.396095
preserve	5.619228	4.1184855	5.5197086
commerce	6.475206	5.2503424	6.853874
plant	5.1457634	3.9929576	4.8498764
walk	6.1948204	4.5481462	4.383598
difference	5.153099	4.322511	5.0168185
hang	4.6539016	4.4038	4.228966
following	7.202195	3.5844889	5.7012897
employ	5.073838	4.991934	5.8757343
