deal	5.266002	5.5612035	6.05858
study	6.6971054	4.412383	6.597291
afford	6.382374	4.878292	5.8308806
service	6.627056	4.764865	6.218957
height	5.082239	5.2050896	5.7631845
prospect	7.4030848	5.301471	6.427142
pleasant	7.311862	4.2693415	4.994845
shade	4.4531794	3.802166	3.1331544
listen	5.064179	5.278699	4.82851
mighty	6.180134	5.620522	7.111594
country	5.5732584	3.8860526	5.6004972
title	7.9413037	4.2290406	6.8918757
choose	5.5294623	4.483446	4.943904
village	6.409109	4.728109	5.70153
acquire	7.9305673	5.742324	8.10194
rank	6.0283966	5.4462543	6.1695585
bow	5.841564	4.1980357	4.775734
doctor	4.733841	4.2446175	5.0653453
talent	8.114567	6.1241827	8.024252
source	6.4305053	4.6962214	5.7209673
lead	5.028761	5.8804555	5.4758677
question	4.870007	4.3707657	5.256776
publish	5.7219133	4.898447	5.4936275
interest	6.471075	4.9467783	6.053873
serve	5.5511994	4.2243986	4.895829
divine	7.572591	4.151273	6.893711
put	4.5433235	4.5386767	4.212769
shadow	4.3411427	3.4255383	3.5442634
practical	5.9721565	4.493803	6.2121134
surface	4.71246	3.0690932	4.0564356
account	5.6273484	4.7477007	5.7780523
loss	3.3777413	5.5365953	3.8519478
indian	5.085463	4.999202	5.06487
vine	7.015441	3.5972624	5.4807525
certain	5.135353	5.6136193	5.9167852
sin	2.9231281	5.487613	4.5245886
necessity	4.311818	5.441243	5.612154
lose	4.6145005	5.5216413	4.7007437
private	4.1588554	4.1737103	4.6178775
gentleman	6.5275993	4.515724	5.897936
daughter	6.142087	4.411953	5.614389
drive	3.2465982	6.6788087	4.5119534
strange	4.1413107	5.8155127	4.3572392
journey	6.1331577	4.1116886	4.6425357
uncle	6.7192726	4.164668	5.8970156
species	5.192322	5.011808	4.772587
think	5.672834	4.772352	4.9430494
bed	4.986792	2.9936054	3.3569531
wind	4.5940866	5.0516386	4.5902634
bless	8.621271	4.3669176	6.4913177
destroy	3.288185	6.773459	5.1345596
author	5.939997	4.4490614	5.1542816
sustain	5.176774	5.2654595	6.146447
black	4.1355433	4.3874807	3.8749685
event	6.7181673	5.6407423	6.921261
liberty	7.432879	5.85541	7.31665
negro	3.833123	4.9302754	4.206434
little	4.391058	4.3405557	3.4137094
fortune	6.6983967	5.44415	6.3489084
touch	5.4162173	4.418739	4.4206734
kill	4.1053486	6.419187	4.9895997
feature	5.5581036	3.7936258	5.2281694
happiness	8.273005	4.8636603	6.275775
assume	4.2513003	4.9601145	4.999529
notion	5.418926	4.2164774	4.8369536
purchase	7.0540943	4.371672	5.731633
faithful	6.659009	4.1386323	6.1746893
soldier	4.88993	5.8330293	6.0867224
father	5.9221244	4.737672	6.0077868
narrow	2.9465914	4.322342	3.5315998
great	5.2332687	5.67519	6.038089
tear	3.1712902	4.6116858	2.4453874
honorable	6.1211214	5.3395123	6.3379107
previous	4.5495176	4.663597	4.6439333
good	7.096514	4.8584614	6.522698
domestic	4.6674223	3.4764628	4.2009044
glory	7.5282764	5.363843	7.060969
lay	4.6818337	4.4797688	4.333013
occasion	5.117835	5.2491794	5.3587413
guard	4.778649	5.234109	6.032375
whole	5.39408	4.767103	5.6333065
mouth	5.0642705	4.5997047	4.7600355
receive	6.529319	5.0210013	5.592992
take	4.5178165	5.529733	4.9671326
simple	6.25784	4.235087	5.49082
error	2.3823943	5.3702607	4.1174083
wisdom	6.969754	4.7461634	6.989657
rock	5.1036887	4.8521247	5.3636985
decide	5.2970386	5.5707793	6.3619213
exclaim	6.117092	6.0816655	5.761831
assure	7.689147	5.26454	6.2781186
sign	5.130436	4.2096148	4.6155953
preserve	5.742856	3.9925852	5.561076
commerce	6.458276	5.1308365	6.9722023
plant	5.320278	4.1646237	4.964998
walk	5.7934885	4.572613	4.3757987
difference	5.22491	4.273729	4.983907
hang	4.2694383	4.5821657	4.257145
following	7.276229	3.4031656	5.696338
employ	4.917657	5.005177	5.724071
