deal	5.178888	3.5307813	4.300064
study	7.67349	4.7678094	8.497889
afford	5.1091413	5.3132954	5.8439302
service	6.1535854	3.9082294	4.734547
height	5.877325	6.0384817	6.4641085
prospect	9.1093235	5.642272	7.3247128
pleasant	8.540707	3.9345753	4.24524
shade	1.7706258	5.054849	2.9699292
listen	2.9546661	6.3999014	3.5262213
mighty	4.8792105	5.1493936	6.355627
country	4.450685	2.5695302	1.4889522
title	9.194502	6.620372	7.3622007
choose	6.5387735	6.0971	6.162403
village	8.287336	5.925147	7.636941
acquire	9.322069	8.347691	9.935245
rank	5.532831	6.624896	4.613716
bow	8.18157	3.563896	6.711562
doctor	4.865421	4.5836916	5.2242002
talent	8.766638	5.4972124	7.8857226
source	6.0700045	6.7130804	8.0264
lead	4.198934	6.9454403	6.6549473
question	2.5386457	2.6402776	5.2498083
publish	5.105351	4.58496	6.8233147
interest	7.647653	2.4550095	5.6157103
serve	4.93889	4.7417254	5.164215
divine	8.187967	4.603614	8.063984
put	3.478325	4.253973	4.342541
shadow	2.8166308	-0.2912097	1.442936
practical	6.57008	1.4793878	4.488759
surface	2.9166088	3.2342324	3.3560562
account	8.743315	6.283339	8.198196
loss	3.6973662	5.226899	5.265044
indian	4.2320647	4.6117744	4.7186675
vine	6.1207514	5.3604155	3.4012022
certain	3.5385933	8.207348	6.250185
sin	-0.054057717	8.045607	5.7709694
necessity	3.8569322	5.7970114	4.43304
lose	4.2165585	7.4194536	4.6814194
private	3.1098933	3.2586863	3.2021663
gentleman	8.128649	0.88607454	1.010308
daughter	8.4415245	6.300429	6.29379
drive	1.2128937	7.764516	2.6969514
strange	3.6665406	7.974555	4.217027
journey	9.875898	3.6826286	5.2038665
uncle	8.901806	6.0379686	5.881125
species	3.959765	6.276425	3.870518
think	5.701416	6.5888433	6.147105
bed	5.4671483	5.1757717	3.628386
wind	6.28367	3.8897204	4.517007
bless	9.973757	4.955101	6.8483906
destroy	3.153031	8.659422	5.641856
author	8.071686	2.3128724	4.637521
sustain	6.4036717	3.7325726	5.0962634
black	0.561708	5.0562625	-0.19092107
event	5.4815617	6.158596	6.7308707
liberty	9.566561	6.723665	9.01028
negro	4.1419344	4.6670446	1.3781815
little	2.3022223	2.6975248	1.6014969
fortune	7.663135	4.900998	6.2945585
touch	6.5984874	6.027818	5.736783
kill	2.158205	7.168049	4.8935657
feature	5.5794992	2.8686051	4.4644012
happiness	7.6002297	5.2751265	5.827998
assume	4.0576596	4.186956	4.5766926
notion	7.7915425	3.1939425	5.3966646
purchase	7.816178	5.527847	6.708123
faithful	6.5242443	5.8938904	6.2136245
soldier	6.888886	6.206649	7.762317
father	6.8075585	6.2137623	7.4324646
narrow	1.156687	6.110079	4.8111
great	4.5963244	3.950977	5.550232
tear	1.4917269	7.5810595	3.0812523
honorable	6.522754	3.1960664	4.8080854
previous	4.919435	4.531512	4.890442
good	9.010389	6.1262126	7.90571
domestic	6.198541	1.1036081	2.6679606
glory	6.7381597	6.3165126	6.758119
lay	3.363519	5.2590427	3.214311
occasion	7.274039	6.8971205	6.9548726
guard	6.0639315	4.9987774	7.001601
whole	4.2357306	3.6480136	1.314961
mouth	5.2976074	3.566197	6.0257916
receive	7.1084456	6.123831	5.9680414
take	-0.27702904	6.9311905	4.0787644
simple	7.834374	3.0767567	4.8488607
error	0.99656403	4.872715	3.4829183
wisdom	6.5187893	5.107228	8.972535
rock	6.175203	4.5166197	6.4077253
decide	4.573464	5.677055	5.92135
exclaim	6.4325356	5.371436	5.2863655
assure	9.092661	6.00403	6.495264
sign	4.3987756	5.6858597	5.9564004
preserve	5.9392743	3.340121	6.0088305
commerce	6.014417	4.5153055	5.6014795
plant	4.7391896	3.8543274	2.8845415
walk	5.2116513	4.729467	2.8877823
difference	6.466052	6.4231787	6.3490324
hang	4.066662	2.4291873	2.3997097
following	8.022129	3.022812	6.324977
employ	4.660812	7.7085977	7.16709
