deal	4.9711432	4.343876	5.4802065
study	7.6978803	3.8980405	6.9315042
afford	5.778363	5.29968	4.881398
service	4.806811	3.2457376	6.801632
height	6.033734	5.5240273	5.658825
prospect	8.210701	4.4870024	6.1442175
pleasant	7.7068796	4.4657993	6.6206827
shade	3.3183982	4.0552607	3.8262146
listen	4.8504086	5.0678997	4.8110757
mighty	5.8136897	3.556909	5.946782
country	4.3369474	4.209588	4.274056
title	6.2800016	2.577095	5.964772
choose	5.631405	4.643831	6.3651333
village	8.303751	5.148964	7.6002665
acquire	7.3631525	6.3313937	8.194704
rank	4.261028	4.417325	4.3416214
bow	7.5861263	2.7301214	7.0367727
doctor	5.793545	5.2664623	5.060232
talent	8.465353	5.0318866	7.4594917
source	5.949247	6.588366	5.0596514
lead	3.2232156	3.661688	5.7729254
question	2.9418802	3.7992759	4.618121
publish	4.5102086	4.54789	3.9252279
interest	7.0574327	3.2908907	7.0843687
serve	5.2819376	2.643105	6.805197
divine	8.242853	4.8678484	6.923379
put	3.3408637	4.8758497	3.9823155
shadow	3.2852345	0.35372448	4.6177583
practical	6.503472	2.9596982	7.3848915
surface	3.8640294	3.5675066	4.383152
account	8.299814	6.7440157	7.6673794
loss	5.024713	5.1405525	3.7632606
indian	4.7979755	4.7733784	6.397526
vine	5.713444	4.1132126	5.6181374
certain	3.9572706	5.7211094	4.9366417
sin	2.0389333	5.546568	2.8864737
necessity	3.75289	5.03027	4.518381
lose	3.6833851	6.6127744	3.8592992
private	4.343474	3.4496255	4.0737514
gentleman	7.163634	1.6076941	7.118436
daughter	5.781247	5.248578	5.100687
drive	3.2354872	4.8853736	4.411911
strange	4.4058795	6.031328	4.481297
journey	8.130154	3.9250422	6.3840466
uncle	7.2538238	3.5573363	3.8630676
species	5.430254	6.794881	5.1704063
think	6.229598	4.448193	5.502804
bed	5.4230227	3.4396713	5.3821373
wind	6.0830207	4.957326	5.0752497
bless	8.467009	5.031064	7.0010223
destroy	3.4634557	6.6958904	4.453021
author	7.348872	4.112647	6.2351055
sustain	4.8524466	4.268765	5.315172
black	2.2563756	5.0155263	3.0788524
event	6.5447063	4.26652	4.488203
liberty	8.953991	6.004655	7.8615103
negro	4.455135	3.5389378	4.5979347
little	3.392008	5.165353	4.2395115
fortune	6.7511544	4.0911484	4.7147226
touch	6.3406787	4.7845535	6.231985
kill	3.3294563	5.584629	5.0141125
feature	5.9960103	4.164812	5.6809187
happiness	7.001785	3.4350333	6.8139887
assume	4.1058593	3.0009274	4.6208267
notion	6.5301895	3.795044	6.838397
purchase	6.2672815	5.115312	5.8929567
faithful	5.8973327	4.7281713	5.9348087
soldier	4.1320686	4.499566	4.970664
father	6.740619	5.2715564	5.8788557
narrow	1.552607	4.6583967	3.507272
great	5.0232983	5.5520234	4.4854355
tear	2.138107	5.2306166	3.0595999
honorable	5.8124175	3.6327999	7.441738
previous	4.5479665	3.811648	5.27598
good	7.308295	5.45267	6.3862104
domestic	5.997969	2.822326	5.453779
glory	5.8023047	4.6168594	5.4000416
lay	4.0902114	3.7186356	4.9518375
occasion	7.4839816	6.2350707	7.0564337
guard	4.9337287	4.9909205	5.611306
whole	3.347749	2.8416746	3.5124578
mouth	6.210686	3.6122096	6.4717617
receive	7.623069	4.6959114	6.614993
take	0.797366	5.594441	2.4721975
simple	7.0443196	3.4092364	6.2891493
error	1.6101673	4.362648	3.709697
wisdom	6.1997957	4.557579	6.5263643
rock	6.6672587	4.5818377	6.0079947
decide	4.5413747	4.4672346	5.296257
exclaim	5.907143	4.410616	6.311446
assure	8.126701	6.0271983	7.253192
sign	4.589995	3.587694	5.0389404
preserve	6.051119	3.7643714	6.879649
commerce	5.3390455	4.2742324	5.479927
plant	4.1666327	4.419469	3.992431
walk	4.337625	4.0720043	5.1660748
difference	5.2069554	6.431624	4.600816
hang	4.3273597	2.5787923	4.893256
following	6.8142104	3.4054513	6.18324
employ	3.9150872	6.415984	5.774317
