deal	5.0684853	5.321677	5.5027
study	6.432108	4.452572	6.4357276
afford	6.867351	4.5032816	5.7056
service	6.7170725	4.921983	6.7742243
height	5.3886194	5.0821185	5.59105
prospect	7.4115934	5.376704	6.345586
pleasant	7.60833	4.3860435	5.112259
shade	4.3238916	3.8170714	3.5539503
listen	5.0953746	5.4468822	4.435528
mighty	6.079552	5.47072	6.796568
country	5.878525	4.5700474	5.875865
title	7.370907	3.7221882	6.831783
choose	5.2105694	4.587035	4.931203
village	6.233854	5.223162	5.7108207
acquire	7.395824	5.762242	7.8593397
rank	5.917129	4.9889507	6.101673
bow	6.1244226	4.0665264	4.8816786
doctor	5.0827684	4.469227	4.833021
talent	7.8432837	5.9292316	7.633315
source	6.2351356	4.685009	5.529396
lead	5.3532977	6.020766	5.539487
question	4.781316	4.279416	4.8172994
publish	5.9527407	4.764361	5.620677
interest	6.5117807	5.402325	6.0861516
serve	5.556091	4.0996704	5.006124
divine	7.3041945	4.7081122	7.2093306
put	5.363433	4.5372887	4.4749174
shadow	4.224595	3.204828	3.865778
practical	6.2147293	4.345564	6.3310633
surface	4.392218	2.9665318	3.6338773
account	5.5890427	4.5665298	5.449599
loss	3.6374059	5.1553516	3.4898567
indian	4.7895145	5.2953515	5.5664997
vine	6.6025176	4.000632	6.2245483
certain	5.157276	5.3786883	6.1637383
sin	3.055705	5.522009	4.6241384
necessity	4.2645736	5.108701	5.4488983
lose	3.818462	5.356444	4.102157
private	4.456705	4.623523	4.6788435
gentleman	7.0217257	4.3155904	5.9073997
daughter	5.954796	4.6650643	5.644298
drive	2.7362442	6.8286953	4.047028
strange	4.0097733	5.9668574	4.1414614
journey	6.4191294	4.645999	4.919284
uncle	7.143072	4.383703	5.897937
species	5.4211416	5.5802317	5.1195827
think	5.9760466	5.127373	5.420304
bed	5.04512	2.7512543	3.0697317
wind	4.51565	5.4079	4.7410774
bless	8.6144905	4.1321316	6.6556396
destroy	3.154376	6.4033365	4.9230566
author	5.5255237	4.504958	5.2453823
sustain	5.569949	5.1419506	6.21505
black	3.633091	4.565826	3.363072
event	6.4817777	5.838864	6.844858
liberty	7.725994	5.3906293	7.1987233
negro	4.3483176	5.7380486	4.680571
little	4.621602	3.6473918	3.3456354
fortune	6.6632843	5.033041	6.2918286
touch	5.709886	4.3607883	4.4514484
kill	3.9085698	6.197148	4.658041
feature	5.837722	3.9910145	5.552004
happiness	8.745195	5.0517373	6.7303233
assume	3.8379846	4.844883	4.951819
notion	5.7779336	4.3291497	5.0510206
purchase	6.871129	4.6549454	5.8987617
faithful	6.617835	3.9394472	6.3339853
soldier	4.6424384	5.424486	5.752635
father	5.7654696	4.855435	6.0393753
narrow	2.8944964	4.334362	3.5250082
great	5.249081	5.327144	6.239391
tear	2.805797	4.7440395	2.494119
honorable	6.182049	5.5894904	6.5292177
previous	4.042966	4.571599	4.2395935
good	7.0737114	4.339904	6.4751387
domestic	4.9520206	3.8260565	4.309116
glory	7.316661	5.3998466	7.0102158
lay	4.6952133	3.8068933	4.3037534
occasion	5.100947	5.2209334	5.135587
guard	5.0177016	4.791804	5.8546844
whole	5.049457	5.2865753	6.1082544
mouth	4.9529967	4.7634177	4.685893
receive	6.815281	4.757375	5.389408
take	4.0180516	5.2625036	4.5794797
simple	6.432249	4.348624	5.6989384
error	2.4296074	5.1518917	3.9211106
wisdom	7.0159826	4.5213127	7.1981373
rock	5.113099	4.894458	5.313346
decide	4.909233	5.3742356	5.817871
exclaim	5.8330364	6.222008	5.774312
assure	7.963934	5.229137	6.6989546
sign	4.993842	3.6332817	4.820495
preserve	6.0688043	4.1012735	6.0510178
commerce	6.257412	5.55877	7.283348
plant	4.8657484	4.364687	5.0790334
walk	5.8529463	4.521887	4.4611983
difference	5.5675516	4.33074	5.4941497
hang	4.890525	4.2612877	4.383755
following	6.6615868	3.672411	5.584941
employ	4.9634547	5.1786227	6.001568
