deal	5.8534966	5.15844	5.9053845
study	6.6812515	4.4873786	6.4806337
afford	6.3833623	5.191711	5.896476
service	6.581353	5.0103025	6.1527905
height	5.0161085	5.215672	5.5988555
prospect	7.167415	5.0945	6.2033896
pleasant	7.519595	4.3792877	5.0285034
shade	4.120718	3.8243437	3.361238
listen	5.2478514	5.610464	5.088524
mighty	5.8329115	5.3128448	6.944568
country	4.8840675	4.28622	5.226339
title	7.725949	4.5273647	7.003876
choose	4.7905855	4.2930536	4.5510297
village	6.1840687	4.3621597	5.436803
acquire	7.597184	5.91393	8.178848
rank	5.4256825	5.289162	5.711587
bow	5.6754804	4.4810667	4.7491207
doctor	5.122881	4.179758	5.2123046
talent	7.977397	5.8013225	7.6843452
source	6.647395	5.2588906	5.9429502
lead	4.747505	5.982573	5.167727
question	4.6331477	3.851388	5.0597887
publish	5.2703447	5.125448	5.2702084
interest	6.3394117	4.801899	5.8976703
serve	5.421772	3.9671688	4.489022
divine	7.5978084	4.4349575	7.166476
put	5.0514975	4.6490626	4.483508
shadow	4.0328856	3.3648443	3.607771
practical	5.874262	4.23425	6.087294
surface	4.798913	3.4158328	4.084758
account	5.309974	4.7173557	5.4583006
loss	3.2991052	5.526109	3.7437706
indian	4.517356	5.134236	5.1622205
vine	6.895529	3.3764427	5.3980474
certain	4.9694853	5.479073	5.6604705
sin	2.7305527	5.1850753	4.2840495
necessity	4.1369686	5.303267	5.4022756
lose	4.2298512	5.3632307	4.6092386
private	4.083248	4.4606752	4.516884
gentleman	6.631184	4.725037	6.0600047
daughter	6.022077	4.4246607	5.741675
drive	3.392012	6.5200667	4.480509
strange	4.105795	5.998107	4.3238115
journey	6.2193832	4.1446524	4.7397356
uncle	6.5695915	3.8470364	5.764573
species	5.487714	5.2266846	4.9426336
think	5.458252	4.782033	4.9133067
bed	4.92501	2.4565566	2.95701
wind	5.0344706	5.016347	4.43385
bless	8.57811	4.150661	6.437625
destroy	3.3484025	6.4632835	5.050434
author	5.845037	4.6532793	5.223063
sustain	5.352899	5.25921	5.8173037
black	3.2300048	4.6211395	3.972511
event	6.2829847	5.872043	6.7874427
liberty	7.580428	6.1466312	7.636622
negro	3.5858572	4.944754	4.5558524
little	4.1191916	4.085589	3.0036056
fortune	6.250161	5.1656213	6.1225944
touch	5.912881	4.0419064	4.4089174
kill	4.216953	5.820865	4.9452634
feature	5.877352	3.740274	5.5197153
happiness	8.221615	5.056343	6.381398
assume	4.0201197	4.973805	5.001251
notion	5.2005124	4.159442	4.6901975
purchase	7.0259113	4.5759654	6.208777
faithful	6.7297983	3.861557	6.171538
soldier	4.7643805	5.985764	6.0251846
father	6.2750506	4.5129094	6.0914125
narrow	3.0334764	4.513102	3.9083498
great	5.300213	5.3704777	6.217714
tear	3.403366	4.52391	2.8609636
honorable	6.3567505	5.30988	6.5197434
previous	4.363376	4.476073	4.4748154
good	7.588409	4.4028983	6.5883827
domestic	5.2580724	3.7007477	4.0865912
glory	7.0685444	5.0417123	6.671224
lay	4.4619484	3.9519687	4.1912475
occasion	5.6782985	5.6732287	5.538809
guard	4.26721	5.54778	5.5912104
whole	5.499649	4.5439057	5.6906695
mouth	5.0821505	4.6080403	4.786354
receive	6.6967754	4.955925	5.6771994
take	4.4696693	5.2149515	4.67091
simple	6.739481	4.30661	5.847024
error	1.9623165	5.7535157	3.5801995
wisdom	7.020628	4.445784	7.345209
rock	4.770332	5.0110817	5.0190115
decide	5.371131	5.0742373	6.1505046
exclaim	6.3958306	5.612003	5.460961
assure	7.5030184	5.3004503	6.1671085
sign	4.8474436	3.808568	4.405142
preserve	5.659046	4.207318	5.449156
commerce	6.3052025	5.0422387	6.45013
plant	4.762626	4.125789	4.7017064
walk	5.7953606	4.462486	4.297514
difference	5.015595	4.574598	4.807541
hang	4.2041636	4.5357666	4.0412273
following	7.49366	3.371342	5.8527713
employ	4.784247	4.770383	5.372762
