deal	4.6879306	5.4389367	5.59747
study	6.5578337	4.3602495	6.3644075
afford	6.2977533	4.709603	5.6636305
service	6.7315183	4.591695	6.193233
height	5.5130825	5.0323086	5.764242
prospect	7.406534	5.3031216	6.2615576
pleasant	7.0607424	3.8423629	4.3854847
shade	4.361609	3.7003849	3.5592456
listen	4.8540177	5.6581345	4.7237062
mighty	6.175787	5.5104	7.278105
country	5.603586	4.5488324	6.001073
title	7.2123213	4.383407	6.845101
choose	5.56479	4.964944	5.0241585
village	6.1718826	4.8415747	5.775975
acquire	7.406734	5.534422	8.030403
rank	6.1116266	5.8148866	6.5693965
bow	5.8341274	4.3416014	4.642981
doctor	4.510182	4.353595	4.916476
talent	8.533703	6.090264	8.062806
source	6.148528	4.602688	5.586106
lead	4.9308267	5.6697636	5.325223
question	4.500148	4.596924	5.3144593
publish	6.0841527	4.9811115	5.745091
interest	6.37053	5.0018826	5.96017
serve	5.44165	3.9077816	5.1268654
divine	7.3608932	4.3708596	6.9549017
put	5.075446	4.780844	4.32992
shadow	4.520013	3.1503773	3.841784
practical	6.13639	4.2906685	6.3762302
surface	4.503824	3.1916823	3.8399088
account	5.7110066	5.1496205	6.0564094
loss	3.4524434	5.4998937	3.8446403
indian	4.5319433	5.275282	5.1842146
vine	6.6171637	3.5500154	5.3391275
certain	5.304254	4.900887	5.631403
sin	3.386212	5.264105	4.6928225
necessity	4.181572	5.1852875	5.340184
lose	4.274022	5.391587	4.4108152
private	4.281943	4.246456	4.9633694
gentleman	6.20667	5.0098176	6.0034456
daughter	5.952883	4.8336997	5.927696
drive	3.0588791	7.1591573	4.4662476
strange	4.0911813	5.10032	3.7270143
journey	5.8100834	4.022574	4.4804683
uncle	6.1857414	4.0926285	5.6813726
species	5.5171957	5.294496	5.095736
think	5.9113765	4.5540648	4.9382463
bed	5.060924	3.0933943	3.6469831
wind	4.4909573	5.1329103	4.2818966
bless	8.30839	4.2406335	6.3454466
destroy	3.1841552	6.5450644	5.256366
author	5.6620054	5.0352545	5.167195
sustain	4.9782214	5.4195704	6.0358696
black	3.9772377	4.7034073	4.165246
event	6.630297	5.4246545	6.997303
liberty	7.982772	5.995223	7.7499685
negro	4.18825	5.2340245	4.6051793
little	4.823269	3.7938297	3.1536162
fortune	6.881821	5.323097	6.7220955
touch	5.3152013	4.166157	4.093279
kill	4.095303	6.30935	5.2857604
feature	5.799168	3.2476041	5.213439
happiness	8.92202	4.9106636	6.7137527
assume	4.066661	4.9341726	5.2127757
notion	5.402061	4.2292967	5.1498566
purchase	6.8388243	4.6681175	5.9892197
faithful	7.059988	3.761758	6.2728724
soldier	4.5483747	5.8194637	6.251645
father	5.640136	4.581823	6.173812
narrow	3.4954436	4.030074	3.54983
great	5.063824	5.510804	5.581035
tear	3.2799816	4.453637	2.575729
honorable	5.9198422	5.834878	6.2832003
previous	4.2201095	4.3236113	4.3051796
good	6.4615097	4.3291454	5.8256536
domestic	5.4624634	3.298118	4.463794
glory	7.4518604	5.840226	7.3901873
lay	4.7297683	4.38107	4.560542
occasion	4.64814	5.497863	5.0270615
guard	4.9733224	5.1818223	6.276665
whole	5.8397737	4.4998016	5.621775
mouth	5.2857313	4.266916	4.603167
receive	6.4688444	4.4513884	5.3047404
take	4.515744	5.17221	4.3912764
simple	6.5816784	3.6062238	5.4425297
error	2.8357036	5.297697	4.1921906
wisdom	7.0670705	4.742234	7.423601
rock	4.7206464	4.857309	5.325445
decide	4.7026014	5.558389	5.8944283
exclaim	5.4971666	6.1223207	5.410136
assure	7.6340256	5.135897	6.3496275
sign	4.8163824	3.6069005	4.559726
preserve	5.763661	3.851972	5.7641406
commerce	6.4596963	5.262664	6.9354906
plant	4.8507223	4.0058484	4.8266554
walk	5.5189342	5.095357	4.5248356
difference	4.9751873	4.3006053	5.004348
hang	4.6348476	4.6622963	4.196682
following	7.1330776	3.4752917	5.5243177
employ	4.882739	4.9630427	5.8620825
