deal	4.9886465	5.3786545	5.2516937
study	6.426825	3.996201	6.220679
afford	6.5369396	5.019768	5.734824
service	6.0500774	4.430149	5.8943005
height	5.611162	5.0580387	5.7301245
prospect	7.83152	5.405351	6.7474957
pleasant	7.4550433	4.093819	4.9446726
shade	4.3840036	3.6836188	3.1340888
listen	5.0299067	5.601368	4.7523737
mighty	6.0386457	5.8713717	6.975546
country	5.346962	4.780766	5.855837
title	7.542371	4.0545435	6.890958
choose	5.3415103	4.5791755	5.2085896
village	5.9406567	5.0445576	5.65541
acquire	7.419744	5.5964465	7.9470296
rank	5.550874	5.0775495	5.7714634
bow	6.0002747	4.595944	5.312187
doctor	4.3715415	4.24173	4.6955433
talent	7.7872906	5.4443016	7.601327
source	6.280693	4.6679754	5.166847
lead	4.8188443	5.616042	5.4419646
question	5.2525706	4.6144896	5.7545023
publish	6.126121	5.0479283	5.753426
interest	6.364254	4.7796445	5.6605954
serve	5.373505	3.6012282	4.294002
divine	7.23416	4.379422	6.7539315
put	5.3309355	4.791863	5.0241637
shadow	4.3910675	3.1180735	3.6945157
practical	6.150589	4.4396467	6.2771206
surface	4.896408	2.9369054	3.9848692
account	5.3446326	5.118895	5.535327
loss	3.6308577	5.858607	4.1681123
indian	5.0304728	5.367108	5.4824333
vine	7.253047	3.1275907	5.617424
certain	5.3734837	5.355606	6.0471954
sin	2.976508	5.1650977	4.419731
necessity	4.2974124	5.2526712	5.4157467
lose	4.2401047	5.43945	4.833887
private	4.2985177	4.7022014	4.639512
gentleman	6.5339785	4.336959	5.661376
daughter	6.221719	4.544539	5.4907665
drive	3.0005517	6.7192945	4.3706956
strange	4.174408	5.5728035	4.4515085
journey	6.0725045	4.126143	4.6788273
uncle	6.5347347	4.380807	6.0915685
species	5.037766	5.5161953	5.0686517
think	5.6830707	4.7709923	4.9193625
bed	4.561248	3.334732	3.284934
wind	4.2758374	4.8622394	4.216302
bless	8.661013	4.0695443	6.39412
destroy	3.3052874	6.6010914	5.086659
author	6.219632	4.416678	5.169441
sustain	5.448657	5.5622735	6.3067
black	4.082422	4.765274	3.8375318
event	7.078556	5.6890297	6.935646
liberty	7.5473804	6.091422	7.6110334
negro	4.491531	5.01954	4.5696054
little	4.798109	4.314552	3.8144116
fortune	6.6631646	5.2120028	6.2424016
touch	5.4395957	4.1066823	4.2550936
kill	3.3129783	6.7790546	4.8075643
feature	5.5434303	4.0933247	5.422169
happiness	8.434126	5.0802455	6.3868294
assume	4.2244353	4.711303	4.682384
notion	5.5148554	4.261467	5.040415
purchase	6.247089	4.9865255	5.861862
faithful	6.825526	4.014395	6.0777693
soldier	4.547222	5.6685615	5.7245893
father	6.4880514	4.8539085	6.122138
narrow	3.022544	4.3058615	3.7235827
great	4.979517	5.6855235	5.9222736
tear	3.8103566	4.4832964	2.6144962
honorable	5.9208384	5.4136147	6.3324776
previous	4.429846	4.55837	4.5297017
good	6.9274893	4.1740932	6.099409
domestic	4.8799453	3.522856	3.76644
glory	7.235652	5.339115	6.88695
lay	4.728152	4.2942085	4.2295117
occasion	5.0672174	5.698238	5.454616
guard	5.053958	5.137509	5.941808
whole	5.667982	4.549791	5.5630975
mouth	5.0574555	4.877345	4.8488054
receive	6.3832307	5.322786	5.7564325
take	4.8065467	5.347154	5.5296683
simple	6.099484	4.486946	5.702777
error	2.6397645	5.113749	4.104355
wisdom	7.1305575	4.5303736	7.0718675
rock	5.0714035	4.7274456	5.33129
decide	5.1181426	5.285974	6.3364067
exclaim	6.2621098	5.895635	5.8450494
assure	7.6693745	5.050057	6.3000097
sign	4.918957	3.8725886	4.94136
preserve	6.3001394	3.8232877	5.6114807
commerce	6.194829	4.921332	6.363749
plant	4.8274136	4.0597987	4.543838
walk	5.626281	4.3932467	4.2231646
difference	5.278255	4.8104153	5.565397
hang	4.082968	4.624878	4.2219167
following	7.4103117	3.5199413	5.6557746
employ	4.580774	4.907174	5.2818756
