deal	4.686359	5.4970827	5.8950953
study	6.5862136	4.616415	6.72843
afford	6.915148	5.2192307	6.1428795
service	6.8616743	4.69698	6.4021835
height	5.145591	5.24603	5.5282736
prospect	7.5459867	5.37004	6.5656023
pleasant	7.5864043	4.007598	5.223895
shade	4.410159	3.8810763	3.3085654
listen	5.2953887	5.3408494	4.3260517
mighty	6.3812366	5.77292	7.402302
country	5.6014223	4.416078	5.6979647
title	7.5706406	4.3020597	7.0429764
choose	5.259267	4.019369	4.582026
village	6.3433204	4.711861	5.7837887
acquire	7.580656	5.4867253	8.258153
rank	5.937274	5.158277	6.036101
bow	6.218404	4.6368055	5.745164
doctor	4.8767223	4.4461365	4.9502482
talent	7.5662565	5.71692	7.2956
source	6.3077593	5.1189137	6.0801406
lead	5.183752	5.5168266	4.9389076
question	5.385353	4.785241	5.6710124
publish	5.5360436	5.019607	5.183578
interest	6.0826187	5.068582	5.7432957
serve	5.861077	4.11555	5.007812
divine	7.6875687	4.7172136	7.485946
put	4.489582	4.401879	4.0179477
shadow	4.2839284	3.458446	3.9536698
practical	6.5028224	4.762679	6.6446586
surface	4.588011	2.9488766	3.8278694
account	5.4545217	4.5669074	5.5166993
loss	3.144606	5.5880647	3.9305134
indian	5.0882936	5.502634	5.629199
vine	6.4332323	3.6412754	5.437332
certain	5.097529	5.36136	5.7877455
sin	2.8278112	5.6739597	4.641135
necessity	4.1537495	5.128349	5.418805
lose	4.1118197	5.5656986	4.766844
private	3.6553261	4.3818445	4.625922
gentleman	6.1038795	4.2006373	5.648767
daughter	5.488182	4.662609	5.436553
drive	3.2974026	6.3035345	4.4400864
strange	4.5636463	5.648388	4.397274
journey	6.0292525	3.8544984	4.3107495
uncle	6.148041	3.8429203	5.9727335
species	5.274894	5.2732954	4.403633
think	5.571953	5.0048256	5.169012
bed	4.6150107	2.770621	3.1088102
wind	5.002116	4.7843943	4.936972
bless	8.352731	4.468054	6.5405087
destroy	3.186278	6.921485	5.199841
author	5.6367474	4.5670686	5.179462
sustain	5.1146135	5.1914024	5.839625
black	3.8399792	5.048968	3.8291492
event	6.303748	5.7538004	6.870593
liberty	7.959951	5.823005	7.730423
negro	4.1001115	5.3160925	4.556635
little	4.70096	4.094631	3.4382627
fortune	6.26966	5.0009437	6.4751215
touch	5.4182653	4.262725	4.3582387
kill	3.4442673	6.2108006	4.3226247
feature	5.448006	3.745162	5.1273136
happiness	7.652055	5.085411	6.351822
assume	3.982636	4.8210382	5.009569
notion	5.7787123	4.236159	5.2472124
purchase	7.00436	4.3403063	5.9898314
faithful	6.8989506	4.034147	6.5158567
soldier	4.6383243	5.706238	6.0260944
father	5.59944	5.066576	5.9637003
narrow	2.8577895	4.467763	3.4887784
great	5.5574036	5.669187	6.4582167
tear	3.2088354	4.7205105	2.4073067
honorable	6.211135	5.5986705	6.438136
previous	4.39565	4.3447623	4.378909
good	7.3232875	4.1707616	6.508864
domestic	4.920606	3.7135375	4.0000596
glory	7.127926	5.567565	7.013587
lay	4.5466623	4.5335727	4.35399
occasion	5.2407885	5.206621	4.9017744
guard	5.060211	4.8791223	6.0208697
whole	5.130187	4.8750076	5.9481077
mouth	4.8131247	4.8989825	4.6339417
receive	6.958645	5.215243	5.9409366
take	5.0146317	4.9473	5.1785264
simple	6.5958176	4.447327	5.971455
error	2.636177	5.388939	3.962066
wisdom	7.124822	5.3325944	7.6721053
rock	5.3131046	4.853967	5.5584264
decide	5.2719374	5.105671	6.1887703
exclaim	6.269128	6.519496	6.250393
assure	7.385886	5.1281734	6.1890593
sign	5.1185217	4.0414553	4.533662
preserve	5.4151535	3.8409424	5.33805
commerce	6.478744	5.4104786	7.0106425
plant	4.819692	4.493727	4.3853383
walk	5.79481	4.2925205	4.4415007
difference	5.02633	4.570557	4.7729073
hang	4.39034	4.4527183	4.14898
following	6.94995	3.7306957	5.7844315
employ	5.3359957	4.686666	5.660578
