deal	5.5082364	5.030741	5.9104695
study	6.7603326	4.285295	6.5172687
afford	6.16611	5.209959	6.0115075
service	6.3840103	4.8932366	6.0292583
height	5.0765524	5.3690057	5.844497
prospect	7.8419557	5.340976	6.642726
pleasant	7.488138	4.423384	5.0547986
shade	4.190817	3.8534813	3.2700286
listen	5.0328197	5.5400343	4.4496064
mighty	5.970281	5.2808766	6.9720297
country	5.575834	4.185611	5.4265065
title	7.1983366	4.6998334	6.6595182
choose	5.2025166	4.2379575	4.7591295
village	6.2176805	4.697752	5.5454507
acquire	8.015087	5.6868353	7.811454
rank	5.627122	5.19256	5.6770306
bow	5.9337606	4.1823425	5.1168504
doctor	4.777385	4.202729	5.333125
talent	7.79111	5.733034	7.662065
source	6.9696712	4.9807405	6.1351852
lead	4.977432	5.2921166	5.237439
question	5.018445	4.556825	5.1944065
publish	5.435224	4.7751813	5.186412
interest	6.592535	5.1809206	5.9554353
serve	5.954933	4.2093077	5.187383
divine	7.486003	4.3707066	7.014761
put	4.988122	4.4716215	4.1162367
shadow	4.301654	3.5772052	3.9596386
practical	6.174958	4.426181	6.2950234
surface	4.8335924	2.929836	4.1352997
account	5.328658	5.0932436	5.670965
loss	3.5262985	5.5195413	4.33061
indian	4.6548357	4.541466	4.6384625
vine	6.4737935	3.9147556	5.440605
certain	5.4605618	5.3016067	5.8584824
sin	3.350781	5.0749216	4.35449
necessity	4.1021986	5.2857957	5.482307
lose	3.9997377	5.4501495	4.5587683
private	4.3748813	4.450365	4.8612285
gentleman	6.3960686	4.3444624	5.833458
daughter	5.6828604	4.463808	5.612488
drive	2.5028534	6.6355567	4.189239
strange	3.9710507	5.776201	3.9797316
journey	6.271394	4.2059875	4.790941
uncle	6.271525	4.4359503	6.3831606
species	5.966173	5.269452	5.3254538
think	5.8593597	4.5105834	5.192248
bed	5.1878853	2.9879265	3.5116148
wind	4.1374373	4.780201	4.3053017
bless	8.662268	4.4533234	6.5146174
destroy	3.3472736	6.7168016	5.051362
author	5.716639	4.411721	5.2411695
sustain	5.19119	5.208899	5.932497
black	3.6864054	4.6100483	3.9340076
event	6.6816096	5.3595343	6.6946764
liberty	7.467043	5.936782	7.5312595
negro	3.6650913	4.667494	4.1837726
little	4.50439	4.2697134	3.6808212
fortune	6.98674	5.19647	6.3712196
touch	5.4680724	4.4255247	4.3741946
kill	4.042269	6.462958	5.140476
feature	5.740528	3.7975044	5.1777797
happiness	8.243687	4.8174386	6.4028654
assume	4.122784	5.3251057	4.9739513
notion	5.409819	3.971565	4.982013
purchase	6.578494	4.4782696	5.326957
faithful	6.703888	4.1448183	6.0988474
soldier	4.679215	6.1256638	6.1991377
father	5.4177856	5.005119	5.6715593
narrow	3.4902287	4.2422743	3.9237847
great	5.549757	5.343255	6.2112474
tear	2.8019404	4.8908715	2.6254487
honorable	6.0804896	5.366655	6.3633842
previous	4.303317	4.693802	4.624974
good	6.942129	4.3724647	5.722028
domestic	4.557548	3.3721082	4.1946454
glory	7.31059	5.230505	6.6781673
lay	4.9893303	4.2856703	4.4454374
occasion	4.978619	5.1049867	5.3712
guard	4.706508	5.2651215	5.9764752
whole	5.3657374	4.363467	5.8463182
mouth	5.6055613	5.031614	4.807848
receive	6.4744716	5.2451615	5.7110567
take	4.2071705	5.3785543	4.6116605
simple	6.2699156	4.2264795	5.7623787
error	2.2867494	4.899235	3.8081
wisdom	7.351007	4.5781794	7.287861
rock	4.9528675	4.8195324	5.5615473
decide	5.298117	5.351293	6.0960193
exclaim	5.7619996	6.395111	5.74916
assure	7.6851964	5.1021056	6.3782682
sign	5.3427296	3.936905	4.9631925
preserve	6.0032887	3.887936	5.3685045
commerce	6.4908547	5.0185423	6.74296
plant	5.314793	4.121291	4.6867867
walk	6.1016264	4.3876243	4.33696
difference	4.9428754	4.0719976	4.8506274
hang	4.1261606	4.5825033	4.263409
following	6.5195117	4.091485	5.7368126
employ	4.994422	4.781831	5.433199
