deal	5.0478086	5.267576	5.3957653
study	6.749185	4.389641	6.25217
afford	6.761855	4.8106093	5.9663324
service	6.4976196	4.473502	6.3934746
height	5.1095734	5.461293	5.935423
prospect	7.3372927	5.1755795	6.4674006
pleasant	7.824516	3.8211358	4.6251206
shade	4.3842516	3.5820088	3.394421
listen	5.5946426	5.3729815	4.8431406
mighty	5.868881	5.478744	7.0114985
country	5.4571085	4.4406238	5.9089365
title	7.405853	4.243642	6.57687
choose	5.2913523	4.5294847	4.6854854
village	6.081252	4.925604	5.629062
acquire	7.8530846	5.791326	7.8984604
rank	5.614892	5.4733667	6.178059
bow	5.9304876	4.148708	5.2207503
doctor	5.123225	4.181221	5.1101727
talent	7.819776	6.2651386	8.032291
source	5.99616	4.900387	5.2593536
lead	4.614674	5.6212597	5.242098
question	5.0782056	4.3279724	5.4278736
publish	5.769283	5.0800176	5.5121884
interest	6.7508945	5.1532817	6.042971
serve	5.0587225	4.108838	4.6479464
divine	7.5081067	4.5867696	7.2374372
put	4.630901	4.449009	4.3659205
shadow	4.431798	3.072389	3.7006502
practical	6.248583	4.4458904	6.5077753
surface	4.706825	3.2721145	3.9250798
account	5.1705537	4.962057	5.730894
loss	3.75308	5.6694856	4.2103353
indian	4.891791	5.2341495	5.43828
vine	7.288691	3.9059608	5.888781
certain	5.2736974	5.5520554	5.5630016
sin	2.677218	5.515031	4.56319
necessity	4.2032676	5.0385647	5.1344004
lose	4.109773	5.337503	4.32801
private	4.49673	4.5783896	4.7318563
gentleman	6.5828476	4.423622	5.8139977
daughter	5.720357	4.8028126	5.6712275
drive	3.6411219	6.7330127	4.936352
strange	4.6328597	5.473417	4.214416
journey	6.4208574	3.9007664	4.544031
uncle	5.978774	4.449147	5.4752064
species	5.4826756	5.2806654	4.9892883
think	5.781046	4.575974	4.907121
bed	4.7965117	2.7957463	3.0297663
wind	4.268415	4.6772165	4.3085732
bless	8.72	4.2987785	6.5134335
destroy	3.5163798	6.64461	5.259044
author	5.769433	4.3961515	4.753861
sustain	5.4225326	4.9145026	6.0617385
black	4.6210957	4.338826	4.099329
event	6.5902605	5.505011	6.7597547
liberty	8.120594	5.9110556	7.7855825
negro	3.9394245	4.8091764	4.5355606
little	4.426729	4.060935	3.149792
fortune	6.295002	5.4009275	6.1452775
touch	6.021228	4.376323	4.674121
kill	4.154637	6.7792726	5.116055
feature	5.5313106	4.0979905	5.3523564
happiness	8.0210085	5.267288	6.151709
assume	3.9905784	5.161014	4.898245
notion	5.1209245	4.0138607	4.5982533
purchase	6.640423	4.474716	5.841555
faithful	7.037277	3.7577627	6.1618147
soldier	4.7075043	6.0586653	6.136797
father	5.586031	5.0576344	6.0090065
narrow	3.2780874	4.246278	3.6989045
great	5.182381	5.8784924	6.2268744
tear	3.139645	5.389665	3.0008497
honorable	6.352893	5.258921	6.744953
previous	4.4388824	4.4942527	4.4570274
good	7.8467503	4.406398	6.5430784
domestic	5.0464406	3.575806	4.4353776
glory	7.398998	5.3521175	6.953471
lay	5.1154633	4.215235	4.322261
occasion	5.094456	5.2404904	5.4132
guard	4.931465	5.004939	5.888593
whole	5.335214	4.8039474	5.8193817
mouth	5.001364	4.8824797	4.6731896
receive	6.619786	4.974922	5.603775
take	4.7952747	5.4706697	5.419609
simple	6.6733794	3.9882474	5.6998253
error	2.0097835	5.4274664	3.8976529
wisdom	6.7270694	5.1437583	7.1167154
rock	4.5852065	4.9488654	5.03803
decide	5.090792	5.3894506	6.0840797
exclaim	5.6931634	6.2959847	5.429982
assure	7.399036	5.195108	6.095821
sign	5.0263753	4.0192423	4.315861
preserve	5.98812	3.917188	5.5168242
commerce	6.1115313	5.13402	6.7377462
plant	5.056953	4.241313	4.851384
walk	5.7721972	3.7860065	4.06292
difference	4.323699	4.5005736	4.7282853
hang	4.404926	4.321007	4.2071037
following	7.330447	3.7433336	5.917155
employ	4.219692	5.16912	5.3477273
