deal	4.707955	5.3018646	5.709526
study	6.705247	4.360364	6.4185247
afford	6.436345	4.4488153	5.2495036
service	5.9784775	4.770455	6.098783
height	5.340164	5.5707254	5.7893577
prospect	7.685238	5.4756365	6.541347
pleasant	7.3066897	3.8433452	4.80279
shade	4.27194	3.5202408	3.323189
listen	5.298895	5.254935	4.4874954
mighty	6.2953377	5.5630364	7.21525
country	5.361529	4.3934016	5.794183
title	7.199298	4.580825	6.4367323
choose	5.4336104	4.3030605	4.821211
village	6.234166	4.9593563	5.6918464
acquire	7.927176	5.8139577	8.149015
rank	6.0824695	5.481449	6.3266964
bow	6.091053	3.8422787	4.6047673
doctor	4.9298544	4.2735515	5.3770046
talent	8.293506	5.7849107	7.760316
source	6.674351	4.6737585	5.5975842
lead	5.26557	5.7837543	5.376532
question	5.0747604	5.155958	5.758388
publish	5.5442	5.0415764	5.2882547
interest	6.5375786	5.198475	5.825544
serve	5.026318	3.9948692	4.337515
divine	7.3535285	4.303047	7.1452513
put	5.219145	4.671904	4.3423653
shadow	3.986246	3.6346614	3.6108365
practical	6.0947323	4.6447062	6.5182714
surface	4.714416	3.2770467	4.254384
account	5.609297	4.4843745	5.5180035
loss	3.287757	5.647916	3.6586823
indian	4.6192145	5.1962256	5.011905
vine	6.8387494	3.6663227	5.950683
certain	5.0381837	5.224906	5.6769648
sin	2.9608896	5.423472	4.539863
necessity	4.0042744	5.3012333	5.132185
lose	4.5102477	5.281565	4.329464
private	3.6702013	4.50088	4.6420207
gentleman	6.1418	4.3005395	5.890052
daughter	6.5926094	4.37399	6.0237646
drive	2.9772472	6.726773	4.3795323
strange	4.0873737	5.503904	3.958747
journey	5.9443407	4.374933	4.6159797
uncle	7.371211	3.8177238	6.327139
species	5.5885677	5.1196513	4.5176992
think	5.7343273	4.9058747	5.272281
bed	4.432919	3.1300807	3.19636
wind	4.3326793	4.6592455	4.4072227
bless	8.612894	4.09533	6.8770876
destroy	3.3231053	6.5289383	5.0924425
author	5.743082	4.487552	5.256789
sustain	5.5453024	5.02738	5.992131
black	3.3989952	4.441739	4.155863
event	6.7007036	6.0052967	7.1965036
liberty	7.428453	5.6552215	7.3033323
negro	3.808439	5.122527	4.6541147
little	4.5172033	3.7568073	3.2115993
fortune	6.5894885	5.2860236	6.2989426
touch	5.604676	4.4495544	4.482094
kill	3.4390628	6.414705	4.598571
feature	5.4973507	3.5380518	5.0783644
happiness	8.290915	4.5985208	5.936886
assume	3.7085135	5.016375	4.792632
notion	5.306637	4.466538	5.045969
purchase	6.762964	4.5189867	5.6762633
faithful	6.5311933	4.1002245	6.145262
soldier	4.330257	6.2360296	6.085538
father	6.3980856	4.9186625	6.45716
narrow	3.1479678	4.2503557	3.7124467
great	4.744229	5.422512	5.8916736
tear	3.3273501	4.339089	2.8103647
honorable	6.171037	5.3421526	6.053587
previous	4.3998365	4.7733603	4.503116
good	6.7180696	4.314089	6.389628
domestic	4.255562	3.140526	3.7139657
glory	7.406777	5.4231157	7.048256
lay	4.0646	4.4006596	3.8546953
occasion	5.247818	4.989645	5.0564537
guard	4.81935	5.2615333	6.3158364
whole	5.4894686	4.5837216	5.795108
mouth	5.1952066	4.5375366	5.093479
receive	6.7239475	5.058762	5.7186575
take	5.0414677	5.51673	5.3090067
simple	6.3111725	4.6552653	5.865497
error	2.6594758	5.336751	4.1093817
wisdom	7.213465	5.1542497	7.3227816
rock	5.3005896	4.820004	5.2666883
decide	5.5786366	5.494642	6.511506
exclaim	5.992072	6.419254	5.7817335
assure	7.5243216	4.9495187	6.1007013
sign	5.194548	3.93532	4.6187243
preserve	5.851777	3.7873368	5.4805546
commerce	6.583004	4.7810073	6.6933365
plant	4.953912	4.079669	4.922866
walk	5.7310705	4.731081	4.2956185
difference	4.8756013	4.501992	4.787239
hang	4.3709173	4.577643	4.089174
following	6.915322	3.8944638	5.6555743
employ	4.655328	4.714424	5.3443813
