deal	5.41827	5.4997754	5.9246807
study	6.645445	4.3067408	6.559488
afford	6.201129	4.5381575	5.787106
service	6.6236887	4.4904766	6.0435414
height	5.4116488	4.8929715	5.80349
prospect	7.5601997	5.2669873	6.5255256
pleasant	7.5212417	4.229428	5.0473704
shade	4.3296843	3.8012156	3.2370021
listen	4.972248	5.4574256	4.9090223
mighty	6.252534	5.4560027	7.3154473
country	5.5840583	4.7399273	5.9735527
title	7.255258	4.253959	6.7033772
choose	5.5126157	4.804478	5.158875
village	6.025036	5.1476145	5.651138
acquire	7.66848	5.644624	8.035749
rank	5.7456164	5.183748	6.2173967
bow	5.7649665	3.9368093	4.773409
doctor	4.9305763	4.51307	5.1647754
talent	7.840699	5.8942037	7.6940703
source	6.0644426	5.279842	5.9856057
lead	5.3272758	5.4187174	5.1517434
question	5.406747	4.249366	5.7576985
publish	5.4485044	4.857477	5.330546
interest	6.670613	5.1592875	6.24924
serve	5.4772534	3.9706297	4.9646587
divine	7.7265615	4.317918	7.072117
put	4.9745684	4.493029	4.471127
shadow	4.453819	3.5128384	3.931038
practical	5.9464016	4.601931	6.1552353
surface	4.510414	3.330768	4.0482407
account	5.8792305	4.8214564	5.5576525
loss	3.4482856	5.495473	3.5651665
indian	4.943544	4.9406896	5.3548107
vine	6.791956	3.675212	5.580412
certain	5.4655914	5.240631	5.9961863
sin	2.8550692	4.923328	4.255276
necessity	4.318175	5.107321	5.5405455
lose	4.2112355	5.4653473	4.185644
private	3.9728456	4.705407	4.697533
gentleman	6.728557	4.534004	6.065233
daughter	5.783047	4.6405716	5.7920156
drive	3.5119052	6.6970916	4.6142907
strange	4.1918397	5.653105	4.184044
journey	5.969695	4.354353	4.766441
uncle	6.786236	4.066361	6.0808067
species	5.3675737	5.2954097	4.908793
think	5.9230537	5.0739627	5.2871804
bed	4.8942094	3.280581	3.6525397
wind	4.457957	4.9996586	4.546653
bless	8.24775	4.1125965	6.0796137
destroy	3.4436655	6.890677	5.1767015
author	5.8713017	4.480734	5.2178326
sustain	5.469553	5.116002	5.941393
black	3.7420778	5.076881	3.6997187
event	6.4398737	5.723158	6.6045265
liberty	7.740629	5.924877	7.543688
negro	4.15053	5.4399495	4.7935877
little	4.659225	3.7957797	3.3976035
fortune	6.8644156	5.054547	6.235586
touch	5.418366	4.424467	4.438156
kill	3.7264469	6.7932343	5.097462
feature	5.3967123	4.049793	5.2781906
happiness	8.003753	4.612306	5.9007893
assume	4.534081	5.1832895	5.1599975
notion	5.711789	3.9845824	4.980071
purchase	6.9153175	4.5135946	5.8261175
faithful	6.523752	4.337889	6.1249166
soldier	4.3653517	6.1224422	5.875328
father	5.8911147	4.654521	6.079538
narrow	3.291306	4.360707	3.581616
great	5.8186226	5.5078025	6.493022
tear	3.1309352	4.7820263	2.4398916
honorable	6.032363	4.9345584	6.1842403
previous	4.1806145	4.726098	4.561277
good	6.7252007	4.3983636	6.1045403
domestic	4.694704	3.8086734	4.2185793
glory	7.4216657	5.3554053	7.1925364
lay	4.555779	4.807813	4.438467
occasion	5.403576	5.3283806	5.2680426
guard	4.6004353	5.3284225	5.744825
whole	5.7741604	4.8061795	5.8351026
mouth	4.5553913	4.7647743	4.4412575
receive	6.566318	4.6083794	5.2550726
take	4.635176	5.187757	5.0283213
simple	6.445347	4.059285	5.675757
error	2.0677996	5.389778	3.7726955
wisdom	6.6240387	4.6524916	6.7734723
rock	4.858943	4.9617414	5.345297
decide	5.5182695	5.511366	6.576947
exclaim	5.683397	6.104796	5.4910827
assure	7.523145	4.9842725	6.307314
sign	5.227231	3.95294	4.6865234
preserve	5.827265	4.23446	5.6103697
commerce	6.447914	5.3157415	6.857287
plant	4.7890477	4.021344	4.8509693
walk	6.668328	4.2191515	4.674119
difference	4.829177	4.207403	4.805171
hang	4.261302	4.122943	3.9871545
following	6.9394083	3.6465416	5.694463
employ	4.675256	4.990304	5.408332
