deal	4.345384	5.3901157	5.3464103
study	7.1030226	4.0799694	6.658097
afford	6.2516203	4.9369545	5.8806143
service	6.5703945	4.377991	6.234868
height	5.223875	5.553591	5.817434
prospect	7.4102254	5.404388	6.559766
pleasant	7.2197256	4.1364655	4.9658313
shade	4.3984857	3.7406259	3.2385306
listen	5.140152	5.5478864	4.734705
mighty	6.0848494	5.512313	7.089122
country	5.3376355	4.5135403	5.960212
title	7.9046474	4.293147	7.098664
choose	5.5975494	4.584029	5.000494
village	6.329548	4.8370285	5.6800847
acquire	8.0099125	6.0390043	8.284514
rank	6.2388144	5.2507634	5.875907
bow	6.1460156	3.8076682	4.78137
doctor	4.790669	4.2468286	5.1402454
talent	7.800532	6.2628765	7.8170414
source	6.6191835	4.6105537	5.727993
lead	5.2413244	5.657007	5.73661
question	4.969862	4.3896995	5.30851
publish	5.599502	5.167656	5.578015
interest	6.3669996	4.535325	5.685331
serve	5.6145687	3.6379876	4.655042
divine	7.43224	4.32018	6.9534044
put	4.7223344	4.4031343	4.320064
shadow	4.4226365	3.2675288	3.7398496
practical	6.2339387	4.2423205	6.215414
surface	4.3730125	2.8708065	3.7793148
account	5.5947948	4.6512856	5.603458
loss	3.5047636	5.6731043	3.6088848
indian	5.2437487	5.4775195	5.350061
vine	6.515047	3.9194653	5.68649
certain	5.0569873	5.32137	5.936345
sin	2.615633	5.366318	4.373502
necessity	4.269877	5.094648	5.535238
lose	4.359568	5.32011	4.6653323
private	4.0941696	4.4737635	4.5902534
gentleman	5.9598875	4.3489113	5.727275
daughter	5.8419247	4.7548747	5.4615545
drive	2.8708503	6.7541046	4.51368
strange	4.285907	5.5584965	4.333723
journey	6.1348047	4.1971917	4.6853113
uncle	7.189353	3.7970061	6.3063016
species	5.745227	5.569931	5.169597
think	5.9979134	4.579036	5.034872
bed	4.8735	2.8771603	2.8202224
wind	4.4747243	4.795088	4.2548795
bless	8.150045	4.171665	6.091561
destroy	3.3402982	7.054445	5.310907
author	6.0840316	4.2364798	5.4973946
sustain	5.628527	5.346956	6.2861977
black	3.7665179	5.1481524	4.5013947
event	6.154275	5.92008	6.7927194
liberty	7.4228	5.7263827	7.2952127
negro	3.9048946	4.892132	4.5986085
little	4.349745	3.9657018	3.5319154
fortune	6.720806	5.027595	6.3809304
touch	5.362482	4.0706697	4.424876
kill	3.6891096	6.3843946	4.6526093
feature	5.4839864	3.6965165	5.3158684
happiness	7.9067197	4.9408073	6.187375
assume	4.4234324	4.8864737	5.0673666
notion	5.930792	3.986607	5.0544868
purchase	6.938221	4.635194	6.002961
faithful	6.43005	3.865186	5.9420857
soldier	4.456813	5.836277	5.75592
father	5.486848	4.780918	5.876736
narrow	2.8052247	4.5578814	3.78746
great	5.08548	5.0933857	5.990034
tear	3.1582913	4.5989723	2.525481
honorable	6.369299	5.318192	6.302207
previous	4.674779	4.3223968	4.6385193
good	6.901862	4.7326202	6.102822
domestic	4.642577	3.1565921	3.5164058
glory	7.387108	5.413183	6.79111
lay	4.6017923	4.3790426	4.0757766
occasion	4.9598427	4.9693956	5.293521
guard	4.5102463	5.075608	5.5674872
whole	5.2291093	4.300912	5.8626375
mouth	5.2586455	4.3576756	4.6693006
receive	6.501272	5.031306	5.4252534
take	4.043772	5.1781244	4.849038
simple	6.876541	4.130777	5.850313
error	2.3955228	5.042671	4.0197277
wisdom	6.907378	4.8462315	6.911961
rock	4.734142	4.96302	5.173207
decide	4.956169	5.25152	6.1410184
exclaim	5.3612947	6.235022	5.4070067
assure	7.665514	4.9745383	6.2648683
sign	5.391637	3.7603674	4.7762575
preserve	5.801523	4.08201	5.450418
commerce	6.2133565	5.086534	6.654481
plant	5.11857	4.189788	4.9593363
walk	6.0326076	4.527472	4.4916444
difference	4.4916806	4.534683	4.850613
hang	4.01063	4.46974	3.945922
following	7.133417	3.6838367	5.884434
employ	4.696158	4.9124875	5.3569965
