deal	5.2515306	5.560837	6.3870893
study	6.8014083	4.437783	6.7776046
afford	6.63297	5.022987	5.99457
service	6.4304724	5.1134257	6.3283644
height	5.149834	5.1094427	5.65051
prospect	7.3987017	5.5591416	6.41241
pleasant	7.614961	4.168739	5.247847
shade	4.904673	3.9142222	3.784048
listen	5.322152	5.5275874	4.8045087
mighty	6.076167	5.3752785	6.987526
country	4.9998875	4.9452996	5.8866467
title	7.1224856	4.408815	6.6930327
choose	6.2039547	4.283143	5.1769257
village	6.5090256	4.9741125	6.328019
acquire	8.135211	5.5029798	8.245901
rank	5.786775	5.4521184	5.750311
bow	5.991265	4.214774	5.03518
doctor	4.748589	4.5437946	5.146648
talent	8.003433	5.9657297	7.930911
source	6.6026697	4.927325	5.959895
lead	5.0073795	5.6088605	5.3816338
question	5.3357453	4.28006	5.239426
publish	5.9557133	5.1678715	5.612907
interest	6.6254683	5.216675	5.6523542
serve	5.3000183	4.0776696	4.8162107
divine	7.2977834	4.144483	6.9131055
put	4.9319916	4.6788993	4.3379536
shadow	4.8576326	3.1492066	3.889118
practical	6.085777	4.305942	6.167877
surface	4.7455726	3.0699623	3.9328372
account	5.191333	5.141187	5.5609975
loss	3.6984158	5.7589765	4.0660663
indian	5.223154	5.5900064	5.8154325
vine	6.995592	4.154927	5.776726
certain	5.3193054	5.410342	6.1908245
sin	3.24088	5.4771867	4.576992
necessity	4.418116	5.138026	5.359997
lose	4.6462574	5.0821586	4.739334
private	4.447425	4.4250917	4.7679534
gentleman	6.106079	4.3014393	5.4894695
daughter	5.7923217	4.9174614	5.575529
drive	3.1212022	6.662471	4.869335
strange	4.121869	5.581777	4.3543057
journey	6.2440863	4.3603363	4.7956343
uncle	6.1692047	4.3364534	5.876638
species	5.0531454	5.516199	5.165085
think	5.6293254	4.751506	5.1464043
bed	5.2703743	2.9712927	3.2420692
wind	4.3878655	5.058499	4.668773
bless	8.395536	3.9907577	6.329576
destroy	3.7563803	6.5389504	5.5941477
author	5.9644203	4.523692	5.361651
sustain	5.642244	5.312112	6.2556
black	3.1904204	4.5397964	3.7572331
event	6.003667	6.0577345	6.7373343
liberty	7.845564	5.375304	7.3988104
negro	3.6116548	4.8694153	4.0764775
little	4.709984	4.0242243	3.6367893
fortune	7.1001253	5.1191316	6.4413657
touch	5.20298	4.4264827	4.32508
kill	4.016151	6.6129556	5.147473
feature	4.968357	4.2644324	5.135379
happiness	8.524805	4.81201	5.959675
assume	4.54238	4.756499	4.966354
notion	5.2188807	4.145951	4.8800516
purchase	6.8502617	4.2763057	5.9007335
faithful	7.1406364	3.9284062	6.29204
soldier	4.4790697	5.6734343	5.6888456
father	5.514801	5.3215218	6.1091557
narrow	3.3801425	4.460767	3.91408
great	5.148679	5.6612844	6.3966813
tear	3.4676342	4.86607	3.0214815
honorable	6.0794373	5.3031363	6.217791
previous	4.536785	4.688768	4.7610855
good	6.856203	4.6408987	6.8470736
domestic	4.5886188	3.8218236	4.0701437
glory	7.8464127	5.1363893	7.1468415
lay	4.2516527	4.676234	4.6365294
occasion	4.8248787	5.4721375	5.5266685
guard	4.657512	5.4318576	5.9856086
whole	5.2242513	4.958619	5.722988
mouth	4.664899	4.8281913	4.451871
receive	6.569378	4.900289	5.916468
take	4.539623	5.673731	5.5962024
simple	6.2702417	4.530653	5.668764
error	2.6758494	5.5790653	4.3463063
wisdom	7.127075	4.3326387	7.18847
rock	5.0139375	4.795922	5.3512564
decide	5.6297455	4.9022465	6.3997498
exclaim	5.633578	6.274445	5.801956
assure	7.9565563	5.2617674	6.6993933
sign	4.9490013	4.008892	4.464519
preserve	5.914648	4.1932497	5.946118
commerce	6.5763755	5.456728	6.942531
plant	5.3245926	4.0574	4.8000956
walk	6.314604	4.19555	4.3162017
difference	4.4938216	4.854266	5.301771
hang	3.942502	4.8091445	4.3229218
following	6.8134737	3.7717447	5.6709886
employ	4.891303	5.050235	5.87545
