deal	5.2614026	5.266895	5.4844875
study	7.155753	3.8647206	6.742906
afford	6.631622	5.227092	6.187171
service	6.614131	4.3533907	6.133354
height	5.670864	5.2511363	5.9161687
prospect	7.2490373	5.6744843	6.655445
pleasant	7.3780694	4.0865746	5.1046867
shade	4.3146243	3.921033	3.5729163
listen	5.532365	5.6805596	4.8843045
mighty	6.381774	5.546749	7.2752285
country	5.1301646	4.217354	5.558393
title	6.9883094	4.265698	6.4995418
choose	5.5035133	4.5152526	5.122883
village	6.014571	4.9446745	5.5793066
acquire	7.7603726	5.477093	7.778235
rank	5.745585	5.143694	5.657566
bow	6.5498977	4.2262588	5.478656
doctor	5.292581	4.740497	5.754712
talent	8.147924	5.8970313	7.731056
source	6.010223	5.1374803	5.875269
lead	4.930599	5.414795	4.9652576
question	4.759991	4.45766	5.521054
publish	5.057087	4.7729692	5.162745
interest	6.984055	5.033675	6.373988
serve	5.2169304	3.6124322	4.1427064
divine	7.359181	4.642212	7.10413
put	5.1895437	4.076298	4.3681684
shadow	4.278377	3.643557	4.095737
practical	6.097993	4.179729	6.1514354
surface	4.7767105	3.2370949	4.2775655
account	5.4980335	4.886926	5.375557
loss	3.0528934	5.284329	3.39789
indian	4.98259	5.069438	5.2300167
vine	6.9376945	4.288149	6.016968
certain	5.526171	5.3783827	6.074408
sin	3.323267	5.297238	4.633258
necessity	4.6406317	5.321949	5.4803557
lose	5.260204	5.106109	5.0225143
private	4.1648436	4.264213	4.674882
gentleman	6.7757015	4.320495	5.8317313
daughter	5.9236536	4.488063	5.831312
drive	3.560099	6.392752	4.366951
strange	4.413028	5.657802	4.546637
journey	6.2725773	4.126193	4.3741446
uncle	7.13718	4.2808895	6.084576
species	5.2242393	5.231994	5.0451956
think	5.7410707	4.3875294	4.741424
bed	4.5745497	3.1071208	3.6924257
wind	4.673177	4.5308027	4.130709
bless	8.560431	4.315385	6.678853
destroy	3.190396	6.550795	5.165991
author	5.752889	4.5883517	5.1288724
sustain	5.1533	4.849516	5.556058
black	3.4777699	4.4298205	3.7235181
event	6.548928	5.7104692	6.8707557
liberty	7.5104914	6.0158205	7.8196173
negro	3.7607512	5.179765	4.437338
little	4.0193033	3.7031326	3.0588748
fortune	6.4060144	5.1101866	5.7928357
touch	5.739029	4.327427	4.6394486
kill	4.0568743	6.607644	4.7458234
feature	5.4603724	3.869925	5.416937
happiness	8.289379	4.768749	6.538003
assume	4.3491797	5.1538787	5.0125113
notion	5.835038	4.3464994	5.071987
purchase	6.286379	4.4206214	5.3939767
faithful	6.5819025	4.1738505	6.2574325
soldier	4.5467167	5.9079647	5.767922
father	6.2837915	4.8980284	6.3293185
narrow	3.1900544	4.245665	3.9685636
great	5.4971557	5.493082	5.6917214
tear	3.0127492	4.4267764	2.7366986
honorable	5.9652243	5.274034	6.322242
previous	4.354567	4.5155296	4.4502125
good	7.274029	4.2798243	6.570166
domestic	4.436566	3.5758338	3.7653286
glory	7.382828	5.2597284	6.8860435
lay	4.667107	4.2160964	4.685233
occasion	4.788216	5.113567	4.8756514
guard	5.393963	5.6111937	6.3317366
whole	5.1675606	4.195429	5.324112
mouth	5.2034826	4.6633782	4.9877324
receive	6.4603987	4.6765227	5.3113747
take	5.218186	4.8881855	5.097773
simple	6.5404034	4.2213645	5.882882
error	2.3894207	5.406781	3.7142756
wisdom	7.1925225	5.029784	7.3200836
rock	4.8214064	5.2227297	5.5650625
decide	4.8511376	5.304036	5.98354
exclaim	6.194897	6.2458467	5.4830046
assure	7.549699	5.0750923	5.9879436
sign	5.4265327	4.163237	4.87891
preserve	6.4642444	4.024842	6.050039
commerce	6.5474463	4.816339	6.455629
plant	4.9916425	4.5645437	5.268734
walk	5.9045973	4.315649	4.229963
difference	4.7957435	4.2364297	4.282468
hang	4.3968625	4.6896	4.3190727
following	7.622072	3.7240915	5.789193
employ	4.7676334	4.58381	5.078196
