deal	4.460947	5.6808324	5.427681
study	6.2458606	4.588693	6.8513923
afford	7.1690893	4.8028016	6.1867504
service	6.6554627	4.6607857	6.2488594
height	5.4151416	5.1401424	5.731021
prospect	7.4908113	4.83887	6.5913506
pleasant	7.6765075	3.8329842	4.995572
shade	4.501331	3.4743047	3.1381612
listen	5.353516	5.4267273	4.803883
mighty	6.6695094	5.594461	7.174971
country	5.427783	4.07617	5.6738973
title	7.7349186	3.9434571	6.523282
choose	5.434786	4.099027	5.024723
village	6.132636	4.760802	5.790988
acquire	7.4000206	5.5732965	7.8331523
rank	5.914963	4.816524	5.735675
bow	6.2749157	4.0165505	5.3072205
doctor	4.81379	4.070285	4.9503284
talent	8.471014	5.440006	7.8940206
source	5.8042545	4.74505	5.3628283
lead	4.6120825	5.782304	4.966915
question	5.302431	4.2755785	5.8279285
publish	5.784842	4.758865	5.406644
interest	6.317605	5.0402293	5.8416395
serve	5.370215	4.291811	4.6899886
divine	7.6315775	4.294682	7.2246943
put	5.2699614	4.3458676	4.4900513
shadow	4.319554	3.3710108	3.726874
practical	6.429873	4.381724	6.290484
surface	4.6755986	2.7462442	3.8214316
account	5.5319395	4.6709642	5.5908594
loss	3.892959	5.418609	4.1740246
indian	4.909229	5.0009394	5.1647468
vine	6.5918875	3.6206002	5.33978
certain	5.332481	5.4755726	5.9669504
sin	3.1690717	5.0030828	4.475653
necessity	4.465254	5.1878943	5.6490645
lose	3.9462566	4.885442	4.3872423
private	4.351089	4.617459	4.573033
gentleman	6.627273	4.445412	5.8880663
daughter	5.5714345	4.6798625	5.4410205
drive	2.8071592	7.01296	4.519708
strange	3.9953172	5.4936256	4.2125673
journey	6.199161	4.2732835	4.656075
uncle	6.392844	3.737899	4.9076915
species	5.742817	5.2493515	5.090877
think	5.4808145	4.5345383	4.715127
bed	4.684456	3.3657653	3.5457392
wind	4.1908455	4.8233423	3.9032395
bless	8.3966675	4.323096	6.503866
destroy	2.995716	6.629884	4.886804
author	5.879642	4.3174777	5.2242966
sustain	5.3857827	5.2248263	6.044459
black	3.205471	4.595463	3.9056602
event	5.9608245	5.905716	6.4689627
liberty	7.9043474	5.9720078	7.951112
negro	4.145972	4.9558306	4.4969645
little	4.2232246	4.0452256	3.141912
fortune	7.0484157	4.9298687	6.027605
touch	5.8136015	4.408345	4.366449
kill	3.429452	6.703916	4.7200265
feature	5.262106	3.8549879	5.1242085
happiness	8.516578	4.62816	6.3253965
assume	4.233311	4.815483	5.015622
notion	5.68703	3.9859533	5.1751347
purchase	7.2667193	4.5207524	5.9794197
faithful	6.7345867	4.404521	6.1537137
soldier	4.657933	5.9426923	5.9601564
father	6.181136	4.78711	5.9855094
narrow	2.8176122	4.3599386	3.550741
great	5.2578707	6.220786	6.5097947
tear	3.4532259	4.7386885	3.0308912
honorable	6.4891214	5.1624527	6.3748856
previous	4.3216505	4.6475472	4.622079
good	6.9221134	4.2229486	6.163213
domestic	5.108024	3.4746404	3.929349
glory	7.372485	5.371626	6.7599154
lay	4.5997066	4.417963	4.736973
occasion	5.554887	5.1317167	5.2947474
guard	4.6567044	4.932671	5.9272103
whole	5.455376	4.664999	5.988147
mouth	5.0155334	4.6292133	4.6016526
receive	6.9424295	4.833237	5.901801
take	3.915073	5.2583165	4.5898814
simple	6.913227	3.9377384	5.7269397
error	2.0001693	4.917615	3.3726692
wisdom	7.2794437	4.826992	7.118781
rock	5.067959	5.009059	5.509186
decide	4.918144	5.362158	6.013506
exclaim	5.5323486	6.0248313	5.5764284
assure	7.476229	5.1820006	6.399567
sign	5.56784	3.6109667	4.654337
preserve	5.5452595	4.090111	5.4289293
commerce	6.3529825	5.1451674	6.414876
plant	4.9282327	4.0845456	4.852816
walk	5.6305604	4.458536	4.155884
difference	4.744191	4.687382	4.814671
hang	4.502633	4.410265	4.213367
following	6.9777365	3.5909314	5.908713
employ	4.96739	5.0674963	5.42301
