deal	4.6208086	5.1205735	5.3960724
study	6.9472218	4.1808376	6.6762333
afford	7.213518	4.746601	6.096909
service	6.205962	4.9738746	6.302643
height	5.303673	5.0455327	5.5315123
prospect	7.2461557	5.3953586	6.487377
pleasant	7.2430673	4.0630035	4.7756166
shade	4.40665	3.54384	3.2592716
listen	5.978019	5.341361	5.004079
mighty	5.6442547	5.602953	6.8859177
country	5.370709	4.554796	6.017716
title	7.5629225	4.181707	6.506736
choose	5.257018	4.607943	4.9665008
village	6.763909	4.8865266	5.796135
acquire	7.8218613	5.7967744	8.075878
rank	5.8430543	5.360231	5.9547014
bow	5.540429	4.15494	5.0793324
doctor	5.085612	4.137802	5.1447906
talent	8.006924	6.2164507	7.9117546
source	6.704006	4.8178678	5.830633
lead	4.7502093	5.7739763	5.3713055
question	5.4633784	4.1853247	5.2957478
publish	5.7378774	4.536322	5.1698713
interest	7.045469	5.7540784	6.4225464
serve	5.408742	4.2279325	4.9296484
divine	7.479562	4.3634567	6.9601464
put	5.150717	4.1485286	4.2639785
shadow	4.2575517	3.3227983	3.7073627
practical	5.8461194	4.5899034	6.2898355
surface	4.5240135	3.163939	3.9943585
account	5.7611976	4.8382893	5.6994085
loss	3.544431	5.5553174	3.966425
indian	5.5547137	5.2339625	5.3169775
vine	6.63791	3.5734484	5.361335
certain	5.0928736	5.499484	5.9176426
sin	3.0418572	4.9864006	4.325012
necessity	4.021302	5.4486303	5.4621224
lose	4.4011383	5.3590403	4.5450954
private	4.4797363	4.3572874	4.730956
gentleman	6.077918	4.084564	5.502623
daughter	5.8558583	5.15424	5.534998
drive	3.039591	6.923087	4.456731
strange	3.9617605	5.548404	3.9025452
journey	6.012999	4.3177223	4.7506685
uncle	6.8946824	3.9473352	5.6376176
species	5.636639	5.3334937	5.369487
think	5.7647853	4.6875205	4.801603
bed	5.11612	3.0676606	3.599949
wind	3.97741	4.887582	4.2708397
bless	8.351915	4.19166	6.545665
destroy	3.0315592	6.620847	4.786957
author	6.3803086	4.286318	5.333483
sustain	5.1405354	5.2113338	5.9867935
black	3.9303288	4.9665766	3.9797387
event	6.473118	5.550012	6.490787
liberty	7.446847	5.9736967	7.2085667
negro	4.2275705	4.9772296	4.102917
little	4.70182	4.3169847	3.6706092
fortune	6.4636526	5.117755	5.9568357
touch	5.7020845	4.303152	4.4097404
kill	3.970088	6.552865	4.865635
feature	5.538229	4.0082636	5.0266914
happiness	8.120722	4.977779	6.071162
assume	4.1337423	5.348381	5.169641
notion	5.435829	4.5092325	5.1189713
purchase	6.6041017	4.4864216	5.521424
faithful	6.539483	4.1325684	6.2129025
soldier	4.6435504	5.872106	5.8756027
father	5.7965984	4.8708973	5.7086735
narrow	3.0292373	4.0858736	3.6892679
great	5.3028646	5.3952513	6.0071125
tear	2.888338	4.8296814	2.6539679
honorable	5.876644	5.3409834	6.2426167
previous	4.490112	4.5862536	4.7293983
good	7.149086	4.275418	6.287564
domestic	4.7958484	4.0014615	4.0905046
glory	7.4387755	5.244647	7.008265
lay	4.5986667	3.8252573	4.6250534
occasion	5.30004	5.3324957	5.5370417
guard	5.232204	5.035908	6.1789618
whole	5.5481815	4.879284	5.760468
mouth	5.5672665	4.402068	4.7596335
receive	6.246242	4.5563	5.384917
take	4.516775	5.2910657	5.0490007
simple	6.345602	4.333063	5.914639
error	2.1477175	5.187338	3.6995847
wisdom	6.861288	4.722269	6.974045
rock	5.2087197	5.055397	5.82023
decide	4.8886247	5.5251904	5.956259
exclaim	5.7135816	6.3380604	5.7598424
assure	7.696077	5.3545446	6.6504087
sign	5.4021244	3.7712681	4.6759715
preserve	5.927815	3.995379	5.646298
commerce	6.6183414	5.0911055	6.870398
plant	5.2037187	4.1166987	4.984069
walk	6.035725	4.0519395	4.369958
difference	4.3711824	4.479862	4.912083
hang	4.0657682	4.176447	4.046324
following	7.019515	3.4718242	5.6974497
employ	5.1629505	5.0963287	5.7120605
