deal	5.0767603	5.1261206	5.7750487
study	6.572669	4.429143	6.278269
afford	6.5679617	4.755636	5.977254
service	6.6462865	4.644651	6.1268444
height	5.1948767	4.7716637	5.589824
prospect	7.674509	5.034289	6.476053
pleasant	7.413864	3.885612	5.015056
shade	4.9475145	3.5772548	3.498434
listen	5.2881722	5.7446485	5.0528197
mighty	5.895685	5.4194684	6.8911896
country	5.2304273	4.493909	5.421744
title	7.2418127	4.3512974	6.8439584
choose	5.742405	4.1376266	5.3416457
village	5.7998457	4.775732	5.233464
acquire	7.407403	5.754276	8.013701
rank	5.8588047	5.181638	6.1111927
bow	5.9626164	4.4521017	5.135339
doctor	5.0179224	4.122922	5.2066274
talent	7.878146	5.9017816	7.671253
source	6.240008	4.6573677	5.591279
lead	5.290263	5.618728	5.229722
question	4.868188	4.3166914	5.388411
publish	5.0509524	4.623182	4.9771633
interest	6.825281	4.956202	6.1340775
serve	5.564955	4.1875253	4.9293466
divine	7.639207	4.671557	7.3719683
put	4.9804993	4.9516873	4.4673114
shadow	4.7182903	3.4979827	3.99537
practical	5.8035045	4.6747355	6.1253624
surface	4.8450985	3.0249808	4.3034034
account	5.6136255	4.537407	5.7307534
loss	3.6509326	5.0608134	3.7831225
indian	4.39827	5.0323706	4.893427
vine	6.68288	3.596294	5.455059
certain	5.188608	5.3403406	5.880904
sin	3.4848797	5.5600934	4.6470137
necessity	4.5188494	5.487131	5.794208
lose	3.7384434	6.1095695	4.6403627
private	4.692955	4.3919497	4.935903
gentleman	6.232879	4.658745	5.7651863
daughter	5.923696	4.18015	5.3839383
drive	3.3326323	6.8700223	4.9572787
strange	3.5067449	5.6173005	3.938962
journey	6.2912636	4.34213	4.934743
uncle	5.895889	4.9713607	5.867194
species	5.5272903	5.43023	5.0845437
think	4.916619	4.717448	4.7576733
bed	4.907714	3.1126587	3.2555041
wind	4.289228	4.6113744	4.1211553
bless	8.465723	4.194977	6.5273066
destroy	2.9217522	6.6207485	4.9737387
author	5.7170625	4.6647444	5.212318
sustain	5.405121	5.280765	6.0836606
black	3.7782907	4.8690643	3.9222293
event	6.3616123	5.2112026	6.5194707
liberty	7.793173	5.269311	7.3450375
negro	3.6252174	5.617363	4.6904325
little	4.333276	4.0753922	3.3210382
fortune	6.5175667	4.575293	6.012685
touch	5.5323687	4.510597	4.624488
kill	3.613126	6.4378357	4.6666927
feature	5.4259334	3.777193	5.0589643
happiness	8.336262	4.495678	6.020025
assume	4.5274873	5.155463	5.467852
notion	5.27985	4.285706	4.8400044
purchase	6.417429	4.4448943	5.723238
faithful	6.7762837	4.1365404	6.2863503
soldier	4.2650437	5.599571	5.8311005
father	5.5590487	4.9762564	6.041671
narrow	2.827808	4.2424026	3.3682127
great	5.934702	5.6675053	6.4384146
tear	3.5469646	4.6164308	2.7182539
honorable	6.172964	5.2491083	6.371014
previous	4.2841706	4.4050817	4.4737034
good	7.10489	3.780095	6.111959
domestic	5.0708604	3.3447387	3.9149108
glory	7.1518373	5.2532487	6.8714657
lay	4.5089087	4.749048	4.1094933
occasion	5.347583	5.1228814	5.1337957
guard	5.190923	5.0280824	6.247862
whole	5.864317	4.724699	5.887335
mouth	4.5329943	4.8912973	4.3382754
receive	6.5781946	4.812994	5.444119
take	4.8529515	4.771759	5.041007
simple	6.45362	4.185883	5.4130087
error	2.2651505	5.283918	3.5275965
wisdom	6.854894	4.785506	7.045437
rock	5.109467	4.6935663	5.322817
decide	5.029984	5.28106	6.0209618
exclaim	5.5476327	6.194125	5.6961265
assure	7.1820016	5.450765	6.0753336
sign	4.708374	4.097981	4.4792814
preserve	6.0766964	4.150507	5.868557
commerce	6.341488	5.2328525	6.429664
plant	5.1625504	4.075528	4.7850018
walk	6.0773315	4.5873013	4.5819993
difference	5.2700243	4.6544423	5.1419377
hang	4.667854	4.5890207	4.2153053
following	7.260192	3.5348308	5.8549623
employ	4.870057	5.07616	5.545397
