deal	5.2480984	5.6019864	5.948984
study	6.97005	3.9915447	6.4833517
afford	6.6314845	4.941111	5.889066
service	6.698587	4.5418572	6.4460635
height	5.5578413	5.1049337	5.9685984
prospect	7.4180846	5.146488	6.3233223
pleasant	7.584022	4.1148686	4.937236
shade	4.1830845	3.6692348	3.1093783
listen	5.3587356	5.72314	4.7153583
mighty	6.136045	5.718334	7.156582
country	5.5683975	4.136544	5.7462444
title	7.450677	4.767748	7.365615
choose	5.7369795	4.3721323	4.9567127
village	6.1104913	5.047788	5.645816
acquire	8.129742	5.744014	8.34208
rank	5.741768	5.071171	5.87786
bow	5.6483727	4.4255342	5.3957443
doctor	4.917466	4.3860636	5.2422633
talent	8.064917	5.7101054	7.5774693
source	6.7088532	4.922596	5.8982577
lead	4.6531553	5.470896	5.213669
question	4.772299	4.937836	5.314583
publish	5.738885	4.8275805	5.506481
interest	6.3593287	5.5684595	6.2976747
serve	4.9092293	3.9686007	4.540929
divine	7.16224	4.6089077	7.1148605
put	5.0003424	4.6381755	4.6456804
shadow	4.4781685	3.242483	3.5099967
practical	6.145881	4.3296165	6.0716686
surface	4.7524543	3.2705276	4.192024
account	5.18288	4.6641083	5.408371
loss	3.485591	5.4243903	3.7480965
indian	5.029444	5.588495	5.747618
vine	7.0204077	3.8227482	5.532841
certain	5.329273	5.259211	5.9548445
sin	2.9311972	5.212644	4.568942
necessity	4.522068	4.8391676	5.183315
lose	4.3878818	5.0963306	4.6108193
private	3.995787	4.184206	4.444676
gentleman	6.0505047	4.4030704	5.8324556
daughter	5.390337	4.6843576	5.4429207
drive	3.1742294	6.4165716	4.4025993
strange	4.337146	5.8343496	4.555511
journey	6.0650253	3.8782349	4.379198
uncle	6.365468	3.8746076	5.7806616
species	5.439504	5.453455	4.974418
think	5.43799	4.864335	5.113018
bed	4.7888393	3.1201208	3.1122007
wind	4.812667	4.9020905	4.5651126
bless	8.50656	4.4164557	6.3962035
destroy	3.2602215	6.5898857	5.348745
author	5.975977	4.4511414	5.2923765
sustain	5.504003	5.0548654	6.140459
black	3.3361206	5.0889277	3.52895
event	6.228733	5.5720925	6.654534
liberty	7.8175845	5.7528677	7.3565702
negro	3.658724	5.527373	4.546345
little	4.0802608	3.852664	3.0807366
fortune	6.429	4.886217	6.1344337
touch	5.427134	4.6201453	4.657719
kill	3.733048	6.497236	4.8011613
feature	5.313209	4.05394	5.5405016
happiness	8.514242	4.4823785	6.0242352
assume	4.117441	4.9510946	5.321136
notion	5.596942	4.382703	5.25176
purchase	6.74803	4.6155276	6.131771
faithful	6.7271595	4.001394	6.2084656
soldier	4.1939216	5.9297647	5.7295537
father	5.5041647	4.995336	5.9657617
narrow	2.8637085	4.370816	3.8769522
great	5.3935204	5.613339	5.6964273
tear	3.0487125	4.8086786	2.4986615
honorable	5.954952	5.244637	6.1122537
previous	4.412121	4.566614	4.5661907
good	6.9873805	4.310545	6.4485407
domestic	4.7802153	3.1350706	3.597672
glory	7.1703734	5.493519	6.64297
lay	5.1772223	4.3948646	4.186969
occasion	4.606027	5.235078	4.9133983
guard	5.1308575	5.257832	6.3305454
whole	5.3518863	4.619642	5.474326
mouth	4.8985043	4.956256	5.0801854
receive	6.4736347	5.0663166	5.291959
take	4.4893365	5.207933	5.145111
simple	6.720107	4.2791886	5.8768067
error	2.3588707	5.1132383	3.8353696
wisdom	7.1587806	4.757715	7.2576327
rock	5.1744556	5.0503826	5.7142
decide	4.807297	5.3637443	5.9805765
exclaim	5.903723	6.5416036	6.17817
assure	7.6631556	5.3244977	6.5488863
sign	5.074166	3.8898404	4.5634913
preserve	6.457301	3.8462791	5.7665505
commerce	6.745778	5.1201878	6.500328
plant	5.0963535	4.1721344	4.915647
walk	5.7150106	4.1124954	4.235758
difference	4.872514	4.0341563	4.9540925
hang	4.5434327	4.193651	4.1623325
following	7.084321	3.866303	5.763412
employ	5.152172	4.91986	5.607636
