deal	4.5437527	4.9434705	5.3850193
study	6.598055	4.211791	6.596852
afford	6.866477	4.87763	6.312625
service	6.6800804	4.1740823	5.8320694
height	5.532782	5.274386	5.915582
prospect	7.5791836	5.311365	6.477183
pleasant	7.5180583	3.909818	5.037509
shade	4.3974743	3.6017427	3.5118802
listen	5.020692	5.5316305	4.7421455
mighty	6.015977	5.7244377	6.9116545
country	5.579837	4.690588	5.6458764
title	7.133173	4.113789	6.664155
choose	5.5315228	4.35614	4.9541073
village	6.668888	4.8364735	5.897493
acquire	7.6752987	5.7780533	7.807466
rank	5.365253	5.3128247	5.560281
bow	5.715365	4.0640755	4.8559713
doctor	4.7870865	4.1629615	4.7748685
talent	8.189537	5.8581753	7.777162
source	6.590449	4.6099033	5.999987
lead	4.7961197	5.481251	5.2063866
question	5.614327	4.4327693	5.5365353
publish	6.047105	4.9111357	5.8992143
interest	6.3335986	4.9907846	5.6405635
serve	5.4068446	3.8901029	4.543738
divine	7.476745	4.5161114	7.201934
put	4.8735423	5.043207	4.332909
shadow	4.198427	3.203645	3.7640162
practical	5.793607	4.5451064	6.2174454
surface	4.678614	3.083749	3.8819783
account	5.573005	4.502631	5.5524735
loss	3.670623	5.4799504	3.7068982
indian	4.741166	5.0379972	5.1088815
vine	6.705568	3.5955074	5.5697308
certain	5.6414213	5.2165527	5.9201016
sin	3.1321843	5.003133	4.1527534
necessity	4.1240997	5.2203674	5.279983
lose	4.0224013	5.393413	4.3819
private	4.513695	4.7992086	5.0520024
gentleman	6.1520643	4.3324175	5.751685
daughter	5.8741307	4.1809263	5.319937
drive	3.3816233	6.7167416	4.653679
strange	4.704465	5.5952754	4.353012
journey	6.0966578	4.344519	4.899807
uncle	6.6656084	4.147852	5.492776
species	5.603165	4.8956714	4.9554033
think	6.118433	4.737953	5.1399126
bed	5.023409	2.8578944	3.288443
wind	4.7311273	4.470213	4.4041877
bless	8.68894	4.1416035	6.2607765
destroy	3.2451787	6.614686	5.412221
author	5.753944	4.656921	5.387816
sustain	5.4775405	5.2853947	6.027545
black	4.4493527	4.5839567	4.2890973
event	6.848075	5.7550893	6.965086
liberty	8.353229	6.0723763	7.8645177
negro	3.907071	5.303847	4.4764366
little	4.8565497	3.525825	3.3429568
fortune	6.803076	5.1701217	6.3463674
touch	5.518329	4.4978495	4.4815207
kill	4.1088967	6.6150727	4.9689775
feature	5.7213326	3.8649397	5.5266533
happiness	8.463579	4.736463	6.4125147
assume	3.9790165	4.6619797	4.5767956
notion	5.4577436	4.2184105	4.69942
purchase	6.9007254	4.8906546	6.3334064
faithful	6.757926	4.346632	6.2944202
soldier	4.4015207	6.0310197	5.662443
father	6.101186	4.8399587	5.7625
narrow	3.1850672	4.166172	3.5710113
great	5.144396	5.645671	6.047333
tear	3.1677718	4.3509626	2.6691124
honorable	6.2748146	5.3333783	6.4842076
previous	4.213859	4.5029554	4.593741
good	7.3015833	4.635858	6.645292
domestic	5.2689548	3.553306	4.1238194
glory	7.4101477	5.694809	7.0862217
lay	3.8476574	4.2746367	3.979781
occasion	4.9642544	5.129089	5.516415
guard	4.6016517	5.4343953	5.957648
whole	5.1772995	4.522148	5.3223376
mouth	5.682367	4.696896	4.8721557
receive	7.040758	4.99006	5.7080235
take	5.5888004	5.3224363	5.6424384
simple	6.364972	4.122896	5.233069
error	2.2787206	5.1463623	3.9052434
wisdom	7.224444	4.9396815	7.064889
rock	5.243046	4.9412327	5.592249
decide	5.1513877	5.3979626	6.411982
exclaim	6.0493484	6.3495398	5.68652
assure	7.4715233	5.1659293	6.395227
sign	5.408632	3.6152985	4.9182487
preserve	6.010423	4.169121	5.747505
commerce	6.5560613	5.083763	6.8095126
plant	5.167293	3.780296	4.9740796
walk	5.672421	4.3608875	4.444097
difference	4.4143286	4.548943	5.0296617
hang	4.466531	4.442792	4.0892487
following	7.1240067	3.7017584	5.569859
employ	4.9570746	4.8362627	5.3361692
