deal	5.2584	5.320534	5.6739855
study	6.9686127	4.7269483	6.6955433
afford	6.9696293	4.9758534	6.3567896
service	6.4338603	4.7832003	6.1937585
height	5.4594026	5.341108	5.948818
prospect	7.6322203	5.4734216	6.8794107
pleasant	7.57097	3.7816343	4.7439933
shade	4.717019	3.738314	3.3621373
listen	5.4591236	5.0500236	4.7845383
mighty	6.1754084	5.5013285	7.129174
country	5.564669	4.351114	5.7822804
title	8.304831	4.676213	7.1219616
choose	5.355567	4.5203595	5.212408
village	6.3282156	5.1855326	5.7489257
acquire	7.688408	5.527872	7.802016
rank	6.1480885	5.248638	5.975398
bow	5.8709764	4.28825	5.0772047
doctor	4.8230524	4.355525	4.7518125
talent	8.199451	6.04337	7.8259897
source	6.6993375	5.2467985	6.1217537
lead	5.30392	5.906028	5.1946497
question	5.0142	4.7133636	5.599073
publish	6.098728	4.6386924	5.5150747
interest	6.294676	5.2043123	6.228436
serve	5.451038	4.117779	4.715069
divine	7.2031	4.5803466	7.054961
put	5.19318	4.0906625	4.3675423
shadow	4.4674096	3.6315365	3.9276834
practical	6.0676546	4.2748327	5.908787
surface	4.4423556	3.1685739	4.081348
account	5.5127697	4.7023025	5.6831336
loss	3.2747548	5.415665	3.6964645
indian	4.959878	4.927725	5.4988265
vine	6.52577	4.0422125	5.5376883
certain	5.257631	5.4051957	5.934141
sin	2.8089156	5.2849517	4.222271
necessity	4.6081014	5.0387	5.8233485
lose	4.2476463	4.716425	3.8050501
private	4.3426414	4.419657	4.800084
gentleman	6.4731665	4.266496	5.588255
daughter	5.9124846	4.682961	5.4211764
drive	3.452063	6.579316	4.481694
strange	4.7104754	5.4395423	4.394011
journey	6.1466517	3.7163644	4.555342
uncle	7.5686846	4.188283	6.4347153
species	5.152824	5.22474	4.575228
think	5.667434	5.078309	5.4838467
bed	4.753215	3.0276635	3.3270845
wind	4.380517	4.6500034	4.150226
bless	7.933221	4.188592	6.050169
destroy	3.197647	6.469344	4.9661775
author	6.0830956	4.47634	5.2754903
sustain	5.2223516	4.8163257	5.792039
black	3.5479102	5.058756	4.2398324
event	6.202089	5.983792	6.997917
liberty	7.7119627	5.498594	7.5537453
negro	4.2927628	5.1643424	4.8017545
little	4.6893573	4.454544	3.7720404
fortune	6.775916	5.244952	6.283214
touch	5.5045795	4.03547	4.3917446
kill	3.947029	6.3187833	4.8495064
feature	5.8868117	4.044962	5.588862
happiness	8.720199	4.8008633	6.4369364
assume	4.253326	5.055245	4.951435
notion	5.7571106	4.3353395	4.9897933
purchase	6.7505245	4.463659	5.88056
faithful	6.5012336	4.1072016	6.104562
soldier	3.8482106	6.200976	5.580774
father	6.235138	4.926877	6.0941796
narrow	3.2026563	4.0657744	3.520144
great	5.489688	5.3530498	5.8609953
tear	3.3274963	4.6857433	2.6769247
honorable	6.209818	4.9879417	6.164918
previous	4.324888	4.495386	4.512761
good	7.26859	4.15004	6.2795467
domestic	4.9280877	3.1953456	3.956019
glory	7.297377	5.3498607	6.994607
lay	4.5241003	4.09897	4.137235
occasion	5.1396704	5.193319	5.218493
guard	3.895264	5.4600916	5.656408
whole	5.5596333	4.5565886	5.8859477
mouth	5.2720337	4.745038	5.03313
receive	6.6686015	4.9532223	5.5712037
take	4.5275064	5.1102123	4.67155
simple	6.549673	4.412785	5.756146
error	2.3749008	5.445244	3.8691006
wisdom	6.8299117	4.8693786	7.091897
rock	5.0709376	4.670655	5.2888584
decide	5.370775	5.144553	6.1577225
exclaim	5.834306	6.256548	5.5970573
assure	7.616034	5.1770997	6.459851
sign	5.4023943	3.8662543	4.693607
preserve	6.1158805	3.5046391	5.5141
commerce	6.532097	4.836671	6.4329042
plant	5.1202974	4.5645733	4.9673867
walk	5.9717007	4.530532	4.1626015
difference	4.987137	4.9493856	5.073128
hang	4.289147	4.5653133	3.9230976
following	7.310828	3.6381154	6.004135
employ	4.383685	4.953885	5.360502
