deal	5.110232	5.14578	5.715496
study	6.8736544	4.225563	6.4947295
afford	6.983323	4.688624	6.2031946
service	6.652757	4.3218822	5.916107
height	5.4606094	4.726065	5.338472
prospect	8.024047	5.069657	6.795899
pleasant	7.9044514	3.9346926	4.9680214
shade	4.3841057	3.715938	3.1130683
listen	5.3753853	5.2615447	4.6126714
mighty	6.4272013	5.621195	7.5235476
country	5.574398	4.0786686	5.645857
title	7.5361185	4.45499	6.796013
choose	5.299777	4.470489	4.96088
village	6.550151	4.786871	5.7099223
acquire	7.6622434	5.4966273	7.7306967
rank	5.241187	5.426211	5.700976
bow	5.9332886	4.708856	5.3361664
doctor	5.0245414	4.3132477	5.4016814
talent	7.871139	5.979094	7.770486
source	6.4843874	4.899797	6.040583
lead	5.1103935	5.4764476	5.1227384
question	4.620614	4.102876	4.7248707
publish	5.3645573	5.2036123	5.7393494
interest	6.865686	4.548263	6.176672
serve	5.7080603	3.9245992	4.3425093
divine	7.3133993	4.5637813	7.1409025
put	5.2616673	4.5514765	4.625422
shadow	4.16999	3.1463916	3.3372612
practical	6.3761587	4.468627	6.304453
surface	4.9094934	3.1358256	4.17477
account	5.6417484	4.718548	5.6339087
loss	3.7927983	5.105406	3.9546242
indian	4.933979	5.0882177	5.173217
vine	6.4645452	4.0398684	5.2674284
certain	5.2029395	5.0604215	5.9794827
sin	3.4385538	5.499224	4.639672
necessity	4.676772	5.2237163	5.8114095
lose	4.257053	5.4446893	4.6961994
private	3.8516068	4.30338	4.707313
gentleman	6.7411313	4.525593	5.6760373
daughter	6.221586	4.671169	5.49867
drive	3.3539991	6.7485213	4.786205
strange	4.465768	5.0469656	4.21578
journey	6.154077	4.1952333	4.772824
uncle	7.187756	4.078554	5.943568
species	5.443364	5.279941	4.9082212
think	5.912968	4.456808	5.341541
bed	5.5276527	3.1659446	3.7432592
wind	5.025087	4.6800885	4.583433
bless	8.514914	4.3073044	6.4366803
destroy	3.398199	6.4654703	4.9091597
author	5.462807	4.794159	5.3832617
sustain	5.4143553	4.665759	5.811302
black	3.7942703	4.609721	4.1020565
event	6.735463	5.7644873	7.2012577
liberty	7.4233766	5.634466	7.408437
negro	4.191956	5.0041366	4.5871854
little	4.396678	3.96455	3.6115375
fortune	6.6489506	4.894928	5.8251696
touch	5.995928	4.099699	4.822663
kill	4.1184797	6.5538487	5.1819887
feature	5.702314	3.6189084	5.1103745
happiness	8.437775	4.9225693	6.0684943
assume	3.6247835	4.7333474	4.377264
notion	5.5894885	4.3999453	5.2382665
purchase	6.8000593	4.061803	5.6148105
faithful	6.898173	3.689169	6.3011007
soldier	4.204774	5.72873	5.592208
father	6.2284966	4.706397	5.8767176
narrow	2.8034735	3.875547	3.4115205
great	5.5088615	5.978237	6.4504876
tear	3.3412437	5.2265625	3.216129
honorable	5.925045	5.451863	6.246469
previous	4.455353	4.719412	4.578934
good	7.2703395	4.224805	6.599619
domestic	4.6431427	3.4257946	3.899648
glory	7.297961	5.9184856	7.303668
lay	4.5852504	3.797259	4.4316087
occasion	5.5722055	5.336692	5.6517544
guard	4.374833	5.181166	6.1993017
whole	5.48014	4.647297	5.8148394
mouth	4.9512315	4.5747137	5.002444
receive	6.740341	4.620696	5.9234004
take	4.7581954	4.975616	5.0261946
simple	6.7493973	3.8911638	5.54972
error	2.606485	5.4157434	4.0521097
wisdom	6.9747314	5.0170584	7.1961985
rock	5.3839436	4.5393653	5.5074844
decide	5.047943	5.0055447	5.9144516
exclaim	6.001008	5.8488407	5.3846006
assure	7.6142216	5.1093493	6.4655924
sign	5.2642913	3.9850512	4.823561
preserve	5.773265	3.9858825	5.4463396
commerce	6.153487	5.0836296	6.7638984
plant	4.7411118	3.9516315	4.5081563
walk	5.779903	4.212562	4.117682
difference	5.4476266	4.237931	5.011878
hang	4.4129596	4.150925	4.0039434
following	7.0026226	4.1665864	5.8529963
employ	4.759014	4.7151093	5.4597874
