deal	5.1146603	5.5013804	5.767801
study	6.7363443	4.1714416	6.428032
afford	6.56157	4.988307	6.0901866
service	6.036783	4.5606413	6.0980425
height	5.337435	5.398332	5.8798695
prospect	7.3806148	4.9153094	6.1007986
pleasant	7.645709	3.9762883	5.029395
shade	4.0768294	3.9012494	3.306509
listen	5.0629344	5.5019407	4.412047
mighty	6.136617	5.8675685	7.184428
country	5.2164636	4.5822372	5.6943145
title	7.725588	4.21907	6.895938
choose	5.4139214	3.9024348	5.0851107
village	6.0872793	4.8000674	5.6531973
acquire	7.716878	5.91028	8.170718
rank	5.0923743	5.511717	5.951992
bow	5.815177	3.9660196	4.7939444
doctor	5.2206907	4.147026	4.7541385
talent	8.180085	6.182488	8.12033
source	6.478555	4.870581	5.929723
lead	4.4416046	6.0442414	5.507288
question	5.273019	4.2534957	5.4101324
publish	5.946444	4.905182	5.656262
interest	6.547983	4.8516765	5.7707505
serve	4.793949	4.39179	4.8044834
divine	7.4409146	4.511816	6.883292
put	4.9476876	4.577526	4.4209886
shadow	4.16706	3.2072773	3.652812
practical	6.20979	4.7058024	6.3195744
surface	4.301999	3.1423476	3.6538155
account	5.3952193	4.7069135	5.678091
loss	3.2917764	5.1278124	3.6802254
indian	5.254941	5.0924454	5.0842323
vine	6.5265465	3.610802	5.2872176
certain	5.515362	5.457329	5.888224
sin	2.953136	5.153947	4.4650445
necessity	4.6265225	4.7663174	5.232922
lose	4.4235487	5.5644894	4.581844
private	4.390724	4.4821134	4.9420085
gentleman	6.00698	4.3757973	5.4443865
daughter	5.443773	4.3104644	5.4544125
drive	2.9536688	6.6704283	4.4807
strange	4.823569	5.6802177	4.453432
journey	6.2236977	3.8685377	4.8694797
uncle	6.479351	4.4093466	5.9200506
species	5.5306106	5.02764	4.6615353
think	6.3105583	4.8616953	5.2312675
bed	5.162785	2.989098	3.4028568
wind	4.4821625	4.5929556	4.3950367
bless	8.550264	4.31495	6.35405
destroy	2.9753096	6.742959	4.8840647
author	5.680833	4.6383452	5.1272025
sustain	5.359435	5.046303	5.922103
black	3.0139365	5.100036	3.7979665
event	6.4228606	5.4616995	6.5561447
liberty	7.5797777	5.9904556	7.1292677
negro	3.594087	5.151626	3.541103
little	4.042181	4.059824	2.9422932
fortune	6.4396243	5.3109426	6.589521
touch	5.7906294	4.252018	4.311235
kill	3.8977315	6.4954166	4.9883313
feature	5.722501	3.8805795	5.3719144
happiness	7.7668104	5.1312075	6.0225606
assume	3.9294004	4.919463	4.7913094
notion	5.6586776	4.2349324	4.9673357
purchase	6.9288893	4.5537972	5.91318
faithful	6.5196004	3.8473392	5.843195
soldier	4.7050805	6.019419	6.2537184
father	6.056633	4.7078323	5.7908807
narrow	3.0861597	5.0150447	4.095788
great	5.3275933	5.694827	6.39359
tear	3.261271	5.175748	2.6398242
honorable	5.80439	5.5586143	6.5527544
previous	4.555766	4.1529727	4.4562607
good	7.2918987	4.681663	7.0357027
domestic	5.027469	3.2951958	4.103206
glory	7.550961	5.360934	7.043247
lay	4.9046955	4.327285	4.4245157
occasion	4.8516407	5.2325726	4.946607
guard	5.0029817	5.2406144	6.2172275
whole	5.223722	4.902251	5.3242893
mouth	4.914999	4.721035	4.682951
receive	6.8649445	5.045598	5.8043947
take	4.750577	5.6924434	5.3808465
simple	6.261748	4.426237	5.7699795
error	1.7514107	5.2388783	4.0111246
wisdom	7.323937	4.9450994	7.55334
rock	4.811862	4.722615	5.394988
decide	5.1453557	5.1718874	6.096842
exclaim	6.0101213	6.469027	5.9835606
assure	7.3257074	5.3608108	6.370073
sign	5.352869	4.283087	5.0207396
preserve	5.480471	3.9897404	5.354768
commerce	6.052369	5.256932	6.870398
plant	4.4888563	3.8993826	4.460434
walk	5.6992273	4.5080247	4.517293
difference	4.741929	3.9075527	4.630328
hang	4.315158	4.2884655	4.2649574
following	7.035166	3.483436	5.6417894
employ	5.006741	4.614113	5.664201
