deal	5.1856384	5.047349	5.586183
study	6.980296	4.600784	6.6997833
afford	6.0384874	5.2637806	5.7406673
service	6.8397107	4.5663657	6.117641
height	5.1098695	5.3370023	5.7925043
prospect	7.359774	5.254803	6.3384933
pleasant	7.5463753	4.163186	4.854945
shade	3.9360356	3.970865	3.2969606
listen	5.353341	5.1727867	4.7751865
mighty	6.3863573	5.4466577	7.2942896
country	5.6953425	4.375169	5.8830976
title	7.317978	4.5454392	6.7224565
choose	4.950156	4.5380826	5.0016947
village	6.1026382	4.5345864	5.3105173
acquire	8.040201	5.37646	7.930005
rank	6.006835	4.9781675	5.894039
bow	6.4770207	4.0057206	5.321325
doctor	4.7897873	4.1016736	5.101856
talent	8.154469	5.854692	7.7555265
source	6.1023865	5.18505	5.641149
lead	4.4704223	5.258957	4.942673
question	4.9528947	4.6688766	5.4447064
publish	5.7292385	5.0670843	5.5720816
interest	6.476707	4.9566264	5.9490137
serve	5.10666	4.230285	4.877058
divine	7.5174637	4.3022146	7.1193647
put	5.0510125	4.94824	4.254257
shadow	4.005155	3.5763474	3.7118447
practical	5.9800873	4.510419	6.3493013
surface	5.338997	3.0031083	4.520837
account	5.2383084	4.542106	5.2773113
loss	3.4967318	5.1669345	3.7386746
indian	4.8183465	5.041772	4.9176865
vine	6.6769505	3.4650278	5.6969047
certain	5.1164694	5.2401977	5.679422
sin	2.828843	5.2312536	4.2759376
necessity	4.0075374	5.1279235	5.321072
lose	4.3238697	5.592012	4.4494443
private	4.648242	4.370379	5.0926247
gentleman	6.3840246	4.254512	5.562258
daughter	6.168931	4.743324	5.7767463
drive	3.1288464	6.910677	4.6147795
strange	4.208353	5.5730486	3.9149363
journey	6.263771	3.883936	4.6902933
uncle	7.1046247	3.924522	5.7416086
species	5.7352157	4.9935427	4.8500357
think	5.7142296	4.5568366	4.8192425
bed	5.3979654	2.9336214	3.4780383
wind	5.0208225	4.738366	4.458805
bless	8.469196	3.9272146	6.239759
destroy	2.9411147	6.6600204	4.858226
author	5.7010455	4.64038	5.0917053
sustain	5.0859203	4.789154	5.610928
black	3.2941575	4.5583577	3.7580502
event	6.0969048	5.3580165	6.353511
liberty	8.258049	5.817685	7.7517824
negro	3.5968325	4.8903923	4.1091213
little	4.331422	3.9699275	3.024819
fortune	6.7605357	5.040167	6.4722357
touch	5.7657866	4.2718134	4.558652
kill	4.2753153	6.291483	4.8876715
feature	5.385477	4.215277	5.057589
happiness	8.235708	5.0191994	6.2393923
assume	3.7658348	5.0088863	4.7092195
notion	5.5116544	4.0657406	4.736155
purchase	7.423766	4.21603	6.1248193
faithful	6.975204	3.8792734	6.1362104
soldier	4.5536604	5.362431	5.5523524
father	5.737836	4.811282	5.67931
narrow	3.5211506	3.9881513	3.8344638
great	5.046382	5.6117516	5.872649
tear	2.9389853	5.2452283	2.9645753
honorable	6.2815504	5.1248674	6.3930693
previous	4.182135	4.711595	4.50639
good	7.0065956	4.476873	6.5996485
domestic	4.7759986	3.2923663	4.101924
glory	7.351096	4.986774	7.238329
lay	4.551183	4.4317136	4.388341
occasion	5.0264797	5.0609016	5.095956
guard	4.607281	4.6574345	5.7205725
whole	5.495737	4.871026	5.6936297
mouth	4.8565774	4.4645166	4.3607984
receive	6.5945497	4.9580946	5.3834596
take	4.049785	5.8878417	4.999738
simple	6.8048363	3.9457865	5.5145655
error	1.7342281	5.1925645	3.4198108
wisdom	6.6518517	4.7936068	7.169593
rock	5.1651115	4.862992	5.235493
decide	4.82071	5.664473	6.318728
exclaim	5.526854	6.42342	5.5561657
assure	7.5780344	4.904745	6.139153
sign	4.9747715	3.7998712	4.361352
preserve	5.6928015	3.693003	5.595531
commerce	6.3896637	5.033817	6.6768374
plant	5.067534	4.3515224	4.7270064
walk	5.6480865	4.4633102	4.1628733
difference	4.446201	4.947747	4.84411
hang	4.0430155	4.165487	4.0204744
following	7.894064	3.6872594	6.2478156
employ	4.967679	4.7064056	5.6421638
