deal	5.6824064	4.9290276	5.3773108
study	6.582874	4.2918262	6.4920616
afford	6.304738	4.924038	6.145786
service	6.6603584	4.7591705	6.30844
height	4.8941083	5.393075	5.674273
prospect	7.8071337	5.6619363	6.721674
pleasant	7.562505	4.3771214	5.301959
shade	4.0940495	3.697434	3.2428484
listen	5.1679244	5.527472	4.5558934
mighty	6.247382	5.7491217	7.1356845
country	5.4632096	4.6202855	5.8929996
title	7.1259537	4.5666394	7.0609035
choose	5.674091	4.226018	4.7879243
village	6.4903593	4.725431	5.696888
acquire	7.954371	5.7322707	8.113664
rank	5.49142	5.6942034	5.6345787
bow	5.899726	4.7607007	5.4137154
doctor	4.69252	4.587882	4.9919367
talent	8.110538	6.0253873	7.872907
source	6.803524	4.573702	5.7883453
lead	5.064384	5.7748256	4.894576
question	5.144504	4.1224065	4.964256
publish	5.561112	4.960927	5.6055655
interest	6.374008	4.917351	5.849575
serve	5.3578305	4.0641675	5.0026727
divine	7.35538	4.2308393	6.710101
put	5.0026083	4.6787724	3.8518655
shadow	3.969264	3.3900862	3.9094238
practical	6.1275487	4.4246507	6.241731
surface	4.823169	3.0660472	4.194577
account	5.4029036	4.8567715	5.380925
loss	3.303036	5.088361	3.5061793
indian	4.300031	4.809857	4.7548985
vine	6.792903	4.212408	5.8673553
certain	5.024357	5.405369	5.9878473
sin	2.8654437	5.2917724	4.515014
necessity	4.4653587	5.0181146	5.3581524
lose	4.3204613	5.6623573	4.4150724
private	4.2450147	4.5767674	4.8108253
gentleman	6.648328	4.9253063	6.026578
daughter	5.815035	4.5894966	5.552184
drive	3.0498247	6.7946196	4.25449
strange	4.2839513	5.601875	4.1145816
journey	6.1312184	4.126074	4.7173257
uncle	6.1958437	3.785133	5.200998
species	5.361028	5.7818594	5.085404
think	5.512931	4.749696	4.7315035
bed	5.4436884	3.1498713	3.332612
wind	4.6105967	5.033098	4.4758506
bless	8.38534	4.3313913	6.422081
destroy	3.2865005	6.744012	5.1942387
author	5.831967	4.6172576	5.03512
sustain	5.621846	5.2652836	5.8934283
black	3.84577	4.8157716	3.8590875
event	6.6255293	5.6461787	6.881845
liberty	7.664983	6.040687	7.4651275
negro	4.153909	5.184436	4.2572217
little	4.611874	3.2180395	2.9183273
fortune	6.9052773	5.412627	6.4298487
touch	5.3920875	4.2453136	4.4936037
kill	3.588844	6.3408084	4.877785
feature	5.116615	3.7722368	5.100369
happiness	8.581909	5.0869303	6.241452
assume	4.3308983	5.0179067	5.1726522
notion	5.529375	4.4174285	4.8949585
purchase	7.033387	4.631445	5.8133783
faithful	6.850603	3.954061	6.0649323
soldier	4.5274634	5.7028418	5.770885
father	5.7087746	4.5918746	5.953134
narrow	3.36862	3.932321	3.594718
great	5.3104672	5.1075788	5.7390127
tear	2.9133406	4.2692394	2.17258
honorable	6.251607	5.466393	6.5398083
previous	4.450133	4.5933304	4.684854
good	7.1685	4.4318953	6.813949
domestic	4.437761	3.615315	4.2412825
glory	7.02505	5.708856	6.9048615
lay	4.435709	4.119986	4.204251
occasion	4.8997293	5.708178	5.3539734
guard	4.97546	5.101921	5.9306083
whole	5.508311	4.332164	5.430854
mouth	5.163036	4.2163925	4.4126315
receive	6.273887	5.1058517	5.4791923
take	4.7631607	4.8247824	4.7806954
simple	6.389729	4.1405344	5.672885
error	2.5700579	5.194539	3.9072964
wisdom	7.186961	4.2945995	6.975244
rock	5.1240606	5.0593114	5.395404
decide	5.4590244	5.021972	6.001116
exclaim	6.302106	5.9128776	6.0688148
assure	7.7722015	5.202264	6.3932567
sign	5.0769987	4.02757	4.9795237
preserve	6.0282054	4.199191	6.034651
commerce	6.489531	4.9687896	7.0201263
plant	4.9793224	4.0296445	4.799445
walk	5.7835007	4.6376824	4.424409
difference	4.9257226	4.460962	5.1618433
hang	4.2655144	4.834544	4.394508
following	7.3127594	3.640881	6.045754
employ	4.5946417	4.940948	5.6524477
