deal	4.9399495	4.8908668	5.64667
study	6.147647	4.1694894	5.9545465
afford	6.7672563	4.6700935	5.8241086
service	6.152275	4.616125	5.8955984
height	4.9882607	5.180813	5.4154997
prospect	7.5578675	4.943412	6.339165
pleasant	7.368258	3.6344023	4.815458
shade	4.6171837	3.670218	3.5778656
listen	5.283416	5.35338	4.964932
mighty	6.330996	5.5276785	7.2925873
country	5.919551	4.236801	6.1010365
title	7.379916	4.548913	7.007374
choose	5.502543	4.131366	4.8592815
village	6.2280216	5.0550737	5.728377
acquire	7.605797	5.53778	7.678338
rank	5.990911	5.228851	6.1337023
bow	5.8013873	4.097723	4.7018833
doctor	4.591942	4.704898	4.9719915
talent	7.9346824	6.1617217	7.7867556
source	6.045479	4.872732	5.725327
lead	5.122833	5.743326	5.4041553
question	5.156185	4.9880466	5.7280273
publish	5.6510844	5.0669374	5.626752
interest	6.5555153	4.8761053	6.093385
serve	5.1659336	4.368681	4.8169374
divine	7.5487733	4.646821	7.2768955
put	5.665787	4.5960197	4.6857047
shadow	4.537471	3.1196957	3.8196278
practical	5.833978	4.4746847	6.247013
surface	4.4384394	3.3988175	4.119048
account	5.4388485	4.7193937	5.3476996
loss	3.6997266	5.4866195	3.8140044
indian	5.0432262	5.605846	5.4434075
vine	6.6159782	3.433061	5.393199
certain	5.2621765	5.7450643	5.940977
sin	2.5924654	5.8327675	4.443977
necessity	4.124881	5.189083	5.257805
lose	4.2008266	5.5399704	4.5142646
private	4.4544287	4.4483414	4.7683234
gentleman	6.131516	4.0943904	5.2801423
daughter	6.0395837	4.6963716	5.7518067
drive	3.358216	6.6609683	4.901281
strange	4.702906	5.511676	4.573011
journey	6.215495	4.022794	4.7365584
uncle	7.271177	4.414069	5.8909316
species	5.6369977	5.333852	5.1658306
think	5.584029	4.728418	5.1208906
bed	4.977331	3.1810393	3.526087
wind	4.062057	4.5170374	4.1417255
bless	8.652085	4.262532	6.412
destroy	3.0073757	6.519656	5.0039897
author	5.4569907	4.4477477	5.0731983
sustain	5.778762	5.070956	5.9872317
black	4.6734934	4.6461644	4.2641087
event	6.7772107	5.749342	6.9505644
liberty	7.7602205	5.50531	7.0934496
negro	3.9462845	5.475859	4.392726
little	4.6098213	4.235529	3.907272
fortune	6.7815614	5.230851	6.3233995
touch	5.49029	4.5390496	4.552571
kill	3.6790633	6.6965117	5.177498
feature	5.8010693	3.6605692	5.229203
happiness	8.142206	4.6650033	6.214493
assume	4.2108307	4.9578276	5.046271
notion	5.153302	4.106877	4.9380445
purchase	6.7094893	4.4910603	5.736326
faithful	6.9554014	3.8448215	6.360286
soldier	4.716414	6.161873	6.125222
father	6.0340466	5.240338	6.12002
narrow	3.433319	4.2586365	3.8229237
great	5.234273	6.032225	6.294485
tear	3.202958	5.055175	3.035827
honorable	6.263537	5.2777576	6.380101
previous	4.4709167	4.6029406	4.434188
good	7.3003016	4.4535303	6.6715994
domestic	5.2019677	3.8139443	4.48395
glory	7.6933103	5.3560038	7.3560057
lay	4.8000007	4.2451143	4.104346
occasion	4.5971036	5.6185846	5.345761
guard	4.7579503	5.1426616	6.003276
whole	5.9899254	4.668092	5.793931
mouth	5.412222	5.0371504	4.7476826
receive	6.9098516	4.548688	5.370919
take	5.2481475	5.406837	5.4136696
simple	6.3769226	4.318143	5.45358
error	2.5188375	5.4481864	4.1636815
wisdom	6.884844	4.8792787	7.2773466
rock	4.921772	4.684698	5.019387
decide	5.5277042	5.4855366	6.4123416
exclaim	5.697784	5.8725076	5.4025235
assure	7.4748383	4.7616334	6.0708647
sign	5.2880816	4.42733	4.4057703
preserve	5.508914	3.7158072	5.3587375
commerce	6.8154917	5.3864803	7.1924596
plant	4.9923215	4.080302	4.7513595
walk	5.671133	4.202051	4.067257
difference	4.507261	4.6456747	4.6251817
hang	4.383876	4.230799	4.006002
following	6.9077296	3.4700658	5.301863
employ	4.806738	5.2400274	5.500413
