deal	5.1942163	6.0085135	6.4874134
study	6.520208	4.0613093	6.134554
afford	6.85502	4.4635324	5.710878
service	6.684879	4.768318	6.1056976
height	5.36927	5.202106	5.6355047
prospect	7.864896	5.1261787	6.8096943
pleasant	7.1381707	4.299484	4.962274
shade	4.356436	3.4891253	3.345254
listen	5.522429	5.4862385	5.0379357
mighty	5.9739037	5.8220043	7.4052896
country	5.601179	4.465644	6.2492814
title	7.5079474	4.061063	6.691016
choose	5.754966	4.4134903	5.329365
village	6.654943	5.0094995	5.8942356
acquire	7.6409564	5.4127893	7.659041
rank	6.2519174	5.268593	5.994653
bow	6.087474	4.4440956	5.2152834
doctor	4.975754	4.2652698	5.143048
talent	8.090626	5.921668	7.953066
source	6.5437574	4.5471606	5.344247
lead	5.1519175	5.57088	5.1728516
question	5.1349196	3.615313	5.3330264
publish	5.4418044	5.2227182	5.546126
interest	6.6322565	5.2267437	6.174448
serve	5.3196535	3.777356	4.222363
divine	7.3562202	4.1315703	6.962197
put	5.0267324	4.433292	4.1266723
shadow	4.0809064	3.2717836	3.5925505
practical	5.762032	4.391835	6.062501
surface	4.61388	3.1349664	3.9926577
account	5.4990377	4.7838454	5.4472513
loss	4.1875935	5.59053	4.271875
indian	5.1709146	4.938588	5.119343
vine	6.4980364	3.4802067	5.153954
certain	5.13928	5.355376	5.8327065
sin	3.004075	5.47466	4.570856
necessity	4.3938894	5.160655	5.4771576
lose	4.1742105	5.117054	4.3837175
private	4.294062	4.425804	4.9987373
gentleman	6.205302	4.7982373	5.8885946
daughter	6.22931	4.6611533	5.4163027
drive	3.2389538	6.8278837	4.653049
strange	4.437075	5.6895294	4.2884874
journey	5.9613423	4.431446	4.836486
uncle	6.3292737	4.2635303	5.65752
species	5.0991344	5.530406	4.741641
think	6.0021625	4.7443447	5.1106505
bed	5.1856484	2.98872	3.2495162
wind	4.7144127	5.017099	4.505702
bless	8.1639805	4.323662	6.3731785
destroy	3.553435	6.3129687	5.203161
author	5.6007204	4.925426	5.2629914
sustain	5.363324	5.176676	5.948529
black	4.219843	4.832122	4.760879
event	6.751978	5.798911	6.968705
liberty	7.6893525	6.155647	7.66481
negro	3.5380533	5.5010653	4.4134865
little	4.1782947	4.4214535	3.3948371
fortune	6.2928495	5.218073	6.0718727
touch	5.861213	4.300578	4.483828
kill	4.2394624	6.215008	4.8518996
feature	6.064384	3.5493114	5.4471493
happiness	8.198645	5.0180674	6.3539195
assume	4.5651207	4.7736025	4.904573
notion	5.956029	4.3992243	5.061325
purchase	6.736641	4.0946965	5.5119576
faithful	6.6483192	4.100513	6.287322
soldier	4.640649	5.6095333	5.833372
father	5.7055507	5.0329533	5.907219
narrow	3.1405106	4.1414986	3.7270093
great	5.1069508	6.0378776	6.4272485
tear	3.5527332	4.8359976	2.9710417
honorable	6.227126	5.335243	6.501213
previous	4.679761	4.320573	4.2812963
good	7.446272	4.49178	6.859024
domestic	4.8786397	3.5335329	4.338538
glory	7.3583913	5.252246	6.8866425
lay	4.669139	4.3048887	4.7519894
occasion	5.294508	5.188623	5.117832
guard	5.013509	4.9138336	5.753158
whole	5.5386853	4.6132536	5.977728
mouth	5.021941	4.7985325	4.728765
receive	7.0574226	4.972307	5.811352
take	5.665889	5.0668216	4.8948717
simple	6.6042285	4.121722	5.411414
error	2.185049	5.714163	3.7973018
wisdom	6.925515	4.780144	7.2125196
rock	5.096278	5.083839	5.4375887
decide	5.320247	5.038623	6.2661304
exclaim	5.971791	6.035275	5.8793526
assure	7.6806946	5.2061486	6.534471
sign	5.3423305	3.9692774	4.645306
preserve	5.951893	4.0376787	5.8150187
commerce	6.084814	5.1238775	6.7063074
plant	4.9871473	4.02534	4.6601267
walk	5.6842365	4.07759	4.000511
difference	5.012906	4.4868336	5.0203843
hang	4.5900183	4.212058	4.006901
following	7.0443373	3.5894465	5.77459
employ	5.1204596	4.5221734	5.369796
