deal	4.759688	5.3980823	5.2656136
study	6.894299	4.0779676	6.6702113
afford	6.808358	4.9611526	6.5062866
service	6.1923885	4.6392055	5.8491225
height	4.9913387	5.088505	5.344232
prospect	7.5771704	5.378947	6.528964
pleasant	7.3973465	3.6701114	4.6351285
shade	4.307516	3.7223835	3.536365
listen	5.23187	5.3824778	4.844266
mighty	6.047949	5.512626	6.8915462
country	5.426344	4.286808	5.55486
title	6.853709	4.6906867	6.8033915
choose	5.2189593	4.6530247	4.8869205
village	6.327841	4.730807	5.7912073
acquire	7.8896484	5.512609	7.9708767
rank	6.2855997	5.241235	6.1991563
bow	5.9132013	4.348	5.323951
doctor	4.465009	4.140381	4.6541333
talent	7.483198	5.973325	7.167473
source	6.5830183	4.6744814	6.1520214
lead	5.6896553	5.3010993	5.466981
question	5.28801	4.3704967	5.3057585
publish	5.08678	5.1437283	5.469592
interest	6.9578543	4.8548536	6.169439
serve	5.2211995	4.476206	4.8837442
divine	7.182128	4.6728654	7.0597906
put	4.9950333	4.8655477	4.512437
shadow	4.4435205	3.1699986	3.6755443
practical	5.854115	4.2212267	5.893774
surface	4.475183	3.2264912	4.011962
account	5.2661304	4.995957	5.706587
loss	2.983632	5.489206	3.6465602
indian	4.229406	4.955828	4.6766825
vine	6.6731386	3.9897795	5.681721
certain	5.5121837	5.548784	5.927312
sin	2.644673	5.577385	4.6912723
necessity	4.140981	5.2006235	5.4388504
lose	3.6822214	5.604653	4.1881094
private	5.011496	4.3005557	4.8129044
gentleman	6.0695353	4.6292286	5.5795016
daughter	5.776002	4.882532	5.914406
drive	3.5607967	6.2463007	4.4909973
strange	4.4810686	5.185224	4.2343864
journey	5.9796796	3.7422833	4.3252864
uncle	6.9894	4.037308	6.093846
species	5.415305	5.405733	5.1147003
think	5.888272	4.412532	4.88994
bed	4.6521807	3.054631	3.152348
wind	4.354663	4.6854467	4.2180843
bless	8.453432	4.3868036	6.4624453
destroy	3.3012033	6.8474464	5.2872396
author	5.6552057	4.990342	5.572672
sustain	5.1989155	5.262071	5.9095635
black	3.4358377	5.0562897	4.480248
event	6.581308	5.284022	6.7023935
liberty	7.164875	5.8921156	7.2878
negro	3.9309678	5.2375593	4.5025043
little	4.6464653	3.8582	3.4047894
fortune	6.680788	5.270186	6.602673
touch	5.4609957	4.5172358	4.3559074
kill	3.68826	6.5373335	4.785257
feature	5.574869	3.8995805	5.016622
happiness	8.03077	5.1985993	6.194216
assume	3.9597356	5.5540977	5.1768365
notion	5.668495	4.2704234	5.125169
purchase	6.898081	4.188158	5.517972
faithful	6.6786594	3.9293861	6.0976644
soldier	5.1331844	6.1658325	6.060742
father	5.6235657	4.8364096	5.962341
narrow	3.113833	4.313252	3.4557664
great	5.2654524	5.4680386	5.9982815
tear	3.339018	4.6406846	2.2919748
honorable	6.325344	5.43028	6.5246305
previous	4.3249903	4.365889	4.2254357
good	7.127842	4.3163023	6.273128
domestic	4.9708357	3.3501341	4.0674634
glory	7.2013063	5.318264	6.9872494
lay	4.6459594	4.544091	4.1084733
occasion	5.1472282	5.231009	5.3280277
guard	5.460697	5.088775	6.295928
whole	5.319472	5.019325	5.6973724
mouth	4.6034293	4.599308	4.592449
receive	6.7140837	4.6664357	5.213395
take	5.2313805	5.047924	5.4217024
simple	6.375204	3.9035854	5.373777
error	2.4406748	5.0502825	3.970385
wisdom	7.08361	4.714475	7.1099443
rock	4.8430243	4.740427	5.415671
decide	5.19453	5.197077	6.038636
exclaim	6.12351	6.2041225	5.895681
assure	7.4462943	5.462969	6.4108744
sign	4.603259	4.26917	4.5358305
preserve	6.2221546	4.2243333	5.897238
commerce	6.347906	5.139002	6.6935186
plant	5.01072	4.282233	4.9607487
walk	5.957578	4.1999645	4.5502286
difference	4.389244	4.3583198	4.511116
hang	4.8114266	4.127224	4.3238134
following	7.324651	3.8401902	5.8618355
employ	5.432535	4.6745267	5.465678
