deal	4.820261	5.428728	5.7898483
study	6.564654	4.3976116	6.90275
afford	7.1401873	4.6467743	5.7554574
service	6.737282	4.356316	6.194264
height	5.224763	5.122814	5.372518
prospect	7.6901736	5.2399855	6.658368
pleasant	7.4681435	4.098613	4.902519
shade	4.403098	3.777139	3.493669
listen	5.5584235	5.469757	4.6828203
mighty	6.480844	5.698298	7.5117807
country	5.462094	4.015117	5.807515
title	7.808055	4.1974964	6.3235083
choose	5.7182126	4.115693	4.9467597
village	6.229665	4.8931704	5.6755033
acquire	7.5529833	5.994102	7.737787
rank	6.4922953	5.011541	6.2016287
bow	5.738684	4.136731	5.3719788
doctor	4.725415	4.3713408	5.217934
talent	7.853757	5.8224387	7.701578
source	6.976611	4.5977716	5.7989435
lead	5.2225585	5.6435065	5.318921
question	4.504229	4.456649	5.4216056
publish	5.65334	4.7594786	5.4350886
interest	6.668893	5.32219	6.2295985
serve	6.335456	3.8113585	5.121442
divine	7.4551096	4.3140693	6.902415
put	4.8897033	4.6077766	4.074433
shadow	4.0369296	3.4681163	3.5468059
practical	6.2418785	4.707017	6.598091
surface	4.6909075	3.1609716	3.950307
account	5.132248	4.679671	5.2609525
loss	3.4346604	5.3286886	3.625825
indian	4.817647	5.202278	4.9332066
vine	6.671364	3.7556665	5.555072
certain	5.1660223	5.4564595	5.835055
sin	3.2120948	5.3010836	4.635869
necessity	4.3115473	5.349741	5.5296564
lose	3.8357303	5.3981266	4.1856127
private	4.264524	4.394082	4.81553
gentleman	6.5969696	4.267196	5.565335
daughter	5.931647	3.914454	5.5992336
drive	3.5346904	6.47459	4.632693
strange	4.3900948	5.0374427	4.0060024
journey	6.36753	4.1937437	5.13167
uncle	7.635331	4.154478	6.487914
species	4.9316382	5.1169143	4.609223
think	6.1189966	4.564514	5.1730947
bed	4.9935875	2.6791255	3.390984
wind	5.038074	4.840496	4.842818
bless	8.209156	3.9843445	6.1099916
destroy	3.3425407	6.745393	5.031374
author	5.873547	4.414566	5.308834
sustain	5.2284956	5.168536	5.9850445
black	4.106844	5.01573	4.158747
event	6.5721693	5.8180575	6.7113185
liberty	7.6113744	6.2555737	7.7485147
negro	3.7912004	5.3401747	4.4098887
little	4.656403	4.326572	3.720748
fortune	7.0094566	5.0819736	6.59739
touch	5.39266	4.382447	4.0562673
kill	4.101282	6.648836	4.9962025
feature	5.1826453	3.7372108	5.3236876
happiness	8.711603	4.8231587	6.6298113
assume	4.1168137	5.0796933	4.753256
notion	5.604889	4.6274476	5.3115635
purchase	6.976736	4.4034758	5.7095413
faithful	7.110567	3.7938306	6.318038
soldier	4.6304126	5.872298	5.768833
father	6.037653	4.1738153	5.848367
narrow	2.9590142	4.551562	3.7366652
great	4.6918035	5.865921	6.2844706
tear	3.3717036	4.508814	2.9421039
honorable	6.510997	5.413875	6.8035297
previous	4.377196	4.674729	4.4388256
good	7.0043516	4.082663	6.3485746
domestic	4.635607	3.0078928	3.9311633
glory	7.8651657	5.687647	7.5017033
lay	4.426235	4.5008917	3.9920049
occasion	5.0503864	5.426453	5.0773973
guard	4.8517656	5.128482	5.6312838
whole	5.5753183	4.3873725	5.606569
mouth	4.9564924	4.358731	4.471952
receive	6.7184954	4.733397	5.49961
take	4.91299	5.238655	4.863755
simple	6.5021577	3.9618218	5.4794474
error	2.2674568	5.1531744	3.8260214
wisdom	7.457728	4.4563513	7.150588
rock	5.153231	4.915237	5.2710333
decide	5.059536	5.3949366	6.3778443
exclaim	6.131624	5.884804	5.393836
assure	7.6678333	5.247311	6.378442
sign	5.12692	3.8749652	4.7529488
preserve	5.9842668	4.2645636	5.7030797
commerce	6.4575443	5.1358914	6.865712
plant	5.096621	3.7737021	4.8623486
walk	5.8716726	4.5121317	4.1539483
difference	4.3353925	4.6418395	4.7099857
hang	4.4600854	4.3484983	4.2607727
following	7.270074	3.5232058	5.6519327
employ	5.2297883	4.910305	5.484293
