deal	4.917053	5.1750107	5.0818887
study	7.0145197	4.206715	6.063119
afford	6.4684343	4.285497	5.364013
service	6.37681	4.781747	6.1506395
height	5.6176205	4.90575	5.5485163
prospect	7.03955	5.125203	6.241333
pleasant	7.160983	3.5909839	4.430422
shade	5.718339	3.552576	4.4386578
listen	5.8962593	4.8179183	4.9757032
mighty	5.597847	5.2468963	6.0263762
country	6.154985	4.8928022	6.1399784
title	6.6795225	4.1606107	5.9955053
choose	5.9060373	4.257597	5.5175314
village	5.755961	4.025578	4.7399917
acquire	7.1946874	5.021027	6.8779545
rank	6.100827	5.78578	6.506918
bow	5.7404766	4.295489	5.173191
doctor	4.8194184	4.7747574	4.673195
talent	7.472043	5.779712	7.119963
source	6.267739	4.5124984	5.6492743
lead	5.6352067	5.2358155	5.5231137
question	5.37556	4.9162736	5.8365803
publish	6.2508907	4.787382	6.5690937
interest	6.4585366	5.0963593	6.3492413
serve	5.647851	4.444641	5.099547
divine	6.465728	4.965737	6.195025
put	5.134672	4.2781014	4.5674434
shadow	5.1387463	3.6320744	4.3422575
practical	6.3173885	4.0960746	6.052739
surface	5.4370914	3.4673855	4.487587
account	5.3542876	5.088884	5.451354
loss	4.411296	4.9602027	4.3766465
indian	5.1703234	4.7025337	5.33612
vine	5.9179654	4.0561533	4.5911064
certain	5.5685244	4.7620144	5.506097
sin	3.7033324	4.9649343	4.299711
necessity	5.183427	5.282114	5.650718
lose	5.1678295	4.7144384	4.6562986
private	5.635295	4.858496	5.6792545
gentleman	6.617735	4.8064833	5.8747263
daughter	6.797085	4.6184464	5.4323263
drive	4.1235886	5.9524503	4.9242973
strange	4.9894958	4.906475	4.565784
journey	6.2713656	3.7156222	4.727995
uncle	5.787311	5.106599	5.4000263
species	5.6625566	4.1032043	5.1033707
think	5.6947355	4.644793	4.9100766
bed	5.111479	3.5692852	3.8571064
wind	4.5175905	5.0342493	4.7872686
bless	6.7384825	3.7899854	5.057641
destroy	3.6075156	5.4274206	4.4176345
author	6.059833	4.8623157	5.8257523
sustain	5.975224	4.928475	6.2145443
black	4.413582	4.0348415	4.3350396
event	5.993847	5.4280453	6.541561
liberty	6.2885017	5.1719418	6.423411
negro	5.4760613	4.8903546	4.8032036
little	6.0426946	4.0848646	4.580496
fortune	6.5814533	5.424595	6.3463135
touch	5.6935453	4.437708	4.590956
kill	3.7517605	5.9137692	4.314766
feature	6.420674	4.5399413	6.012998
happiness	7.198313	4.7186484	5.9970307
assume	5.604183	4.61668	5.6469536
notion	4.7726192	5.3054943	5.36689
purchase	6.2332892	4.641602	5.888853
faithful	5.9368854	4.968157	6.1920214
soldier	5.435035	5.498953	6.288769
father	6.07863	4.28439	5.416632
narrow	3.7737298	4.1798105	4.1521883
great	6.3270874	4.9643536	6.1947603
tear	4.2215	4.692554	3.579041
honorable	6.118097	5.4052315	6.558086
previous	5.4228	4.6023383	5.199545
good	6.395075	4.507095	5.2428684
domestic	6.0500135	3.9504006	5.2764835
glory	7.4073358	5.251119	6.8952813
lay	5.320605	4.0082593	4.589195
occasion	5.7817187	5.264157	5.853674
guard	5.3667006	5.5750756	6.3370132
whole	6.1379147	4.4136815	5.636286
mouth	4.975028	4.752993	4.3932314
receive	6.433132	4.6939507	5.876792
take	5.5624657	4.3912005	4.8377094
simple	6.848949	3.8294117	5.3876033
error	3.6367183	5.2438307	4.7887707
wisdom	7.7028184	4.0775847	6.8281713
rock	5.2556396	4.4115906	5.0886045
decide	5.630133	5.1315193	6.022627
exclaim	5.639178	5.9523396	5.254243
assure	6.5265527	5.1917734	5.9604344
sign	5.482121	4.9259353	5.1869125
preserve	6.392004	4.031966	5.8188434
commerce	6.5546784	4.305438	6.235201
plant	5.447315	4.2235684	4.7416897
walk	5.8944883	4.3225236	4.532302
difference	5.4384923	3.9858124	4.903627
hang	4.493836	4.4389153	4.10871
following	6.499292	4.318255	5.522485
employ	5.997039	4.5192003	5.7851257
