deal	4.972947	4.976615	4.9754066
study	6.857854	4.414884	6.186511
afford	6.4810586	4.640368	5.775944
service	6.3977747	4.8532133	6.005885
height	5.6549897	4.551794	5.642659
prospect	7.1693964	5.143495	6.309436
pleasant	7.1205506	3.7570176	4.393441
shade	5.696223	3.4692748	4.279316
listen	5.866626	4.6789246	4.924642
mighty	5.824875	5.275032	6.1458626
country	6.184565	4.7907457	6.0765986
title	6.570654	4.184629	6.1274877
choose	5.803972	4.258197	5.371969
village	5.6558313	3.9660707	4.707413
acquire	7.091578	4.8936367	6.833273
rank	5.8966904	5.66421	6.4389906
bow	5.692638	4.0773826	5.1346254
doctor	4.72442	4.663927	4.634022
talent	7.507759	5.465671	7.108671
source	6.20322	4.7702837	5.832803
lead	5.418413	5.560062	5.6300073
question	5.3622894	4.940344	5.9186525
publish	6.393668	4.5651507	6.346574
interest	6.3993874	5.101798	6.305199
serve	5.6762443	4.6070976	5.138083
divine	6.471255	4.8034935	6.351492
put	5.1522627	4.3390117	4.5963826
shadow	5.1332498	3.5057044	4.168195
practical	6.211948	4.3083944	6.2452793
surface	5.6902494	3.2358673	4.5570273
account	5.4849052	5.030848	5.3157387
loss	4.3045883	4.867071	4.0721297
indian	5.216492	4.646226	5.337936
vine	5.991232	3.925988	4.6749597
certain	5.7138433	4.756915	5.474741
sin	3.363025	5.080235	4.1255
necessity	5.179111	5.280653	5.6365976
lose	5.0399017	4.6690874	4.620474
private	5.498885	5.1127687	5.7622557
gentleman	6.512017	4.898937	5.891673
daughter	6.683628	4.7096605	5.6765428
drive	4.0439076	5.9931507	5.096477
strange	4.8110757	5.202772	4.5861573
journey	6.3375945	3.996103	4.61318
uncle	6.058401	4.9459906	5.5477357
species	5.718881	3.8562121	5.1554365
think	5.6137733	4.731404	4.959673
bed	5.093531	3.394866	3.6602259
wind	4.4974966	5.1100373	4.7289925
bless	6.5663795	4.052398	5.1690083
destroy	3.5862832	5.5018053	4.537786
author	6.062471	5.093242	5.947915
sustain	5.8913503	4.852457	5.9822264
black	4.523919	3.8501134	4.1196356
event	6.1115427	5.3501177	6.397623
liberty	6.3593373	5.1730967	6.646207
negro	5.317056	5.1070247	4.7374506
little	5.9896407	4.2420964	4.6458836
fortune	6.348037	5.4747043	6.2658095
touch	5.671395	4.5888357	4.702133
kill	3.7556002	6.1118917	4.5690756
feature	6.3828993	4.316399	5.7615976
happiness	7.0734434	4.841454	6.079505
assume	5.2854176	4.5857825	5.448349
notion	4.8012857	5.36948	5.5046525
purchase	6.0447497	4.709611	5.7321086
faithful	6.226005	5.0726514	6.268135
soldier	5.541806	5.467481	6.3032312
father	5.8686056	4.3683186	5.341732
narrow	4.056381	4.4186354	4.4088764
great	6.343874	5.0397053	6.2815766
tear	4.157981	4.7508154	3.534223
honorable	6.055459	5.4329247	6.5311527
previous	5.3340106	4.5103645	4.963089
good	6.3161387	4.695725	5.325031
domestic	6.2148194	3.9205654	5.0752864
glory	7.503424	5.334699	6.9468985
lay	5.460599	3.9515562	4.5484548
occasion	5.7713966	5.367723	5.7784615
guard	5.4324284	5.516161	6.4471345
whole	6.101362	4.4092126	5.5466585
mouth	5.1945667	4.8054376	4.3910217
receive	6.472136	4.7810206	5.88138
take	5.50929	4.416208	4.846301
simple	6.716433	3.8431754	5.319361
error	3.6964998	5.556737	4.988389
wisdom	7.584717	4.206891	6.8069744
rock	5.3841414	4.273189	5.0694437
decide	5.337264	5.1915326	5.8736053
exclaim	6.068375	5.780919	5.4277954
assure	6.5043473	5.0874653	5.931308
sign	5.396646	4.9833174	5.3311014
preserve	6.430986	4.1777897	5.6431932
commerce	6.4249	4.280633	6.3603587
plant	5.621627	4.0659904	5.057366
walk	5.8328238	4.288863	4.456099
difference	5.3045907	3.89942	4.8488297
hang	4.4354095	4.3680058	3.936299
following	6.546862	4.3346734	5.602743
employ	5.969281	4.470682	5.6459312
