deal	5.013918	5.373378	5.2312775
study	7.018938	4.25372	6.2145605
afford	6.5602665	4.5383263	5.603907
service	6.4503617	4.7883043	6.094806
height	5.7605467	4.6953707	5.6707487
prospect	7.04066	5.2009635	6.3270454
pleasant	7.2918005	3.6181	4.490492
shade	5.719419	3.5585928	4.4766746
listen	6.1327715	4.7152104	4.9624457
mighty	5.6858206	5.4989	6.160142
country	6.177975	4.955608	6.2031355
title	6.7254176	4.2324653	5.9391875
choose	5.8495855	4.038451	5.2885256
village	5.8638806	4.155708	4.866969
acquire	7.1751413	4.9888678	6.830799
rank	6.0023775	5.632037	6.473953
bow	6.1819596	3.9716256	5.4157987
doctor	4.8756523	4.840402	4.7059026
talent	7.383102	5.798765	7.3324986
source	6.350599	4.5730395	5.7235913
lead	5.5463743	5.393553	5.659473
question	5.3912086	5.047348	5.9279017
publish	6.6161523	4.8592186	6.638518
interest	6.5562725	5.220395	6.4310575
serve	5.6940627	4.474179	5.0956516
divine	6.427431	4.946417	6.2451577
put	5.052716	4.352	4.505174
shadow	5.041434	3.7315989	4.3791466
practical	6.464892	4.2357564	6.3983946
surface	5.627436	3.295447	4.4894476
account	5.5694475	5.168554	5.5653424
loss	4.4070306	4.98155	4.350527
indian	5.333206	4.54548	5.2901206
vine	5.452047	3.9345741	4.378942
certain	5.6051035	4.7783885	5.519603
sin	3.8350396	5.20659	4.524582
necessity	5.3454185	5.3625135	5.9294047
lose	5.1770077	4.723455	4.7006655
private	5.633355	4.9580173	5.823245
gentleman	6.4692917	4.9687862	5.882901
daughter	6.631124	4.699802	5.510625
drive	3.9436932	6.0037513	4.9577203
strange	4.9990683	4.8532925	4.534003
journey	6.426204	3.8502607	4.5673604
uncle	5.7367268	5.1518784	5.368348
species	5.825489	4.224125	5.2328763
think	5.6168847	4.770634	4.988391
bed	5.2191844	3.4952369	3.9053442
wind	4.614047	5.179473	5.0238614
bless	6.6203423	3.8851757	5.190544
destroy	3.3859088	5.3401146	4.3241615
author	5.951334	4.9830494	5.762258
sustain	6.03973	4.937387	6.1803036
black	4.256074	3.9544518	4.09318
event	5.939406	5.597072	6.475482
liberty	6.241903	5.2404146	6.4075084
negro	5.395342	5.1493115	4.8327193
little	5.972005	4.0937023	4.55057
fortune	6.341664	5.5146556	6.3269596
touch	5.713643	4.639223	4.6449485
kill	3.820201	6.1772933	4.578447
feature	6.338789	4.5560417	5.88949
happiness	7.1147227	4.751057	5.8971405
assume	5.2657795	4.6229444	5.389542
notion	4.8076763	5.29183	5.235622
purchase	6.154213	4.940399	6.0042195
faithful	6.2419925	4.733778	6.2341123
soldier	5.7923284	5.2866054	6.2409964
father	6.0477276	4.5045805	5.486702
narrow	3.8782554	4.2879634	4.1936693
great	6.2809496	5.028477	6.252761
tear	4.163726	4.685928	3.6182213
honorable	6.2729588	5.3987103	6.5640774
previous	5.611383	4.495098	5.34645
good	6.4563346	4.653195	5.4126577
domestic	5.8797517	3.9988894	4.994944
glory	7.455635	5.4050546	7.0730934
lay	5.3981376	3.9882214	4.6145067
occasion	5.764176	5.37892	5.880265
guard	5.5086713	5.511857	6.5299654
whole	6.014749	4.4192777	5.609935
mouth	4.8876996	4.8609953	4.3375645
receive	6.4798393	4.736518	5.92298
take	5.4336514	4.3929634	4.7953095
simple	6.9382873	3.9767127	5.364528
error	3.6649618	5.286032	4.7917304
wisdom	7.8672295	3.9845786	6.666607
rock	4.9903483	4.5136895	5.0207815
decide	5.5919566	5.0513415	5.9243474
exclaim	5.835552	5.9371047	5.3336205
assure	6.8499646	5.064129	5.9258804
sign	5.650076	5.1214023	5.5398717
preserve	6.373158	4.178482	5.714734
commerce	6.287633	4.4205194	6.1423526
plant	5.203701	4.10856	4.763901
walk	5.827324	4.3185596	4.6014886
difference	5.3874316	4.069053	4.988321
hang	4.439855	4.404814	4.0961304
following	6.604663	4.3355656	5.5745516
employ	5.962506	4.4402795	5.6910553
