deal	5.1490726	5.164912	5.2418046
study	6.9325447	4.1737337	5.943777
afford	6.608183	4.3050513	5.456294
service	6.30019	4.896147	5.998006
height	5.7720675	4.7297554	5.7975993
prospect	7.335067	5.125717	6.381282
pleasant	7.396799	3.372043	4.4220014
shade	5.5837626	3.6320603	4.5062146
listen	5.9580092	4.839458	4.9215975
mighty	5.718294	5.4129977	6.08482
country	6.169357	4.8322983	6.095438
title	6.7360935	4.0418115	5.9968233
choose	5.866708	4.342593	5.5544324
village	5.7030478	4.212838	4.838278
acquire	7.2207594	4.723799	6.5229015
rank	6.1315207	5.707767	6.6119547
bow	5.7269998	4.294184	5.030813
doctor	4.5902576	4.7693925	4.9375377
talent	7.709405	5.6445684	7.259837
source	6.426261	4.2472672	5.664902
lead	5.6468277	5.3706484	5.6878185
question	5.3862715	4.93099	5.832076
publish	6.587449	4.707507	6.693959
interest	6.54361	5.0946245	6.2632136
serve	5.6232204	4.4968467	5.1178513
divine	6.4903927	5.028539	6.1872835
put	5.239478	4.4461527	4.670425
shadow	5.1546965	3.6768937	4.587542
practical	6.48015	4.1832757	6.2834735
surface	5.4087896	3.3950486	4.5740304
account	5.4831643	5.0311103	5.394535
loss	4.3577476	5.0092006	4.1739216
indian	5.227584	4.8581524	5.3332534
vine	6.133781	3.9376516	4.90781
certain	5.704836	4.7086983	5.5155067
sin	3.2534285	5.1811504	4.246622
necessity	5.35048	5.369376	5.813856
lose	5.2666464	4.773321	4.664245
private	5.569261	5.0684443	5.7050943
gentleman	6.5364504	4.8998375	5.88925
daughter	6.5826793	4.862264	5.5197954
drive	3.925712	6.0376997	5.1146474
strange	4.8936257	5.062643	4.515229
journey	6.249613	4.1136317	4.6986594
uncle	5.5865498	4.9926534	5.408619
species	5.7606134	4.1158524	5.289947
think	5.7328806	4.6909447	5.074657
bed	5.235772	3.6268892	4.009623
wind	4.7578664	4.9812307	4.8698235
bless	6.72809	4.0511103	5.119737
destroy	3.7238827	5.3930044	4.6032357
author	5.935657	4.973798	5.8666477
sustain	5.7760925	4.939055	6.1511784
black	4.1020327	4.09189	4.018119
event	6.0075665	5.491326	6.468083
liberty	6.302569	5.0334463	6.4535284
negro	5.151235	4.9631624	4.6369114
little	6.139182	4.1576467	4.7036304
fortune	6.577176	5.3804483	6.2870846
touch	5.683551	4.4330063	4.549004
kill	3.846369	6.365806	4.8057904
feature	6.470152	4.6761427	5.924393
happiness	7.2209735	4.885462	6.0198593
assume	5.4975033	4.530789	5.5483704
notion	4.916189	5.251844	5.448406
purchase	5.929227	4.9094615	5.7743034
faithful	6.26001	4.8543773	6.194561
soldier	5.483897	5.539485	6.246825
father	5.806123	4.558965	5.3139105
narrow	4.2424555	4.194042	4.355275
great	6.3412495	4.9706154	6.269512
tear	4.2801585	4.9629116	3.7534637
honorable	5.946105	5.5527964	6.611947
previous	5.620444	4.443967	5.2309856
good	6.4816756	4.65998	5.4110327
domestic	5.7849283	4.0860267	4.9565063
glory	7.475401	5.373743	6.998005
lay	5.502798	3.989163	4.6660953
occasion	5.692753	5.3140163	5.674266
guard	5.434206	5.51554	6.3705616
whole	6.1758018	4.2902694	5.5937967
mouth	5.248805	5.0189633	4.6512737
receive	6.417292	4.737252	5.867315
take	5.575722	4.4514155	4.815509
simple	6.946754	3.9499168	5.612874
error	3.8211033	5.168143	4.7824244
wisdom	7.4195895	4.335511	6.7392187
rock	5.2069445	4.6896887	5.178578
decide	5.500654	4.889574	5.6804166
exclaim	5.922152	5.8277154	5.4305687
assure	6.644796	5.1338263	5.9665375
sign	5.397153	4.850996	5.254033
preserve	6.2974586	4.0989337	5.6238613
commerce	6.586811	4.207977	6.293829
plant	5.4046307	4.4873257	5.163277
walk	5.9210496	4.291715	4.5718045
difference	5.5324554	3.9389925	4.906538
hang	4.6582174	4.4658976	3.9357476
following	6.7838645	4.114085	5.6906347
employ	5.8509483	4.342854	5.5123186
