deal	4.937585	5.359969	5.2047267
study	7.012687	4.326471	6.0778313
afford	6.5131025	4.413758	5.5261226
service	6.4460435	4.752023	6.1604247
height	5.7227297	4.63456	5.6070766
prospect	7.298381	5.208643	6.4595947
pleasant	7.3521485	3.8533137	4.5679584
shade	5.741418	3.2530446	4.340909
listen	5.703264	4.7179203	4.607605
mighty	5.8333526	5.376099	6.255455
country	6.2124887	4.9544444	6.225642
title	6.7306705	4.25928	6.2580543
choose	5.818863	4.0846806	5.300745
village	5.765337	4.073245	4.736901
acquire	7.190263	4.775275	6.7531714
rank	5.869469	5.5996184	6.466905
bow	6.00893	4.152828	5.2992167
doctor	4.8568163	4.835045	5.137718
talent	7.450525	5.546009	7.1681757
source	6.3972225	4.4722805	5.790789
lead	5.609995	5.2882767	5.4575124
question	5.41473	4.8310447	5.786359
publish	6.473028	4.8872337	6.6956654
interest	6.591083	5.067346	6.2822933
serve	5.6900477	4.5156255	5.146493
divine	6.331102	5.2234654	6.308875
put	5.226516	4.3640604	4.6231933
shadow	5.0677967	3.5446615	4.361772
practical	6.355288	4.3262806	6.218968
surface	5.615361	3.3255599	4.6552863
account	5.5151052	5.0254197	5.4002247
loss	4.4049664	4.917615	4.1690545
indian	5.21887	4.729828	5.2902627
vine	5.6325903	4.4209976	4.553104
certain	5.6035213	4.6616325	5.443617
sin	3.5279427	5.098248	4.104273
necessity	5.2753024	5.3958044	5.7205744
lose	5.0363903	4.7026515	4.5457654
private	5.518268	4.983178	5.652795
gentleman	6.5366616	4.887992	5.8621693
daughter	6.714159	4.77756	5.6334724
drive	4.2057223	5.9334497	5.1063943
strange	5.1403065	5.0281153	4.662421
journey	6.2905855	4.021307	4.6265426
uncle	5.687043	5.0264196	5.60781
species	5.9342737	4.0880003	5.398031
think	5.7496614	4.7967215	5.0731235
bed	4.975108	3.595237	3.9015656
wind	4.8114247	4.9929333	4.810504
bless	6.722127	4.012629	5.239161
destroy	3.649642	5.5324035	4.548904
author	6.0515137	5.0809727	5.941593
sustain	5.8646355	5.013779	6.1530333
black	4.2265797	3.9481115	4.0015364
event	6.0945024	5.384156	6.479929
liberty	6.2983847	5.286995	6.5994415
negro	5.2595863	5.108238	4.849556
little	6.0869136	4.16375	4.6514835
fortune	6.5083466	5.3750362	6.284776
touch	5.650407	4.3793864	4.5909486
kill	3.7444944	5.996668	4.4641194
feature	6.3352175	4.4298463	5.808839
happiness	7.027397	4.797477	5.884699
assume	5.566052	4.526211	5.5992355
notion	4.938527	5.33891	5.503819
purchase	6.1705103	4.8884583	6.0378227
faithful	6.276276	4.717725	6.172691
soldier	5.6956677	5.409005	6.234661
father	5.912258	4.514698	5.3473744
narrow	4.1182823	3.9483595	4.1875415
great	6.3870115	5.013846	6.273698
tear	4.2055006	4.6918	3.6908774
honorable	6.1141677	5.439782	6.6168804
previous	5.522938	4.513996	5.065035
good	6.325947	4.6349897	5.293336
domestic	5.8179946	4.0414	5.069005
glory	7.588629	5.456661	7.0773487
lay	5.639365	4.003803	4.7649856
occasion	5.9161773	5.2340374	5.6958594
guard	5.1892023	5.505014	6.248909
whole	6.099625	4.4474792	5.581423
mouth	4.9370623	4.9053607	4.4894404
receive	6.4983797	4.7509656	5.8797584
take	5.5286207	4.38391	4.802534
simple	6.8579435	4.0182815	5.4566917
error	3.8523743	5.3469033	5.059565
wisdom	7.629204	4.2067995	6.6990604
rock	5.2599115	4.382563	4.9930706
decide	5.618446	4.859879	5.8388414
exclaim	5.793246	5.6265373	5.3369703
assure	6.6275673	5.1095786	6.081576
sign	5.5047274	4.672873	5.1625752
preserve	6.2060366	4.0892224	5.515587
commerce	6.402118	4.4755287	6.3283467
plant	5.4921613	4.477235	5.032089
walk	5.811039	4.228896	4.447359
difference	5.412289	3.9778967	5.02463
hang	4.40788	4.505351	3.9135957
following	6.406749	4.287591	5.305875
employ	5.9650464	4.4368725	5.858076
