deal	5.086196	5.1628532	5.1750813
study	6.7890997	4.2433414	5.964592
afford	6.4068403	4.542306	5.4768033
service	6.2425265	4.652044	5.8325934
height	5.6983795	4.5539317	5.6282816
prospect	7.162227	5.1564875	6.4199834
pleasant	7.3103714	3.7830205	4.454556
shade	5.686585	3.598714	4.303319
listen	5.618126	4.7225595	4.702932
mighty	5.506638	5.373014	5.965657
country	6.181605	4.8745465	6.137691
title	6.6854596	4.2241554	6.0982876
choose	5.690174	4.2471256	5.334034
village	5.7889247	4.1223907	4.870922
acquire	7.066293	4.8546715	6.7173004
rank	5.923689	5.5865607	6.291189
bow	5.993518	4.087346	5.149586
doctor	4.5026813	4.9704556	4.8981447
talent	7.3046246	5.4119062	7.14947
source	6.4358435	4.425221	5.76854
lead	5.4567084	5.3003054	5.4422636
question	5.2481112	4.882385	5.6719475
publish	6.496389	4.751087	6.46507
interest	6.56312	5.157289	6.426041
serve	5.532974	4.4845023	4.887912
divine	6.4550667	4.904723	6.090738
put	5.144775	4.3926287	4.5463605
shadow	5.0653996	3.5755777	4.273866
practical	6.2461557	4.2695236	6.2420034
surface	5.580051	3.6377256	4.67467
account	5.5024137	4.9942794	5.422696
loss	4.4881573	4.9150906	4.2780805
indian	5.1401854	4.642971	5.1111994
vine	6.2380967	4.1127386	4.780803
certain	5.6682043	4.7274094	5.5100155
sin	3.560324	5.2729826	4.2397037
necessity	5.169837	5.40867	5.736795
lose	5.197607	4.669077	4.6725836
private	5.5634465	4.9985867	5.70368
gentleman	6.4401145	4.8800373	5.7262177
daughter	6.6791778	4.7362947	5.6469727
drive	3.8022466	6.041665	4.933349
strange	4.94231	4.9277954	4.4804926
journey	6.2191563	3.8789098	4.6287136
uncle	5.7987723	5.0151987	5.4919367
species	5.96324	4.0501323	5.087765
think	5.6414332	4.6336184	4.8876333
bed	5.288116	3.71669	4.092969
wind	4.578876	5.159392	4.887158
bless	6.8366857	3.907237	5.0637274
destroy	3.589374	5.3871293	4.493785
author	5.983834	4.900535	5.710656
sustain	5.9209456	4.898327	6.16509
black	4.248878	4.154814	3.9809523
event	5.9985538	5.4240055	6.4611597
liberty	6.239659	5.2976646	6.461133
negro	4.6928043	5.176994	4.433832
little	6.139744	4.0924406	4.5147786
fortune	6.4466915	5.41412	6.3821664
touch	5.815034	4.624297	4.748745
kill	3.7309453	6.0225	4.362355
feature	6.378102	4.4957824	5.8395734
happiness	7.042478	4.7869115	5.9447513
assume	5.342966	4.601095	5.4984226
notion	4.6750746	5.430036	5.5370755
purchase	6.174935	4.579397	5.641548
faithful	6.441802	4.90522	6.196581
soldier	5.4445696	5.3701363	6.2221045
father	5.8944945	4.4334707	5.365254
narrow	4.1934977	3.9393446	4.0328717
great	6.299168	4.9498854	6.1852274
tear	4.2205944	4.828943	3.6614585
honorable	5.977393	5.3690705	6.5392394
previous	5.473624	4.548606	5.210332
good	6.4143972	4.580754	5.212402
domestic	6.2261834	4.1121607	5.3727818
glory	7.4602737	5.415572	7.010192
lay	5.4442186	4.0706987	4.59161
occasion	5.899859	5.2843275	5.7871346
guard	5.4179688	5.509561	6.183991
whole	6.10616	4.4814205	5.5871544
mouth	5.277733	4.728871	4.3903165
receive	6.431875	4.6355915	5.7804832
take	5.6224027	4.4157696	4.866784
simple	6.9069386	4.0716915	5.4410586
error	3.557502	5.2219334	4.910825
wisdom	7.610291	4.1332564	6.6166553
rock	5.031639	4.6268954	4.9159703
decide	5.6095066	5.1753244	5.8614206
exclaim	5.962503	5.8349276	5.541197
assure	6.4166613	5.118336	5.9332895
sign	5.384863	4.9788604	5.2665195
preserve	6.3471637	4.1389723	5.513235
commerce	6.3818994	4.5915604	6.2613
plant	5.4143696	4.3615756	4.965494
walk	5.9216614	4.3329353	4.5838165
difference	5.605404	4.14324	5.155178
hang	4.439518	4.385521	3.9249194
following	6.7951283	4.408169	5.6613827
employ	5.8325915	4.354899	5.4781127
