deal	4.9287887	5.0761986	4.930084
study	6.9067397	4.2547693	5.9310646
afford	6.723189	4.4077973	5.6675153
service	6.428608	4.8533955	6.198287
height	6.0247245	4.7451544	5.989578
prospect	7.492969	5.032068	6.507996
pleasant	7.5754013	3.6808038	4.5993013
shade	5.8962126	3.4180112	4.444558
listen	5.7732306	4.8705378	4.787286
mighty	5.666184	5.416211	6.0941906
country	6.171275	4.8655844	6.2037544
title	6.5468016	3.9577067	5.748559
choose	5.9452143	4.1936893	5.4107647
village	5.5911636	4.051041	4.7551947
acquire	7.0301447	4.900538	6.7602415
rank	5.8771453	5.817508	6.524629
bow	5.6854815	4.0511703	5.105853
doctor	4.4847145	4.7759213	4.831999
talent	7.5298553	5.6701875	7.200544
source	6.639692	4.243183	5.61547
lead	5.5139523	5.4900923	5.5917377
question	5.3808413	4.9725266	5.941951
publish	6.3203177	4.676065	6.560096
interest	6.536334	5.1575503	6.4229565
serve	5.92608	4.4700108	5.195859
divine	6.409977	4.7912283	6.136075
put	5.132677	4.379496	4.6657524
shadow	5.0940046	3.5658376	4.2930093
practical	6.430307	4.224144	6.2563863
surface	5.7023807	3.499578	4.569961
account	5.5519357	4.939179	5.4625564
loss	4.57736	5.027512	4.334302
indian	5.1297855	4.8080325	5.333952
vine	6.005118	3.8368988	4.537515
certain	5.6985326	4.8165865	5.638438
sin	3.7229571	5.133741	4.420968
necessity	5.2843165	5.3937097	5.764039
lose	5.1804123	4.6984453	4.602124
private	5.5343738	5.016373	5.9101577
gentleman	6.54966	4.973804	5.8960743
daughter	6.6416383	4.7090063	5.6924915
drive	4.043457	5.9111214	4.8605256
strange	4.95402	5.1133447	4.5781517
journey	6.2189837	4.161168	4.788109
uncle	5.629505	5.034542	5.5531
species	5.853748	4.2745843	5.426479
think	5.6279407	4.7128353	4.943229
bed	4.9576	3.4411478	3.7484577
wind	4.6573462	5.009248	4.8037715
bless	6.6641645	3.864634	5.1145244
destroy	3.620464	5.4362426	4.5206037
author	6.05104	4.977553	5.8068333
sustain	5.8813	4.9114757	6.1004944
black	4.265341	3.863264	4.215636
event	6.144603	5.314245	6.434488
liberty	6.245528	5.1548033	6.4596972
negro	5.051684	5.302577	4.966607
little	5.9742203	4.207573	4.6366715
fortune	6.48694	5.4587183	6.23864
touch	5.57119	4.5163016	4.495605
kill	3.5838296	6.0740013	4.3136096
feature	6.5045633	4.494806	5.978325
happiness	7.2315035	4.7568183	5.932494
assume	5.36126	4.5964384	5.4622526
notion	4.782326	5.4435973	5.501417
purchase	6.16998	4.7512455	5.706753
faithful	6.1328635	4.9921536	6.20475
soldier	5.2642	5.5665092	6.11864
father	5.922659	4.350944	5.4196105
narrow	3.9590995	4.2218857	4.305094
great	6.2724404	4.9659905	6.250486
tear	4.044587	4.7250924	3.5241075
honorable	6.1936316	5.461363	6.8554497
previous	5.464153	4.7054954	5.3334866
good	6.3816624	4.6408467	5.384514
domestic	6.060465	3.9057546	5.2465367
glory	7.601879	5.4185743	6.9453025
lay	5.4442387	3.9567895	4.692659
occasion	5.8335724	5.3976316	5.8274665
guard	5.213019	5.646841	6.3471403
whole	6.163223	4.4411464	5.689594
mouth	5.195527	4.6517587	4.537968
receive	6.519336	4.6716394	5.934204
take	5.594703	4.3408647	4.8249016
simple	6.926459	3.9227347	5.551482
error	3.9107182	5.4766808	5.055211
wisdom	7.4157553	4.1050777	6.772938
rock	5.2862234	4.706411	5.2086124
decide	5.5750704	5.022753	6.0203953
exclaim	5.7829504	5.901227	5.4503055
assure	6.584326	5.0863714	6.0640316
sign	5.5373793	4.872453	5.424322
preserve	6.259094	4.1762004	5.766762
commerce	6.481245	4.467451	6.3802586
plant	5.494177	3.8878503	4.733199
walk	5.787882	4.3188066	4.460562
difference	5.5017076	3.9171333	4.902911
hang	4.4161863	4.4662457	4.036087
following	6.5043144	4.4287195	5.7206492
employ	6.168569	4.454442	5.9345417
