deal	5.2076106	4.932294	5.1244283
study	7.11849	4.290326	6.0751657
afford	6.579696	4.450316	5.5126677
service	6.3023705	4.8684177	6.035628
height	5.7344203	4.5570173	5.5437655
prospect	7.2257566	5.105101	6.4222317
pleasant	7.461132	3.6648526	4.5667105
shade	5.654845	3.5378418	4.563559
listen	5.7816734	4.8242426	4.7283382
mighty	5.568185	5.432234	5.969534
country	6.114987	4.900222	6.18945
title	6.6897154	4.0673714	5.962575
choose	5.759549	4.3972454	5.3767715
village	5.947324	4.080863	4.926707
acquire	7.0576596	4.9868765	6.816828
rank	5.815118	5.632962	6.4118886
bow	5.9060383	4.0144753	5.092638
doctor	4.787817	4.837941	4.90245
talent	7.2212615	5.6770916	7.1639743
source	6.189523	4.271473	5.610506
lead	5.4994955	5.3833013	5.434564
question	5.304264	4.8757973	5.742171
publish	6.438752	4.6368127	6.484458
interest	6.544297	5.188375	6.3558054
serve	5.5949516	4.4446883	5.011046
divine	6.1142445	4.908565	6.2059884
put	5.1253805	4.348366	4.6375823
shadow	5.120948	3.6275606	4.4460945
practical	6.36862	4.3940973	6.312393
surface	5.660494	3.1136873	4.5609875
account	5.4217043	5.052265	5.2979565
loss	4.2987795	4.813266	4.1552477
indian	5.1838093	4.7006016	5.325975
vine	5.700813	3.9107962	4.741018
certain	5.664303	4.7849307	5.545293
sin	3.4684687	5.1505175	4.323024
necessity	5.2505116	5.19453	5.7005563
lose	5.1251087	4.7144203	4.651656
private	5.4046125	5.0404806	5.687297
gentleman	6.5826774	4.8451777	5.8913345
daughter	6.831722	4.6376195	5.5758996
drive	3.8606908	5.96658	4.8479815
strange	4.9219255	5.0813766	4.6003385
journey	6.3364	3.9260445	4.5996037
uncle	5.850327	4.9662666	5.4131384
species	5.494305	3.9466717	5.181493
think	5.7169304	4.7224464	4.9484415
bed	5.2247763	3.5367894	3.8855152
wind	4.674595	5.023938	4.882703
bless	6.8048496	3.8854024	5.203496
destroy	3.7247486	5.38736	4.631933
author	6.2127395	4.92736	5.8671417
sustain	5.573761	4.7849827	5.848067
black	4.309457	4.042039	4.1009502
event	6.0529666	5.3589964	6.403842
liberty	6.2406774	5.0411725	6.5805864
negro	5.2187147	5.246913	5.0176888
little	6.140763	4.124093	4.6531386
fortune	6.468754	5.3940096	6.2701826
touch	5.605706	4.4711466	4.5549192
kill	3.7989545	6.101148	4.328862
feature	6.4750977	4.4089046	6.0825696
happiness	7.234087	4.7603903	6.046812
assume	5.4477105	4.62692	5.690367
notion	4.8670835	5.204908	5.3439054
purchase	6.373766	4.6702633	5.818492
faithful	6.33443	4.930902	6.069989
soldier	5.390226	5.5144343	6.1153145
father	5.9691873	4.4419003	5.315278
narrow	4.1769543	3.9891746	4.0065756
great	6.3167324	5.0165453	6.1502304
tear	4.1302943	4.774268	3.6359081
honorable	6.048409	5.4613175	6.670265
previous	5.6714	4.652433	5.3246303
good	6.4886694	4.5844054	5.3879957
domestic	6.1981153	3.9424539	5.3283076
glory	7.29738	5.3370643	6.8274283
lay	5.4467964	3.9271977	4.705275
occasion	5.7123947	5.344831	5.6243505
guard	5.4694004	5.458825	6.3794527
whole	6.1409087	4.417167	5.601389
mouth	5.2855296	4.460986	4.608526
receive	6.3976355	4.6452026	5.772728
take	5.588046	4.437173	4.8363266
simple	6.7033477	4.018466	5.5061336
error	3.604038	5.2881007	4.688608
wisdom	7.5838084	4.3347974	6.899171
rock	5.1987467	4.2808514	4.966014
decide	5.5087285	5.2082043	5.810364
exclaim	5.8738785	5.7748313	5.428605
assure	6.307092	5.3067694	6.090454
sign	5.671736	4.8523655	5.5204697
preserve	6.4461956	4.1131053	5.7953825
commerce	6.2620354	4.5765586	6.333863
plant	5.437824	4.176076	5.04207
walk	6.0723405	4.295882	4.5708103
difference	5.2290363	4.1392713	5.0318913
hang	4.358492	4.5821524	4.137607
following	6.6680207	4.20073	5.4584374
employ	5.9817653	4.473408	5.809492
