deal	5.177002	5.112803	5.38401
study	6.7006164	4.2977834	5.9227276
afford	6.640308	4.6006465	5.792202
service	6.156994	4.825636	6.056761
height	5.7680206	4.4570727	5.536415
prospect	7.2097306	5.2503934	6.515756
pleasant	7.219632	3.5602515	4.503989
shade	5.410868	3.5571702	4.3613887
listen	5.710199	4.8903155	4.798687
mighty	5.791868	5.323834	6.0579286
country	6.1869373	4.7865725	6.139725
title	6.874653	3.9895544	5.84672
choose	5.7579203	4.195322	5.2624307
village	5.676092	4.090922	4.765383
acquire	6.940195	4.9858418	6.5447755
rank	5.748349	5.66333	6.3246837
bow	5.8589363	4.041975	5.0853443
doctor	4.9909654	4.6674995	5.0448413
talent	7.3190002	5.5890393	7.0368414
source	6.4663515	4.3823595	5.8153973
lead	5.406962	5.368578	5.5018845
question	5.6027393	4.8119845	5.8697577
publish	6.5744686	4.8393183	6.7210712
interest	6.6900344	5.1047115	6.4617586
serve	5.498458	4.5512643	5.1341705
divine	6.513143	4.9298472	6.4102225
put	5.116852	4.311132	4.561437
shadow	4.9777484	3.663596	4.2728133
practical	6.266371	4.233626	6.3179703
surface	5.6776094	3.308138	4.4077
account	5.614355	5.065934	5.5558844
loss	4.359564	4.8733187	4.210808
indian	5.144529	4.67928	5.2147913
vine	6.40023	3.9873438	5.013937
certain	5.7366133	4.7878294	5.5758104
sin	3.4239888	5.022343	4.1240263
necessity	5.344599	5.238253	5.8868804
lose	5.050577	4.7841845	4.53632
private	5.6178064	4.879762	5.7958827
gentleman	6.5307646	4.8267374	5.865111
daughter	6.608518	4.687618	5.3673496
drive	3.851171	6.056203	5.0356455
strange	4.9012866	5.159589	4.6211452
journey	6.2102785	3.994089	4.5898623
uncle	5.551623	5.2282267	5.5731764
species	5.657376	4.1472044	5.2133226
think	5.6702757	4.7322226	4.9764967
bed	5.256915	3.667492	3.9396133
wind	4.585327	5.0415144	4.9433427
bless	6.83735	4.042429	5.189811
destroy	3.7167366	5.248028	4.382576
author	6.184124	4.938677	5.9197893
sustain	5.7248707	4.996858	6.2330284
black	4.140212	4.0122547	4.0921316
event	6.2369046	5.251573	6.503849
liberty	6.1977525	5.173938	6.475669
negro	5.216865	5.036282	4.90076
little	6.1221356	4.213492	4.724713
fortune	6.412118	5.3936872	6.0919294
touch	5.581664	4.5796494	4.5449524
kill	3.8121638	6.088273	4.4819617
feature	6.446151	4.61937	5.922144
happiness	7.059305	4.911008	5.9913235
assume	5.416579	4.553819	5.5113297
notion	4.9477077	5.1889544	5.452523
purchase	6.0673056	4.8901772	5.862628
faithful	6.428029	5.0271115	6.519843
soldier	5.5614557	5.5966883	6.4405303
father	5.871829	4.380841	5.269687
narrow	4.1317115	4.1146555	4.1511736
great	6.3226123	5.084949	6.332407
tear	3.9533665	4.921576	3.4431143
honorable	6.278794	5.1915474	6.6680536
previous	5.5932517	4.583022	5.354472
good	6.4128733	4.655917	5.413159
domestic	6.2174296	3.9174635	5.25092
glory	7.4219265	5.4060817	6.844592
lay	5.4881043	4.011051	4.706202
occasion	5.8158035	5.395519	5.8939114
guard	5.252619	5.670518	6.260466
whole	6.1720476	4.3269567	5.6519213
mouth	5.0706615	4.6548996	4.4180903
receive	6.495897	4.671106	5.8529553
take	5.4530706	4.412866	4.7584686
simple	6.785985	3.9309928	5.510882
error	3.5655732	5.138903	4.685909
wisdom	7.54075	4.0456142	6.608021
rock	4.9911003	4.6895447	5.000897
decide	5.5541663	5.1088347	5.7515182
exclaim	5.7130227	6.010487	5.406689
assure	6.5452967	5.28984	6.203913
sign	5.581121	4.8389673	5.1783957
preserve	6.425804	4.1259766	5.8541822
commerce	6.3548226	4.494946	6.3345037
plant	5.659848	4.2560463	5.082944
walk	5.84581	4.457551	4.493967
difference	5.284589	4.112492	4.8295965
hang	4.3831844	4.6100354	4.174239
following	6.5601525	4.4097137	5.6041183
employ	6.0401773	4.3318915	5.7221637
