deal	5.250803	5.0604296	5.3320513
study	6.951165	4.273158	6.0607715
afford	6.6986256	4.537505	5.886092
service	6.5526643	4.8827953	6.181443
height	5.7640257	4.616105	5.6104507
prospect	7.1662054	5.2015333	6.5130672
pleasant	7.387431	3.5992746	4.656049
shade	5.7564044	3.6276245	4.643062
listen	5.7106223	4.8054447	4.7504134
mighty	5.787322	5.4876685	6.223223
country	6.2138596	4.8470216	6.201491
title	6.63933	4.151615	5.885994
choose	5.745912	4.419968	5.401663
village	5.645438	3.9526455	4.743581
acquire	7.2184753	4.772385	6.653184
rank	5.851429	5.713988	6.173652
bow	5.5746007	3.877563	4.996819
doctor	4.8663645	4.731417	4.8833556
talent	7.497459	5.6938586	7.180647
source	6.2713428	4.5492787	5.748179
lead	5.3995523	5.4639583	5.5493226
question	5.444532	4.824588	5.822389
publish	6.409939	4.878017	6.68962
interest	6.620644	5.1382236	6.3789787
serve	5.6377096	4.604939	5.21407
divine	6.2637134	4.99875	6.1109314
put	5.0975714	4.432909	4.543172
shadow	5.018638	3.6715899	4.3309317
practical	6.447057	4.160201	6.1471453
surface	5.5648227	3.1483283	4.589852
account	5.4963555	4.9716024	5.4111013
loss	4.465996	4.903174	4.3267336
indian	5.3788958	4.6359286	5.310132
vine	5.816245	4.041815	4.787284
certain	5.7966185	4.7913785	5.630077
sin	3.46221	4.968347	4.3928833
necessity	5.2942066	5.244852	5.8478947
lose	5.2359915	4.781635	4.6872325
private	5.5697913	5.043591	5.663654
gentleman	6.672663	4.8082147	5.939184
daughter	6.6761007	4.8714113	5.69319
drive	4.0429616	6.0458174	4.9867635
strange	5.0024037	5.2391624	4.6141934
journey	6.6369195	3.923801	4.9806824
uncle	5.9780126	4.8602595	5.3980546
species	5.78607	3.985062	5.2479825
think	5.6372743	4.8205013	5.030613
bed	5.1107235	3.5845475	4.0626383
wind	4.57408	4.9813633	4.7786865
bless	6.818232	3.9828382	5.3695703
destroy	3.5509536	5.42061	4.6682186
author	6.131327	4.9849815	5.959523
sustain	5.873467	5.0110674	6.0581584
black	4.2405596	4.077668	4.343905
event	6.3578	5.3981495	6.695291
liberty	6.2564044	5.157888	6.5558176
negro	5.5233727	5.3923483	5.408486
little	6.094886	4.142949	4.6031327
fortune	6.5191755	5.4931946	6.4799566
touch	5.7546287	4.516729	4.6581
kill	3.7737083	5.8950806	4.5702934
feature	6.3062477	4.4271283	5.748013
happiness	7.1910644	5.031425	6.286604
assume	5.6166263	4.5118556	5.4906583
notion	5.0171566	5.34232	5.175959
purchase	6.0057993	5.0292373	6.005349
faithful	6.3679667	4.8924365	6.335688
soldier	5.632375	5.316809	6.1699834
father	5.9376836	4.4713387	5.43128
narrow	3.74515	4.096025	4.050341
great	6.345886	4.9727225	6.2658215
tear	4.156682	4.9342217	3.83515
honorable	6.052723	5.317916	6.57361
previous	5.5017166	4.6449733	5.16173
good	6.394298	4.659361	5.3883524
domestic	6.305842	3.776318	5.2694063
glory	7.4960074	5.449766	7.0480194
lay	5.356186	4.0537896	4.60798
occasion	5.808088	5.2804646	5.7420797
guard	5.1102614	5.567938	6.1988893
whole	6.077357	4.404266	5.541006
mouth	5.1101675	4.792491	4.6036124
receive	6.387532	4.7595296	5.8606076
take	5.4979086	4.4632626	4.798204
simple	6.836712	3.916804	5.3947015
error	3.6100738	5.3006077	4.8426523
wisdom	7.5727577	4.380332	6.6660714
rock	5.0949497	4.5752554	5.1626854
decide	5.543629	5.0160675	5.7699137
exclaim	5.7624617	5.679335	5.191657
assure	6.5530543	5.3800893	6.046586
sign	5.35116	4.9009356	5.227964
preserve	6.577075	4.1790624	5.9160213
commerce	6.208777	4.382605	6.2777786
plant	5.4992414	4.3240886	5.083975
walk	5.7593594	4.337292	4.590523
difference	5.206479	3.950566	4.6701064
hang	4.4242706	4.366381	3.9093661
following	6.6184616	4.2309914	5.7414784
employ	5.865477	4.4597588	5.6324244
