deal	5.1321497	5.0771666	5.2418156
study	6.9706864	4.127122	6.0483418
afford	6.6229706	4.404177	5.62129
service	6.407692	4.89696	6.107671
height	5.788833	4.56998	5.6575384
prospect	6.928272	5.40814	6.4229293
pleasant	7.150364	3.721903	4.3819475
shade	5.7372146	3.5290627	4.5040593
listen	5.68747	4.7846785	4.7411785
mighty	5.5489354	5.4263	6.2158084
country	6.1637435	4.900998	6.189882
title	6.7403626	4.059985	6.1123962
choose	5.818108	4.3399777	5.4056125
village	5.5831895	4.3120947	4.957963
acquire	6.9968143	4.878897	6.6904335
rank	5.9949718	5.5721993	6.394256
bow	5.570521	4.227888	5.1758084
doctor	4.59006	4.6439333	4.724823
talent	7.2052	5.6261616	7.091263
source	6.182998	4.464979	5.643897
lead	5.4913654	5.3365593	5.492535
question	5.380608	4.8461027	5.818138
publish	6.2971325	4.7539654	6.393536
interest	6.5390596	5.197552	6.3637953
serve	5.561671	4.4969625	5.067709
divine	6.4188113	4.923348	6.241908
put	5.0958548	4.281255	4.5445538
shadow	5.040922	3.6153588	4.4130883
practical	6.2402573	4.13645	6.0480647
surface	5.284262	3.312111	4.440753
account	5.3533273	5.049594	5.3212748
loss	4.2216234	4.953785	4.1888146
indian	5.377967	4.660583	5.3849516
vine	5.7841663	4.0779047	4.6618247
certain	5.602278	4.7335014	5.4533577
sin	3.559487	5.0732713	4.2578754
necessity	5.1561704	5.323082	5.643655
lose	5.1876774	4.560049	4.570772
private	5.6621876	4.9871297	5.743281
gentleman	6.6250367	4.738185	5.8180885
daughter	6.5920973	4.6031556	5.5214767
drive	4.149842	5.7476473	4.9293714
strange	5.0110607	5.1419573	4.69565
journey	6.1843166	3.8952477	4.5581374
uncle	5.3894997	5.0045776	5.437772
species	5.624221	3.954773	5.1446986
think	5.6534705	4.6939497	4.9980106
bed	5.2607565	3.6471457	4.037226
wind	4.596397	4.949276	4.836149
bless	6.720567	3.8632493	5.061075
destroy	3.43179	5.5187445	4.471958
author	6.0489087	4.93418	5.70201
sustain	5.737905	4.814513	6.0063443
black	4.204939	3.752668	3.9696307
event	5.977274	5.6025724	6.549345
liberty	6.099217	5.210896	6.5714607
negro	5.5227175	4.925168	4.760182
little	5.9634323	4.231841	4.618983
fortune	6.321191	5.581233	6.265482
touch	5.6265793	4.4382453	4.561457
kill	3.7309594	6.03148	4.4777966
feature	6.3048368	4.601445	5.9493623
happiness	7.189102	4.9141893	6.040198
assume	5.4795184	4.527124	5.540137
notion	4.9182067	5.263426	5.341728
purchase	6.2692103	4.699107	5.8843946
faithful	6.1505437	5.130812	6.2154016
soldier	5.6159086	5.4066095	6.220393
father	5.9003935	4.3368797	5.3850684
narrow	3.8397882	4.3296494	4.3995724
great	6.2559757	5.031903	6.24266
tear	4.1477013	4.6742167	3.7031417
honorable	6.292868	5.553588	6.703252
previous	5.6425295	4.592047	5.146763
good	6.323584	4.61035	5.3298535
domestic	6.244462	4.106257	5.1784673
glory	7.592711	5.4267626	7.060275
lay	5.4647155	3.9805744	4.6272006
occasion	5.723873	5.342997	5.5832324
guard	5.349842	5.4200196	6.348214
whole	6.0992885	4.367687	5.6338105
mouth	4.9675765	4.8518653	4.5130663
receive	6.476892	4.6539283	5.887993
take	5.5229177	4.338291	4.8032436
simple	6.770114	4.1685863	5.620053
error	3.3393562	5.421304	4.6596103
wisdom	7.314226	4.2738786	6.668338
rock	5.1401606	4.6268835	5.0322328
decide	5.447917	5.0544953	5.73793
exclaim	5.9839516	5.518252	5.3069935
assure	6.631966	5.164839	6.0288687
sign	5.4858837	4.847094	5.2030377
preserve	6.2240925	4.0420294	5.514
commerce	6.589173	4.599424	6.418693
plant	5.58878	4.3907185	5.1384907
walk	5.8717265	4.220041	4.431474
difference	5.4712415	3.7795525	4.8567567
hang	4.3672667	4.3279862	3.929377
following	6.505796	4.343953	5.5884504
employ	5.974216	4.5055165	5.7233057
