deal	4.837	5.117892	5.1140785
study	6.9198	4.28417	6.051114
afford	6.5796347	4.3483186	5.6783
service	6.4366407	4.794995	6.1668563
height	5.453937	4.7377806	5.6083374
prospect	7.2629957	5.1445565	6.4930725
pleasant	7.301558	3.6501617	4.383559
shade	5.831252	3.5054712	4.4933333
listen	5.585716	4.9098763	4.7503595
mighty	5.93188	5.2259846	6.133447
country	6.166932	4.850695	6.2908683
title	6.9022903	4.125034	5.999732
choose	5.800877	4.3074937	5.334585
village	5.733558	4.2877765	4.858228
acquire	7.1291327	4.894536	6.738715
rank	6.136366	5.6103983	6.4917183
bow	5.79667	4.1200833	5.0335984
doctor	4.732065	5.004068	4.9924717
talent	7.475252	5.6710377	7.0135207
source	6.216893	4.279516	5.6099834
lead	5.601447	5.465634	5.6964827
question	5.3762617	5.0812664	5.8538213
publish	6.4424887	4.597667	6.6622233
interest	6.464306	5.2917747	6.542963
serve	5.6892123	4.480539	5.06433
divine	6.4391584	5.0819964	6.376763
put	5.0917306	4.360537	4.7030225
shadow	5.239435	3.6163673	4.4085035
practical	6.3693924	4.243873	6.3181777
surface	5.60791	3.3566341	4.585851
account	5.338426	5.0663633	5.442413
loss	4.594003	4.9421363	4.3713064
indian	5.3076367	4.655233	5.2771482
vine	6.038919	4.128769	5.059006
certain	5.682604	4.7894077	5.4642043
sin	3.4048674	5.2320094	4.3202667
necessity	5.066359	5.5121555	5.840806
lose	5.174876	4.672501	4.642263
private	5.537898	5.0451255	5.945456
gentleman	6.4836516	4.9458385	5.896884
daughter	6.6902695	4.641915	5.677602
drive	3.8115325	6.0918493	5.1381807
strange	4.807013	4.9748363	4.5412426
journey	6.5343103	3.922995	4.8693533
uncle	5.642636	4.987546	5.3719783
species	5.7335505	4.247352	5.224062
think	5.6218243	4.7574964	4.9989142
bed	5.1605654	3.4420016	3.7772822
wind	4.615905	5.0986705	4.935383
bless	6.90085	3.756494	5.3272667
destroy	3.4504967	5.4924192	4.4796295
author	5.9521856	4.8988495	5.8346705
sustain	5.8480215	5.065158	6.1419625
black	4.0793734	4.1364617	4.2905655
event	6.110308	5.4404593	6.4711456
liberty	6.204603	5.167205	6.4693794
negro	5.208554	5.321761	5.047096
little	6.0452795	4.155371	4.6793976
fortune	6.5895376	5.5157986	6.3401327
touch	5.610254	4.369357	4.7507973
kill	3.547944	6.2035294	4.595907
feature	6.3054595	4.6226587	5.7984996
happiness	7.2298584	4.8122153	6.0726924
assume	5.1741905	4.847444	5.4524484
notion	4.869001	5.3743143	5.536169
purchase	6.282855	4.9317555	6.0135427
faithful	6.2205834	4.8495073	6.0907626
soldier	5.6500497	5.4294186	6.3421073
father	6.023732	4.489999	5.5024185
narrow	3.7959833	3.9823158	4.0491176
great	6.330775	5.018528	6.297435
tear	4.1489544	4.711968	3.6839786
honorable	6.0417914	5.536834	6.671854
previous	5.474722	4.6658163	5.296466
good	6.325952	4.628406	5.395272
domestic	5.869994	3.8946736	5.337198
glory	7.5399146	5.2557554	6.955515
lay	5.321348	4.0272617	4.5931005
occasion	5.8359823	5.4057508	5.8176117
guard	5.353817	5.477189	6.2628202
whole	6.066488	4.4271255	5.6505833
mouth	4.8770795	4.775817	4.3585525
receive	6.486852	4.562168	5.9229565
take	5.4336996	4.439126	4.857573
simple	6.7601776	3.9019198	5.4948845
error	3.4905577	5.3521166	4.8637953
wisdom	7.6065526	4.3706293	6.7661786
rock	5.3609223	4.480145	5.164903
decide	5.5917835	5.051259	5.7690597
exclaim	5.687418	5.8802342	5.373987
assure	6.2944016	5.297622	6.0282493
sign	5.5568037	4.8991156	5.34706
preserve	6.3118086	4.389677	5.6912804
commerce	6.4987507	4.4676423	6.457101
plant	5.5447226	4.060787	5.0047197
walk	5.7517066	4.271676	4.39835
difference	5.54772	3.9627059	5.21034
hang	4.6458173	4.5691776	4.1740513
following	6.7373247	4.2294803	5.764477
employ	5.9060616	4.415566	5.6810374
