deal	5.003175	5.3893375	5.387107
study	6.915641	4.328832	6.235119
afford	6.604348	4.271628	5.5916386
service	6.3865647	4.9124947	6.223554
height	5.736666	4.5083647	5.5429506
prospect	7.1405687	5.0251484	6.498807
pleasant	7.182505	3.817097	4.4402895
shade	5.7845078	3.5371943	4.56189
listen	5.4957356	4.8120255	4.7376146
mighty	5.713993	5.207201	5.9181786
country	6.188412	4.855707	6.181747
title	6.842179	4.0935917	5.904204
choose	5.8299923	4.2769384	5.3545194
village	5.7124743	4.0485826	4.775544
acquire	6.9753203	5.016218	6.929137
rank	5.928034	5.91192	6.511193
bow	5.827605	4.095878	4.9386373
doctor	4.527204	4.9387894	4.578771
talent	7.658209	5.5405507	7.2786627
source	6.3020644	4.460353	5.7506895
lead	5.492338	5.501827	5.6023984
question	5.309753	4.945155	5.8593345
publish	6.292621	4.6963286	6.3598866
interest	6.572384	5.163636	6.4526944
serve	5.7549753	4.4345636	5.1586256
divine	6.43352	4.956183	6.2140403
put	5.1450706	4.3318443	4.4451427
shadow	5.2876654	3.538167	4.3084965
practical	5.9838405	4.1505113	6.2284083
surface	5.4650564	3.2218885	4.4049034
account	5.4993033	5.006019	5.391632
loss	4.460965	5.0136166	4.3010454
indian	5.3169155	4.6883373	5.3150887
vine	5.941786	3.9309967	4.629021
certain	5.6303916	4.6575785	5.355717
sin	3.6482122	5.0901427	4.296501
necessity	5.4642797	5.1941075	5.699843
lose	5.156683	4.795958	4.6886563
private	5.560133	5.035453	5.7074375
gentleman	6.5388894	4.8188143	5.767673
daughter	6.729211	4.753901	5.5656414
drive	3.8735237	6.0917645	5.0374875
strange	5.0178933	5.1159487	4.465803
journey	6.232352	4.067371	4.73092
uncle	5.488587	5.193849	5.8010807
species	5.792465	3.954217	5.083077
think	5.69739	4.742271	4.9054303
bed	5.3081293	3.5431726	3.8423834
wind	4.62582	5.16052	4.7963285
bless	6.8821497	3.888532	5.251832
destroy	3.6533704	5.330983	4.275457
author	6.0893407	4.958037	5.9070935
sustain	5.807509	4.8924437	6.063617
black	4.2494617	3.916147	4.0507646
event	6.0851135	5.4080973	6.5093346
liberty	6.229858	5.2857113	6.5522766
negro	5.3445163	5.1786723	4.9971466
little	6.1028967	4.1492143	4.587074
fortune	6.4982347	5.452903	6.412996
touch	5.494975	4.4365997	4.504932
kill	3.8832743	5.996255	4.456704
feature	6.316747	4.6419344	5.889551
happiness	7.295579	4.862026	6.081241
assume	5.2028556	4.8387384	5.5676656
notion	4.833274	5.3049774	5.3948603
purchase	6.2964377	4.800028	6.0217714
faithful	6.192074	5.0880237	6.2212367
soldier	5.230481	5.6748924	6.3980646
father	5.9717116	4.4805694	5.4900904
narrow	3.9761622	4.067555	4.172888
great	6.372632	4.990357	6.3325577
tear	3.9933388	4.8135757	3.6262655
honorable	6.391105	5.384493	6.668211
previous	5.587679	4.8191743	5.3866196
good	6.4370227	4.7560835	5.397548
domestic	6.275116	4.008846	5.251603
glory	7.628594	5.4204874	7.1368
lay	5.3931146	4.013646	4.583783
occasion	5.758543	5.151785	5.6467514
guard	5.3318725	5.4940567	6.277549
whole	6.125891	4.381948	5.5651627
mouth	5.4344172	4.777542	4.4954596
receive	6.451329	4.5809784	5.8057327
take	5.562632	4.3789515	4.7951994
simple	6.7246914	3.8557165	5.313622
error	3.6092124	5.4031715	4.718702
wisdom	7.65901	4.312047	6.8494234
rock	5.2515697	4.383552	4.9135385
decide	5.3488483	4.958484	5.7761135
exclaim	5.9872646	5.832239	5.5437307
assure	6.5990314	5.05452	6.054921
sign	5.5148015	4.710028	5.130475
preserve	6.4595375	4.0982294	5.6696506
commerce	6.2976317	4.4239993	6.269696
plant	5.551255	4.189799	4.911113
walk	5.727782	4.410388	4.5075173
difference	5.610321	4.064483	5.0534725
hang	4.607135	4.4281316	4.0134196
following	6.685702	4.1492033	5.462361
employ	5.9285626	4.4282894	5.752764
