deal	4.9809957	5.2689705	5.1045613
study	6.9409127	4.274859	6.0224686
afford	6.806949	4.3997507	5.857528
service	6.3043475	4.794653	6.0190916
height	5.7551036	4.468559	5.606785
prospect	7.2766314	5.1994705	6.3967724
pleasant	7.2427588	3.655307	4.284749
shade	5.450589	3.416751	4.4676023
listen	5.878086	4.6004133	4.6907434
mighty	5.7564116	5.291662	6.100156
country	6.156475	4.8759556	6.1130133
title	6.640575	4.3535056	6.063012
choose	5.9111543	4.2879424	5.3563476
village	5.5424843	4.231687	4.7805305
acquire	7.091165	5.0158925	6.887601
rank	6.030639	5.4843116	6.404272
bow	5.8589544	4.0068445	4.998844
doctor	4.7104588	4.9992948	4.952527
talent	7.4323273	5.422555	7.177777
source	6.5422025	4.3211303	5.8613944
lead	5.462654	5.372163	5.5919633
question	5.3489437	5.0673494	5.8279715
publish	6.606834	4.7421846	6.4921956
interest	6.569236	5.2197804	6.4912643
serve	5.6253624	4.5187945	5.101099
divine	6.3230524	4.9828176	6.1729727
put	5.213972	4.318096	4.5384755
shadow	4.987842	3.5402179	4.432139
practical	6.48993	4.0257516	6.162861
surface	5.5011387	3.0988445	4.4534206
account	5.3906603	5.1006923	5.4170218
loss	4.381894	4.8376913	4.395303
indian	5.1537523	4.7547283	5.196482
vine	6.166982	3.9099257	4.727557
certain	5.6718073	4.672773	5.484167
sin	3.4532535	5.016405	4.3145623
necessity	5.3386354	5.393176	5.9209943
lose	5.0897193	4.6832023	4.6002884
private	5.5812087	5.022377	5.8486185
gentleman	6.6044865	4.8738623	5.8506446
daughter	6.6371765	4.645485	5.4477005
drive	4.067728	5.927129	4.841686
strange	5.0232544	5.078258	4.662368
journey	6.2172723	4.0383596	4.6048455
uncle	5.6679974	4.96232	5.3115597
species	5.632991	4.023145	5.0918593
think	5.716646	4.745986	4.9187336
bed	4.9731493	3.686059	3.9704854
wind	4.6067667	5.120897	4.8343
bless	6.626715	4.0926185	5.2560015
destroy	3.5127995	5.5101633	4.470508
author	6.15561	4.959208	5.7789307
sustain	5.934092	4.8923	6.218627
black	3.9739747	3.9613268	4.0409813
event	5.936525	5.5976844	6.3871174
liberty	6.0384083	5.1912594	6.3197174
negro	5.2269516	5.1768084	4.6834006
little	6.087629	4.0919285	4.573943
fortune	6.41135	5.4313602	6.3585067
touch	5.6311836	4.431181	4.5617366
kill	3.588501	6.3083563	4.6620426
feature	6.41766	4.411278	5.8908978
happiness	6.889286	4.9862785	5.966895
assume	5.4312162	4.4580073	5.3793044
notion	4.7615633	5.5834675	5.5156827
purchase	6.073204	4.9128656	5.829378
faithful	6.029085	5.1016397	6.0799694
soldier	5.6853304	5.2580743	6.1653934
father	6.056231	4.3150663	5.436564
narrow	3.8562257	3.9432223	4.174983
great	6.3001213	5.068494	6.257206
tear	4.0008917	4.619379	3.4343796
honorable	6.3307385	5.411044	6.738878
previous	5.657993	4.618162	5.2355056
good	6.42557	4.658745	5.3519063
domestic	5.8314705	4.0605907	5.2273006
glory	7.4612923	5.4064155	7.0167313
lay	5.394708	4.019293	4.6455693
occasion	5.942353	5.3123655	5.802062
guard	5.308649	5.3752947	6.2172403
whole	6.129627	4.382174	5.6367545
mouth	4.85154	4.7081614	4.3445473
receive	6.457348	4.6711435	5.9480157
take	5.6001873	4.344617	4.783316
simple	6.772318	4.124039	5.5451775
error	3.597982	5.3139353	4.7749977
wisdom	7.414827	4.2551737	6.7384415
rock	5.055262	4.432991	5.129075
decide	5.7012596	5.1753597	5.807817
exclaim	5.9779778	5.85449	5.2732944
assure	6.6642327	5.1760836	6.0215974
sign	5.640147	4.707429	5.338826
preserve	6.2455735	4.1908627	5.59884
commerce	6.231789	4.333085	6.1004868
plant	5.402887	4.0806985	4.813927
walk	5.919906	4.1799483	4.5342026
difference	5.3393745	3.9808726	4.7809525
hang	4.44306	4.5193176	4.0109377
following	6.6205406	4.2971473	5.589493
employ	5.921744	4.455642	5.709268
