deal	5.013517	5.072335	5.1828036
study	6.8822966	4.2612085	5.93806
afford	6.6623836	4.457145	5.7156506
service	6.3683043	4.8654017	6.0456595
height	5.6987967	4.726294	5.613981
prospect	6.9076114	5.226603	6.303364
pleasant	7.287697	3.683392	4.3836036
shade	5.6483817	3.4271412	4.348743
listen	5.804509	4.9003353	4.7428203
mighty	5.6778545	5.3502245	6.1499844
country	6.20732	4.822115	6.2021575
title	6.716555	4.2078876	6.03112
choose	5.647439	4.5004497	5.3497596
village	5.795168	4.1083894	4.8159294
acquire	6.9542227	4.800579	6.636906
rank	5.980489	5.767357	6.445079
bow	5.7810054	4.1098833	5.0999236
doctor	4.65808	4.864608	4.684454
talent	7.458505	5.7315397	7.148177
source	6.331438	4.5539155	5.879594
lead	5.553048	5.4354305	5.544706
question	5.5007806	4.9179983	5.8908205
publish	6.6910233	4.6413507	6.423571
interest	6.5879245	5.2037373	6.4471397
serve	5.7411394	4.6829634	5.321432
divine	6.3582544	4.930632	6.3064375
put	5.215261	4.3604074	4.618365
shadow	4.9618096	3.7190804	4.2890677
practical	6.4579024	4.1659017	6.2085853
surface	5.3552847	3.29606	4.4764457
account	5.500674	5.0445647	5.4382486
loss	4.312369	5.191427	4.459486
indian	5.2945633	4.6396713	5.413424
vine	5.474847	4.162303	4.6164117
certain	5.686202	4.824834	5.5491133
sin	3.6616447	5.071931	4.3403883
necessity	5.29342	5.4005384	5.7847066
lose	5.102693	4.67144	4.6343713
private	5.456755	5.161559	5.709194
gentleman	6.4976773	4.899132	5.789394
daughter	6.731624	4.5547485	5.5563583
drive	4.042378	6.027268	4.9638524
strange	5.091838	5.0996227	4.546589
journey	6.2477818	4.118147	4.712846
uncle	5.8336096	5.12027	5.69719
species	5.906283	4.081819	5.399152
think	5.6665072	4.7537265	4.991513
bed	5.2001457	3.4373012	4.0235
wind	4.534125	5.1057158	4.8258204
bless	6.8317394	3.886708	5.2955265
destroy	3.3409746	5.5885415	4.491063
author	6.137332	5.0063844	5.880048
sustain	5.9819646	5.008364	6.288477
black	4.591139	3.9647431	4.164937
event	5.9700007	5.4762297	6.5828457
liberty	6.302409	5.3823953	6.6330357
negro	5.337844	5.0335984	4.8464475
little	6.075913	4.1075363	4.599005
fortune	6.3326335	5.4837785	6.213216
touch	5.676535	4.494358	4.5758004
kill	3.6921976	6.1433535	4.620951
feature	6.3437996	4.5127716	5.747539
happiness	6.956238	4.817199	6.0317
assume	5.4202433	4.7194657	5.553372
notion	4.7692876	5.368437	5.420438
purchase	6.3097405	4.8114014	5.92278
faithful	6.216216	4.7004914	6.4416876
soldier	5.5828214	5.2769485	6.337529
father	6.0311456	4.4770856	5.481885
narrow	3.9584758	4.314301	4.2414603
great	6.338495	4.9300914	6.2360215
tear	4.1468916	4.9511595	3.824647
honorable	5.804762	5.3723783	6.312362
previous	5.341562	4.632724	5.180009
good	6.388301	4.581592	5.321556
domestic	6.011988	3.8165622	5.221264
glory	7.333124	5.2619476	6.9468403
lay	5.4025717	4.038028	4.643378
occasion	5.7845316	5.170523	5.7072186
guard	5.5731874	5.3158536	6.2469873
whole	6.0678043	4.463127	5.591541
mouth	5.29464	4.6543226	4.6290984
receive	6.6083984	4.675765	5.901373
take	5.4308248	4.432721	4.7793603
simple	7.1886663	3.9128423	5.738922
error	3.5921686	5.5857964	4.9793158
wisdom	7.4366484	4.2684145	6.716788
rock	5.0673866	4.4120893	5.005251
decide	5.5145745	5.0031466	5.790591
exclaim	5.833602	5.7422085	5.424386
assure	6.559229	5.3019643	5.9443073
sign	5.2845917	4.8612065	5.3084617
preserve	6.494863	4.123849	5.744954
commerce	6.2975526	4.5443296	6.3461924
plant	5.372903	4.0511594	4.9926147
walk	5.556967	4.2611775	4.3963246
difference	5.407329	3.8529503	4.750268
hang	4.5343847	4.5595336	4.0537167
following	6.497082	4.3486857	5.6857295
employ	5.9197927	4.414492	5.731177
