deal	5.07197	5.003997	5.183941
study	6.957232	4.1419253	6.109337
afford	6.7930045	4.575261	5.877666
service	6.4220843	4.8494663	6.107579
height	5.7029862	4.5422144	5.6220226
prospect	7.1964746	5.1783743	6.4743123
pleasant	7.501111	3.6133263	4.6515346
shade	5.7323036	3.4644685	4.4981084
listen	5.7267876	4.9243894	4.8485904
mighty	5.8779826	5.227082	6.1940646
country	6.199792	4.939552	6.2425513
title	6.6035023	4.186202	5.9653444
choose	5.569365	4.3238153	5.340381
village	5.678441	4.2084455	4.9140177
acquire	7.075286	4.9253674	6.8233805
rank	5.9862666	5.5562806	6.5374613
bow	5.6535683	3.9323695	5.0559216
doctor	4.606857	4.7307043	4.8504105
talent	7.6887174	5.5604115	7.3261147
source	6.4422097	4.4234257	5.727003
lead	5.4751415	5.429348	5.5780287
question	5.5560355	4.9091277	5.8705354
publish	6.5275307	4.5898275	6.5531626
interest	6.557656	5.1616607	6.428877
serve	5.542346	4.5451984	5.0725374
divine	6.457931	4.9774737	6.394624
put	5.1965985	4.308123	4.5925684
shadow	5.084076	3.631641	4.3653355
practical	6.5657973	4.090143	6.173436
surface	5.430345	3.4498887	4.500328
account	5.4188676	4.9789705	5.431114
loss	4.3082066	4.96679	4.2147746
indian	5.174862	4.6406775	5.151702
vine	6.0249004	3.8713837	4.8084784
certain	5.6649356	4.74507	5.595727
sin	3.5805922	5.1524773	4.3281016
necessity	5.3989916	5.301059	5.797001
lose	5.0998116	4.745903	4.7592816
private	5.571208	5.021179	5.8359523
gentleman	6.5729833	4.754142	5.873313
daughter	6.6771054	4.7888484	5.683559
drive	3.9839396	6.006061	4.883695
strange	5.0300756	4.944472	4.534251
journey	6.445404	3.8696349	4.7286754
uncle	5.549164	5.0079823	5.418936
species	5.758657	4.1917477	5.2780614
think	5.7233477	4.6923275	5.062318
bed	5.002793	3.5615864	3.9997194
wind	4.7019796	4.875499	4.9096603
bless	6.8604345	3.900869	5.2532825
destroy	3.5800793	5.4686704	4.45772
author	6.191647	4.9175158	5.901653
sustain	5.802612	4.989856	6.035233
black	4.2828636	4.0645294	4.220445
event	5.9568915	5.4180365	6.539046
liberty	6.2896576	4.9972124	6.4420753
negro	5.318498	5.2973027	4.9878883
little	6.0871863	4.1171317	4.633538
fortune	6.242461	5.580082	6.371332
touch	5.707818	4.3338447	4.5653176
kill	3.5538225	6.102055	4.279367
feature	6.448047	4.6621304	6.062484
happiness	7.0960016	4.790548	6.022214
assume	5.2223544	4.6726103	5.3788967
notion	4.7965574	5.2605085	5.2450414
purchase	6.220298	4.960223	5.941932
faithful	6.1347704	4.7558546	6.2839875
soldier	5.4122915	5.3346753	6.1788073
father	5.950354	4.606848	5.4566703
narrow	3.8832343	4.0760646	4.314163
great	6.415826	4.9435525	6.322791
tear	4.0728407	4.785646	3.6126165
honorable	6.176867	5.4810667	6.725272
previous	5.4657917	4.6811666	5.2454524
good	6.4381256	4.52863	5.4120207
domestic	6.298611	4.025492	5.20594
glory	7.63004	5.3284655	7.140492
lay	5.2977	3.916125	4.5734386
occasion	5.728259	5.3142014	5.819352
guard	5.566774	5.3715873	6.4218845
whole	6.118043	4.4145274	5.5750875
mouth	4.9012966	4.804154	4.5720634
receive	6.514533	4.744669	5.986347
take	5.4698863	4.380424	4.8390784
simple	7.036668	3.903504	5.6370583
error	3.520399	5.2922535	4.6987877
wisdom	7.6367483	4.2760043	6.9566116
rock	5.006228	4.5364175	5.068162
decide	5.3387003	5.3549156	5.8846383
exclaim	5.8093605	5.856539	5.4373407
assure	6.5232496	5.3451433	6.091621
sign	5.4462624	4.9459105	5.4745955
preserve	6.5181785	4.002818	5.629464
commerce	6.599482	4.591263	6.428725
plant	5.570075	3.9406178	5.0864673
walk	5.847094	4.1521387	4.5009995
difference	5.403406	3.876499	4.808956
hang	4.528035	4.48714	4.07213
following	6.6332145	4.33069	5.6710377
employ	5.962918	4.5133257	5.7342257
