deal	5.1329165	5.250601	5.2527013
study	6.9706626	4.2745996	6.039187
afford	6.7153234	4.2886157	5.5741835
service	6.37959	4.9750977	6.092787
height	5.6449676	4.607819	5.5258226
prospect	7.24739	5.047815	6.425966
pleasant	7.3450236	3.7849116	4.591441
shade	5.6960196	3.4764957	4.434042
listen	5.751903	4.905673	4.8537292
mighty	5.923122	5.375205	6.1451693
country	6.1545134	4.8303156	6.140644
title	6.812971	4.0530543	6.068926
choose	5.6717553	4.3311048	5.3720174
village	5.5515633	4.1212816	4.8323584
acquire	7.108605	4.771755	6.6091423
rank	6.02241	5.5450544	6.423807
bow	5.7954926	4.0850773	4.8842273
doctor	4.601921	4.8800883	4.874282
talent	7.2619767	5.604363	7.1909947
source	6.2858605	4.223096	5.422114
lead	5.539796	5.4052134	5.539969
question	5.372298	4.9342775	5.8397527
publish	6.4552894	4.582676	6.5076885
interest	6.3959656	5.188657	6.2231846
serve	5.5007405	4.5920954	5.038153
divine	6.4980655	4.868042	6.1944594
put	5.1664743	4.192505	4.5241776
shadow	5.167706	3.5690317	4.3889394
practical	6.346948	4.2862425	6.305433
surface	5.3806653	3.2747293	4.418864
account	5.35916	4.9247556	5.292582
loss	4.212487	4.8266015	4.103174
indian	4.9510164	4.8028793	5.200982
vine	6.174832	3.8966846	4.714699
certain	5.581223	4.802978	5.504779
sin	3.6587365	5.280287	4.399186
necessity	5.273045	5.305245	5.806447
lose	5.149352	4.7132025	4.6029162
private	5.5247583	5.0833006	5.654249
gentleman	6.6164093	4.891071	5.789097
daughter	6.5498023	4.844806	5.5453925
drive	3.8594065	5.833513	4.857589
strange	5.0052214	5.1294675	4.607892
journey	6.3803053	3.9489567	4.7150435
uncle	5.5712023	5.169215	5.656857
species	5.8642826	4.049419	5.13508
think	5.6422224	4.738549	4.9925585
bed	5.0955667	3.4033778	3.913453
wind	4.533967	5.171692	4.8412743
bless	6.930208	3.9050348	5.4030685
destroy	3.383241	5.478481	4.303928
author	6.0084043	4.86275	5.8754797
sustain	5.763838	4.7408247	5.8509035
black	4.265798	4.1350045	4.2796683
event	6.153482	5.4454403	6.546169
liberty	6.2085233	5.133442	6.5531297
negro	5.3625984	5.273223	5.0319166
little	5.9861712	4.121784	4.552802
fortune	6.4992085	5.277458	6.1649094
touch	5.398687	4.469874	4.5399747
kill	3.5998602	6.2458215	4.503002
feature	6.459444	4.488711	5.997907
happiness	7.1305537	4.903146	6.057287
assume	5.464363	4.58104	5.5855827
notion	4.5364013	5.234793	5.133419
purchase	6.36453	4.8844047	5.8975973
faithful	5.998843	5.0828094	6.22495
soldier	5.4674315	5.616308	6.306937
father	5.8848033	4.539135	5.4164634
narrow	3.9031208	4.1408772	4.0880613
great	6.2835565	4.9766603	6.1841125
tear	4.117529	4.789122	3.6101375
honorable	6.063159	5.332117	6.5313754
previous	5.4470882	4.53831	5.290286
good	6.3891253	4.6731615	5.3802776
domestic	6.0132995	3.8996062	5.2539196
glory	7.5388494	5.2577095	6.9848094
lay	5.349029	3.90766	4.617201
occasion	5.7171936	5.2764645	5.768485
guard	5.489337	5.656537	6.493647
whole	6.0364003	4.367517	5.544419
mouth	4.975546	4.8175154	4.4355536
receive	6.505848	4.6331077	5.8171544
take	5.499214	4.386745	4.815138
simple	6.641877	3.8376367	5.4037867
error	3.408508	5.2906847	4.651388
wisdom	7.6069365	4.190642	6.8632917
rock	5.226165	4.4744735	4.9715443
decide	5.6153054	5.2145786	6.018144
exclaim	5.848763	5.7086973	5.539993
assure	6.672241	5.3339906	6.1811423
sign	5.715045	4.868182	5.4606113
preserve	6.5650673	4.1683054	5.7727675
commerce	6.388204	4.443381	6.2169714
plant	5.4951677	4.187086	5.0079827
walk	5.6952705	4.3544865	4.3916845
difference	5.3770876	3.9690073	4.8947997
hang	4.5673857	4.3252654	3.9406948
following	6.408585	4.3088593	5.4964457
employ	5.8362026	4.5901566	5.6573524
