deal	4.920723	4.9409747	4.838456
study	7.2308044	4.3253946	6.182355
afford	6.6116676	4.5142894	5.70182
service	6.4536195	4.7220516	6.014269
height	5.7217116	4.736062	5.753996
prospect	7.025146	5.26371	6.3030953
pleasant	7.469717	3.6645646	4.489673
shade	5.5540557	3.486984	4.2427087
listen	5.9169946	4.7556443	4.8545585
mighty	5.4830794	5.4179654	6.1312895
country	6.225485	4.8367	6.150594
title	6.9158287	4.189112	6.057045
choose	5.9412513	4.1240816	5.286189
village	5.6861296	4.2214966	4.7663198
acquire	7.1012354	4.6839986	6.618567
rank	5.869124	5.820703	6.4953938
bow	5.810144	4.109751	5.1197357
doctor	4.765096	4.753088	4.8570757
talent	7.5166416	5.4669285	7.1911006
source	6.305562	4.448366	5.7004766
lead	5.575201	5.5050344	5.6435213
question	5.5255737	4.908926	5.963748
publish	6.5544333	4.62861	6.553269
interest	6.596954	5.1841774	6.420141
serve	5.6214957	4.467619	4.9296436
divine	6.4603195	4.9840803	6.3349724
put	5.264922	4.367255	4.5718
shadow	5.0669994	3.4931388	4.1791205
practical	6.3863792	4.219942	6.22745
surface	5.4704375	3.3142948	4.561524
account	5.4012537	4.9557815	5.275788
loss	4.3290834	4.958536	4.2552342
indian	5.20219	4.6299825	5.1737804
vine	5.582581	4.195889	4.613202
certain	5.536547	4.821768	5.4835477
sin	3.5550508	4.9328594	4.231168
necessity	5.327777	5.4958467	5.949341
lose	5.165229	4.6564093	4.6272407
private	5.5775967	5.0700917	5.838022
gentleman	6.463828	4.920347	5.79108
daughter	6.8003006	4.543161	5.6291122
drive	4.167459	5.907381	5.0782413
strange	4.9306326	4.9739637	4.555952
journey	6.0836945	3.8941967	4.6851416
uncle	5.7368894	4.8649435	5.546172
species	5.624383	3.9186614	5.1243553
think	5.7125354	4.7512646	5.010073
bed	5.112574	3.5985584	3.9106295
wind	4.4519176	4.979794	4.6155357
bless	7.0483103	3.9369242	5.41562
destroy	3.6062813	5.4491315	4.4673395
author	6.1136117	4.964923	5.912399
sustain	5.9885836	4.7674274	6.091517
black	4.2189426	3.9497242	4.0827913
event	6.0917473	5.4712543	6.477863
liberty	6.366597	5.316749	6.7353563
negro	4.997678	5.014672	4.7351856
little	6.0303626	4.22639	4.622402
fortune	6.5077786	5.4996457	6.246132
touch	5.6848803	4.4043713	4.5034475
kill	3.7316747	6.0805025	4.4331255
feature	6.419013	4.567539	5.957408
happiness	7.3689284	4.980894	6.118531
assume	5.533487	4.6633005	5.7008905
notion	4.693365	5.3995843	5.4390464
purchase	6.21692	4.7288365	5.6540847
faithful	6.089291	4.9113665	6.0542135
soldier	5.478952	5.4995985	6.2193255
father	5.9106727	4.366107	5.4047174
narrow	4.210715	4.2854524	4.386197
great	6.277721	4.93508	6.1947227
tear	4.089395	4.632844	3.5782244
honorable	6.0812182	5.4413986	6.542816
previous	5.582258	4.639294	5.3533998
good	6.422029	4.588455	5.3356867
domestic	6.333107	3.941	5.2468877
glory	7.4669313	5.4622865	7.1049542
lay	5.380073	3.9524045	4.512937
occasion	5.8385167	5.2906804	5.720002
guard	5.4361863	5.5905075	6.5139728
whole	6.0797863	4.420131	5.5395164
mouth	5.184225	4.7884827	4.6560116
receive	6.4980254	4.508398	5.8055887
take	5.6018615	4.3292584	4.8246784
simple	6.9144573	3.8910606	5.4931936
error	3.6689112	5.2054496	4.825603
wisdom	7.533824	4.111277	6.6576605
rock	5.3193207	4.3234086	5.0895653
decide	5.6110597	5.070031	5.820324
exclaim	6.064989	5.71614	5.368797
assure	6.4450088	5.254002	6.0587034
sign	5.4751263	4.924292	5.2664175
preserve	6.238353	4.1238093	5.402174
commerce	6.365197	4.413271	6.3546944
plant	5.3313675	4.1766677	4.9073253
walk	5.8614335	4.2688956	4.4407697
difference	5.1786203	3.7694187	4.731944
hang	4.380568	4.423171	3.8405333
following	6.5866256	4.350187	5.556102
employ	6.0139785	4.4086795	5.6266465
