deal	5.0317173	5.191522	5.364277
study	6.932515	4.3658776	6.0796947
afford	6.5705986	4.5803514	5.728607
service	6.145213	4.8312225	5.978457
height	5.597769	4.48946	5.427989
prospect	7.146161	5.410963	6.328207
pleasant	7.3449955	3.6911473	4.543914
shade	5.3690367	3.4439166	4.2670016
listen	5.7036	4.83206	4.8565564
mighty	5.9409337	5.1859508	6.173876
country	6.234532	4.8478928	6.276082
title	7.039316	4.2004004	6.1607447
choose	5.421636	4.190775	5.0732675
village	5.755849	4.2853785	4.9422536
acquire	7.06696	4.9981885	6.692197
rank	5.92678	5.574714	6.3509007
bow	5.752594	4.2411814	5.0185103
doctor	4.7121973	4.8432693	4.703047
talent	7.279317	5.802764	7.267334
source	6.443992	4.492186	5.7386703
lead	5.535951	5.3470473	5.7070694
question	5.416905	4.9020777	5.815051
publish	6.534576	4.6236477	6.4828796
interest	6.625348	5.1637316	6.462982
serve	5.5707936	4.422534	4.816488
divine	6.529936	4.914975	6.344326
put	5.063916	4.3365045	4.5425434
shadow	4.8374453	3.5529566	4.144746
practical	6.183657	4.3959594	6.3980875
surface	5.5838346	3.1285765	4.305293
account	5.367881	5.0332003	5.322077
loss	4.315714	4.8947415	4.1165237
indian	5.2143445	4.799382	5.3169727
vine	5.915581	4.2049837	4.879689
certain	5.6003127	4.792745	5.4773593
sin	3.5456457	5.1150084	4.2071
necessity	5.2675357	5.2152715	5.637623
lose	5.186208	4.587554	4.5094695
private	5.5094233	4.971088	5.6709013
gentleman	6.572886	4.8303223	5.820796
daughter	6.7991405	4.875648	5.667387
drive	3.892149	5.9454374	4.9580436
strange	4.841485	5.056941	4.415533
journey	6.3637214	3.974562	4.8155837
uncle	5.7633395	5.179682	5.5237174
species	5.5602646	3.9623287	5.0748243
think	5.639216	4.6822166	4.9139156
bed	5.1309776	3.6083925	3.8679564
wind	4.63882	4.905594	4.7526283
bless	6.7282257	4.0829763	5.540488
destroy	3.5314517	5.4693017	4.438967
author	6.1092157	5.079951	5.8723717
sustain	5.7000227	4.890101	5.8967915
black	4.226992	4.184003	3.9769998
event	6.035074	5.342338	6.5511327
liberty	6.459203	5.157489	6.6862183
negro	5.240038	5.1707754	4.70493
little	6.089607	4.1834645	4.530835
fortune	6.360688	5.5426464	6.33449
touch	5.593392	4.418491	4.467143
kill	3.6108491	5.981964	4.42808
feature	6.3939867	4.46427	5.722374
happiness	7.0438857	4.8551254	6.084847
assume	5.2569437	4.68926	5.460445
notion	4.870226	5.208664	5.499943
purchase	6.3345613	4.777622	5.873125
faithful	6.628575	4.9424763	6.609561
soldier	5.391263	5.3709435	6.166836
father	6.023947	4.510315	5.374995
narrow	4.100427	4.0402274	3.9987364
great	6.3248506	4.93268	6.1958737
tear	4.101597	4.860066	3.6988738
honorable	6.050075	5.35711	6.418976
previous	5.481402	4.523905	5.0624847
good	6.478936	4.495653	5.342476
domestic	6.3283677	4.0441403	5.2018657
glory	7.61141	5.186906	7.0504856
lay	5.367389	3.9282274	4.5113387
occasion	5.7086277	5.212819	5.768205
guard	5.2548494	5.589495	6.41367
whole	6.1583776	4.3923864	5.52978
mouth	5.1517677	4.761258	4.3914313
receive	6.4453883	4.6357327	5.690233
take	5.4291787	4.3549967	4.7673087
simple	6.767846	4.083821	5.421433
error	3.5317814	5.3858914	4.710497
wisdom	7.5229735	4.1146374	6.6654644
rock	5.069185	4.611704	4.8592963
decide	5.4034357	5.1834164	5.758851
exclaim	5.8917265	5.790477	5.513822
assure	6.6577516	5.143023	6.0802593
sign	5.5859222	4.7465005	5.235554
preserve	6.3796115	4.098045	5.797079
commerce	6.373931	4.288268	6.1833177
plant	5.507531	4.17246	4.976959
walk	5.826085	4.2143373	4.4823656
difference	5.560474	3.7492394	4.915387
hang	4.397238	4.483237	3.900858
following	6.6068063	4.3628926	5.5222626
employ	6.021112	4.470092	5.637238
