deal	5.1975985	5.243863	5.434854
study	7.0657964	4.2439995	6.098248
afford	6.6396046	4.4876523	5.607439
service	6.471596	4.780717	6.0407977
height	5.61209	4.6284018	5.520191
prospect	7.4104233	5.094094	6.490907
pleasant	7.3117647	3.9216332	4.520346
shade	5.7896905	3.3634937	4.4550653
listen	5.553919	5.0673304	4.7996864
mighty	5.7394943	5.222899	6.137307
country	6.156726	4.8445306	6.187215
title	6.980581	4.212117	6.127181
choose	5.739169	4.2752457	5.2734923
village	5.683879	4.0992494	4.8724337
acquire	6.9809275	4.8452845	6.499515
rank	5.999493	5.7179785	6.4922643
bow	5.8682027	4.218421	5.2677917
doctor	4.6730156	5.0293436	4.9430056
talent	7.60073	5.4880695	7.0993648
source	6.2959514	4.344572	5.588212
lead	5.485978	5.348754	5.6174045
question	5.2710323	5.0539637	5.8000393
publish	6.7407002	4.603658	6.691739
interest	6.3734064	5.224038	6.3016458
serve	5.704868	4.4966025	5.011015
divine	6.3517385	4.9791713	6.160197
put	5.251312	4.3002915	4.6277204
shadow	5.306954	3.4449444	4.4751215
practical	6.1225834	4.397987	6.3795786
surface	5.51816	3.2348757	4.7292013
account	5.5188236	5.1317186	5.44955
loss	4.44598	5.0497103	4.311911
indian	5.235186	4.542767	5.2841926
vine	6.171899	3.7542903	4.560297
certain	5.6959715	4.7737007	5.56171
sin	3.4807403	5.3243732	4.3766828
necessity	5.3685265	5.18969	5.6859717
lose	4.98388	4.7622466	4.5878506
private	5.4590836	5.178295	5.6469545
gentleman	6.5935736	4.9069424	5.75721
daughter	6.607216	4.7776427	5.589305
drive	4.011779	5.9604006	5.0027685
strange	5.032568	4.976698	4.5573044
journey	6.2245154	3.980503	4.653002
uncle	5.8333106	5.0345907	5.704405
species	5.866763	4.0827174	5.4677105
think	5.7087383	4.760565	5.0036907
bed	5.0959854	3.6174889	3.9724934
wind	4.473042	5.154174	4.8316913
bless	6.857373	3.8509386	5.239566
destroy	3.4466398	5.416016	4.393285
author	6.186326	4.876213	5.91723
sustain	5.748329	4.895128	5.973491
black	4.3532133	3.8915331	4.134343
event	6.139199	5.3610077	6.384508
liberty	6.2859173	5.1402435	6.529607
negro	5.4591045	4.905227	4.69298
little	6.1251855	4.2061768	4.701164
fortune	6.704751	5.6110888	6.387878
touch	5.5013576	4.4625425	4.465939
kill	3.5891953	6.099362	4.5153112
feature	6.559322	4.335909	5.906372
happiness	7.2610116	4.8006043	6.03353
assume	5.323161	4.5313263	5.4376755
notion	4.7763805	5.32233	5.5276885
purchase	6.3277617	4.9058704	5.886466
faithful	5.885928	4.9893503	5.959411
soldier	5.539425	5.368079	6.2649465
father	5.8984303	4.4383473	5.446652
narrow	3.8375902	4.044238	4.093343
great	6.3742027	4.913645	6.3226852
tear	4.230881	4.6962852	3.7210038
honorable	6.0554047	5.3185673	6.364325
previous	5.411225	4.6288695	5.2806306
good	6.4132104	4.684782	5.4033732
domestic	6.1497464	4.127368	5.321613
glory	7.6206565	5.0211616	6.850527
lay	5.4819317	4.0710745	4.709504
occasion	5.7877584	5.3019643	5.750279
guard	5.325061	5.5080705	6.1504407
whole	6.2009354	4.3646054	5.6364427
mouth	5.3491073	4.7105308	4.4688144
receive	6.5386744	4.633587	5.815696
take	5.607284	4.369818	4.8244
simple	6.9986644	3.9249587	5.592441
error	3.6516829	5.26056	4.821261
wisdom	7.626251	4.0797386	6.638936
rock	5.269609	4.20728	4.9630923
decide	5.6254315	5.1885023	5.9906063
exclaim	5.8912234	5.9197035	5.522661
assure	6.5026402	5.2974224	5.999545
sign	5.289138	4.9478383	5.2650986
preserve	6.269463	4.146613	5.630798
commerce	6.22655	4.5049353	6.3810196
plant	5.6069803	4.126203	5.036179
walk	5.7562714	4.327935	4.4761496
difference	5.600634	3.8331063	5.094954
hang	4.4849925	4.2892885	3.9557755
following	6.635968	4.175758	5.656828
employ	5.907528	4.3763804	5.5238066
