deal	4.945088	5.242239	5.3721743
study	6.9304814	4.3348756	6.1547446
afford	6.786763	4.367449	5.5916862
service	6.231616	4.824953	6.1025105
height	5.8976736	4.605518	5.626944
prospect	7.077901	4.9563856	6.3317385
pleasant	7.278593	3.8006325	4.6155186
shade	5.748191	3.5037186	4.530825
listen	5.8012414	5.0353956	4.8028126
mighty	5.561142	5.420659	6.072012
country	6.157387	4.896636	6.225809
title	6.64008	4.11351	6.0348263
choose	5.7466483	4.3629584	5.4240327
village	5.691433	4.0673933	4.7757144
acquire	7.2421207	4.7863746	6.8203144
rank	5.9493885	5.5561967	6.362955
bow	6.0949416	4.100793	5.1786327
doctor	4.6488824	5.042667	4.7864685
talent	7.3418117	5.708174	7.165882
source	6.31993	4.6394043	5.694233
lead	5.317959	5.3978686	5.420481
question	5.32243	5.037733	5.8555856
publish	6.328035	4.734957	6.599143
interest	6.6158605	5.1519604	6.3292255
serve	5.536663	4.5461063	5.060653
divine	6.2335277	4.963915	6.1807766
put	5.1167264	4.2350793	4.499848
shadow	5.185508	3.5168462	4.4228525
practical	6.2401285	4.4361115	6.1022706
surface	5.5146394	3.415773	4.5666304
account	5.3856616	5.064047	5.3869195
loss	4.2194877	4.832225	4.030741
indian	5.1222086	4.7428727	5.2468133
vine	5.75805	4.1182075	4.8593187
certain	5.741686	4.668596	5.457843
sin	3.5426862	5.0221634	4.3006186
necessity	5.2980165	5.308107	5.5857277
lose	5.140092	4.7050867	4.5771823
private	5.5938263	4.9926805	5.6753674
gentleman	6.4748535	4.934368	5.811446
daughter	6.5894327	4.6310964	5.549707
drive	3.8475976	5.9960666	4.9871664
strange	4.9132366	5.007214	4.5225787
journey	6.387321	4.0395784	4.735262
uncle	5.665065	5.064729	5.524889
species	5.760556	4.1548524	5.243677
think	5.635661	4.787489	5.007272
bed	5.2658367	3.2837732	3.8484387
wind	4.5743737	5.12432	4.9235706
bless	6.5872626	3.9352994	5.1584167
destroy	3.6447282	5.4679337	4.6076837
author	6.0244036	4.8667107	5.8390236
sustain	5.7838073	4.9942217	6.0771527
black	4.1858597	3.950961	4.013298
event	6.2141953	5.522515	6.530725
liberty	6.302386	5.155266	6.411513
negro	5.457939	5.1674776	5.004919
little	6.064402	4.185969	4.597085
fortune	6.555747	5.4903917	6.4315414
touch	5.573529	4.4793186	4.6067133
kill	3.7482293	6.0322633	4.5059023
feature	6.652599	4.473193	5.967735
happiness	7.12519	5.069947	6.065775
assume	5.8318844	4.5159216	5.6244755
notion	4.823063	5.167177	5.3537793
purchase	6.437475	4.757046	5.9152875
faithful	6.3385124	4.766219	6.195252
soldier	5.4732347	5.535722	6.217025
father	5.89879	4.3984995	5.3143215
narrow	3.736393	4.2489085	4.212531
great	6.3622365	4.977131	6.2616167
tear	4.2189894	4.69629	3.618453
honorable	6.1447506	5.2994165	6.6238203
previous	5.506546	4.6196966	5.252307
good	6.347139	4.629523	5.3492193
domestic	6.171018	3.978632	5.2692223
glory	7.4344063	5.182469	6.8820276
lay	5.3243995	3.9136639	4.566054
occasion	5.934817	5.3099666	5.764729
guard	5.4050565	5.4883976	6.2783084
whole	6.0054464	4.39343	5.6365714
mouth	5.001857	4.5977216	4.297204
receive	6.495143	4.614596	5.8376412
take	5.566431	4.2947845	4.77991
simple	6.8808937	3.756147	5.3043795
error	3.4987767	5.33236	4.7684817
wisdom	7.58075	4.0544276	6.6738725
rock	4.95505	4.4109483	4.978002
decide	5.5065446	5.315434	5.9951687
exclaim	5.7444043	6.1000333	5.5097923
assure	6.7641554	5.148161	6.0394015
sign	5.531982	4.7244024	5.1784067
preserve	6.516279	4.073949	5.7598877
commerce	6.295792	4.557631	6.3221507
plant	5.394407	4.156811	4.9509516
walk	5.77962	4.2920585	4.526576
difference	5.4869576	4.0587215	5.0634046
hang	4.605539	4.338247	3.914945
following	6.6247463	4.231713	5.555807
employ	5.7986517	4.5049686	5.7080064
