deal	4.9282556	5.217382	5.167096
study	6.8795357	4.2224317	5.9021854
afford	6.4852223	4.328173	5.584073
service	6.2860656	4.8151464	5.893578
height	5.624718	4.5199504	5.313266
prospect	7.152483	5.238648	6.434329
pleasant	7.4079185	3.5977747	4.475227
shade	5.6524625	3.5611162	4.4139323
listen	5.6586204	5.032679	4.822513
mighty	6.02391	5.194635	6.180951
country	6.1458364	4.8749657	6.145318
title	6.694294	4.0823627	6.047518
choose	5.720775	4.1405544	5.223982
village	5.743942	4.0926538	4.806412
acquire	7.0357594	4.918721	6.6470156
rank	5.984859	5.705485	6.447406
bow	5.8368263	4.255067	5.181583
doctor	4.7509093	5.057728	4.8525333
talent	7.595841	5.6650305	7.161723
source	6.470249	4.202973	5.612599
lead	5.51245	5.2687716	5.5285926
question	5.333165	4.952648	5.8195443
publish	6.3800707	4.8293777	6.5834694
interest	6.4528856	5.246416	6.377657
serve	5.646606	4.4419527	4.8936424
divine	6.667788	4.8463197	6.1819067
put	5.087897	4.272538	4.557443
shadow	5.202613	3.5139818	4.3028955
practical	6.446252	4.123841	6.182557
surface	5.4788966	3.1304622	4.3997383
account	5.458571	5.11022	5.495824
loss	4.295208	4.875945	4.129167
indian	5.247932	4.661316	5.325272
vine	5.944681	4.060036	4.7503543
certain	5.6302648	4.6922426	5.4465337
sin	3.70016	4.9108057	4.1314754
necessity	5.054728	5.3508506	5.8474836
lose	4.9524794	4.6786766	4.5376496
private	5.6036944	5.055024	5.725603
gentleman	6.583284	4.808162	5.81318
daughter	6.779217	4.6320987	5.5205193
drive	3.8753915	5.9609857	4.9560914
strange	5.027959	5.07296	4.461762
journey	6.249086	4.0074863	4.614424
uncle	5.5597196	5.440621	5.5422726
species	5.6261153	3.9397314	5.085609
think	5.639495	4.7434654	4.9047837
bed	5.01258	3.645711	3.7731001
wind	4.7166433	5.2219486	4.9736247
bless	6.7197676	3.9410765	5.0656786
destroy	3.544054	5.3218174	4.486048
author	6.2724867	4.974265	5.899991
sustain	5.7178984	4.8984985	6.0533204
black	4.51494	4.025346	4.217274
event	6.0167427	5.5694833	6.471889
liberty	6.360905	5.11294	6.575326
negro	5.4215364	5.1360283	4.957447
little	6.078774	4.130831	4.6025558
fortune	6.3342667	5.54325	6.2677655
touch	5.584356	4.4883327	4.6199584
kill	3.6279442	6.0606422	4.3954005
feature	6.3735094	4.6217647	5.911717
happiness	7.1362567	4.824815	5.9345946
assume	5.3769565	4.4229484	5.3900127
notion	4.7080555	5.439412	5.3294864
purchase	6.178275	4.8619823	5.842333
faithful	6.2265725	4.997183	6.164232
soldier	5.3432903	5.4737844	6.092727
father	6.0110407	4.4464	5.4135904
narrow	3.8500955	4.064917	4.123793
great	6.4034433	4.993319	6.245349
tear	4.1396923	4.7472744	3.7056308
honorable	6.145555	5.181961	6.4248424
previous	5.3382792	4.5564275	5.152542
good	6.375861	4.552557	5.2873836
domestic	6.166468	3.9369662	5.181843
glory	7.6138186	5.1884904	6.9186273
lay	5.3941164	4.0232506	4.5958896
occasion	5.7560506	5.186282	5.6350718
guard	5.3364143	5.6792874	6.3456936
whole	6.148949	4.4224467	5.577976
mouth	5.118775	4.6974077	4.4073887
receive	6.428391	4.6385937	5.78954
take	5.470587	4.3322825	4.704867
simple	6.6866875	3.963497	5.385146
error	3.5186527	5.367146	4.7729964
wisdom	7.46778	4.062255	6.5916014
rock	5.341309	4.271974	4.7705054
decide	5.358404	5.2870107	5.782427
exclaim	5.9339867	5.9139695	5.4341836
assure	6.5270147	5.091092	5.946634
sign	5.6117225	4.8381615	5.2891016
preserve	6.455406	4.3056817	5.7384644
commerce	6.601601	4.3141546	6.324559
plant	5.5139923	4.203972	5.1226187
walk	5.6972446	4.291618	4.354351
difference	5.3866577	3.904277	4.871747
hang	4.4922495	4.5272875	4.003955
following	6.457301	4.2732697	5.5151896
employ	6.102791	4.4771266	5.734435
