deal	5.052553	5.22709	5.1102047
study	6.909643	4.2152224	6.0361714
afford	6.681016	4.4868126	5.7018275
service	6.1483917	4.888211	6.064329
height	5.69806	4.5348077	5.528897
prospect	7.089613	5.1902256	6.4998245
pleasant	7.808591	3.7271426	4.731374
shade	5.8509393	3.4181604	4.438565
listen	5.755193	4.74525	4.921455
mighty	5.624255	5.062757	5.989487
country	6.153535	4.9056582	6.142432
title	6.4293523	4.2700176	6.104528
choose	6.0435843	4.264248	5.5034976
village	5.7011786	4.007098	4.5665665
acquire	7.11583	5.212222	6.8244343
rank	5.90211	5.9058857	6.5623674
bow	5.881215	3.9366534	5.0367494
doctor	4.8766093	4.8301806	4.888424
talent	7.204323	5.620057	7.0405674
source	6.1841936	4.492065	5.692211
lead	5.4255123	5.4213614	5.5314035
question	5.300016	4.7474885	5.684082
publish	6.321184	5.009506	6.5006866
interest	6.6079063	5.10066	6.2966943
serve	5.6350937	4.553955	5.0459547
divine	6.3375916	4.919358	6.0768285
put	5.128269	4.4317408	4.576734
shadow	5.0770054	3.60006	4.3713837
practical	6.0062413	4.385702	6.0568123
surface	5.5186453	3.238462	4.281465
account	5.5053043	4.956314	5.331152
loss	4.492062	4.9742584	4.3883257
indian	5.0294456	4.657258	5.2178316
vine	6.059862	3.8476732	4.9345093
certain	5.707592	4.7128935	5.566527
sin	3.5333128	5.130643	3.901732
necessity	5.074912	5.218739	5.6295123
lose	5.320851	4.4431777	4.7018633
private	5.470366	4.899813	5.7713776
gentleman	6.6102576	4.8780437	5.836204
daughter	6.7986975	4.7008343	5.733122
drive	3.7965991	6.1438694	4.821793
strange	5.1595707	4.9898524	4.59044
journey	6.111649	3.8186698	4.4989605
uncle	5.9436617	5.0217967	5.658004
species	5.437601	4.113853	4.9802594
think	5.707262	4.6585984	4.942568
bed	4.8199053	3.702215	3.9298186
wind	4.6160283	5.023078	4.831708
bless	6.7529736	3.908178	5.268008
destroy	3.5444431	5.441841	4.6685104
author	6.083919	4.9924526	5.8029914
sustain	5.65579	4.8107815	6.0825787
black	4.3307834	4.064406	4.1827426
event	5.964298	5.54788	6.463278
liberty	6.2199087	5.23636	6.5963497
negro	5.67229	5.336524	5.209068
little	6.1480217	4.09509	4.68511
fortune	6.4194193	5.668236	6.4572573
touch	5.798308	4.447552	4.6743727
kill	3.5143528	6.1850696	4.37744
feature	6.6068735	4.5433784	6.0420113
happiness	7.1158233	4.9441953	6.173212
assume	5.7338085	4.758814	5.664159
notion	4.8679442	5.463258	5.317044
purchase	6.42874	4.913713	6.0018706
faithful	6.2907944	4.876784	6.3455367
soldier	5.5410094	5.595229	6.33321
father	5.812612	4.3573594	5.2593822
narrow	4.103478	3.8963475	4.0043077
great	6.440968	5.0285406	6.3308015
tear	4.1806116	4.8806944	3.5605214
honorable	5.796657	5.4641848	6.445243
previous	5.7004237	4.6310253	5.2423606
good	6.4744163	4.5863013	5.3333006
domestic	6.0930643	3.9543076	5.300892
glory	7.5572944	5.4449124	6.9708796
lay	5.296843	4.000982	4.642395
occasion	5.80544	5.3415422	5.6522017
guard	5.1403174	5.270625	6.160268
whole	6.1211686	4.374594	5.5779114
mouth	5.1432076	4.7526784	4.4445276
receive	6.362708	4.6150384	5.9298134
take	5.4865017	4.3500156	4.6940036
simple	6.661533	4.0014	5.500579
error	3.4781446	5.3185525	4.6069765
wisdom	7.4149423	4.207308	6.562257
rock	4.883399	4.31071	4.581868
decide	5.495846	5.179796	5.956197
exclaim	6.0237875	5.858765	5.508212
assure	6.875693	5.234207	6.3223
sign	5.6397123	5.0990276	5.382748
preserve	6.4893904	3.9716864	5.716193
commerce	6.2503357	4.5066557	6.197273
plant	5.5634503	4.1215525	5.1556683
walk	5.893598	4.4251003	4.6471715
difference	5.561642	3.9998481	5.184411
hang	4.5339284	4.2904654	3.9628868
following	6.347367	4.380879	5.496773
employ	5.8782034	4.4593487	5.7744637
