deal	5.1270432	4.982638	5.1821303
study	6.799682	4.1555634	6.01445
afford	6.4912376	4.4396667	5.5763707
service	6.3921595	4.795901	6.2150297
height	5.7481966	4.6483245	5.5661697
prospect	7.184427	5.181778	6.514245
pleasant	7.427065	3.8576608	4.5682936
shade	5.7779927	3.4875798	4.529339
listen	5.400119	4.973243	4.794192
mighty	5.5373793	5.366996	6.125875
country	6.236995	4.819482	6.2125835
title	6.843651	4.2411013	6.3176756
choose	5.6194553	4.382141	5.2222085
village	5.699415	4.0258074	4.818907
acquire	6.851431	4.9774323	6.751351
rank	5.9098105	5.564977	6.4564066
bow	5.819672	4.173309	5.1085887
doctor	4.690735	5.028987	4.92896
talent	7.3654895	5.57362	7.198734
source	6.3431635	4.47361	5.5558977
lead	5.6470304	5.2770734	5.6437325
question	5.276001	4.8378696	5.815112
publish	6.570645	4.762284	6.659569
interest	6.473734	5.2076483	6.4493036
serve	5.716887	4.505848	5.1638994
divine	6.5821123	4.6634436	6.281485
put	5.1991043	4.382074	4.6512046
shadow	5.2146306	3.5875936	4.518832
practical	6.3554626	4.1182203	6.02602
surface	5.756572	3.599525	4.5756035
account	5.695038	5.162126	5.6119275
loss	4.469613	4.84687	3.9949698
indian	5.084687	4.768549	5.387543
vine	6.123515	4.3728595	5.0689883
certain	5.565162	4.8551683	5.489827
sin	3.576035	4.9195704	4.483786
necessity	5.126457	5.4063435	5.799117
lose	5.0391912	4.7059145	4.5357766
private	5.6637316	5.0232744	5.785734
gentleman	6.5050673	4.8366528	5.971198
daughter	6.4499083	4.857642	5.5573254
drive	4.043804	6.1203737	4.971541
strange	5.101813	5.0389085	4.52152
journey	6.073753	4.2731943	4.8179255
uncle	5.820876	5.000257	5.4906917
species	5.641287	4.291973	5.1888657
think	5.6420836	4.6632395	4.9967184
bed	5.340563	3.4951541	3.9983037
wind	4.815654	5.147062	4.9301887
bless	7.0305877	3.7254658	5.200558
destroy	3.354465	5.5918694	4.4560432
author	6.1841707	4.988221	5.967077
sustain	5.7288895	5.0209904	5.9282894
black	4.059328	4.089792	3.9736047
event	5.9614263	5.584469	6.631345
liberty	6.4164567	4.905576	6.4770327
negro	5.219945	5.1116147	4.9634485
little	6.1069517	4.171428	4.682874
fortune	6.306589	5.562264	6.366164
touch	5.906635	4.6137247	4.6957994
kill	3.8923092	6.016159	4.4549594
feature	6.446859	4.3909554	5.8464622
happiness	7.098574	4.923423	5.992235
assume	5.299184	4.668281	5.551659
notion	4.9260774	5.154419	5.549775
purchase	6.0473375	4.8879485	5.753134
faithful	6.121184	4.9344196	6.052279
soldier	5.4928875	5.394904	6.2453985
father	5.7948966	4.41916	5.4283137
narrow	4.0579906	4.1900635	4.1328974
great	6.280704	4.9675746	6.2415333
tear	4.1013536	4.868836	3.509635
honorable	5.8365993	5.426368	6.6899376
previous	5.484478	4.602761	5.170461
good	6.432309	4.622836	5.384674
domestic	6.2292714	4.0322065	5.2228637
glory	7.519223	5.22021	7.1141863
lay	5.4493046	4.0346117	4.779705
occasion	5.649269	5.4069605	5.7046657
guard	5.5999613	5.550001	6.419547
whole	6.1754336	4.4888577	5.6798205
mouth	5.2611704	4.5539484	4.546635
receive	6.5209746	4.7142167	5.7904015
take	5.446571	4.4114327	4.841149
simple	6.828309	3.9932163	5.5515575
error	3.5791585	5.346143	4.886798
wisdom	7.45755	4.169844	6.614255
rock	5.0163107	4.5396624	5.0982637
decide	5.22803	5.106632	5.6730237
exclaim	5.857992	5.896246	5.400859
assure	6.821373	4.9974766	6.044312
sign	5.7744393	4.904353	5.4144626
preserve	6.491956	4.0258217	5.699127
commerce	6.3555	4.410565	6.4965477
plant	5.6672034	4.176485	5.006524
walk	5.7798595	4.461239	4.5521502
difference	5.535712	3.7714765	4.9671583
hang	4.6047816	4.4588675	3.9906943
following	6.7026653	4.4190693	5.674319
employ	5.898043	4.3840113	5.714021
