deal	4.9165025	5.1923037	5.0991855
study	6.86279	4.302194	6.0954423
afford	6.5342717	4.59226	5.759064
service	6.3832703	4.9648724	6.215819
height	5.519266	4.540998	5.4337487
prospect	7.038109	5.155623	6.4265413
pleasant	7.338736	3.7548065	4.6295743
shade	5.799923	3.3387547	4.33943
listen	5.71484	5.0691295	4.926573
mighty	5.714899	5.1421385	6.0275702
country	6.088929	4.9052396	6.1746283
title	6.8557124	4.100252	5.7676463
choose	5.8795094	4.4633393	5.547554
village	5.737227	4.142731	4.795332
acquire	6.644115	4.9113407	6.5916486
rank	6.2227793	5.540695	6.5024486
bow	5.773243	4.0797443	4.9918213
doctor	4.670374	4.7532673	4.834875
talent	7.502582	5.491655	7.050166
source	6.3141155	4.221239	5.637926
lead	5.4632688	5.279103	5.579278
question	5.25457	4.7636285	5.7838545
publish	6.363341	4.6848435	6.396519
interest	6.401035	5.229312	6.406422
serve	5.610356	4.6635942	5.1466417
divine	6.7619233	4.98293	6.4945574
put	5.0478954	4.3550925	4.5813622
shadow	5.3536677	3.429812	4.309735
practical	6.316371	4.112111	6.2913675
surface	5.4491997	3.2976322	4.373784
account	5.2298303	5.239711	5.4650526
loss	4.214847	5.0132647	4.3398914
indian	5.1408167	4.853944	5.2255907
vine	5.9517083	4.207387	4.897677
certain	5.465007	4.7033434	5.4002657
sin	3.8740673	4.8965554	4.295048
necessity	5.2289796	5.184192	5.7465
lose	5.0580106	4.628609	4.586419
private	5.404477	4.993597	5.8736925
gentleman	6.5717816	4.859392	5.9498706
daughter	6.628775	4.7602596	5.6805673
drive	3.9511576	6.179781	5.2225995
strange	5.0908475	5.025015	4.531127
journey	6.1865997	3.9663336	4.789395
uncle	5.970601	5.049426	5.9041834
species	5.5386567	4.3687577	5.175288
think	5.7272077	4.6561	4.9570684
bed	4.8559313	3.6670294	3.7098074
wind	4.534611	5.1997986	4.8579884
bless	6.9316363	3.8262954	5.409849
destroy	3.332758	5.705206	4.412755
author	6.1679826	4.985673	5.9155564
sustain	5.8503304	5.0868573	6.259628
black	3.9124508	4.194468	4.1091833
event	6.125144	5.4840975	6.547274
liberty	6.11205	5.1075406	6.4404535
negro	5.2646823	5.115688	5.049731
little	6.09497	4.1360054	4.650898
fortune	6.2082896	5.558423	6.267598
touch	5.5722547	4.431533	4.549221
kill	3.6321263	6.2858152	4.4828644
feature	6.557484	4.3869233	5.7529373
happiness	7.083275	4.7658014	6.059438
assume	5.391698	4.6678505	5.5554037
notion	4.8923564	5.0564103	5.320197
purchase	6.0270414	5.0542345	5.951515
faithful	6.0611143	5.138998	6.177176
soldier	5.491486	5.627616	6.4470634
father	5.9924865	4.5281844	5.470392
narrow	3.6284912	4.109528	4.034774
great	6.306963	4.9661937	6.255475
tear	4.221979	4.866016	3.771122
honorable	6.304609	5.4746685	6.704422
previous	5.1786623	4.5250845	5.081582
good	6.423812	4.607482	5.424629
domestic	6.03423	3.9260511	5.0851264
glory	7.646485	5.1444864	6.8543997
lay	5.3693314	4.0982065	4.626248
occasion	5.734024	5.2870884	5.7848167
guard	5.3270326	5.4128513	6.177769
whole	5.9819384	4.342419	5.5199447
mouth	5.0802765	4.630572	4.4039216
receive	6.3035955	4.8306932	5.9077744
take	5.4370656	4.495133	4.87567
simple	6.730713	4.055342	5.4375515
error	3.6987402	5.4250607	4.8463216
wisdom	7.7365985	4.3354464	6.804758
rock	4.8880353	4.385145	4.760043
decide	5.311608	5.1454225	5.825425
exclaim	5.981669	5.7222767	5.4805984
assure	6.633899	5.346422	6.2080517
sign	5.4414945	4.854034	5.135646
preserve	6.218241	4.2572193	5.58948
commerce	6.449359	4.347375	6.3273163
plant	5.6854587	4.308716	4.881335
walk	5.760692	4.1202226	4.347658
difference	5.5137396	3.8136346	4.938468
hang	4.553763	4.505858	4.0831113
following	6.551202	4.3030634	5.5925756
employ	5.586117	4.5071797	5.5729766
