deal	5.229535	5.1921463	5.2741528
study	6.856071	4.2171154	5.88212
afford	6.2849503	4.52014	5.589178
service	6.2878933	4.9214425	5.9513125
height	5.6013517	4.646694	5.5116234
prospect	6.9094095	5.316573	6.2430477
pleasant	7.25171	3.9642167	4.6182966
shade	5.681808	3.4019895	4.416406
listen	5.705903	4.568517	4.6847777
mighty	5.6822133	5.258456	5.9868617
country	6.057123	4.9734774	6.2085676
title	6.7998095	4.2297225	6.053075
choose	5.9034753	4.2905064	5.38442
village	5.7495184	3.9897044	4.717659
acquire	7.1394377	4.6793385	6.6831107
rank	6.0124416	5.868903	6.518923
bow	5.701307	4.0626903	4.849205
doctor	4.6077952	4.8976603	4.928847
talent	7.4543753	5.713606	7.2537346
source	6.2769637	4.3534083	5.6068716
lead	5.3404818	5.3281116	5.422822
question	5.365219	4.744238	5.7549896
publish	6.4821434	4.7650013	6.649898
interest	6.492361	5.10953	6.4362426
serve	5.555664	4.3817835	4.886869
divine	6.41816	4.953619	6.1965265
put	5.034708	4.223654	4.44444
shadow	5.3025374	3.6157691	4.4131236
practical	6.440898	4.1425	6.181859
surface	5.532271	3.032536	4.483456
account	5.4781823	5.102391	5.481523
loss	4.371048	4.822009	4.1872196
indian	5.3816185	4.7648087	5.27862
vine	6.358229	4.1454654	4.9030986
certain	5.6533313	4.749428	5.435309
sin	3.4771967	4.899333	4.187797
necessity	5.276767	5.2749405	5.6965733
lose	5.035457	4.61556	4.5843644
private	5.487	5.101483	5.774495
gentleman	6.4341927	4.982149	5.757037
daughter	6.5580997	4.6728706	5.4698057
drive	4.1303544	6.190577	5.1208496
strange	4.9170074	5.117464	4.5904117
journey	6.191222	4.025142	4.7030354
uncle	5.627108	5.1798897	5.688251
species	5.764563	4.1910915	5.3048706
think	5.5824585	4.6927395	4.929667
bed	4.924655	3.2954056	3.5875387
wind	4.6062317	5.070358	4.6534047
bless	6.4318647	3.9632797	4.962471
destroy	3.6860495	5.4255753	4.543677
author	6.1340203	4.936111	5.9153967
sustain	5.765331	5.090313	6.120913
black	4.2936444	3.9756854	4.1019573
event	5.850466	5.534884	6.393428
liberty	6.2136173	5.222247	6.522261
negro	5.3673935	5.150516	5.1020074
little	5.9892845	4.094243	4.5019116
fortune	6.639293	5.5673485	6.3892255
touch	5.6890984	4.544979	4.728477
kill	3.6724126	6.102494	4.5205655
feature	6.512029	4.369256	5.956974
happiness	7.0983496	4.937248	6.024926
assume	5.5234613	4.5761466	5.570853
notion	4.6558003	5.4798985	5.351413
purchase	6.479163	4.943349	5.925716
faithful	6.0715	4.9007463	6.1005483
soldier	5.4937453	5.3840423	6.221886
father	5.5435686	4.4075813	5.117899
narrow	3.773294	3.7583683	3.8340511
great	6.258618	4.950031	6.199646
tear	4.139385	4.950467	3.8586893
honorable	6.0777235	5.400905	6.7380676
previous	5.2710004	4.5772533	5.0299907
good	6.278469	4.5136037	5.1791344
domestic	6.0436096	4.051225	5.360553
glory	7.4215236	5.3234324	6.9642854
lay	5.2905316	3.9034538	4.473484
occasion	5.6868725	5.244406	5.679474
guard	5.213005	5.512637	6.382377
whole	6.012433	4.4127493	5.576932
mouth	5.0562654	4.5554914	4.318324
receive	6.4016104	4.7717667	5.799663
take	5.492992	4.4011993	4.8022237
simple	6.830705	3.9119678	5.298876
error	3.5763123	5.383301	4.88817
wisdom	7.422009	3.705428	6.4646688
rock	5.1783867	4.4456897	5.065167
decide	5.5323563	5.0415244	5.679948
exclaim	5.9647927	5.9072733	5.671089
assure	6.3323774	5.141288	5.911405
sign	5.6181536	4.867062	5.533085
preserve	6.3370366	4.0435495	5.648893
commerce	6.3168488	4.4201417	6.3723125
plant	5.504856	4.1458564	4.9840736
walk	5.7901454	4.1668577	4.3562007
difference	5.359051	4.098173	5.0854053
hang	4.5413504	4.603449	3.8763132
following	6.4700146	4.4652047	5.5975585
employ	5.877809	4.344457	5.710582
