deal	4.8943276	5.2084274	5.0325212
study	6.914065	4.3123994	5.9586096
afford	6.7000403	4.8041124	5.7926936
service	6.4141116	4.6069326	5.9495707
height	5.7070036	4.5363193	5.5343833
prospect	7.175194	5.2806077	6.551265
pleasant	7.199335	3.6407986	4.1715307
shade	5.4579773	3.7135103	4.2877812
listen	5.8950305	4.7879486	4.8338656
mighty	5.8621407	5.323246	6.154234
country	6.109191	4.9025106	6.1419
title	6.5031157	4.2111344	5.9996743
choose	5.875536	4.287231	5.3645067
village	5.5502934	4.072368	4.719557
acquire	6.9477997	4.8238072	6.8089056
rank	5.851991	5.663939	6.4930744
bow	5.907108	4.167203	5.0435615
doctor	4.150098	4.9368634	4.6323366
talent	7.3696094	5.6022778	7.1259856
source	6.540841	4.500209	5.939893
lead	5.5634136	5.296295	5.4268775
question	5.4298	4.948212	5.858277
publish	6.354151	4.8963976	6.4290724
interest	6.618296	5.245492	6.509978
serve	5.576517	4.5218887	4.9912953
divine	6.47253	5.147969	6.219903
put	5.098026	4.351635	4.506185
shadow	4.9768825	3.79814	4.2595873
practical	6.500532	4.2284136	6.278043
surface	5.316887	3.3443632	4.331972
account	5.416546	5.006612	5.2996683
loss	4.2792845	4.9842925	4.4059386
indian	5.0443296	4.6046944	5.035058
vine	5.9609647	4.3185725	4.6375337
certain	5.490609	4.852221	5.398325
sin	3.5326629	5.244816	4.155754
necessity	5.0469713	5.438677	5.738557
lose	5.224217	4.629454	4.710949
private	5.8735013	5.1801434	5.8752756
gentleman	6.409589	4.842534	5.6864195
daughter	6.8243175	4.6188407	5.646098
drive	3.9214141	6.0242977	4.9223027
strange	4.953244	5.140798	4.5043526
journey	6.2727857	3.7984412	4.843374
uncle	6.0411835	5.1532435	5.687558
species	5.815285	4.17587	5.180743
think	5.657133	4.6424055	4.8306675
bed	5.0453186	3.6952212	3.8446586
wind	4.2318177	5.25453	4.7551403
bless	6.989595	4.1348314	5.4110856
destroy	3.4478183	5.237942	4.2513404
author	6.2113895	5.082173	5.8003883
sustain	5.862903	4.941794	6.2184696
black	4.3283467	3.9795043	4.1225677
event	5.941461	5.510088	6.425986
liberty	6.2695985	5.2419696	6.5091915
negro	4.9133353	5.125344	4.6129537
little	6.077358	4.1210003	4.565932
fortune	6.6284566	5.58807	6.4792676
touch	5.625335	4.417705	4.5918045
kill	3.6882594	5.7686486	4.284714
feature	6.1917596	4.605955	5.814267
happiness	7.247164	4.876413	6.214368
assume	5.396487	4.6869383	5.5349445
notion	4.6881394	5.4014316	5.372416
purchase	5.9075804	4.901142	5.8634815
faithful	6.286313	4.5898347	6.1141562
soldier	5.3203626	5.358165	6.207073
father	6.057547	4.470893	5.4441586
narrow	3.9751127	3.9963067	3.9953635
great	6.3820004	4.961365	6.244323
tear	4.3409853	4.80522	3.9255617
honorable	6.0869	5.302705	6.4778585
previous	5.2747865	4.5216036	5.110749
good	6.2778	4.6451287	5.246073
domestic	6.0286326	4.068818	5.2371345
glory	7.452392	5.3290567	6.933483
lay	5.2176986	3.9827402	4.451284
occasion	5.7926044	5.4686356	5.824318
guard	5.50054	5.5944786	6.5376525
whole	6.010818	4.4209433	5.5540323
mouth	4.987401	4.764146	4.334824
receive	6.4888654	4.7975903	5.9962234
take	5.554416	4.4635196	4.856299
simple	6.890992	3.9588723	5.3593974
error	3.7079701	5.5163693	4.957288
wisdom	7.8025103	4.2156644	6.8062887
rock	5.139399	4.5947695	4.982378
decide	5.6726074	5.209347	5.9382896
exclaim	5.758359	5.697727	5.3321967
assure	6.547307	5.3221126	6.2412605
sign	5.528605	4.8973656	5.3309107
preserve	6.1033072	3.9374952	5.420585
commerce	6.364902	4.6208982	6.3468895
plant	5.568694	4.3073626	4.9914145
walk	5.536869	4.129794	4.1815476
difference	5.4503527	4.059872	5.15166
hang	4.468507	4.4990363	4.0769444
following	6.621368	4.209345	5.433568
employ	5.728687	4.474375	5.610368
