deal	5.0322976	5.083542	5.363967
study	6.6891675	4.3056846	5.9585423
afford	6.4548244	4.343574	5.6171412
service	6.245432	5.0830584	6.116046
height	5.8195367	4.5613885	5.6869183
prospect	7.36255	5.1211987	6.5064826
pleasant	7.3396845	3.77767	4.487124
shade	5.7043734	3.567575	4.462679
listen	5.633932	4.6396947	4.642474
mighty	5.661336	5.231751	6.1079865
country	6.0245037	4.9235907	6.21437
title	6.8898077	4.191088	5.9170685
choose	5.694879	4.367222	5.445764
village	5.7495837	3.9849873	4.793539
acquire	7.048233	4.84405	6.6831274
rank	5.745341	5.7481294	6.377313
bow	6.01797	3.8657455	5.3671074
doctor	4.8983717	4.6236734	5.068007
talent	7.5353427	5.8642645	7.2644696
source	6.240694	4.372766	5.993818
lead	5.314338	5.3878593	5.462063
question	5.4105344	4.7018127	5.819576
publish	6.478276	4.709554	6.8307686
interest	6.435728	5.0734644	6.2418857
serve	5.530259	4.54243	5.039737
divine	6.1273074	4.9262185	6.0858593
put	5.2188954	4.378361	4.6880465
shadow	5.117627	3.6693103	4.439078
practical	6.256874	4.473838	6.4517736
surface	5.6583123	3.2798808	4.6331873
account	5.405026	5.0101304	5.366079
loss	4.357437	4.839781	4.2789626
indian	5.1146183	4.8181663	5.231755
vine	5.7171474	4.210435	4.6959624
certain	5.6075683	4.6245227	5.4230404
sin	3.6507995	4.969599	4.1146016
necessity	5.156023	5.395707	5.693894
lose	5.157462	4.644964	4.6034484
private	5.5795574	4.8912416	5.7458167
gentleman	6.6497254	4.9234834	5.8819456
daughter	6.7492676	4.6009965	5.71448
drive	4.2935133	6.0850496	5.16981
strange	4.7594666	4.9427633	4.4036393
journey	6.4566345	3.6508775	4.7406874
uncle	5.9690433	5.107823	5.8302903
species	5.8500624	4.1052413	5.4068747
think	5.698949	4.6307244	4.9290867
bed	5.3599734	3.34544	3.9045184
wind	4.621824	5.2665644	4.95394
bless	6.769548	4.1056867	5.3040147
destroy	3.4062898	5.471903	4.714136
author	6.0294194	5.0013785	5.7455807
sustain	5.988074	4.972473	6.2676945
black	4.2931957	3.9510214	4.1556764
event	6.0975347	5.230905	6.3561926
liberty	6.1238565	5.3482246	6.6141043
negro	5.142732	5.389902	5.1109004
little	5.930305	4.116832	4.6056085
fortune	6.503978	5.315638	6.2803764
touch	5.754471	4.5054326	4.69863
kill	3.6689162	6.107312	4.349481
feature	6.45749	4.3555636	5.8637853
happiness	6.9489617	4.9613934	6.050894
assume	5.6507854	4.395565	5.473375
notion	4.8004503	5.20224	5.4413185
purchase	6.2722635	4.6496325	5.9879093
faithful	6.0624084	4.879959	6.2810163
soldier	5.2836657	5.2700434	6.131678
father	5.8769326	4.3117447	5.223563
narrow	4.002714	3.9799604	4.20228
great	6.278425	4.986556	6.2853355
tear	4.2860847	4.73084	3.5859156
honorable	6.1055956	5.411925	6.410728
previous	5.355262	4.793274	5.3132014
good	6.3057623	4.584897	5.2802825
domestic	6.0939755	3.9596233	5.2375917
glory	7.675779	5.2602806	6.9825745
lay	5.3611245	4.0074186	4.6740875
occasion	5.7526903	5.235259	5.7770634
guard	5.303856	5.362084	6.24993
whole	6.1526475	4.4725795	5.705076
mouth	5.08318	4.629006	4.4894533
receive	6.381354	4.657377	5.8520966
take	5.5128417	4.339051	4.848215
simple	6.853819	3.8250923	5.369199
error	3.6243465	5.2869077	4.88061
wisdom	7.6568336	3.9032443	6.4774942
rock	5.1627398	4.4111123	4.899432
decide	5.3954525	4.9542246	5.7890034
exclaim	5.8524313	5.900824	5.494201
assure	6.419736	5.0365868	5.905451
sign	5.6129384	4.8577495	5.6090374
preserve	6.217913	4.26849	5.7642684
commerce	6.422171	4.4028354	6.2300024
plant	5.4742646	4.1337533	5.051225
walk	5.656229	4.2187243	4.383048
difference	5.3708878	3.8762057	4.9389563
hang	4.563962	4.521543	4.088213
following	6.3282843	4.4896193	5.67578
employ	5.9617267	4.3964725	5.830067
