deal	5.030891	5.0277615	5.129877
study	7.0050697	4.2577295	6.1649084
afford	6.5122595	4.5624065	5.7439523
service	6.337058	4.860996	6.0839915
height	5.502095	4.5856204	5.49204
prospect	7.0900507	5.2338367	6.5057635
pleasant	7.1050673	3.7350001	4.406427
shade	5.5985765	3.4400704	4.429826
listen	5.703175	5.053459	4.9381704
mighty	5.66371	5.372484	5.969525
country	6.0991893	4.9893017	6.1936045
title	7.0927567	4.453476	6.0960464
choose	5.7809877	4.3688188	5.4611826
village	5.7090297	4.4297695	4.888996
acquire	6.9641438	4.877556	6.7758956
rank	5.922658	5.6236916	6.4943676
bow	5.7564497	3.8653448	4.972024
doctor	4.600054	4.9507737	4.908107
talent	7.359939	5.705212	7.1579175
source	6.4476557	4.496118	5.8809214
lead	5.45288	5.443865	5.5186653
question	5.3949685	4.993288	5.8658195
publish	6.543757	5.0008717	6.6522474
interest	6.6060576	5.1553044	6.3763404
serve	5.839987	4.459466	5.1076345
divine	6.5771465	4.822173	6.279743
put	5.0202723	4.4871516	4.590214
shadow	5.056839	3.6927574	4.3605065
practical	6.8443403	4.299581	6.4055314
surface	5.413472	3.3511944	4.4242864
account	5.3884563	4.9933796	5.3605413
loss	4.3637247	4.852001	4.261264
indian	5.3174047	4.792077	5.362163
vine	5.685395	3.916847	4.5018606
certain	5.6707954	4.715759	5.519467
sin	3.73646	5.0768223	4.4437284
necessity	5.288628	5.384618	5.6974354
lose	5.1903553	4.844131	4.710672
private	5.4275274	5.0453825	5.747006
gentleman	6.3877625	5.1214	5.8475347
daughter	6.653034	4.8943524	5.5455112
drive	4.0726705	6.331071	5.1193967
strange	4.7812314	5.1565814	4.557794
journey	6.078651	3.9429986	4.5016184
uncle	5.756602	4.779072	5.3899937
species	5.875657	4.017311	5.2282915
think	5.63906	4.78521	5.039066
bed	5.1088424	3.4472342	3.8266144
wind	4.527248	4.9617248	4.794272
bless	6.7507014	4.0129323	5.1483517
destroy	3.4916384	5.671796	4.514688
author	6.2250586	4.9767733	5.908426
sustain	5.7752633	4.920224	6.1290455
black	4.215564	3.8961592	3.990065
event	6.110094	5.557728	6.5098963
liberty	6.3858223	4.9832783	6.5346212
negro	5.0015492	5.3963327	5.0530562
little	6.1007986	4.1947503	4.5934033
fortune	6.387467	5.603713	6.243418
touch	5.746417	4.3282065	4.611314
kill	3.8253727	6.099034	4.4590087
feature	6.3982344	4.6953583	5.9555283
happiness	7.3147388	4.9777865	6.262743
assume	5.4141026	4.766579	5.536819
notion	4.9570065	5.1847153	5.498695
purchase	6.1110983	4.9453754	5.924969
faithful	6.3007426	4.8520074	6.112816
soldier	5.2127366	5.543097	6.2293563
father	6.074694	4.634496	5.388112
narrow	3.955786	4.157139	4.0156703
great	6.377246	5.0198417	6.3462625
tear	4.3207874	4.881089	3.8090348
honorable	6.1784124	5.4036736	6.649077
previous	5.5611405	4.724014	5.2828946
good	6.5383053	4.697839	5.4530296
domestic	6.0288906	4.0374513	5.2837663
glory	7.4636507	5.217409	6.884265
lay	5.367189	4.046321	4.583954
occasion	5.7946568	5.2717314	5.791254
guard	5.3043194	5.5719013	6.3625603
whole	6.071989	4.4198656	5.65193
mouth	5.308822	4.6059313	4.3991585
receive	6.3589005	4.763459	5.801983
take	5.474297	4.4016633	4.760576
simple	6.772773	3.8941922	5.333646
error	3.6081924	5.2190676	4.8978896
wisdom	7.7323494	4.025697	6.7864637
rock	5.2620864	4.3208055	4.93881
decide	5.337969	5.3128595	5.790039
exclaim	5.9946523	5.8105736	5.4058056
assure	6.738254	5.3057046	5.968184
sign	5.726136	4.768031	5.2325025
preserve	6.3759236	4.110215	5.691743
commerce	6.4648957	4.5347714	6.4494095
plant	5.303397	4.0301766	4.7173476
walk	5.8818665	4.2315288	4.421203
difference	5.5876327	3.9053686	4.8982615
hang	4.5849833	4.4656873	4.099836
following	6.4605393	4.374269	5.515577
employ	5.8317204	4.3207507	5.609305
