deal	5.327174	5.1118326	5.507123
study	6.856845	4.2160254	6.039363
afford	6.5190253	4.4835715	5.814035
service	6.633848	4.881104	6.1629677
height	5.873412	4.4724197	5.6599445
prospect	6.8902507	5.2719917	6.4257
pleasant	7.3142543	3.681468	4.586391
shade	5.534251	3.73611	4.608029
listen	5.835932	4.8927693	4.8438663
mighty	5.800289	5.5247965	6.342327
country	6.0613003	4.9686627	6.1890793
title	6.7138653	4.2324	6.291891
choose	5.8470306	4.144666	5.391187
village	5.728211	4.0689683	4.9334126
acquire	7.309774	4.6738296	6.8522587
rank	6.219055	5.7947226	6.6080303
bow	5.9450903	4.0130343	5.1833725
doctor	4.8556137	5.0796385	4.9154825
talent	7.60808	5.9052916	7.473625
source	6.708613	4.3320894	5.9611077
lead	5.3627176	5.4367237	5.5629215
question	5.216277	4.862063	5.7085876
publish	6.30881	4.703789	6.3891306
interest	6.5001407	5.011518	6.3365955
serve	5.8134675	4.5100513	5.174708
divine	6.411179	5.011941	6.3231506
put	5.080179	4.3004537	4.568466
shadow	5.227662	3.465722	4.5993867
practical	6.2028966	4.095818	6.0297017
surface	5.6295776	3.209146	4.659826
account	5.4021125	5.0272403	5.4091215
loss	4.26357	4.816802	4.0920563
indian	5.4135995	4.53966	5.3000174
vine	6.031386	3.9450476	4.6973476
certain	5.646257	4.598277	5.3955355
sin	3.1788948	5.0374584	4.086553
necessity	5.0933504	5.3939776	5.520107
lose	5.17301	4.683234	4.7040944
private	5.348965	4.906239	5.608242
gentleman	6.471334	5.0071115	5.80153
daughter	6.6194153	4.73076	5.6170397
drive	3.9739563	5.958112	5.014718
strange	4.9077444	4.9467244	4.366853
journey	6.5586395	3.9960418	4.7760806
uncle	5.512139	5.3716965	5.518161
species	5.302712	4.2296777	4.9407015
think	5.7037525	4.7406583	5.097681
bed	5.222107	3.6195602	3.9717722
wind	4.40489	5.3587484	4.743341
bless	6.6690145	4.071363	5.365116
destroy	3.687419	5.413043	4.670304
author	6.3194847	4.986524	6.073813
sustain	5.7616663	5.1060133	6.0939236
black	4.3122272	4.118622	4.244095
event	6.1509933	5.572346	6.6006346
liberty	6.1466794	5.21758	6.58753
negro	4.99946	5.1082754	4.604629
little	6.0415893	4.1347303	4.6258883
fortune	6.527626	5.4412313	6.433568
touch	5.6369195	4.657569	4.613035
kill	3.6655865	6.168888	4.509644
feature	6.5055037	4.3922772	5.7773447
happiness	7.2536397	4.711805	6.0805316
assume	5.4542575	4.2878094	5.451741
notion	5.135866	5.22619	5.5282283
purchase	6.0701838	4.842738	5.922288
faithful	6.4792376	4.9260783	6.373912
soldier	5.6067915	5.325618	6.169609
father	5.788203	4.3814483	5.304208
narrow	3.90461	3.9786685	4.0186396
great	6.3183103	5.039976	6.386303
tear	4.066115	4.897551	3.6644917
honorable	6.270046	5.607397	6.8656483
previous	5.564608	4.5116153	5.245235
good	6.3352714	4.600454	5.3562036
domestic	6.1416526	4.036244	5.497073
glory	7.419483	5.392148	7.0681386
lay	5.243751	3.9823394	4.551249
occasion	5.717413	5.2666135	5.708059
guard	5.219423	5.6684937	6.3738723
whole	6.1831255	4.386957	5.6610446
mouth	4.953928	4.6817126	4.2466803
receive	6.4535255	4.8279963	5.932479
take	5.5336976	4.4051447	4.85213
simple	6.774083	4.0843096	5.5731487
error	3.7239256	5.362413	4.804162
wisdom	7.520838	3.9747467	6.61541
rock	5.280175	4.5325046	5.135273
decide	5.5002623	5.142697	5.8307285
exclaim	5.5221643	5.8640413	5.299207
assure	6.3806753	5.2297115	6.0024724
sign	5.4599957	5.127755	5.4160256
preserve	6.3577905	3.9850028	5.6132903
commerce	6.317298	4.5200214	6.3551526
plant	5.278946	4.2064543	4.9517603
walk	5.696059	4.55637	4.597256
difference	5.4989624	3.9497635	5.014819
hang	4.434907	4.560261	4.0727687
following	6.650011	4.370854	5.5990977
employ	5.943808	4.4883385	5.5804534
