deal	5.2811275	5.2490296	5.258322
study	7.1166024	4.19251	6.120106
afford	6.6597013	4.4022985	5.5648713
service	6.305354	4.967806	6.1638427
height	5.5566254	4.697575	5.5729756
prospect	7.406434	5.1140428	6.554336
pleasant	7.301755	3.7234552	4.5128064
shade	5.6053143	3.3933358	4.3637176
listen	5.9143705	5.010098	5.1836987
mighty	6.014429	5.3518925	6.1998096
country	6.1916637	4.8513265	6.1789637
title	6.7626925	4.169342	6.171785
choose	5.7019744	4.1750174	5.265619
village	5.6621957	4.087941	4.8926682
acquire	6.8756886	4.939344	6.6373973
rank	5.8532424	5.703351	6.572044
bow	5.920194	3.9671936	4.987059
doctor	4.6302147	4.9560432	4.79121
talent	7.32854	5.658804	7.2302217
source	6.262298	4.216518	5.501564
lead	5.5258436	5.368002	5.54303
question	5.432317	4.9105663	5.841012
publish	6.460084	4.6593466	6.773692
interest	6.360485	5.215403	6.242723
serve	5.6774592	4.4598603	5.040899
divine	6.555946	4.971966	6.2086754
put	5.128219	4.138222	4.5367494
shadow	5.062111	3.4635634	4.496855
practical	6.103795	4.397129	6.1791067
surface	5.2562323	3.433514	4.552451
account	5.4336786	4.9753456	5.3318357
loss	4.269743	5.1546926	4.308531
indian	5.4541106	4.735663	5.5290365
vine	5.701412	4.1490474	4.654875
certain	5.6023993	4.8317604	5.381587
sin	3.4833078	5.167685	4.2977276
necessity	5.284465	5.042921	5.7001243
lose	5.1336164	4.7765	4.659467
private	5.540636	5.145413	5.8492246
gentleman	6.490122	4.9829035	5.898143
daughter	6.721028	4.934142	5.7040052
drive	3.9845912	5.810174	5.115459
strange	5.075774	5.087603	4.642653
journey	6.457119	4.0420713	4.737682
uncle	5.8896174	5.1888943	5.615373
species	5.999107	3.8167868	5.1552916
think	5.641437	4.749257	4.9978805
bed	5.08881	3.551308	4.0040903
wind	4.5434127	5.1727133	4.7715607
bless	6.6944976	4.0064325	5.3596683
destroy	3.2598407	5.2823915	4.2335825
author	5.9576902	4.8365088	5.8418674
sustain	5.7488475	4.9559855	6.0371637
black	4.087686	4.2255287	4.282091
event	6.2815523	5.495804	6.6109514
liberty	6.222815	4.964112	6.4523797
negro	5.408685	5.324483	5.5168676
little	6.07585	4.044153	4.5578094
fortune	6.5568175	5.464963	6.3212795
touch	5.4763365	4.47729	4.5859427
kill	3.540553	6.1239557	4.5862393
feature	6.377406	4.5746236	6.018918
happiness	7.1438265	4.793418	6.0925064
assume	5.198457	4.6898417	5.6225767
notion	4.644415	5.1664176	5.2061505
purchase	6.617339	4.794696	6.0639105
faithful	6.039345	5.226598	6.240344
soldier	5.451133	5.6461983	6.546441
father	5.9216666	4.585971	5.391796
narrow	4.1188555	4.002775	4.157682
great	6.342857	4.9835434	6.250205
tear	4.1770763	4.8084435	3.667313
honorable	6.085439	5.458499	6.619988
previous	5.6472173	4.607755	5.3554854
good	6.283314	4.65979	5.37526
domestic	6.2538457	3.6989064	5.3963547
glory	7.329856	5.300718	6.8758516
lay	5.4090657	3.904792	4.7286005
occasion	5.6624503	5.3785853	5.7320156
guard	5.4844556	5.5534678	6.476328
whole	6.053177	4.3945136	5.637185
mouth	5.1265626	4.808864	4.40767
receive	6.5945883	4.6240196	5.9043555
take	5.487168	4.442456	4.825231
simple	6.7860303	3.735426	5.300987
error	3.4613657	5.3577137	4.7032614
wisdom	7.5859156	4.120701	6.71973
rock	5.2004323	4.499447	5.055689
decide	5.5786524	5.543019	6.0484223
exclaim	5.7839127	5.6800766	5.4553022
assure	6.4146667	5.427235	6.1239057
sign	5.52712	4.801595	5.213677
preserve	6.278685	4.0244784	5.47012
commerce	6.4057517	4.2798867	6.2964563
plant	5.4111814	4.334962	5.0492363
walk	5.6204376	4.2990265	4.34779
difference	5.378521	4.047056	5.0450745
hang	4.453969	4.399791	3.9362707
following	6.589366	4.327924	5.5600758
employ	5.839946	4.477313	5.676584
