deal	5.4297733	4.9788175	5.475331
study	6.9466305	4.33537	6.164968
afford	6.654903	4.5441275	5.795873
service	6.35353	5.019577	6.128257
height	5.906745	4.4541864	5.688356
prospect	7.1965203	5.1931868	6.4777026
pleasant	7.3098235	3.8236701	4.400053
shade	5.8449955	3.3782058	4.5091577
listen	5.441912	4.825162	4.544071
mighty	5.6262875	5.3379498	6.175461
country	6.1299543	4.9528427	6.2205944
title	6.4687533	4.2279134	6.0453525
choose	5.892447	4.2512927	5.404085
village	5.438759	4.264297	4.7582183
acquire	7.0047293	4.980076	6.6287947
rank	5.836686	5.8270164	6.4777503
bow	5.718811	3.9394171	4.781139
doctor	4.5269055	4.6832585	4.66039
talent	7.4048715	5.7037106	7.1418953
source	6.286439	4.4147825	5.658044
lead	5.3491936	5.323232	5.441425
question	5.2357	4.9332776	5.872905
publish	6.5165806	4.781551	6.5433583
interest	6.4569974	5.19951	6.47826
serve	5.435872	4.586254	5.023661
divine	6.2939367	4.9750156	6.273352
put	5.1983504	4.2725763	4.4652386
shadow	5.3509493	3.6643572	4.4564757
practical	6.258966	4.266267	6.080024
surface	5.737309	3.147953	4.6740522
account	5.5710254	4.982775	5.377293
loss	4.3654532	5.0070243	4.04512
indian	5.0595007	4.7901783	5.1697364
vine	6.2177305	3.988875	4.77414
certain	5.594221	4.710209	5.46722
sin	3.4519405	5.2428856	4.527773
necessity	5.2416296	5.3149967	5.797158
lose	5.183934	4.7019467	4.575405
private	5.3066974	5.0833607	5.7430363
gentleman	6.451269	4.76051	5.733505
daughter	6.3495784	4.6646237	5.3265314
drive	4.183404	5.926856	5.0919285
strange	4.9813747	4.9992933	4.6341753
journey	6.561106	3.8932865	4.784261
uncle	5.9360228	5.2500176	5.6742563
species	5.7330384	4.116655	5.295597
think	5.6808558	4.610885	4.895394
bed	5.1043773	3.5433364	3.7752497
wind	4.539868	5.124441	4.832426
bless	6.6632786	4.064577	5.207278
destroy	3.440956	5.3192573	4.317385
author	6.1419253	5.0202055	5.885246
sustain	5.8823977	5.067305	6.0387087
black	4.0889273	4.0754824	4.2078943
event	6.27091	5.5588217	6.5184107
liberty	6.1968737	5.229948	6.5755982
negro	4.801072	5.0712447	4.706294
little	6.1261	4.040933	4.562632
fortune	6.420188	5.525227	6.243265
touch	5.626178	4.5016994	4.5384526
kill	3.611706	5.8894367	4.3046327
feature	6.482168	4.5381107	5.9738564
happiness	7.0765414	5.0587673	6.000142
assume	5.4078918	4.5331016	5.3578153
notion	5.1186595	5.141048	5.6543136
purchase	6.1084967	4.9622974	5.8233795
faithful	6.223139	4.834871	6.3173246
soldier	5.517522	5.3481894	6.2024193
father	5.5779066	4.645404	5.3826632
narrow	4.080716	3.9192204	4.079121
great	6.2913904	4.9486585	6.2700653
tear	4.0197463	4.8710856	3.6010053
honorable	5.7919993	5.4684763	6.483205
previous	5.5766277	4.4388547	5.141617
good	6.3786917	4.5074944	5.3403444
domestic	6.0443096	3.9468217	5.3247695
glory	7.674371	5.3570023	7.1745214
lay	5.3672094	4.0313635	4.487025
occasion	5.8155	5.345892	5.796281
guard	5.43699	5.376648	6.225693
whole	6.0988517	4.3655505	5.6142073
mouth	5.240019	4.5450125	4.476705
receive	6.5410256	4.6798577	5.8244567
take	5.4884086	4.3751183	4.7981434
simple	6.756514	3.9443605	5.5686603
error	3.5100477	5.392809	4.8602777
wisdom	7.6945133	3.951327	6.729842
rock	5.0826464	4.5025377	5.03348
decide	5.462128	5.2507744	5.854681
exclaim	5.572493	5.6951323	5.1458373
assure	6.607337	5.010536	5.9485373
sign	5.446359	4.7882895	5.1925063
preserve	6.491898	4.1927733	5.754331
commerce	6.3546424	4.4775305	6.462449
plant	5.5760064	3.99262	4.920042
walk	5.7707543	4.2062793	4.4936323
difference	5.351934	4.0316486	4.895809
hang	4.497929	4.64081	4.073215
following	6.468016	4.3492475	5.509094
employ	5.810639	4.3754025	5.5070024
