deal	4.8568	5.161211	5.019124
study	6.9398103	4.313695	6.0974846
afford	6.34402	4.7070847	5.8618646
service	6.3826394	4.819368	6.07399
height	5.7349653	4.63991	5.5886602
prospect	7.290202	5.2309694	6.3822603
pleasant	7.3797703	3.7465186	4.6808352
shade	5.657481	3.3621697	4.4656663
listen	5.8236413	4.7589808	4.6932564
mighty	5.7793546	5.159745	6.1555066
country	6.314289	4.741992	6.2223186
title	6.668516	4.294011	6.187838
choose	5.873442	4.279307	5.5632133
village	5.785638	3.9719229	4.7800426
acquire	7.016917	4.885643	6.7741265
rank	5.9519763	5.524885	6.3271365
bow	5.9343777	4.0735826	5.2580366
doctor	4.5756755	4.8609233	4.661231
talent	7.3380814	5.486828	7.013666
source	6.3448896	4.5288434	5.7110095
lead	5.4389024	5.5582066	5.6059365
question	5.2799344	4.919483	5.7893047
publish	6.2655826	4.685631	6.332613
interest	6.4391475	5.18268	6.3684373
serve	5.6770625	4.5113115	5.2278666
divine	6.74835	4.6092963	6.286563
put	5.1808906	4.247735	4.563683
shadow	5.2203817	3.441516	4.3445883
practical	6.0966196	4.0065	5.875784
surface	5.7131352	3.2513728	4.5148907
account	5.4796834	5.0088954	5.416432
loss	4.5422893	4.9614086	4.333776
indian	5.2758794	4.612632	5.486144
vine	5.7718034	3.8445811	4.530128
certain	5.8058352	4.748535	5.5456896
sin	3.6323383	4.6835585	4.0469403
necessity	5.088979	5.399991	5.680377
lose	5.2433605	4.607287	4.718322
private	5.634145	5.071569	5.821094
gentleman	6.6281013	4.917111	5.8681703
daughter	6.983896	4.5625577	5.619584
drive	4.1104617	5.960337	5.0436015
strange	4.935253	5.280917	4.69465
journey	6.197934	3.9763434	4.547949
uncle	6.41137	5.0246506	5.6707506
species	5.7627077	3.7971377	5.202436
think	5.6821814	4.7354717	5.034239
bed	5.138109	3.5758502	3.9304636
wind	4.612602	5.0329795	4.734724
bless	6.598107	4.089531	5.1632
destroy	3.6886718	5.319376	4.614078
author	6.0535173	5.0878067	5.9740725
sustain	5.8511696	4.828706	5.9244375
black	4.6416125	3.7845683	4.1035366
event	6.0764513	5.577352	6.506965
liberty	6.5714808	5.153221	6.704442
negro	5.4017906	5.022119	4.965624
little	6.038947	4.2251835	4.7149286
fortune	6.44861	5.4324145	6.1843905
touch	5.815467	4.493731	4.7496786
kill	3.880804	5.985357	4.4585824
feature	6.394931	4.302362	5.9140854
happiness	7.200977	4.8478255	6.1286497
assume	5.3313885	4.601171	5.516567
notion	4.7578764	5.3537254	5.3969975
purchase	5.9648623	4.813039	5.620948
faithful	6.454936	4.917662	6.419091
soldier	5.4280396	5.484434	6.280857
father	6.080657	4.2922935	5.3555636
narrow	4.1900725	4.586901	4.6229877
great	6.3743544	5.003126	6.2511916
tear	4.2887716	4.857719	3.7521217
honorable	6.0742865	5.5085664	6.5651507
previous	5.1016073	4.7362223	5.208458
good	6.413263	4.556779	5.3747087
domestic	6.293701	3.8296244	5.3125906
glory	7.6219754	5.279345	6.960228
lay	5.704479	3.883646	4.7339325
occasion	5.696514	5.33152	5.6783233
guard	5.21354	5.614448	6.4601126
whole	6.1925097	4.364455	5.6710343
mouth	5.247691	4.4333563	4.417718
receive	6.514477	4.7694926	5.9410815
take	5.5705996	4.4055676	4.893453
simple	6.9234242	3.82654	5.4693446
error	3.8281364	5.318179	4.969883
wisdom	7.58856	4.1215906	6.6734304
rock	5.220194	4.3116837	5.0777574
decide	5.442025	5.237873	5.8791003
exclaim	6.230926	5.823804	5.4922423
assure	6.5524645	5.2535295	6.0025153
sign	5.5014195	4.864912	5.307269
preserve	6.476028	4.139992	5.7297163
commerce	6.5883164	4.1717453	6.395598
plant	5.414111	3.9957702	4.9503593
walk	5.762552	4.268948	4.345163
difference	5.483754	3.8192368	4.798406
hang	4.4743557	4.3781056	3.9611988
following	6.6884036	4.316497	5.7553883
employ	5.9339724	4.476318	5.744197
