deal	5.2158637	4.9515367	5.19508
study	6.933961	4.389441	6.004037
afford	6.5565014	4.476148	5.5583324
service	6.345157	4.9565763	6.101734
height	5.7860217	4.705371	5.6303544
prospect	6.9144473	5.244008	6.474476
pleasant	7.363759	3.5596914	4.493623
shade	5.666203	3.5813255	4.4059086
listen	5.6274548	4.771898	4.6692195
mighty	5.5718784	5.28332	6.2113695
country	6.141731	4.888763	6.120381
title	6.4317603	4.009306	5.7651205
choose	5.6752977	4.268735	5.2214537
village	5.645693	3.9675486	4.8330455
acquire	6.9401407	4.7981315	6.5716314
rank	5.767504	5.762075	6.3264785
bow	5.679792	3.9899735	5.077691
doctor	4.9704494	4.575589	4.8127284
talent	7.3644376	5.5962205	7.0604086
source	6.2901297	4.4063244	5.6197
lead	5.2907114	5.4040003	5.496637
question	5.3089137	4.719812	5.8101697
publish	6.408371	4.9474864	6.5057707
interest	6.541825	5.153841	6.396122
serve	5.5970798	4.493074	5.00102
divine	6.319111	4.8613653	6.347807
put	5.0287232	4.3162894	4.5224657
shadow	4.8751755	3.4903538	4.299756
practical	6.3313	4.0562677	6.046089
surface	5.607834	3.2055154	4.5103164
account	5.471123	5.04917	5.462773
loss	4.334214	4.699303	4.0984616
indian	5.180354	4.772118	5.171494
vine	5.740099	4.0022635	4.772351
certain	5.524092	4.775525	5.3784757
sin	3.5264647	5.1944933	4.2695217
necessity	5.2392383	5.3057246	5.862931
lose	5.0892606	4.5723825	4.5342007
private	5.407129	4.9646397	5.607638
gentleman	6.5618954	4.765182	5.830307
daughter	6.7973905	4.7096395	5.6055956
drive	4.001578	6.04396	5.0582438
strange	5.2325172	5.0392995	4.6367273
journey	6.6129875	3.897956	4.9110785
uncle	5.8726916	5.060127	5.456594
species	5.584029	4.129843	4.9371367
think	5.623971	4.6052623	4.9320874
bed	5.1220503	3.6519141	3.9166617
wind	4.6510735	5.0119815	4.8939266
bless	6.787406	3.9418616	5.2566357
destroy	3.463744	5.684801	4.67513
author	6.0204234	5.0406237	5.7270265
sustain	5.9169164	4.735729	5.824955
black	4.1833963	4.103715	3.948228
event	6.0805197	5.505565	6.5434656
liberty	6.154644	5.139695	6.464881
negro	5.225071	5.4450293	5.134706
little	5.9941483	4.1653914	4.641788
fortune	6.229631	5.4693213	6.074381
touch	5.781708	4.3588357	4.5747685
kill	3.9336185	5.8879423	4.703469
feature	6.4720654	4.46242	6.000783
happiness	6.7538404	5.040688	5.9469366
assume	5.155612	4.7335453	5.4573274
notion	4.965495	5.388364	5.5110207
purchase	6.2086105	4.7094088	5.5913696
faithful	6.1147223	5.183692	6.349668
soldier	5.5069146	5.440083	6.222234
father	5.866956	4.3075705	5.2691154
narrow	3.6061006	4.0520296	4.198887
great	6.2532954	5.0567913	6.258666
tear	4.2630787	4.5938916	3.6556258
honorable	6.0822964	5.449779	6.5864067
previous	5.232334	4.732396	5.2568817
good	6.3697386	4.474131	5.262214
domestic	6.1532564	4.0587115	5.2571893
glory	7.261678	5.290651	6.929793
lay	5.4324446	3.9588354	4.7220764
occasion	5.830267	5.256027	5.714049
guard	5.423228	5.5801845	6.432375
whole	6.0301204	4.453869	5.6123505
mouth	4.7162533	4.8941283	4.422234
receive	6.4270678	4.76035	5.856193
take	5.4354773	4.387654	4.806052
simple	6.6601186	3.8447464	5.3776684
error	3.5203855	5.4723797	4.684244
wisdom	7.41737	4.1984315	6.6029167
rock	5.0330534	4.645968	5.1408663
decide	5.599396	5.061846	5.742511
exclaim	5.7757483	5.9677773	5.5283504
assure	6.6770487	5.2451334	6.183575
sign	5.426606	4.8400464	5.1793423
preserve	6.480239	3.9572692	5.5078697
commerce	6.5710335	4.3638706	6.4104357
plant	5.5011077	4.311788	5.2462435
walk	5.6907043	4.336745	4.504777
difference	5.4255595	4.099563	5.185385
hang	4.3618617	4.470577	3.7052875
following	6.4547434	4.374573	5.6348104
employ	5.864469	4.438906	5.698424
