deal	4.9456105	4.953963	5.0717425
study	6.8725257	4.2836237	6.0135837
afford	6.6806903	4.485892	5.617447
service	6.149278	4.9534473	5.9857
height	5.4605045	4.6649485	5.2992706
prospect	7.1932697	5.3192115	6.3330708
pleasant	7.384384	3.9379542	4.8710303
shade	5.472354	3.5754535	4.356101
listen	5.456141	4.892066	4.4556003
mighty	5.7685575	5.386792	6.223977
country	6.3116207	4.859505	6.214634
title	6.777417	3.994452	5.864816
choose	5.537707	4.2380023	5.3232903
village	5.628407	4.167339	4.828056
acquire	6.98758	5.0770526	6.748041
rank	6.1381025	5.7064037	6.450782
bow	5.6513524	4.1413703	5.043091
doctor	4.6932817	4.618311	4.8096714
talent	7.395131	5.612994	7.186225
source	6.3769035	4.7088246	5.8719134
lead	5.4958906	5.2316437	5.6723666
question	5.156365	4.959736	5.7353244
publish	6.822659	4.781294	6.687864
interest	6.6575284	5.168529	6.395875
serve	5.4986157	4.5319777	5.1810255
divine	6.4888344	5.2000947	6.552415
put	5.1195135	4.387662	4.6861043
shadow	4.9071636	3.6379209	4.28171
practical	6.4369774	4.3783164	6.3305874
surface	5.629586	3.2325451	4.3884373
account	5.6062083	5.002676	5.445557
loss	4.180002	4.8914886	4.0841575
indian	5.1593804	4.5763364	5.204955
vine	5.871441	4.189362	4.77206
certain	5.631511	4.717279	5.4473467
sin	3.7017698	5.2718277	4.4958487
necessity	5.2767982	5.1135397	5.699815
lose	5.0904346	4.7448435	4.657523
private	5.6057353	5.028191	5.7267475
gentleman	6.5438786	4.9161215	5.9806337
daughter	6.626855	4.8207297	5.563464
drive	4.0350175	6.1401196	5.203462
strange	5.0641427	5.197025	4.6494713
journey	5.9498205	4.198792	4.6700096
uncle	5.7902713	5.1451592	5.720447
species	6.0022583	3.860501	5.399091
think	5.6313295	4.7821574	5.0713553
bed	5.1862416	3.5675304	3.822408
wind	4.652692	4.9258146	4.828876
bless	6.8100204	4.1390195	5.2818933
destroy	3.6757112	5.299362	4.5162725
author	6.2116218	4.8455153	5.9575686
sustain	5.666376	5.0380926	6.1268835
black	4.1630244	4.0927773	3.9327826
event	6.235056	5.373669	6.512368
liberty	6.2346153	5.177543	6.652219
negro	5.3356185	5.1375732	4.817601
little	6.0762854	4.1452727	4.6994095
fortune	6.4735126	5.391038	6.1418695
touch	5.502679	4.497114	4.608889
kill	3.5800636	5.93458	4.3847504
feature	6.2345877	4.4906673	5.8508587
happiness	7.085092	4.761484	5.9773474
assume	5.3883896	4.7775106	5.5985503
notion	4.7428145	5.217293	5.3418846
purchase	6.1558886	5.0144353	5.9650955
faithful	6.4821177	5.0886207	6.4593987
soldier	5.565443	5.6478624	6.307603
father	5.8793507	4.6499577	5.472698
narrow	4.114317	4.046594	4.4373975
great	6.3494267	4.9703217	6.3825827
tear	3.8911357	4.8373847	3.5718608
honorable	5.811601	5.2770505	6.469114
previous	5.6023846	4.737604	5.3183312
good	6.3645444	4.62639	5.3990183
domestic	6.2252665	3.8483112	5.203847
glory	7.6776056	5.3638873	7.184673
lay	5.1962695	4.026835	4.6012707
occasion	5.8744483	5.221522	5.84942
guard	5.3280725	5.5492744	6.3242984
whole	6.1329145	4.3699617	5.6451235
mouth	4.821292	4.713213	4.311966
receive	6.554785	4.709442	5.887434
take	5.5260544	4.428354	4.87403
simple	6.95015	3.9218497	5.5714498
error	3.358104	5.187454	4.589847
wisdom	7.6770515	4.359012	6.9686165
rock	5.0242295	4.3618536	4.8573375
decide	5.49957	5.349283	5.8503113
exclaim	5.7613106	5.547413	5.2284493
assure	6.5449586	5.4346457	6.2615213
sign	5.745786	4.677644	5.4761877
preserve	6.391159	4.0261903	5.648822
commerce	6.6713605	4.323232	6.396288
plant	5.6993213	3.9380856	4.929875
walk	5.797083	4.348645	4.560838
difference	5.4358797	3.805159	4.809142
hang	4.438035	4.6971765	3.9846222
following	6.619995	4.162196	5.575209
employ	5.908717	4.463049	5.675082
