deal	5.005273	5.140433	5.29079
study	6.874237	4.058457	6.03521
afford	6.6901565	4.568821	5.62213
service	6.3677154	4.7538877	6.034106
height	5.6776567	4.333546	5.343606
prospect	7.17243	5.0395164	6.3474517
pleasant	7.0036187	3.6846147	4.3657093
shade	5.6479506	3.4041827	4.572041
listen	5.39921	4.895902	4.76381
mighty	5.87089	5.4965034	6.0995035
country	6.065901	4.931724	6.1318474
title	6.5490303	4.1097913	5.947127
choose	5.4593935	4.1855345	5.1768513
village	5.5006833	4.3073206	4.8924603
acquire	6.7490807	4.8665023	6.5611987
rank	5.7607384	5.736775	6.351738
bow	6.0737605	3.9057436	5.077884
doctor	4.7541075	4.759767	4.8701563
talent	7.4716535	5.6827793	7.17188
source	6.538037	4.317163	5.72439
lead	5.4382625	5.601178	5.5450974
question	5.48088	4.814478	5.86587
publish	6.564857	4.6821246	6.4241323
interest	6.2361054	5.198351	6.3180633
serve	5.733091	4.459381	5.0413895
divine	6.534991	5.112522	6.3976364
put	5.228041	4.43838	4.652074
shadow	4.9803033	3.6202312	4.189863
practical	6.3966284	4.3534536	6.1689663
surface	5.755963	3.1565995	4.624242
account	5.4397173	4.885064	5.4122376
loss	4.2897573	5.042315	4.387008
indian	4.870688	4.6084404	5.108795
vine	5.606641	3.8695447	4.508395
certain	5.562243	4.851665	5.563738
sin	3.5645738	5.2828116	4.4120703
necessity	5.37632	5.3494005	5.8326883
lose	5.1136017	4.7375975	4.598301
private	5.4969006	5.087286	5.610046
gentleman	6.6420374	4.928348	5.8770566
daughter	6.4867334	4.6194525	5.4907446
drive	4.029208	6.032673	5.0136733
strange	4.944021	5.0050445	4.5317917
journey	6.103105	4.00449	4.6999035
uncle	5.64491	5.1173515	5.6718044
species	5.870446	4.295384	5.2750044
think	5.6945405	4.593403	4.985691
bed	5.104355	3.6498919	4.0700846
wind	4.704776	4.980651	4.7730656
bless	6.594317	4.151603	5.2366767
destroy	3.4183257	5.3494854	4.3311844
author	6.1498985	4.842304	5.7841406
sustain	5.6755366	5.0812373	6.1096106
black	4.358106	3.920436	4.0704184
event	6.210351	5.275776	6.5076036
liberty	6.243332	5.122994	6.548618
negro	5.548167	4.994243	4.803885
little	6.0404654	4.1423655	4.61732
fortune	6.518933	5.3709545	6.2898393
touch	5.748385	4.438361	4.605289
kill	3.7583444	6.009157	4.601141
feature	6.5159225	4.370696	5.937888
happiness	7.0144324	4.520035	5.888751
assume	5.2486076	4.8351517	5.3890457
notion	4.7217054	5.3271036	5.609643
purchase	6.0129933	4.9730177	5.689953
faithful	6.193728	4.901598	6.1163545
soldier	5.4385204	5.6315494	6.205409
father	5.840083	4.5669127	5.460752
narrow	3.984989	4.0952554	4.1688323
great	6.3307805	5.001684	6.341633
tear	4.0898905	4.9966807	3.7463982
honorable	6.0020847	5.5289826	6.587864
previous	5.305605	4.583011	5.288594
good	6.3113356	4.6155066	5.4244857
domestic	5.979234	3.8149734	5.1592865
glory	7.594116	5.497134	7.118828
lay	5.4221582	4.043699	4.7134776
occasion	5.820169	5.419021	5.781972
guard	5.2833934	5.584627	6.22444
whole	6.0612693	4.4257054	5.5955205
mouth	5.3952627	4.50818	4.668163
receive	6.541627	4.7031603	5.906876
take	5.5378923	4.341104	4.755373
simple	6.5985622	3.9451933	5.4873195
error	3.8199165	5.238388	4.906322
wisdom	7.412834	4.1260014	6.9487123
rock	5.126816	4.4171414	5.094521
decide	5.5205965	4.82558	5.7825994
exclaim	5.8358526	5.868952	5.5558295
assure	6.644499	5.2106056	5.875194
sign	5.45427	5.074626	5.183587
preserve	6.2165833	4.2988863	5.669072
commerce	6.389938	4.5782833	6.2683053
plant	5.5026565	4.062852	4.9806437
walk	5.6403794	4.3250966	4.4791455
difference	5.449888	3.595434	5.0009966
hang	4.4278755	4.398599	3.899259
following	6.5707564	4.243832	5.4657774
employ	5.8081474	4.593001	5.705595
