deal	4.7623563	5.345553	5.061754
study	6.8686185	4.258824	6.0872884
afford	6.5607758	4.4126863	5.68133
service	6.1336994	5.0082254	6.0334544
height	5.299304	4.6617393	5.347559
prospect	7.331536	5.0015163	6.343415
pleasant	7.2919097	3.6126442	4.418439
shade	5.6172924	3.5292933	4.5000625
listen	5.6955705	4.816409	4.720585
mighty	5.808017	5.2985697	6.1576357
country	6.0567884	4.809686	6.162568
title	6.8534555	3.999301	5.9690814
choose	5.7305017	4.3108916	5.4211626
village	5.5173836	4.08669	4.863659
acquire	6.9843984	5.2021074	6.848273
rank	5.8527913	5.4713364	6.476569
bow	5.623258	4.222466	5.013797
doctor	4.652228	5.0282855	4.9747753
talent	7.345179	5.8507886	7.3340864
source	6.5990896	4.5283513	5.930266
lead	5.322367	5.378676	5.5295715
question	5.342893	5.020137	5.90703
publish	6.6227026	4.3528943	6.46607
interest	6.416469	5.230496	6.408924
serve	5.377265	4.706478	4.990701
divine	6.3632812	4.813395	6.456382
put	5.0698805	4.258267	4.5492325
shadow	5.077301	3.7584805	4.3543653
practical	6.525959	3.9558852	6.263725
surface	5.4949365	3.361053	4.633781
account	5.461112	4.9810214	5.357269
loss	4.142991	4.9914536	4.399037
indian	5.24427	4.711516	5.3856325
vine	5.5214505	4.2878876	4.6647806
certain	5.6491404	4.634183	5.453824
sin	3.2712731	5.0849237	4.216118
necessity	5.619465	5.0546384	5.995945
lose	5.0312176	4.769607	4.638422
private	5.3249917	4.985202	5.6601815
gentleman	6.7157345	4.7858315	5.9537315
daughter	6.6173487	4.7710896	5.661923
drive	3.9912648	6.0421486	4.969423
strange	5.0192733	5.1191072	4.624051
journey	6.2055855	3.7353442	4.6248918
uncle	5.808226	4.933844	5.4476175
species	5.691521	4.1095476	5.2944546
think	5.5169277	4.757381	4.8979373
bed	4.7318807	3.964687	4.0164237
wind	4.549793	5.1449833	4.813812
bless	6.5995045	3.9563494	5.162984
destroy	3.385915	5.5256324	4.365837
author	6.294768	4.7631598	5.83745
sustain	5.9897604	4.974947	6.2744617
black	4.1996336	3.8676634	4.216747
event	6.031778	5.3428516	6.3703356
liberty	6.297249	5.021955	6.4644732
negro	5.341004	4.8234262	5.1081266
little	6.0149627	4.1251435	4.575308
fortune	6.3450894	5.3996964	6.297142
touch	5.7386327	4.6238046	4.7007613
kill	3.557812	6.247643	4.5237594
feature	6.502912	4.490569	6.0566387
happiness	6.990878	4.903297	6.1376643
assume	5.4878716	4.587826	5.570947
notion	4.81132	4.956747	5.3064055
purchase	6.13951	5.038274	5.959696
faithful	5.9351506	5.0514517	6.3851237
soldier	5.170619	5.730344	6.3791957
father	5.716075	4.5474586	5.39421
narrow	4.0038767	4.341676	4.0220385
great	6.1979556	5.0719433	6.3226113
tear	4.151951	4.7239065	3.6087
honorable	6.120314	5.2934027	6.5601826
previous	5.316155	4.737313	5.262164
good	6.2823896	4.670585	5.2998185
domestic	5.8976912	4.142027	5.24418
glory	7.349703	5.328681	6.95443
lay	5.3141336	4.0833473	4.5692024
occasion	5.684827	5.353347	5.800953
guard	5.138044	5.8904037	6.326846
whole	5.929118	4.5433702	5.5733075
mouth	5.083848	4.5779486	4.460658
receive	6.41008	4.6314063	5.9805417
take	5.4091687	4.4525104	4.7683277
simple	6.9886656	3.8285265	5.5705576
error	3.6042833	5.054015	4.797226
wisdom	7.4418836	4.05232	6.587946
rock	4.9966435	4.422782	4.969272
decide	5.304832	5.3273187	5.899896
exclaim	5.9510164	5.8055515	5.499379
assure	6.583044	4.9648156	5.9021435
sign	5.517938	4.5617337	5.0461645
preserve	6.31685	4.242138	5.647312
commerce	6.311161	4.431188	6.1704054
plant	5.031889	4.2675304	4.8126493
walk	5.634067	4.43786	4.3810606
difference	5.3779593	4.105572	4.753939
hang	4.2067103	4.6922784	4.050979
following	6.506709	4.1867266	5.6040034
employ	5.8715234	4.417203	5.482572
