deal	5.334168	5.207092	5.3856874
study	7.166069	4.249162	6.26336
afford	6.5997777	4.618879	5.7482653
service	6.607685	4.8529196	6.132228
height	5.9477906	4.742443	5.699482
prospect	7.328832	5.218336	6.547466
pleasant	7.420801	3.659833	4.582433
shade	5.641308	3.4240532	4.466814
listen	5.5527983	4.888345	4.8372865
mighty	5.607021	5.3311863	5.9205317
country	6.292491	4.872665	6.287283
title	6.593763	4.1746726	6.0670457
choose	5.928932	4.07024	5.4785695
village	5.6298385	4.0628586	4.833132
acquire	6.980832	4.9632645	6.7732296
rank	6.0245204	5.8360467	6.5970483
bow	5.615094	4.101881	5.0509257
doctor	4.6191907	4.9211655	4.9300423
talent	7.4423833	5.564999	7.158949
source	6.564458	4.4681044	5.9320107
lead	5.4867134	5.5151367	5.669075
question	5.403376	4.8964424	5.896842
publish	6.0374312	4.9739637	6.561782
interest	6.74274	5.1539164	6.4435554
serve	5.9051757	4.550862	5.2448854
divine	6.6856346	5.136825	6.4639416
put	5.0207195	4.3386946	4.5686684
shadow	4.9746647	3.6104631	4.4295287
practical	6.130802	4.2645335	6.2058897
surface	5.7564473	3.427137	4.695483
account	5.4175434	4.9260197	5.331871
loss	4.364887	4.822669	4.103885
indian	4.9663296	4.819181	5.1873918
vine	6.1806817	3.9916937	5.1361914
certain	5.720523	4.617629	5.547971
sin	3.4721417	4.9955287	4.238572
necessity	5.218629	5.1673098	5.708027
lose	5.333636	4.6888967	4.7340937
private	5.585866	5.0001316	5.8930697
gentleman	6.643591	5.096348	6.0804687
daughter	6.82615	4.6581297	5.6106544
drive	3.8060436	6.001346	4.964134
strange	5.031725	5.213927	4.6536245
journey	6.4439874	4.105814	4.9381075
uncle	5.819563	5.148593	5.6085973
species	5.678494	4.1310687	4.9809856
think	5.699961	4.744664	5.0563035
bed	5.016779	3.6884885	3.90764
wind	4.7072897	5.078177	5.0055947
bless	6.8083563	3.9816585	5.2459927
destroy	3.5591757	5.377835	4.4158435
author	6.070828	4.9659467	5.912051
sustain	5.856801	4.8454485	6.0624533
black	4.115277	3.8983495	4.038877
event	6.2852626	5.5739746	6.6161456
liberty	6.4960384	4.975638	6.6009364
negro	5.101778	5.6054	5.006924
little	6.1732454	4.2043233	4.701973
fortune	6.5959506	5.568711	6.3156614
touch	5.7601976	4.447215	4.7099934
kill	3.908958	5.946579	4.3647857
feature	6.2858024	4.4544325	5.799671
happiness	7.29981	4.89396	6.080381
assume	5.226174	4.603942	5.540344
notion	4.993753	5.4393606	5.607637
purchase	6.2881002	4.9499407	5.941577
faithful	6.4773674	4.8497415	6.315396
soldier	5.56496	5.470446	6.356914
father	5.9490166	4.4405985	5.3733525
narrow	4.086648	4.1788135	4.3795195
great	6.3255825	5.0973835	6.2975974
tear	4.1779127	4.7231474	3.592491
honorable	6.2615256	5.192404	6.552433
previous	5.460302	4.669422	5.3294945
good	6.4728513	4.592806	5.383612
domestic	6.366595	3.9774525	5.4151387
glory	7.5075836	5.4313583	7.0637627
lay	5.1823664	4.0183096	4.5722485
occasion	5.6331115	5.351493	5.6518536
guard	5.1293325	5.492782	6.303759
whole	6.1328945	4.524173	5.6969614
mouth	5.194757	4.8465896	4.5539207
receive	6.400957	4.875001	5.9451385
take	5.511372	4.490281	4.859779
simple	6.7410107	3.9609423	5.481407
error	3.776432	5.3654795	4.974242
wisdom	7.5734763	4.241959	6.8220263
rock	5.1406293	4.5711226	5.0290656
decide	5.626711	5.143986	6.0057297
exclaim	5.7003107	5.943115	5.430615
assure	6.615044	5.197796	6.045397
sign	5.3548465	4.7402678	5.3279924
preserve	6.4592013	4.0067296	5.6342616
commerce	6.3605723	4.5137396	6.3350697
plant	5.381353	4.3464193	5.1690245
walk	5.7951794	4.3029633	4.541847
difference	5.374242	3.8965857	4.8615556
hang	4.770224	4.55297	4.181666
following	6.6583257	4.231038	5.806907
employ	5.8665795	4.621841	5.7874374
