deal	4.897971	5.0671926	5.1692743
study	6.8575625	4.417554	6.198314
afford	6.530213	4.615932	5.740236
service	6.339541	5.004094	6.1141043
height	5.849199	4.5019927	5.533415
prospect	7.0562487	5.24296	6.5383377
pleasant	7.180603	3.7233765	4.4586596
shade	5.5123243	3.4453192	4.373125
listen	5.6965423	5.027296	4.856995
mighty	5.775366	5.460257	6.1473966
country	6.232246	4.960741	6.21667
title	7.1031437	4.481011	6.386999
choose	5.855709	4.2873764	5.4577684
village	5.7359524	4.3262806	4.9081497
acquire	7.2179284	4.806472	6.861293
rank	6.1130214	5.8226137	6.67086
bow	5.799227	4.3282156	5.258048
doctor	4.9094286	4.6353116	4.9748006
talent	7.5704103	5.8051653	7.309739
source	6.4364357	4.571037	6.022583
lead	5.695007	5.3629723	5.6506467
question	5.4491806	5.0570335	6.004299
publish	6.688866	4.9013205	6.649015
interest	6.55687	5.1693935	6.4460955
serve	5.564429	4.682423	5.0581064
divine	6.25362	4.946484	6.0477057
put	5.2502193	4.404396	4.555518
shadow	5.123196	3.60236	4.301208
practical	6.3234982	3.965774	6.1841993
surface	5.5599895	3.361421	4.600341
account	5.453656	5.01106	5.357751
loss	4.6697645	4.784271	4.2158933
indian	5.213724	4.683504	5.3405643
vine	5.5960736	4.195717	4.494072
certain	5.7837915	4.7395415	5.535351
sin	3.5273798	5.1652355	4.1422567
necessity	5.43242	5.3765683	5.9325576
lose	5.2807093	4.678541	4.592802
private	5.619042	5.1391087	5.87835
gentleman	6.6334157	4.9756594	5.938101
daughter	6.753454	4.855472	5.678479
drive	4.1584916	6.0713787	5.006732
strange	5.0468006	4.9294434	4.640396
journey	6.3522487	4.09764	4.7962246
uncle	5.591789	5.082238	5.3446345
species	5.7289524	4.151569	5.1751547
think	5.6222477	4.8840055	5.0461273
bed	5.14992	3.6329427	3.8080182
wind	4.569207	4.8733115	4.7782087
bless	6.847713	4.105864	5.2967577
destroy	3.7259452	5.5822353	4.567861
author	6.2396173	5.0046186	5.9469113
sustain	6.0445905	4.9834385	6.230277
black	4.3157034	4.0040493	4.225367
event	5.868702	5.565236	6.4302697
liberty	6.3297825	5.2816253	6.62698
negro	5.138848	5.1726675	4.7490783
little	6.137011	4.1357703	4.6383185
fortune	6.4817643	5.4886765	6.604643
touch	5.589896	4.47727	4.563828
kill	3.5737364	6.4337764	4.67015
feature	6.5185256	4.5470057	5.893838
happiness	7.150303	4.8366666	6.088226
assume	5.736991	4.5438547	5.6417265
notion	4.5921183	5.176326	5.159741
purchase	6.3637924	4.933032	6.064576
faithful	6.0526896	4.8311257	6.119745
soldier	5.263362	5.613963	6.2126665
father	5.927055	4.547188	5.3796563
narrow	4.03716	4.024711	4.1811695
great	6.4027205	5.078937	6.2691474
tear	4.2139893	4.8228874	3.7290468
honorable	6.100953	5.62952	6.607731
previous	5.677329	4.539339	5.288494
good	6.568955	4.7009673	5.452412
domestic	6.0323706	4.074871	5.1772847
glory	7.463858	5.3401237	6.920293
lay	5.487845	3.9746008	4.5779066
occasion	5.7419367	5.4099307	5.631539
guard	5.264766	5.4141617	6.097389
whole	6.2196016	4.3492565	5.607503
mouth	5.095239	4.7784886	4.199579
receive	6.6444297	4.6554	5.9014745
take	5.488331	4.43367	4.742492
simple	6.9236455	4.0021944	5.527022
error	3.579485	5.4336486	4.695116
wisdom	7.3181458	4.1359153	6.8920345
rock	5.2123632	4.5114017	5.149157
decide	5.4208703	5.131833	5.799712
exclaim	5.91357	5.9590936	5.5198736
assure	6.7362103	5.17102	6.1193285
sign	5.749254	4.924581	5.5176034
preserve	6.158223	4.0115237	5.418495
commerce	6.249006	4.4556384	6.1756473
plant	5.632543	4.268599	5.0585184
walk	5.846507	4.318424	4.4775395
difference	5.5860057	3.9902022	4.9814396
hang	4.290537	4.656826	3.9217439
following	6.705378	4.1803455	5.577303
employ	6.0197453	4.644634	5.9592056
