deal	5.1014333	5.301627	5.3070064
study	6.9661026	4.296989	6.112618
afford	6.5791807	4.5541706	5.6549244
service	6.2717023	5.0148153	6.1350694
height	5.6416063	4.48987	5.6929975
prospect	7.378518	5.2735763	6.4735656
pleasant	7.2449665	3.460704	4.3497267
shade	5.8903255	3.5604727	4.4908514
listen	5.6693525	4.7862215	4.637518
mighty	5.751987	5.485598	6.1957445
country	6.2317643	4.8975945	6.24393
title	6.5823007	4.4176993	6.1804276
choose	5.742941	4.352273	5.368458
village	6.0122323	4.0059834	4.950093
acquire	6.856573	4.927377	6.765122
rank	5.9629574	5.817399	6.414523
bow	6.113629	4.183319	5.1321683
doctor	4.4228277	4.682082	4.7195024
talent	7.5769086	5.834362	7.0982714
source	6.4001718	4.605833	5.957579
lead	5.304636	5.4958525	5.463928
question	5.4632134	5.0462275	5.865242
publish	6.2726674	4.944227	6.511924
interest	6.6193357	5.2184515	6.4034224
serve	5.6687675	4.5351434	4.913286
divine	6.416484	5.2025766	6.249771
put	5.2012506	4.4386144	4.612998
shadow	5.3291016	3.7855062	4.499453
practical	6.214572	4.0879893	6.1167564
surface	5.680723	3.4310064	4.797153
account	5.526993	5.148384	5.5398946
loss	4.625817	5.048372	4.4564605
indian	5.1146607	4.4837255	5.17915
vine	5.84803	4.205722	4.8756156
certain	5.5838757	4.7154436	5.4980717
sin	3.696222	5.1668463	4.39508
necessity	5.3491936	5.3927097	5.8116097
lose	5.289445	4.7554708	4.788631
private	5.59273	5.097366	5.8503075
gentleman	6.5092173	5.0259643	5.8545465
daughter	6.5110416	4.7775126	5.7116203
drive	4.107274	6.1736746	5.253823
strange	5.038961	5.1102448	4.513736
journey	6.3360023	4.0086927	4.8119626
uncle	5.734184	5.168168	5.457034
species	5.8571453	3.9475858	5.148285
think	5.7669697	4.7592697	4.964374
bed	5.0805244	3.4571366	3.9433694
wind	4.768752	5.2149725	4.8594317
bless	6.659273	4.1163707	5.1783595
destroy	3.7927144	5.450488	4.8095126
author	5.9854817	4.9809937	5.7924786
sustain	5.910747	4.949556	6.0866585
black	4.321727	3.8497946	4.063919
event	6.324588	5.4113545	6.535277
liberty	6.355425	5.261891	6.6958704
negro	5.3034167	4.8359766	4.8898687
little	5.9992948	4.1696925	4.5480967
fortune	6.5160832	5.5957174	6.351824
touch	5.3977118	4.559704	4.5848427
kill	3.6416578	5.8609085	4.415859
feature	6.885651	4.669224	6.229868
happiness	7.131984	5.059279	6.2613025
assume	5.4631414	4.5732126	5.4710917
notion	4.709683	5.39114	5.3014016
purchase	6.0240536	4.975455	5.9746394
faithful	6.2133884	5.0289936	6.2166986
soldier	5.280052	5.6146255	6.100667
father	5.926503	4.3998046	5.387042
narrow	4.045332	4.146129	4.248745
great	6.3581	5.026606	6.2622013
tear	4.149374	5.0046196	3.7898295
honorable	6.287581	5.308757	6.4528747
previous	5.4435616	4.3985023	5.0674
good	6.4578643	4.647375	5.369398
domestic	6.02188	4.135602	5.469091
glory	7.651518	5.319534	7.0755453
lay	5.338621	4.1155167	4.53441
occasion	5.630104	5.424326	5.7898917
guard	5.288904	5.62656	6.341092
whole	6.059495	4.4404936	5.5790606
mouth	5.0404916	4.806023	4.4533715
receive	6.477262	4.8941646	5.959234
take	5.4348073	4.4879255	4.802291
simple	6.9304867	3.8548574	5.381178
error	3.628868	5.259774	4.770187
wisdom	7.4113917	4.090878	6.400611
rock	5.180845	4.395946	5.0286016
decide	5.4938583	5.0827985	5.729137
exclaim	5.6353087	5.8546643	5.332474
assure	6.6899195	5.3525524	5.9685016
sign	5.7191367	4.9862943	5.382158
preserve	6.256989	4.107537	5.6156025
commerce	6.5028224	4.394481	6.222518
plant	5.7182207	4.320695	5.193964
walk	5.799592	4.4261975	4.4874196
difference	5.6174703	4.0727005	5.139122
hang	4.686969	4.382542	4.0441175
following	6.4443398	4.373831	5.559492
employ	5.825185	4.4984303	5.648148
