deal	5.1105227	5.1061077	5.197626
study	6.815715	4.273013	5.8196673
afford	6.590103	4.6057305	5.7953
service	6.5521655	4.806544	6.1379056
height	5.6867795	4.6131463	5.594818
prospect	7.037715	5.1166515	6.249859
pleasant	7.358962	3.8084211	4.417451
shade	5.638745	3.463324	4.3157673
listen	6.0648003	4.5294986	4.7511644
mighty	5.850469	5.2874475	6.0358114
country	6.2603245	4.7809734	6.0983744
title	6.8217773	4.214642	6.043374
choose	5.9089036	4.198764	5.304017
village	5.8083153	4.1476088	4.66566
acquire	7.3404164	5.225545	7.008477
rank	6.062184	5.6241693	6.254826
bow	5.748422	4.146607	4.790865
doctor	4.6477733	4.849064	4.718851
talent	7.6351123	5.5485373	7.24026
source	6.303025	4.7119007	5.9219933
lead	5.5638957	5.4294796	5.4391074
question	5.374805	5.090085	5.9134245
publish	6.575118	4.306079	6.3645697
interest	6.5842943	5.1951885	6.4581785
serve	5.916385	4.5946016	5.2569485
divine	6.231878	4.8414483	6.104321
put	5.162625	4.306842	4.4896817
shadow	5.0383005	3.6270556	4.3868184
practical	6.657192	4.141769	6.2736187
surface	5.7359986	3.0522716	4.423769
account	5.487722	5.129853	5.48415
loss	4.436157	4.746865	4.1472383
indian	5.2948904	4.6769505	5.1555796
vine	6.04169	3.895943	4.8565435
certain	5.707852	4.8462567	5.626402
sin	3.3197496	5.134226	4.083309
necessity	5.269411	5.3808026	5.851722
lose	5.2644806	4.710919	4.5137362
private	5.687335	4.9264016	5.824834
gentleman	6.67976	4.8905168	5.795958
daughter	6.727042	4.7091656	5.487165
drive	4.0043535	5.9187193	4.795377
strange	4.9038467	5.1572423	4.4732523
journey	6.1372476	4.008288	4.406006
uncle	5.622581	5.275228	5.4819446
species	5.537554	4.120246	5.455071
think	5.783915	4.7182927	4.906051
bed	5.0239654	3.4557252	3.8796701
wind	4.6251035	5.217722	5.0014267
bless	6.681514	4.037599	5.2711782
destroy	3.6061072	5.521182	4.480704
author	5.9492507	4.949162	5.7832727
sustain	5.7813525	4.7908525	5.905247
black	4.0223036	4.0470886	4.0149837
event	6.1459217	5.456457	6.3389564
liberty	6.263066	5.0841436	6.220529
negro	5.090744	5.120043	4.7842517
little	6.225726	4.164951	4.6378593
fortune	6.396772	5.318883	6.1185064
touch	5.757488	4.512719	4.6408024
kill	3.773785	6.1930256	4.460228
feature	6.3608003	4.5376062	5.8454075
happiness	7.317466	4.9689236	6.0400357
assume	5.2724032	4.576818	5.2977266
notion	5.0673623	5.374225	5.267912
purchase	6.287446	4.710603	5.913128
faithful	6.1893535	4.9471126	6.609144
soldier	5.6450853	5.330827	6.047551
father	5.95907	4.484489	5.252357
narrow	4.158386	4.375817	4.2376857
great	6.390108	5.0451856	6.27581
tear	4.224926	4.7868023	3.7409153
honorable	6.365702	5.1684613	6.57897
previous	5.4720697	4.6164174	5.4060206
good	6.446004	4.693291	5.3384433
domestic	6.068443	3.898756	5.249274
glory	7.5604286	5.312456	6.821129
lay	5.329	4.0019784	4.478133
occasion	5.692086	5.223571	5.7396045
guard	5.011166	5.35582	6.0621357
whole	6.135103	4.2486067	5.5205345
mouth	4.9974337	5.009024	4.5670424
receive	6.353319	4.606809	5.829688
take	5.4661455	4.382584	4.6441917
simple	6.906316	4.072344	5.5258546
error	3.5508003	5.4852037	4.8790402
wisdom	7.6998725	3.9305377	6.622142
rock	4.9937706	4.5326285	5.056593
decide	5.5398417	5.148547	5.702863
exclaim	5.863862	6.007397	5.6382756
assure	6.5419326	5.167252	6.065602
sign	5.43989	5.3214808	5.7025175
preserve	6.53236	4.2449327	5.808224
commerce	6.423665	4.4158173	6.130644
plant	5.455537	4.159129	5.0090685
walk	5.883746	4.3388624	4.4924917
difference	5.4667377	4.056731	5.0616565
hang	4.5288305	4.594769	3.9943874
following	6.528984	4.412256	5.5581007
employ	6.128699	4.4248543	5.770398
