deal	4.841511	5.138109	4.9658985
study	6.7590714	4.3942204	6.184785
afford	6.5751705	4.6277847	5.8825893
service	6.310701	4.9765844	6.1322713
height	5.779691	4.5672784	5.6262207
prospect	7.155344	5.111559	6.562663
pleasant	7.2422123	3.5336092	4.315671
shade	5.5026813	3.4776511	4.4050446
listen	5.7369194	4.7756433	4.595942
mighty	5.6381545	5.6419373	6.0398126
country	6.205137	4.81518	6.12374
title	6.4812083	4.3666267	5.9798646
choose	5.8498173	4.201355	5.3604136
village	5.7010317	4.096179	4.806088
acquire	7.221447	4.9155455	6.947201
rank	5.9581985	5.671051	6.298937
bow	5.764146	4.088261	5.1519065
doctor	4.92883	4.6817045	4.7901845
talent	7.5617814	5.6217055	7.22443
source	6.3787365	4.2505584	5.690623
lead	5.30523	5.288341	5.3821354
question	5.3584585	4.939901	5.9028025
publish	6.258655	4.772108	6.401839
interest	6.472162	5.2950435	6.528951
serve	5.5941033	4.5922666	5.0471997
divine	6.32424	4.801888	6.0646534
put	5.075713	4.2467585	4.434266
shadow	4.90875	3.7497249	4.506767
practical	6.3871922	4.315217	6.3374343
surface	5.38381	3.5710125	4.52092
account	5.4500904	4.9319077	5.372522
loss	4.4690895	4.6262403	4.041799
indian	5.190785	4.587847	5.196622
vine	5.4418755	4.1308775	4.530816
certain	5.6027417	4.9089375	5.656932
sin	3.4251487	5.000031	4.3220363
necessity	5.470576	5.182269	5.878312
lose	5.0742064	4.7236466	4.6014237
private	5.5071526	5.0656533	5.574054
gentleman	6.5824437	4.9463825	5.950803
daughter	6.5849924	4.61191	5.631049
drive	3.970089	5.901597	4.8666167
strange	4.909768	4.969005	4.602136
journey	5.9000316	4.1313744	4.695263
uncle	5.6420183	4.8781624	5.310094
species	5.576832	4.1589255	5.024152
think	5.5706663	4.7376513	4.9490495
bed	5.3980327	3.5832353	4.058123
wind	4.524709	4.927084	4.677156
bless	6.906099	3.943241	5.364332
destroy	3.3793514	5.4633107	4.4500794
author	6.067675	4.7633276	5.8803473
sustain	5.8895774	4.897976	6.0202703
black	4.6808767	3.7321165	4.173475
event	6.0004554	5.3982086	6.289316
liberty	6.3416877	5.195892	6.5152655
negro	4.9693394	4.9176817	4.8033323
little	5.958277	4.1493397	4.580759
fortune	6.2639112	5.5784907	6.3903356
touch	5.557535	4.3289914	4.5246186
kill	3.713423	5.9094715	4.4618683
feature	6.3029175	4.550904	5.976125
happiness	6.890509	4.8363323	5.909056
assume	5.5127144	4.692333	5.4953895
notion	4.5426636	5.343834	5.3741
purchase	6.050858	4.949358	5.7357216
faithful	6.136779	5.115331	6.3622713
soldier	5.4939423	5.439735	6.1403556
father	5.8091288	4.4111705	5.373223
narrow	4.2826967	4.2057347	4.529747
great	6.3035707	4.9235826	6.2205915
tear	4.11695	4.686004	3.6347132
honorable	6.265034	5.400508	6.521012
previous	5.644213	4.605021	5.2913895
good	6.319358	4.596073	5.2928386
domestic	6.021661	3.9324758	5.234868
glory	7.543395	5.262509	7.0171256
lay	5.347946	3.920149	4.422583
occasion	5.6901913	5.32171	5.622966
guard	5.444925	5.560253	6.354888
whole	6.06601	4.3797803	5.548459
mouth	5.2966156	4.494739	4.5287833
receive	6.498791	4.69232	5.840345
take	5.5235944	4.353686	4.821712
simple	6.9013557	3.8367574	5.266304
error	3.5522804	5.067916	4.689774
wisdom	7.7644005	4.117847	6.7119384
rock	5.033541	4.42034	4.9741488
decide	5.5862103	5.339952	5.8469706
exclaim	5.7882977	5.9668846	5.5346828
assure	6.5793643	5.1646996	6.0256505
sign	5.510271	4.9845533	5.4941254
preserve	6.31519	4.1232452	5.5770793
commerce	6.1587286	4.5160437	6.4601746
plant	5.3269157	4.2732224	5.03578
walk	5.7233663	4.297246	4.3706403
difference	5.108593	4.2306385	4.814752
hang	4.33984	4.4301586	3.90095
following	6.521805	4.1009645	5.4920864
employ	5.9540343	4.402765	5.6664934
