deal	5.0594287	4.9045095	4.9702835
study	6.8394046	4.3124084	6.049759
afford	6.4873424	4.3788233	5.606413
service	6.433027	4.8109984	6.1838083
height	5.6422462	4.6042027	5.476099
prospect	7.128118	5.153474	6.316998
pleasant	7.388358	3.6225314	4.4317894
shade	5.5438304	3.47458	4.40193
listen	5.757681	4.7800007	4.9296927
mighty	5.5687404	5.163931	5.975035
country	6.072086	4.819769	6.063586
title	6.7668314	4.1350427	6.056755
choose	5.6931214	4.212176	5.2691956
village	5.7493095	4.0313363	4.876438
acquire	7.325829	4.870439	6.7544346
rank	5.822664	6.004979	6.7128863
bow	5.9953504	4.3296275	5.329974
doctor	4.5443196	4.7530336	4.81785
talent	7.4175286	5.562711	7.1677995
source	6.717663	4.29895	5.782728
lead	5.44586	5.3390203	5.5052176
question	5.2593756	4.946752	5.736766
publish	6.608284	4.821298	6.724547
interest	6.4726315	5.0467415	6.2349944
serve	5.608165	4.4934664	5.057052
divine	6.3163905	4.867315	6.2484007
put	5.049907	4.3300614	4.557495
shadow	4.854484	3.3465424	4.241155
practical	6.3401875	4.2040477	6.282717
surface	5.848585	3.29985	4.6701875
account	5.416154	4.987604	5.3757014
loss	3.92539	4.9491606	4.0348625
indian	5.1657553	4.6949806	5.2431097
vine	5.872933	3.9987466	4.6235275
certain	5.6099854	4.6836085	5.4081373
sin	3.7086332	5.120385	4.3464966
necessity	5.3008213	5.081132	5.5782065
lose	5.0357	4.685621	4.596598
private	5.4188685	4.9037166	5.55081
gentleman	6.6296883	4.765319	5.9542003
daughter	6.6186757	4.9580445	5.643576
drive	3.9369667	5.994265	4.976008
strange	4.881652	4.9918847	4.502561
journey	5.920547	3.7648177	4.4787974
uncle	5.610559	5.148807	5.430263
species	5.5702715	4.1499596	5.1599264
think	5.505766	4.717913	4.966348
bed	4.965276	3.4696898	3.8065395
wind	4.5679307	5.099547	4.8572598
bless	6.4385853	3.8898902	5.0779076
destroy	3.3948417	5.550926	4.4529057
author	6.223988	4.9861884	5.911359
sustain	5.783716	4.861228	5.95481
black	4.3932285	4.152588	4.4060645
event	5.992255	5.45671	6.545787
liberty	6.3733325	5.273581	6.543911
negro	5.1613407	5.1897326	5.010456
little	6.024007	4.1139994	4.663395
fortune	6.570174	5.3824387	6.3501434
touch	5.6044803	4.5666165	4.6363983
kill	3.7223868	5.958678	4.542723
feature	6.4935727	4.522146	5.940894
happiness	7.1286216	4.8448744	6.0455675
assume	5.370959	4.776992	5.560666
notion	4.7921853	5.228543	5.333374
purchase	6.2910767	4.998825	6.069909
faithful	6.0762563	5.102904	6.2002745
soldier	5.347965	5.645076	6.4685063
father	5.9425893	4.488048	5.360858
narrow	4.557738	3.9858136	4.3471303
great	6.280882	4.914328	6.2265205
tear	4.061572	4.911051	3.6615787
honorable	6.0547357	5.2919073	6.4585524
previous	5.3215313	4.7717905	5.0387387
good	6.4143147	4.475065	5.357984
domestic	5.7077713	3.9340608	5.107485
glory	7.543672	5.5371003	6.946464
lay	5.331732	3.9598613	4.569356
occasion	5.673411	5.378355	5.733673
guard	5.181574	5.7149525	6.372026
whole	6.024894	4.4431925	5.591833
mouth	5.035967	4.6154056	4.4384055
receive	6.350709	4.666811	5.838489
take	5.4928036	4.4050865	4.8480735
simple	6.808659	3.8771343	5.4952536
error	3.672471	5.4748826	4.7684326
wisdom	7.507981	4.0676537	6.6884766
rock	5.272991	4.5194507	5.1242113
decide	5.534161	5.2896967	5.986434
exclaim	5.7959538	5.990328	5.525203
assure	6.534713	5.0291853	6.0247364
sign	5.5899906	4.997481	5.4713154
preserve	6.344842	4.1198463	5.623675
commerce	6.2672157	4.217163	6.1936398
plant	5.1429353	4.285501	4.9757757
walk	5.898865	4.3676996	4.7620845
difference	5.298799	3.832885	4.802961
hang	4.475909	4.46426	4.0758767
following	6.6080065	4.2753644	5.494451
employ	5.731253	4.5770283	5.627656
