deal	4.78424	5.09258	5.134159
study	6.807962	4.1526175	5.9175105
afford	6.4472	4.27515	5.412837
service	6.471253	4.654887	6.1816196
height	5.728772	4.5144877	5.535179
prospect	7.261097	5.161421	6.28321
pleasant	7.1123705	3.846015	4.4398236
shade	5.4618526	3.3687444	4.3394346
listen	5.5240555	4.8955264	4.6399455
mighty	5.797265	5.4269114	6.179449
country	6.1352587	4.8087296	6.1374745
title	7.1154137	4.2614045	6.2798157
choose	5.7627907	4.3546276	5.455017
village	5.797775	4.058383	4.702174
acquire	6.709181	4.974665	6.660527
rank	5.9419384	5.8677187	6.5140896
bow	5.394049	4.1606307	5.013103
doctor	4.6977243	4.51683	4.723648
talent	7.4900203	5.80265	7.181736
source	6.3788366	4.5194597	5.8568115
lead	5.57936	5.4586844	5.622651
question	5.4240828	4.8066573	5.6994905
publish	6.360132	4.7759247	6.6707373
interest	6.4903436	4.961944	6.1644983
serve	5.7735553	4.5637226	5.383228
divine	6.280677	5.203508	6.167156
put	5.0990596	4.416284	4.609868
shadow	4.857184	4.0570707	4.4361033
practical	6.2578983	4.182565	6.0935163
surface	5.2633123	3.4308634	4.4301367
account	5.383502	5.0374517	5.413317
loss	4.713062	4.8774314	4.40332
indian	5.286326	4.758719	5.374959
vine	5.696397	4.503086	4.616682
certain	5.7409644	4.6804385	5.52881
sin	3.5228422	5.1119943	4.0112257
necessity	5.4169827	5.266858	5.702224
lose	5.2275634	4.802177	4.6346745
private	5.397352	5.0667586	5.6552463
gentleman	6.579409	4.9200063	5.730988
daughter	6.6766005	4.5763307	5.367546
drive	3.842184	5.9822826	4.9141836
strange	4.9303713	4.9520493	4.510902
journey	6.357943	4.0222945	4.4718723
uncle	5.906244	4.8112173	5.4743147
species	5.6777353	4.1603894	5.134487
think	5.6099014	4.7550106	4.8954763
bed	4.9464073	3.5515273	3.7843995
wind	4.579611	4.9909897	4.8238983
bless	6.628693	4.010558	5.226729
destroy	3.3948293	5.6097126	4.4837837
author	6.1529245	5.031008	5.969981
sustain	6.06462	4.9634304	6.219039
black	4.067791	4.0411644	3.9804413
event	6.16563	5.2289057	6.5302033
liberty	6.335397	4.990182	6.3900113
negro	4.947044	5.1081057	4.780068
little	5.9950676	4.1721992	4.5552163
fortune	6.5965433	5.566018	6.2630997
touch	5.597124	4.470235	4.6595554
kill	3.6938388	6.0260186	4.5363426
feature	6.385824	4.2107806	5.539533
happiness	7.239248	4.7277913	5.992463
assume	5.3774095	4.7747974	5.4879503
notion	5.04979	5.3278065	5.5160756
purchase	6.1829	4.591076	5.7539334
faithful	6.4932323	5.033944	6.3362083
soldier	5.5402856	5.3841453	6.3966856
father	5.843178	4.2858443	5.1009893
narrow	3.8317564	4.160069	4.0695553
great	6.3924594	4.921173	6.2603793
tear	4.088868	4.834466	3.6014054
honorable	6.351493	5.4976077	6.6631165
previous	5.4777937	4.7406187	5.2806325
good	6.4628725	4.6274447	5.3704267
domestic	6.038381	3.9475484	5.203631
glory	7.522913	5.31441	7.013186
lay	5.2696853	4.020478	4.528763
occasion	5.9727135	5.22384	5.7912526
guard	5.3524814	5.398281	6.3559732
whole	6.091814	4.4800487	5.572668
mouth	5.023456	4.5018883	4.34482
receive	6.392952	4.8168864	5.9202776
take	5.39252	4.4407787	4.7821
simple	6.73174	3.9959152	5.553378
error	3.6952767	5.415588	4.8598523
wisdom	7.814418	4.2202506	6.819885
rock	4.993545	4.4286127	4.927729
decide	5.3594475	4.9699774	5.6785336
exclaim	5.9134984	5.6995296	5.1875
assure	6.5172944	5.1184	5.9086494
sign	5.4533815	4.9109716	5.3957925
preserve	6.5624323	3.9863925	5.8521852
commerce	6.3133707	4.1642137	6.230527
plant	5.4511633	4.0938845	4.754044
walk	5.6820507	4.3056517	4.337142
difference	5.494099	3.6723132	4.7942595
hang	4.590555	4.4848704	4.308407
following	6.664486	4.3931546	5.7632236
employ	6.1262693	4.351097	5.8676376
