deal	5.0082707	5.422114	5.3157797
study	6.916936	4.3938456	6.085156
afford	6.3708987	4.427289	5.309084
service	6.4784946	4.7916865	6.010968
height	6.0465593	4.6236873	5.702986
prospect	7.0591564	5.158144	6.3017087
pleasant	7.388208	3.8380427	4.6214256
shade	5.7034526	3.3961246	4.390705
listen	5.746262	4.7619715	4.726408
mighty	5.6207128	5.232997	6.0160704
country	6.1268992	4.901587	6.088009
title	6.837161	4.2088037	6.1086884
choose	5.753195	4.226339	5.4432564
village	5.6291647	4.3685436	4.9766617
acquire	7.074334	4.799195	6.6693807
rank	5.7557063	5.6696715	6.278327
bow	6.0879493	4.1320786	5.35338
doctor	4.6482773	4.956134	4.8971457
talent	7.2409163	5.866534	7.2259703
source	6.4627976	4.5395417	5.7008777
lead	5.5203633	5.3908186	5.4876738
question	5.3946614	4.8423204	5.816497
publish	6.406378	4.6581573	6.438733
interest	6.4585567	4.9351225	6.22435
serve	6.0241594	4.6034555	5.2195168
divine	6.2923326	5.071121	6.277722
put	5.013075	4.3681946	4.5106516
shadow	5.0267706	3.6208076	4.4379277
practical	6.1941066	4.2526536	6.307807
surface	5.5430017	3.2914534	4.607835
account	5.560236	5.0661383	5.4591703
loss	4.171718	5.0725837	4.1594243
indian	5.2202353	4.777048	5.432549
vine	6.117092	3.9500039	4.7804093
certain	5.6528606	4.6849713	5.5019417
sin	3.4713717	5.1518297	4.2726183
necessity	5.24307	5.389524	5.690479
lose	5.028486	4.765826	4.6469884
private	5.386532	4.9334917	5.727797
gentleman	6.5651026	4.942012	5.881873
daughter	6.64927	4.779675	5.648387
drive	4.0204077	6.0522203	5.0858335
strange	5.0636415	5.029191	4.539917
journey	5.985678	4.0195436	4.621538
uncle	5.561162	5.225357	5.703333
species	5.7579226	3.9185286	5.103713
think	5.700255	4.816407	5.093536
bed	4.883684	3.3893611	3.692725
wind	4.6852427	5.0460367	4.897541
bless	6.7525516	3.9452147	5.3387833
destroy	3.629556	5.5076537	4.4318385
author	6.223867	4.963649	5.896781
sustain	5.650037	4.910519	6.121089
black	4.0157833	4.014957	3.809752
event	5.8459897	5.500108	6.3621316
liberty	6.4982753	4.981505	6.4282236
negro	5.2574153	4.963516	4.6117263
little	6.1536064	4.160862	4.6761827
fortune	6.3448105	5.4696198	6.149443
touch	5.525403	4.2829885	4.5178127
kill	3.8070161	6.2918386	4.6430902
feature	6.5167737	4.396179	5.930142
happiness	7.0558643	4.735024	5.7734327
assume	5.409344	4.513151	5.534395
notion	4.8280354	5.2598186	5.393639
purchase	6.004355	4.807531	5.6781363
faithful	6.0882807	4.9494224	5.9042373
soldier	5.601743	5.374973	6.1641617
father	5.9447083	4.492728	5.5263658
narrow	4.188704	3.8588943	4.0755806
great	6.2312994	5.0720744	6.2416973
tear	4.0787873	4.8697476	3.6227925
honorable	6.4315925	5.398223	6.8515434
previous	5.509645	4.6753454	5.2328525
good	6.3205585	4.7451878	5.309236
domestic	6.0502377	3.896987	5.0197577
glory	7.4213314	5.3017025	6.891915
lay	5.563744	3.9217427	4.667686
occasion	5.7177176	5.3083105	5.6323395
guard	5.216339	5.459139	6.2482257
whole	6.074498	4.505856	5.651633
mouth	4.9782114	4.7950125	4.537263
receive	6.5551767	4.591439	5.901396
take	5.4133377	4.435621	4.789047
simple	6.8765817	4.03532	5.520674
error	3.6795387	5.306017	4.773468
wisdom	7.4863763	4.378299	6.775093
rock	5.418968	4.377594	5.0862117
decide	5.3874345	5.148411	5.8168583
exclaim	5.704718	5.8456326	5.4640694
assure	6.6005845	5.213533	5.9414425
sign	5.6504855	4.7917795	5.448691
preserve	6.1674285	4.2464595	5.5634346
commerce	6.2204514	4.23768	6.070921
plant	5.7678633	4.2279673	5.1260843
walk	5.6145415	4.367998	4.3302994
difference	5.41469	4.1135416	4.9666734
hang	4.3650246	4.6096916	4.026628
following	6.613017	4.3580685	5.492148
employ	5.9517136	4.514779	5.6338177
