deal	4.7990336	5.1709633	5.04852
study	6.8624067	4.2827454	6.112584
afford	6.4158845	4.4373465	5.5099397
service	6.4281363	4.720233	6.163086
height	5.6285224	4.580259	5.5423384
prospect	7.192148	5.1177306	6.411503
pleasant	7.346071	3.8655336	4.6590586
shade	5.8088226	3.4751513	4.426523
listen	5.5452857	4.9853334	4.643653
mighty	5.671132	5.373406	6.0618925
country	6.072397	4.7906203	6.125033
title	6.830208	4.3135767	6.1678
choose	5.784813	4.2206626	5.39336
village	5.563248	4.3876557	4.7655616
acquire	7.3209276	4.7867804	6.6538286
rank	5.8614717	5.6955414	6.3110075
bow	5.756554	4.339474	5.122679
doctor	4.50713	4.7805886	4.7412286
talent	7.31774	5.728754	7.1072497
source	6.6338863	4.3868914	5.883216
lead	5.445325	5.452317	5.530066
question	5.296173	5.0229287	5.8634224
publish	6.4133453	4.7056413	6.545846
interest	6.3848453	5.355541	6.484625
serve	5.6058097	4.4045725	5.0311046
divine	6.6512065	4.8419104	6.2942257
put	5.0393276	4.334309	4.6308365
shadow	5.1442165	3.758904	4.4865284
practical	6.4347763	4.246689	6.095477
surface	5.494241	3.186548	4.4675183
account	5.511479	4.9606476	5.3766947
loss	4.4607525	4.9732924	4.2023897
indian	5.3055105	4.627835	5.1741686
vine	6.0503516	4.0131154	4.676148
certain	5.6347094	4.647594	5.4746804
sin	3.7559936	4.9966	4.175293
necessity	5.273292	5.322466	5.823964
lose	5.164573	4.7790256	4.6596627
private	5.364531	5.2469134	5.909419
gentleman	6.473524	4.868785	5.9303374
daughter	6.6910305	4.7579546	5.682585
drive	3.973456	6.005152	5.123031
strange	5.117261	5.0444355	4.565891
journey	6.4375057	3.898478	4.951361
uncle	5.7719398	4.8140144	5.4453964
species	5.731909	4.341587	5.2157555
think	5.636912	4.718782	4.96627
bed	5.109233	3.6106162	3.9254744
wind	4.3728504	5.0628443	4.666165
bless	6.8334246	4.0853167	5.243629
destroy	3.624356	5.6439857	4.388591
author	6.288976	4.7431617	5.8261886
sustain	5.7317877	4.863204	6.039194
black	4.521477	3.8637412	4.234503
event	6.128723	5.3771257	6.481216
liberty	6.299634	5.2187285	6.582207
negro	5.010819	4.96641	4.914172
little	6.1066265	4.1174974	4.64022
fortune	6.5377445	5.5165687	6.395052
touch	5.6025534	4.4496694	4.5523276
kill	3.7332637	6.1714873	4.3825817
feature	6.49661	4.3875966	5.8404827
happiness	7.022828	5.011428	6.16501
assume	5.364065	4.7201123	5.509766
notion	4.7792983	5.2184606	5.3595915
purchase	6.129488	4.896664	5.9530053
faithful	6.4953012	4.884937	6.2699594
soldier	5.4392805	5.2777576	6.1879025
father	5.7877626	4.438987	5.24969
narrow	4.0685806	4.0683503	4.253841
great	6.3624454	4.9608674	6.263138
tear	3.8859289	4.8102913	3.527091
honorable	6.082868	5.346202	6.409742
previous	5.373492	4.7920613	5.338901
good	6.4537787	4.6193504	5.3968797
domestic	6.1021395	3.8324275	5.4053974
glory	7.5613484	5.17431	6.891609
lay	5.3126125	3.969819	4.507764
occasion	5.8297334	5.367469	5.8125505
guard	5.384899	5.513403	6.228391
whole	6.0515294	4.373001	5.5583487
mouth	5.186618	4.8020706	4.510041
receive	6.412166	4.69236	5.8333387
take	5.5291085	4.3952255	4.8608956
simple	6.795581	3.8967466	5.343901
error	3.9000068	5.4906263	4.9594793
wisdom	7.7899904	4.3896036	6.8546543
rock	5.307633	4.411921	5.0036855
decide	5.3621526	5.073948	5.726696
exclaim	5.8561993	5.702019	5.345334
assure	6.6837893	5.153894	6.277784
sign	5.535548	4.9097123	5.1888866
preserve	6.137981	4.1693153	5.4887776
commerce	6.1342382	4.4586763	6.2533455
plant	5.453028	4.266756	4.8916287
walk	5.8656487	4.24339	4.506511
difference	5.502421	3.818137	5.056525
hang	4.4824944	4.5377655	3.9218473
following	6.674164	4.251573	5.4566083
employ	5.8621473	4.3583922	5.6544075
