deal	5.140416	5.293644	5.363731
study	6.74226	4.4881	6.052455
afford	6.52204	4.469467	5.710668
service	6.1087947	4.749316	5.999467
height	5.7540746	4.640396	5.597042
prospect	7.0251784	5.2398043	6.2775946
pleasant	7.2735176	3.778865	4.5889974
shade	5.3469076	3.260205	4.1345387
listen	5.6778083	4.863369	4.6469536
mighty	5.9210763	5.147992	6.099263
country	6.0347133	4.955284	6.1367226
title	6.635866	4.3737035	6.084836
choose	5.517569	4.2211676	5.3369637
village	5.7132525	4.113008	4.779045
acquire	7.0238733	5.0504246	6.884133
rank	5.9478755	5.67955	6.3168073
bow	6.022154	4.017812	4.9309187
doctor	4.6962223	4.644725	4.8159666
talent	7.4376593	5.541006	7.1225123
source	6.675101	4.5942774	5.9219456
lead	5.4703193	5.462996	5.5312085
question	5.4278827	4.910878	5.821536
publish	6.351198	4.836939	6.382122
interest	6.556787	5.114126	6.3224454
serve	5.4188156	4.4804053	5.0234914
divine	6.546525	5.1787605	6.47886
put	5.1513824	4.4310822	4.5435796
shadow	4.806852	3.3393579	4.02699
practical	6.440649	4.437581	6.334722
surface	5.6870465	3.166128	4.609417
account	5.563655	5.049379	5.466689
loss	4.3014445	4.831342	4.130369
indian	5.185725	4.7369375	5.206602
vine	6.016962	4.2629085	4.9781537
certain	5.593382	4.688369	5.56898
sin	3.5335317	5.005204	4.2166047
necessity	5.226844	5.3127275	5.871074
lose	5.065384	4.9016767	4.676168
private	5.3646226	5.150624	5.6597643
gentleman	6.575255	4.9041724	5.8078485
daughter	6.422707	4.7920837	5.3403525
drive	4.0068493	5.9565263	4.9622383
strange	5.022959	5.229638	4.705545
journey	6.1671963	3.8345468	4.5884843
uncle	5.4860797	4.941889	5.1281753
species	5.727421	3.9304206	5.1927047
think	5.601844	4.8519835	5.0275793
bed	5.518387	3.3634038	3.9395144
wind	4.9242406	4.8277864	4.9231386
bless	6.796412	4.137451	5.3090096
destroy	3.2633035	5.5961394	4.429261
author	6.201589	4.8976145	5.779895
sustain	5.8090715	4.8491974	6.0874677
black	4.1396084	3.9247446	4.0343432
event	6.176302	5.2881775	6.3486185
liberty	5.9698477	5.228667	6.2872
negro	4.849203	5.103577	4.4949536
little	6.073306	4.209882	4.567404
fortune	6.501302	5.461474	6.324895
touch	5.7517977	4.4254403	4.5786552
kill	3.6817653	6.2209654	4.599209
feature	6.373204	4.5177336	6.011337
happiness	7.0100217	4.954192	5.9051023
assume	5.3851447	4.2904854	5.340141
notion	4.752782	5.3902016	5.4328136
purchase	5.7496796	4.9348903	5.7628946
faithful	6.085611	4.8351026	6.3031135
soldier	5.3201513	5.6047096	6.2633514
father	5.8539157	4.4170504	5.3069606
narrow	4.1402845	3.8269157	4.099986
great	6.2549233	5.100358	6.2800417
tear	4.04029	4.757331	3.53533
honorable	6.1851034	5.293693	6.528279
previous	5.4916453	4.6086345	5.4223514
good	6.3559165	4.6824174	5.4345956
domestic	5.907062	4.0028915	5.22763
glory	7.676774	5.3627563	7.016883
lay	5.659475	3.947915	4.7244997
occasion	5.9897575	5.3058376	5.838037
guard	5.376583	5.4575953	6.2349405
whole	6.1539135	4.446999	5.62266
mouth	5.031522	4.8174415	4.5439196
receive	6.518194	4.6485424	5.9656935
take	5.508005	4.455048	4.8082576
simple	6.691407	4.0331187	5.546697
error	3.5658457	5.2499785	4.7469583
wisdom	7.3889685	4.2924023	6.6825576
rock	5.278024	4.3631644	5.131694
decide	5.5856504	5.1173425	5.776558
exclaim	5.9262333	5.834694	5.2962317
assure	6.5368195	5.2456856	5.8538475
sign	5.6475306	4.9713035	5.433001
preserve	6.2189326	4.3433046	5.773679
commerce	6.3453293	4.4371896	6.2640324
plant	5.5906096	4.329749	5.151152
walk	5.6629715	4.2834473	4.3486776
difference	5.507677	4.1266103	5.0137024
hang	4.5559793	4.6443677	4.1240106
following	6.629151	4.1373835	5.623559
employ	5.6394334	4.490289	5.525326
