deal	4.979929	5.325814	5.31315
study	6.8511257	4.2428203	5.954502
afford	6.6812444	4.421777	5.4711366
service	6.360692	4.836226	5.8418083
height	5.9097567	4.2649245	5.5176954
prospect	7.0890007	5.4199953	6.4811816
pleasant	7.4843216	3.7570066	4.4834766
shade	5.49682	3.462417	4.2256017
listen	5.906254	4.992597	5.0233293
mighty	5.88733	5.2984242	6.0757074
country	6.183381	4.8647633	6.0837464
title	6.5859394	4.189812	5.9423685
choose	5.5893645	4.4320316	5.3897305
village	5.7586603	4.120691	4.79874
acquire	6.920655	4.974827	6.8467445
rank	5.643669	5.640616	6.356457
bow	5.8462768	4.1020155	5.0346503
doctor	4.7826324	4.8564253	4.974465
talent	7.47146	5.583114	7.052373
source	6.472543	4.6013803	5.843356
lead	5.600383	5.486574	5.7212706
question	5.58776	4.918646	5.906469
publish	6.629477	4.6855803	6.4795895
interest	6.661719	5.187167	6.4181056
serve	5.6026397	4.89406	5.203549
divine	6.4155188	4.871748	6.210864
put	5.144224	4.391041	4.6725316
shadow	5.0731883	3.6644332	4.288131
practical	6.1978345	4.201173	6.188277
surface	5.6611757	3.130386	4.4476724
account	5.4353495	4.900439	5.2486234
loss	4.060039	5.058904	4.2404466
indian	5.0006075	4.5753055	5.055112
vine	6.055992	3.9799604	4.793901
certain	5.708243	4.794799	5.5322742
sin	3.2799704	4.9242187	3.9897416
necessity	5.0623894	5.2901287	5.659361
lose	5.078493	4.754168	4.719589
private	5.403433	5.14618	5.946147
gentleman	6.387088	4.9621983	5.9500656
daughter	6.574451	4.6434846	5.5997086
drive	4.1350155	6.0091195	5.161976
strange	4.888701	4.889173	4.403003
journey	6.362679	3.9904358	4.802056
uncle	5.6685724	5.158706	5.5855665
species	5.2442856	3.8716657	4.755111
think	5.643623	4.678838	4.938391
bed	5.091726	3.5111134	3.7581415
wind	4.6331477	5.2665453	4.9944034
bless	6.8046823	3.9801524	5.164467
destroy	3.6034954	5.5176344	4.5585475
author	6.1693654	5.0205774	5.8676615
sustain	5.9688005	4.875988	6.137918
black	4.148988	3.9464097	4.065787
event	6.0990343	5.3583426	6.339359
liberty	6.3565326	5.3464403	6.57847
negro	4.9257016	5.2510962	4.4789596
little	6.040158	4.2303104	4.686886
fortune	6.32796	5.50732	6.212609
touch	5.695848	4.593461	4.668334
kill	3.5289383	5.8933964	4.5088167
feature	6.2881236	4.4262156	5.668446
happiness	6.9497747	4.850443	5.8666916
assume	5.3026123	4.5309734	5.3212595
notion	4.663012	5.2796617	5.5020127
purchase	6.018621	5.013144	5.684751
faithful	6.456591	4.846579	6.3361564
soldier	5.379129	5.4456925	6.0625324
father	5.912982	4.386973	5.2880187
narrow	4.3438587	4.2862806	4.5659328
great	6.3060155	5.0053267	6.240428
tear	4.1031623	5.159034	3.8749433
honorable	5.9984775	5.3592463	6.592924
previous	5.3413315	4.6195936	5.195891
good	6.423916	4.6076875	5.2874722
domestic	6.0694757	4.0302463	5.097426
glory	7.5223665	5.369357	6.986821
lay	5.380695	4.071628	4.600192
occasion	5.953813	5.2927036	5.7903066
guard	5.586665	5.345405	6.1592927
whole	6.1541915	4.3875537	5.605006
mouth	5.272524	4.881542	4.8210807
receive	6.5104194	4.632314	5.776101
take	5.5421624	4.4473777	4.8241134
simple	6.7879953	3.905627	5.3734107
error	3.6567254	5.1188164	4.868239
wisdom	7.4305363	4.1316648	6.6607833
rock	5.3324475	4.33048	5.211436
decide	5.34731	5.154969	5.631637
exclaim	5.670623	5.758541	5.4026427
assure	6.3592215	5.088848	5.85672
sign	5.382469	5.1297207	5.3479266
preserve	6.423493	4.24832	5.646744
commerce	6.110822	4.7413335	6.309657
plant	5.548256	3.9523947	4.697769
walk	5.7412004	4.291969	4.4110775
difference	5.210944	3.9987814	4.717817
hang	4.434737	4.749351	4.0581408
following	6.5107517	4.369008	5.591669
employ	6.08285	4.453684	5.6512876
