deal	4.771737	5.6758957	5.4658923
study	6.6708865	4.651017	5.7617316
afford	6.954406	4.210799	5.9687753
service	6.4835777	4.5990653	5.9995184
height	5.884248	4.6366086	5.664103
prospect	7.480226	5.518112	6.7203474
pleasant	7.137384	4.159168	4.6423645
shade	5.5497313	2.8627987	4.4635115
listen	5.96334	5.058901	5.003639
mighty	5.7354846	5.3165436	6.062427
country	6.2163663	5.002584	6.5068493
title	6.79598	3.6987355	6.1213417
choose	5.8934913	4.561188	5.348815
village	5.5403166	4.0477166	4.8874874
acquire	6.8388104	4.557891	6.8666377
rank	5.9355316	4.970643	6.168582
bow	6.037105	4.730403	5.386136
doctor	4.765254	5.049966	5.0444393
talent	7.672307	5.2190514	7.3724074
source	6.4829636	4.448928	5.680429
lead	5.518387	5.4176683	5.945672
question	5.0931654	5.067585	5.81369
publish	6.4784274	4.9129295	6.4531345
interest	6.385401	5.1013737	6.3234997
serve	5.4214573	4.219766	4.8045487
divine	5.5699778	5.276531	6.0120153
put	5.3246384	4.452731	4.718596
shadow	4.987047	3.256339	4.1096525
practical	6.349427	3.791356	6.283813
surface	5.7978845	2.7171412	4.317369
account	5.711645	5.2883368	5.718097
loss	4.818633	5.0912266	4.6515636
indian	5.2381496	4.6623726	5.423894
vine	6.6539073	3.7518983	4.812165
certain	5.442919	4.7710876	5.427781
sin	3.2622004	5.115178	4.021473
necessity	4.8310146	5.476582	5.776683
lose	5.3539724	4.746983	4.855009
private	5.8160324	5.202027	5.876362
gentleman	6.374565	4.8829274	5.891004
daughter	6.763615	4.8548913	5.609742
drive	3.9402626	6.310964	5.0493073
strange	5.1220355	5.2500963	4.759628
journey	6.149427	4.365251	4.7189827
uncle	6.587605	5.4224644	5.806997
species	5.6600275	4.0805097	5.1865883
think	5.592389	4.9229927	4.8597145
bed	4.9824734	3.0430613	3.8953495
wind	4.9183445	5.4786663	5.288764
bless	6.362366	4.109097	5.4814196
destroy	3.4146674	5.888898	4.7360697
author	6.3546166	5.2144356	5.988863
sustain	5.8078175	5.277394	5.975548
black	4.694978	4.423904	4.323902
event	6.454375	5.34928	6.9225216
liberty	6.137866	5.685706	6.73454
negro	6.467428	4.8404517	5.5108423
little	5.9820232	4.0268703	4.6453943
fortune	7.0133457	4.9777203	6.3479996
touch	5.560747	4.7859354	4.6166925
kill	3.459586	6.3895903	4.994255
feature	6.255514	4.5732017	5.8327312
happiness	7.7424197	5.0663924	6.207569
assume	4.802628	4.8182554	5.1352334
notion	4.9562054	5.384724	5.7648315
purchase	6.4773006	4.4270544	6.179628
faithful	6.0399647	5.2358136	6.016118
soldier	5.4747	5.434909	6.2204247
father	6.198012	4.5257998	5.630011
narrow	3.7120624	4.398887	4.3913927
great	6.1519375	5.1873717	6.3867006
tear	4.8493724	4.8638506	3.8574452
honorable	5.936495	4.869461	6.6813736
previous	4.98436	5.0292673	5.706127
good	6.447602	4.606056	5.375625
domestic	6.410562	4.048599	5.53983
glory	7.8089504	5.3496814	7.2972107
lay	5.1436644	3.7800884	4.393937
occasion	5.7541122	5.1786165	5.7920785
guard	4.7104807	5.681798	6.3318405
whole	5.8981256	4.4605846	5.5809097
mouth	4.7420025	4.810821	4.2243547
receive	6.275402	4.8367043	6.0003858
take	5.4319944	4.690758	5.003724
simple	6.522148	3.9595807	5.467515
error	3.5303266	5.3827906	5.085985
wisdom	7.5462074	3.9401603	6.0269723
rock	5.018574	4.4676337	4.741577
decide	5.561992	5.643191	6.300897
exclaim	6.3420105	5.5483027	5.7582173
assure	7.1167564	5.4640865	6.253925
sign	5.0387554	4.8600917	5.4567337
preserve	6.113781	4.1156626	5.8741264
commerce	6.178173	4.3979807	6.298396
plant	5.4557376	4.031477	5.219038
walk	5.842162	4.383091	4.8052554
difference	5.4045963	3.8908165	4.7382126
hang	4.1370087	4.8343973	4.2773476
following	6.7935905	4.270573	5.638818
employ	5.532349	4.202501	5.0183845
