deal	4.6565714	5.340557	5.1797676
study	7.754236	4.0640216	6.449546
afford	6.705697	4.4480953	5.4313755
service	6.52862	4.986192	6.1808357
height	5.5145564	4.908852	5.7185183
prospect	7.253835	4.854801	6.678539
pleasant	7.724014	3.0652993	4.4105186
shade	5.2752037	3.820116	4.7770553
listen	5.9284177	4.67013	4.8006654
mighty	5.0845547	5.6284294	5.72162
country	6.3389907	4.8323936	6.2506676
title	6.9476595	4.558925	5.9988832
choose	5.703249	4.0709157	5.2661514
village	5.451001	4.3542676	4.738949
acquire	6.7462525	4.819183	6.5675154
rank	5.9051623	5.9963818	6.548761
bow	6.094298	4.587985	5.255829
doctor	5.1671886	5.347918	5.0132117
talent	7.581382	5.1971245	7.1546693
source	6.996976	4.580632	5.8933945
lead	5.661454	5.329015	5.498881
question	5.724366	4.7506347	5.907239
publish	6.9188223	5.1810455	6.9358406
interest	6.4697175	5.3614798	6.2488127
serve	5.8091173	4.4202023	4.791115
divine	6.1837153	5.5159664	6.2165565
put	5.252235	4.8890676	4.503086
shadow	4.8696833	3.8622699	4.481978
practical	6.318362	4.705278	6.2654037
surface	5.9259334	3.2498164	4.721266
account	5.505344	5.222658	5.164352
loss	4.600736	5.188228	4.410247
indian	4.7202954	5.016105	5.39336
vine	5.1475844	4.6631494	4.330672
certain	5.6795073	5.074585	5.8115005
sin	4.147891	5.6038527	4.8686857
necessity	5.6898384	5.152392	5.9789267
lose	5.2853994	4.8917513	4.565033
private	6.0337133	5.058678	5.8168464
gentleman	6.5167727	4.785506	5.8774033
daughter	6.6633263	4.8513727	5.60962
drive	3.8667243	6.216639	4.7154217
strange	5.087497	5.1459136	4.8299923
journey	6.566622	4.127395	5.3010774
uncle	5.7406273	5.2293606	6.11149
species	5.657361	3.914589	4.9315643
think	5.8361855	4.741316	4.797489
bed	5.0373273	3.6177874	3.4597063
wind	4.38734	5.044296	4.423216
bless	6.653781	4.141605	5.263321
destroy	3.4045372	5.8197813	4.3002677
author	6.0357227	5.095725	6.011101
sustain	6.305754	4.796466	6.392015
black	3.6667469	3.7901745	3.7684422
event	6.335656	5.231643	6.6076975
liberty	6.5676804	5.1331806	6.254994
negro	4.197862	5.37696	4.9961357
little	6.078934	4.2984066	4.5652475
fortune	6.6186996	5.242918	6.272634
touch	5.4382076	4.4701567	4.4131274
kill	3.438914	6.1716404	4.1141944
feature	6.4722605	4.573273	6.2983475
happiness	7.1082196	4.781643	5.777061
assume	5.437195	4.992663	5.6968217
notion	4.578526	5.62231	5.5835896
purchase	5.896941	5.643759	5.9488254
faithful	6.3772173	4.2315936	5.79424
soldier	5.654005	5.496147	6.2138104
father	5.9969783	4.7394485	5.4366007
narrow	4.4093046	4.501958	4.640128
great	6.2830915	4.9862328	6.1574497
tear	4.0687666	5.025131	3.3487606
honorable	6.6275544	5.4978766	7.209155
previous	6.227775	4.789424	5.6313205
good	6.5213594	4.886578	5.4704304
domestic	6.7071247	3.4979725	5.6283474
glory	7.814745	5.605813	6.9850836
lay	5.484566	4.390552	4.4880104
occasion	5.9787407	5.4327583	5.43242
guard	4.8446674	5.261828	6.0309477
whole	6.2460337	4.484884	5.6677947
mouth	5.2300916	4.562548	4.4509606
receive	6.76116	4.72868	5.893603
take	5.536513	4.6524215	4.729306
simple	6.696047	3.9474475	5.3529263
error	3.6462789	5.2111683	4.9335256
wisdom	7.2713523	3.8511076	6.3130093
rock	4.6949697	4.3504367	4.003306
decide	6.0129657	5.2429957	6.4168625
exclaim	5.58467	5.5868535	5.363028
assure	6.0047846	5.751341	6.23666
sign	4.7800965	5.2850485	4.8957095
preserve	6.094456	3.925141	5.1558785
commerce	6.108096	4.365596	5.975163
plant	5.79626	4.4860983	5.1870604
walk	5.6567426	4.6772456	4.3853216
difference	5.4176555	4.2589846	5.3068733
hang	4.432897	4.4468174	3.5524368
following	6.422593	4.041089	5.595783
employ	5.865111	4.3488755	5.856224
