deal	5.3318644	5.072485	5.4143825
study	7.03946	4.996562	6.3840885
afford	6.039712	4.779283	5.4993534
service	6.626817	5.5329804	6.448884
height	6.3009567	4.7162027	5.5906367
prospect	7.3123	5.158352	6.6157475
pleasant	7.424783	3.4519477	4.4127216
shade	5.8793936	3.4372435	4.824802
listen	5.296765	4.8094893	4.8977327
mighty	5.477463	5.270005	5.746075
country	6.306274	4.998541	6.178823
title	6.5502925	4.4753656	6.4579344
choose	5.5729337	4.331317	5.148007
village	5.6650434	4.27064	5.030539
acquire	6.9127564	5.490623	7.0448995
rank	5.886477	6.016881	6.7784567
bow	6.2880616	4.312235	5.659178
doctor	4.9860296	4.629953	4.736496
talent	7.7841454	5.5118423	7.1053505
source	5.644559	4.535657	5.92401
lead	5.4740887	5.6078544	5.5238123
question	5.4756956	5.2709675	5.863781
publish	5.689178	5.199962	6.9409966
interest	6.9275546	5.589094	6.617691
serve	5.577017	5.0743437	4.9534073
divine	6.4150443	4.7798605	6.03468
put	4.8118052	4.6725655	4.4741793
shadow	5.1823025	3.782614	4.333435
practical	6.46998	4.245078	6.8673897
surface	6.0319605	2.8854077	4.7200527
account	5.9944305	4.6778545	5.3136635
loss	4.813097	5.2817745	4.8611774
indian	5.557267	4.891108	5.4612885
vine	6.563805	2.512095	4.939934
certain	5.7457438	4.7957935	5.186786
sin	4.1346545	4.942656	4.6523433
necessity	5.5149803	5.4457912	5.986199
lose	5.1858397	4.437359	4.251125
private	5.2183747	5.5348988	5.893366
gentleman	6.5734386	5.1623445	6.406207
daughter	6.983492	4.7057395	5.5067024
drive	3.8276033	6.8812885	5.3144455
strange	4.818021	5.450944	4.243342
journey	6.5108128	3.9804108	4.7153826
uncle	6.6533327	5.3023214	5.664813
species	6.2094207	4.063302	5.4447794
think	5.5588765	4.7309594	4.8216558
bed	5.3196673	3.3882818	3.508101
wind	4.4883747	5.020566	4.9635663
bless	6.5464835	4.446017	5.224738
destroy	3.7345946	5.1937294	4.65091
author	5.968791	5.162714	6.0570183
sustain	6.170217	5.2250476	6.2807264
black	4.403774	4.6824846	4.444023
event	5.971932	5.1965723	6.1242895
liberty	6.2790265	5.4194	6.2915354
negro	5.7961254	5.6005716	5.0876155
little	5.9735613	4.269082	4.6221595
fortune	6.784843	5.095885	6.328154
touch	5.4659343	4.6040506	4.1743336
kill	3.58541	5.960775	4.1162324
feature	6.905585	5.0466146	6.6348457
happiness	7.0739374	4.6125627	5.7262287
assume	5.3344736	4.910204	5.6414394
notion	5.13515	5.829905	5.855818
purchase	5.572925	5.4555974	5.698736
faithful	5.425499	5.760302	5.9518995
soldier	5.784101	5.3889647	6.2271943
father	6.085213	4.923562	5.61065
narrow	3.4466178	4.3101654	3.6821444
great	6.3423495	4.922868	6.1360717
tear	4.029365	4.8853903	3.5673769
honorable	6.165667	5.5063667	6.796048
previous	5.332858	5.1810946	5.583266
good	6.2261186	4.7612395	5.1391864
domestic	6.4373245	3.995838	5.3929033
glory	7.4163733	4.686872	6.825142
lay	5.7145615	4.315096	4.6260595
occasion	5.5959234	5.3882127	5.8911495
guard	5.0128016	5.787515	6.1396685
whole	6.0775356	4.480706	5.6850276
mouth	5.0493937	4.392709	4.3039412
receive	6.3605704	4.7597446	5.526153
take	5.456384	4.54837	4.6545334
simple	6.9748874	3.983132	5.1893735
error	3.7306926	5.261776	4.923307
wisdom	6.9939833	4.20495	6.460661
rock	5.0347176	4.7657795	4.707066
decide	5.3781614	5.9548535	6.018533
exclaim	5.8895183	5.730309	5.377035
assure	6.3688912	5.1268296	6.217708
sign	4.988788	4.5983567	4.9236274
preserve	6.396622	3.8716354	5.163313
commerce	6.8866053	4.7219863	6.7986116
plant	6.3956385	3.2325852	5.0072336
walk	5.774133	4.437295	4.7683735
difference	5.443228	4.3434696	4.943532
hang	4.6917	4.22288	3.9622774
following	6.8302045	4.5283437	5.6838865
employ	6.128709	4.8683395	5.981364
