deal	5.5711718	5.3429365	5.6584854
study	6.756834	4.4858336	6.137349
afford	6.4832253	4.6353645	5.588236
service	6.330924	4.673525	6.1109653
height	5.7665205	4.3808117	5.8148494
prospect	6.8433437	5.297011	6.41108
pleasant	7.4045153	3.935983	4.8851786
shade	6.179784	3.5737557	4.4356065
listen	6.6088624	4.564042	5.509498
mighty	5.86613	5.940597	6.322183
country	6.1464057	4.9351673	6.2476087
title	6.4684186	4.37555	6.1427965
choose	5.7072916	4.2702637	5.3959274
village	6.5380764	4.41708	5.2527823
acquire	6.6248856	5.175608	6.580975
rank	5.6410785	5.3788185	6.2847233
bow	6.415886	4.2741113	5.1224985
doctor	4.708107	5.02365	5.0928645
talent	6.4413223	5.5863733	6.665676
source	6.4803615	4.145463	5.824478
lead	5.660499	5.386868	5.754117
question	5.593151	4.713727	5.768418
publish	6.5910316	4.633371	6.447401
interest	6.535486	5.5485754	6.533916
serve	5.343936	4.4229784	5.247815
divine	6.530134	5.344651	6.942813
put	5.3217716	4.499839	4.818039
shadow	5.044348	3.2684393	3.6849027
practical	6.365199	4.472252	6.775156
surface	5.679273	3.3565392	4.653288
account	5.544055	4.972049	5.5341263
loss	4.4860325	5.092862	4.840661
indian	5.1162643	5.1301503	5.3755183
vine	5.6490617	4.320778	4.8214836
certain	5.8575935	4.794429	5.56599
sin	4.3996687	4.948627	4.4276476
necessity	5.357462	5.4684725	5.984705
lose	5.1760335	5.125619	4.8879457
private	5.587474	5.1635733	5.90534
gentleman	7.0360107	5.0535483	6.2950363
daughter	6.7586594	4.5027895	5.6090245
drive	3.5522437	5.9291873	4.9482603
strange	5.2456117	5.3137097	4.6180882
journey	6.865534	4.3716955	5.32876
uncle	5.8110285	4.6114264	4.7614837
species	5.861911	3.8240325	5.501997
think	5.6688385	4.934134	5.1112933
bed	4.9558825	3.8685787	4.1155505
wind	4.0737395	5.118457	4.634999
bless	6.828748	4.2556524	5.303969
destroy	3.2747993	6.0087633	4.4052763
author	6.0509605	4.965863	5.757072
sustain	5.576	4.79811	5.952287
black	3.9068074	4.740248	4.45388
event	6.0508304	5.712398	6.7273197
liberty	6.206143	4.8859596	6.1925297
negro	5.6963234	5.84942	5.003972
little	6.3977475	4.089497	4.7069864
fortune	6.517669	5.6269712	6.1077423
touch	5.7496867	4.808186	4.8613095
kill	4.006634	6.1012187	4.8179207
feature	6.439342	4.6092367	5.9272757
happiness	6.776671	5.220148	5.8032002
assume	5.1830645	4.5347166	5.4998207
notion	5.2316957	5.3062577	5.4217005
purchase	6.111913	5.358208	6.1652184
faithful	6.495914	4.940779	6.469953
soldier	5.6547565	5.936862	6.717282
father	6.2170405	4.4296002	5.4607882
narrow	4.854173	3.7879384	4.3857903
great	6.209692	5.221988	6.4822083
tear	4.196044	4.566826	3.9687507
honorable	6.4943957	5.278474	6.8022304
previous	4.7563868	4.53468	5.3307447
good	6.449611	4.8061624	5.507999
domestic	5.681926	4.115603	5.028575
glory	7.5077796	5.10055	7.025075
lay	5.678156	4.0971937	5.0193305
occasion	6.015361	5.112579	5.837802
guard	5.4251604	6.0418816	6.2605796
whole	5.9411736	4.5052085	5.8478694
mouth	5.6056623	4.1510496	4.7104344
receive	6.391485	4.9627247	6.219077
take	5.611478	4.632009	4.996273
simple	6.7902446	4.371279	5.853311
error	4.4135036	5.006882	5.051638
wisdom	7.9694414	3.797986	7.188101
rock	4.9189224	4.8742113	4.9051423
decide	5.471822	5.5280514	5.7553844
exclaim	6.3725057	6.2344375	5.603896
assure	6.8762083	4.8433137	5.9640026
sign	5.580407	5.161852	5.8422327
preserve	6.4088593	4.3030868	5.8793983
commerce	6.4111085	4.279569	5.9446235
plant	5.6052713	4.7957497	5.062479
walk	5.6681337	4.398579	4.289751
difference	5.9749923	3.9103198	4.922677
hang	4.059262	4.861598	3.9912257
following	6.755292	4.0670958	5.7299666
employ	6.1800613	4.2549896	5.786341
