deal	5.184164	5.498288	4.943801
study	6.973732	4.0675864	6.007577
afford	6.368186	4.3119483	5.3223996
service	6.8362255	4.079664	5.5120664
height	5.6490116	4.3521404	5.411806
prospect	6.8118896	5.063019	6.0747485
pleasant	7.9043055	3.1948664	4.3095512
shade	5.572948	2.9815326	4.132926
listen	5.741532	4.090705	4.0078797
mighty	6.01579	5.3390455	6.5622225
country	6.108397	4.921222	6.1407213
title	6.400192	3.9786997	6.0611076
choose	5.9240727	4.0558753	5.2292533
village	5.76869	4.2199717	5.2151957
acquire	7.074923	4.820919	6.587513
rank	6.036504	5.5656347	6.5548363
bow	6.618273	3.918344	5.649952
doctor	5.214888	5.3476496	5.2442718
talent	7.4204783	6.17089	7.160571
source	6.3701553	4.664982	5.452694
lead	5.362375	4.9710145	5.488116
question	5.37821	4.8454275	5.814082
publish	6.491872	4.778922	6.640944
interest	6.1856337	5.087697	6.1585226
serve	6.179194	4.362104	5.1089563
divine	6.4453664	4.728302	6.4250607
put	5.005069	4.346003	4.5838175
shadow	4.9643927	3.535852	4.040512
practical	6.628089	4.529997	7.0345736
surface	5.318665	3.2130723	4.859936
account	5.2370505	5.034766	5.2258697
loss	4.614052	4.615113	4.28375
indian	4.955776	4.7504807	5.3246264
vine	6.173435	4.062089	5.253789
certain	5.5887628	4.9143333	5.2865973
sin	3.1924446	5.0677967	4.445676
necessity	5.3024697	5.3744774	5.673706
lose	4.8654494	4.5908413	4.6199265
private	5.586493	4.696528	5.5315623
gentleman	6.400774	4.888692	5.769725
daughter	7.1401186	3.8924866	5.3110285
drive	3.5963101	5.9386053	5.3414803
strange	4.4462547	4.5214567	3.9880145
journey	6.378312	4.0085545	4.8815475
uncle	5.924718	5.526	5.7473826
species	5.712058	4.586132	5.4567833
think	5.846962	4.643103	4.8607893
bed	5.176213	3.3322418	3.637968
wind	4.4146547	5.066624	4.9583197
bless	7.5534053	3.8247206	5.654735
destroy	3.7496505	5.440925	4.3318233
author	5.901164	5.2563086	5.7652864
sustain	6.261437	4.748691	6.672936
black	4.3580704	3.8226933	4.3727736
event	6.005137	5.12353	6.6600194
liberty	6.569709	4.6952353	6.5695806
negro	4.3214345	4.6693373	4.4705477
little	6.046654	4.036048	4.2899733
fortune	6.645492	5.24422	6.055997
touch	5.506623	4.666186	4.496791
kill	3.8243537	5.791292	4.3051825
feature	5.4778366	4.5267296	5.6568933
happiness	7.32593	4.555938	5.622493
assume	5.589308	4.530473	5.50221
notion	4.251404	5.361807	4.7662225
purchase	6.425208	4.6564655	5.8843107
faithful	5.90948	5.0723696	5.6150904
soldier	5.5493317	5.5871787	6.321061
father	6.0031734	4.305942	5.515935
narrow	3.698653	3.4819555	4.099665
great	6.4609575	4.8367934	6.2955503
tear	4.1483545	4.9185276	3.7597823
honorable	6.2212462	4.624789	5.880037
previous	5.6258593	4.182448	5.449746
good	6.716956	4.307046	5.418649
domestic	5.841031	4.325101	5.0421834
glory	7.826224	5.0723433	7.05737
lay	5.47095	3.901867	4.4831924
occasion	5.919462	5.2469187	5.771756
guard	5.4308906	4.9418635	6.4336753
whole	5.7788725	4.4271345	5.5655427
mouth	5.502444	5.066504	4.5396504
receive	6.00048	4.3523383	5.605646
take	5.559551	4.351551	4.899343
simple	7.340439	4.0430536	5.4977965
error	4.1453714	5.402326	4.9861016
wisdom	8.184565	3.970741	7.0982103
rock	5.2453694	3.6711526	4.744629
decide	5.664462	5.0877695	5.5588746
exclaim	5.052138	5.9612923	5.01832
assure	5.6556034	4.9704504	5.534547
sign	5.4505887	4.6136484	5.0162787
preserve	6.7262416	3.9061937	5.2457666
commerce	6.175277	4.3871307	6.2254953
plant	5.505894	4.0249968	4.833189
walk	5.4403477	4.586543	4.3021336
difference	5.5830245	3.924047	4.866293
hang	5.2227063	4.346223	4.5479894
following	6.5994697	4.693619	5.810654
employ	6.1482525	4.663332	5.6420655
