deal	4.7262816	4.771452	4.8356314
study	7.327976	4.2716064	6.401502
afford	7.211876	4.079311	5.961214
service	6.76097	4.740445	5.790575
height	5.8746862	4.6389456	6.1555095
prospect	7.251532	4.878798	6.7132854
pleasant	7.324216	4.0574164	4.705734
shade	5.395482	3.5203402	4.6472416
listen	5.75239	4.905152	4.3242955
mighty	5.6487827	5.498677	6.1503677
country	5.7805176	4.803548	5.7471137
title	6.928639	4.7050424	6.241807
choose	5.4699225	4.1536093	5.007464
village	5.2339463	4.7665896	4.9129624
acquire	7.697884	5.688739	7.070467
rank	4.9856153	5.8089213	5.8067718
bow	6.295384	4.420741	5.2575645
doctor	4.233225	5.1823835	5.186228
talent	7.763359	6.212319	7.3472567
source	7.1417217	4.0704794	5.8304644
lead	5.5737886	5.4942303	5.7941017
question	5.545223	4.8860645	5.662787
publish	6.5557795	4.637916	6.5132685
interest	6.556115	5.460825	6.4932203
serve	5.597978	4.369365	4.7379246
divine	6.3403573	4.9149547	6.031996
put	5.2505045	4.308132	4.669936
shadow	4.5622187	3.9272609	4.3829784
practical	6.1465645	3.9534616	6.023282
surface	5.4785275	2.9212368	4.549786
account	5.2053823	5.081432	5.332791
loss	4.6033163	4.784331	4.4268146
indian	4.8615265	4.9557257	5.1362624
vine	4.755061	3.865624	3.6525297
certain	5.8120575	4.7947392	5.471857
sin	4.270403	5.137733	4.869001
necessity	5.642427	5.5755253	6.0696187
lose	5.0853114	4.6311746	4.511938
private	5.3448086	4.9371114	5.141389
gentleman	6.500554	4.977337	5.8278055
daughter	6.9157667	4.8732166	5.7386384
drive	4.355893	6.2396517	5.4434953
strange	4.968453	5.089199	4.698989
journey	6.584321	4.4789863	4.924971
uncle	5.5826106	4.618539	5.104887
species	6.081622	3.8541353	5.4150243
think	5.7547116	4.728977	5.1115484
bed	4.6748276	4.554847	3.9827187
wind	4.2256284	5.305913	5.0902147
bless	6.8316746	4.2597423	5.3454714
destroy	3.801498	5.435998	4.788619
author	6.266264	4.9242845	5.8545814
sustain	5.99624	4.7029977	6.159088
black	4.5761113	4.0119324	3.9649224
event	5.3049684	5.639854	6.003039
liberty	5.568421	5.491685	6.1960278
negro	6.158711	4.9421716	5.629298
little	6.145022	4.039	4.608161
fortune	5.8993206	5.119628	5.8878407
touch	5.8855124	4.1851892	4.667008
kill	3.7669659	6.8068676	4.933773
feature	6.8128405	4.499998	6.0137215
happiness	6.9348316	4.561281	5.9946823
assume	4.830432	4.9344254	5.185008
notion	4.9441524	5.5177364	5.438752
purchase	6.697621	4.6924434	6.0638123
faithful	5.9228506	4.7325816	5.7646894
soldier	4.7770505	5.2830725	5.6529474
father	5.865544	4.6605973	5.109248
narrow	4.1318846	3.772159	3.852527
great	6.505596	5.1466684	6.48936
tear	3.8937922	4.8940353	3.6824102
honorable	5.6365204	5.379296	6.2033176
previous	5.646185	5.1133666	5.492278
good	6.7739086	4.7020874	5.6297727
domestic	6.546083	4.292497	5.477625
glory	7.7137957	5.29169	6.936389
lay	5.4103436	4.1577272	4.6515684
occasion	6.12437	5.159824	5.6171427
guard	5.1953344	6.202376	6.244527
whole	6.1249847	4.565109	5.701185
mouth	4.8672895	4.7429595	4.1758966
receive	6.5798755	4.481797	5.564452
take	5.735655	4.317812	4.7289095
simple	6.8243394	3.7252786	5.4870443
error	3.5239148	5.2314267	4.623736
wisdom	7.702393	4.212142	7.036106
rock	4.806592	4.557219	4.9818587
decide	5.169698	5.4914002	5.461191
exclaim	6.1803927	5.250666	5.1842494
assure	6.4717984	5.143095	6.102147
sign	6.013478	4.777721	5.5353265
preserve	6.751477	4.4798474	5.8925424
commerce	6.5590096	4.742591	6.513228
plant	5.0185633	3.6773598	4.7870183
walk	5.772394	4.437836	4.5769987
difference	5.747467	4.1906123	4.8021793
hang	4.4026237	4.529211	3.8471375
following	6.557696	4.212259	5.5610003
employ	5.8402	4.347988	5.1631036
