deal	5.558552	4.9186993	5.5649443
study	7.014085	3.8115532	5.8615723
afford	6.4196815	3.8186378	5.4704027
service	5.801942	4.885564	5.4500737
height	5.1767616	4.3935723	5.0031047
prospect	7.680273	5.1658916	6.755439
pleasant	7.009981	3.8345604	4.435182
shade	4.9449587	3.1545863	3.7997785
listen	6.1069884	5.1654677	5.1893697
mighty	5.354333	5.4992933	6.399867
country	6.4475536	4.7076178	6.239958
title	6.439419	4.1614575	6.05194
choose	6.047956	4.350912	5.2723145
village	5.8270254	4.0979905	5.005424
acquire	6.535404	5.10879	6.363589
rank	5.522137	6.48818	6.708323
bow	5.057163	4.5224853	4.956649
doctor	4.5723886	4.8709626	4.7958302
talent	7.1399918	5.4827943	6.635426
source	6.784584	4.5404544	6.4217596
lead	5.37251	5.4060955	5.1522574
question	5.469534	4.578856	5.7991676
publish	6.501314	4.7174892	6.312536
interest	6.6732397	5.0139256	6.414386
serve	5.646468	4.4838743	4.9112415
divine	6.4146595	5.1768146	6.2181425
put	5.020848	4.277388	4.445855
shadow	4.2992244	3.1994324	3.4702177
practical	6.143315	4.025891	6.0211244
surface	5.552496	3.1799002	4.671521
account	5.687979	4.732941	5.1812077
loss	4.225097	4.5235786	3.8143218
indian	5.287533	4.455594	5.19746
vine	6.6504965	3.4952686	4.7149544
certain	6.1597795	4.41979	5.5677
sin	2.7265687	5.134481	3.874664
necessity	4.9474335	4.943155	5.3042917
lose	5.061026	4.575139	4.6812196
private	5.2492146	4.441677	5.1447544
gentleman	6.989053	4.759216	5.767567
daughter	6.523265	4.8352137	5.5040827
drive	4.1754575	6.1593065	4.6676455
strange	5.0101495	5.0071526	4.8129835
journey	6.8149905	3.7412608	4.5609894
uncle	5.582447	4.7162237	5.168557
species	5.890478	4.053651	5.406692
think	5.828504	4.478452	4.790304
bed	5.0371757	3.4869647	3.7943454
wind	4.622062	4.6156316	4.7309766
bless	6.939044	3.880964	5.559267
destroy	3.1154962	5.439931	4.376297
author	6.419056	5.0233183	6.0000706
sustain	5.6218452	4.7394786	5.7904606
black	4.2290316	4.1892133	4.3759036
event	6.111399	5.3087034	6.446912
liberty	5.8163223	5.128889	6.602314
negro	4.5927467	4.5614905	4.602845
little	5.9825873	3.9018009	4.5498686
fortune	6.187978	5.233302	5.797171
touch	5.158873	4.416928	4.3357005
kill	3.7195268	5.947195	4.2897053
feature	6.6210437	4.3368835	5.8548913
happiness	6.9688005	4.731698	5.9184117
assume	5.818242	5.0280666	5.801423
notion	4.596839	5.0534	4.590673
purchase	5.4831805	4.8300023	5.464823
faithful	5.7736683	5.008113	5.612159
soldier	5.0429244	5.968871	6.205633
father	5.764769	4.1857376	5.344612
narrow	4.2326317	4.450049	4.179434
great	6.2167063	4.9837284	6.221768
tear	4.010983	5.370344	4.044068
honorable	5.8765883	5.09778	6.202568
previous	5.5637636	3.8994188	4.9465876
good	6.123652	4.457245	5.168147
domestic	6.177889	3.5804832	5.143839
glory	7.158329	5.7906647	7.0379543
lay	5.378094	4.3836036	5.060561
occasion	5.7903223	5.156551	5.754774
guard	4.8879657	5.696496	6.145996
whole	6.148207	4.463702	5.926411
mouth	5.336213	4.908065	4.6364603
receive	6.426492	4.787262	5.7944636
take	5.292094	4.3932734	4.6677322
simple	6.3780317	3.6342707	5.160331
error	3.2121246	5.1636233	4.3099976
wisdom	6.898349	3.9047346	5.969632
rock	4.5939374	4.881155	4.8376994
decide	5.540617	4.73422	5.8319926
exclaim	6.1144953	6.12685	5.817672
assure	6.788709	4.5522137	5.706534
sign	5.9030876	4.496593	4.9854007
preserve	6.848174	4.1944933	6.174803
commerce	7.198563	4.1107855	6.867639
plant	6.2852926	3.891924	4.826394
walk	5.7470236	4.158386	4.197498
difference	5.355295	4.030528	5.3101892
hang	4.182087	4.515256	4.117425
following	6.5111365	3.5777836	5.029492
employ	5.7771807	4.698927	5.4529667
