deal	5.1363735	5.393079	5.6696634
study	6.498571	4.479149	5.9331026
afford	6.489124	4.619677	5.570324
service	6.329739	4.769032	5.7596865
height	5.372328	4.1320972	5.3856163
prospect	7.3064117	5.3762197	7.006361
pleasant	7.4837084	3.9245589	4.754405
shade	6.110223	3.6328409	4.6256447
listen	5.75893	4.947418	4.6851425
mighty	5.591506	5.2429986	5.934704
country	5.923029	5.127155	6.2384048
title	6.5787973	3.8212886	5.9388914
choose	5.8785686	4.344469	5.039079
village	5.923242	4.180801	5.6752644
acquire	6.8014336	4.5319767	6.2396035
rank	5.015496	5.7791224	6.5137815
bow	5.6839414	4.3791475	5.103761
doctor	5.487301	5.1364384	5.7312346
talent	7.281382	5.5581965	7.2252016
source	6.4204483	4.6536684	5.733513
lead	5.0812926	5.452043	5.221509
question	5.354307	4.9491234	5.9351635
publish	6.300859	4.802112	6.630824
interest	6.3626356	5.064798	6.3137836
serve	5.498663	4.35318	4.696291
divine	5.8992414	4.957717	6.0711737
put	4.767898	4.5307326	4.4638753
shadow	5.727893	3.1686482	4.6489096
practical	6.645255	4.0219727	6.452343
surface	5.924529	2.8371897	4.2722497
account	5.511274	5.1842933	5.6890044
loss	4.322403	4.853021	4.4285316
indian	4.7252383	4.6074424	4.783485
vine	5.885018	3.8626552	4.576044
certain	5.658677	4.5153737	5.3583403
sin	3.1139324	5.1160116	4.2729235
necessity	4.8207607	5.369799	5.6068497
lose	5.2126102	4.307622	4.3103127
private	5.249487	4.7900276	5.452195
gentleman	6.005391	4.759708	5.602799
daughter	6.6324277	4.581036	5.402048
drive	3.588183	6.562207	4.9345183
strange	4.9973145	4.814275	4.267798
journey	6.6200366	3.5415578	4.8375535
uncle	4.7170796	5.469923	4.961054
species	6.10374	4.2991986	5.7041407
think	5.506117	4.66215	4.9046736
bed	5.9046392	3.3854003	4.319657
wind	4.8096905	5.155142	4.7781286
bless	6.9934297	3.8897438	5.281542
destroy	3.5800118	5.2578917	3.9697998
author	5.520948	4.9527884	5.679262
sustain	5.4999146	4.8456397	5.9496717
black	4.3066144	4.092539	4.705178
event	6.042979	5.2300587	6.496709
liberty	5.884886	4.7625694	6.2666006
negro	4.4460015	5.321412	4.650602
little	5.904449	4.177308	4.455701
fortune	6.464295	5.7485223	6.2616096
touch	5.135955	4.625121	4.301854
kill	3.7785883	6.256751	4.696006
feature	6.5632505	3.8004298	5.474997
happiness	7.201365	4.6520867	6.0125527
assume	5.1879883	4.195242	4.966383
notion	4.225016	4.897834	4.6790013
purchase	6.231179	4.9167624	5.612793
faithful	6.470557	4.5228195	6.0832033
soldier	4.762469	5.8120356	5.685633
father	5.993655	4.275658	5.6526213
narrow	4.140009	4.1807885	4.500153
great	6.2017817	4.853819	6.258214
tear	3.7678337	4.873708	3.8534756
honorable	5.5076056	5.0842614	6.3373165
previous	5.3586807	4.274472	4.7112565
good	6.264878	4.5704722	5.432166
domestic	5.2759624	3.5268626	4.6888223
glory	6.891735	5.345405	6.9340057
lay	4.7590723	4.036739	4.081426
occasion	5.5644507	5.6075478	5.712538
guard	4.7222147	5.9504013	6.0958614
whole	5.610346	4.4336395	5.273522
mouth	4.778517	4.508295	4.237917
receive	6.275325	4.5405607	5.674305
take	5.0678506	4.44827	4.4625454
simple	6.8883157	3.982124	5.7085814
error	2.8378508	5.472031	4.400042
wisdom	8.141624	4.183259	7.8599534
rock	4.8459024	4.297803	4.42885
decide	5.700665	5.2217712	5.6905828
exclaim	5.7809596	5.7227564	5.2849545
assure	6.2830057	4.9760427	5.479551
sign	5.1710806	4.5172606	5.0807714
preserve	7.0259933	3.5986638	5.797704
commerce	5.7179704	4.8459206	5.5937905
plant	5.8212123	3.926637	4.8262396
walk	5.721863	4.342134	4.099018
difference	5.0260673	4.1731167	4.8678517
hang	4.1796584	4.564865	3.8842573
following	6.827657	4.202674	5.2296796
employ	4.976481	4.7267675	5.354261
