deal	5.303321	5.3439503	5.1812344
study	7.4583216	4.037544	6.240803
afford	5.961092	4.8215265	5.6111975
service	6.7294664	5.1369033	6.5458136
height	5.5759735	5.0021043	5.91117
prospect	7.351591	5.5018535	6.7985125
pleasant	6.946516	4.6744986	4.422098
shade	5.719482	3.8154976	4.489996
listen	5.9943733	4.9676085	4.6954966
mighty	5.20693	5.7310414	6.201254
country	5.807617	5.1089554	6.202695
title	6.88858	4.4088798	6.2576447
choose	5.5278816	4.3778787	5.4247513
village	5.217148	4.290296	4.6892486
acquire	7.2023535	4.9571075	6.680185
rank	6.563055	5.6214323	6.473577
bow	5.8019376	4.5963936	5.027125
doctor	4.97556	4.9142356	5.2798834
talent	7.55884	5.5224295	6.9620047
source	6.856634	4.397752	5.954678
lead	5.6008573	5.5798283	5.77855
question	5.2922096	5.0070963	5.9800525
publish	6.7755747	4.5478125	6.54101
interest	6.225385	5.3761206	6.328978
serve	5.331419	5.0952535	5.16284
divine	6.0589714	5.247387	6.018774
put	5.1032987	4.285682	4.510788
shadow	4.896516	3.9201264	4.2783303
practical	6.0131803	3.9771023	6.0811195
surface	5.575606	3.4628658	4.0703497
account	5.381646	5.098963	5.494237
loss	4.645192	5.2873836	4.317256
indian	5.398449	4.5811396	5.348931
vine	5.29405	3.6079168	3.9871855
certain	4.971245	4.5524645	4.906472
sin	3.4535778	4.925129	4.271683
necessity	5.367714	5.8746696	6.025855
lose	5.436841	4.9470005	4.808984
private	5.2720633	5.2569485	5.581414
gentleman	6.3084335	5.2137012	5.7502136
daughter	6.686092	4.7177277	5.511758
drive	4.161655	6.2957344	5.2136154
strange	4.5242157	5.2932243	4.199835
journey	5.959194	3.9454858	5.0164614
uncle	5.571259	5.167981	5.8493857
species	5.671088	3.6565464	5.0449305
think	5.478368	4.844223	4.903636
bed	4.6825314	2.9552264	3.2100453
wind	4.426763	5.1603394	4.822425
bless	6.6042976	3.931135	5.243683
destroy	3.8693166	5.6093388	4.9659467
author	6.107192	4.812272	6.1171484
sustain	5.6880565	5.1525693	6.56343
black	4.0599337	3.8850043	4.386738
event	5.9143143	6.1138926	6.579982
liberty	5.846091	5.39889	6.24661
negro	5.848835	6.2362213	5.921647
little	6.0974064	4.1663585	4.5850787
fortune	6.646379	5.648087	6.4779134
touch	5.6257486	4.5277147	4.754073
kill	3.8543208	6.3404217	5.0495205
feature	6.336332	4.6933393	6.3677115
happiness	7.1609316	5.2688093	6.07813
assume	5.2597046	4.6562114	5.3625107
notion	4.8552227	5.6281853	5.159415
purchase	6.59576	5.046001	6.133071
faithful	5.3766537	4.9495	5.965465
soldier	5.4608455	5.561032	6.382041
father	5.404377	4.7778325	5.3834057
narrow	3.5975363	4.015728	4.2760496
great	6.2427635	5.3101616	6.4177704
tear	3.8050883	4.955802	3.7556689
honorable	6.0591273	5.50403	6.454603
previous	5.3183365	4.7466984	5.1323786
good	6.028883	4.8784027	5.292495
domestic	5.8384094	4.152375	5.5342116
glory	7.969965	6.0880346	7.3955445
lay	5.3431015	4.056375	4.80464
occasion	5.3909583	5.4373913	5.55261
guard	5.1109858	5.585871	6.7934933
whole	5.8351636	4.553274	5.7470245
mouth	4.5452256	4.4042063	3.859797
receive	6.7013173	4.717582	6.2301016
take	5.49426	4.603179	4.9799714
simple	6.705303	4.099887	5.5329885
error	3.400009	5.518788	5.230406
wisdom	7.737032	4.170112	6.7485065
rock	4.7976384	4.321455	4.7664976
decide	5.7921343	5.2125816	6.1405935
exclaim	5.791693	5.7662086	5.5495253
assure	5.7896385	5.4055815	5.4824176
sign	5.4047	4.807026	5.073298
preserve	6.062191	4.381287	5.931345
commerce	6.3081737	4.5901318	6.8754435
plant	5.023444	4.357815	4.685349
walk	6.0296483	4.0613017	4.3030357
difference	4.93624	4.1111813	4.811652
hang	4.080799	4.376133	4.013131
following	6.489405	4.4492908	5.8425646
employ	5.9001813	4.38882	5.720703
