deal	4.7814393	5.053008	5.0385075
study	7.156171	4.3379736	6.170956
afford	6.8557243	4.1910815	5.706789
service	6.259844	5.1901884	6.236308
height	5.462449	4.5359583	5.5592184
prospect	6.6111503	5.635888	6.1716766
pleasant	6.8761587	3.7219315	4.128711
shade	6.1635838	3.7020602	4.8630133
listen	5.4091687	4.6473503	4.814627
mighty	5.836715	5.1170483	5.9565086
country	6.2117085	4.768129	6.0462475
title	7.197858	4.156415	6.471052
choose	5.8217635	4.3630443	5.6694913
village	5.2940826	3.9158444	4.552082
acquire	7.0720167	5.4496045	7.2945023
rank	5.6514177	6.125298	6.5978355
bow	6.256258	3.9528246	5.4050984
doctor	3.7105765	5.1835337	3.9470704
talent	7.2900944	5.9559364	6.753695
source	6.437406	4.6617794	5.6587105
lead	5.9268637	5.2387266	5.6197367
question	4.9370284	4.8009653	5.7921047
publish	6.348868	4.195295	6.7628613
interest	6.541655	4.545227	6.2001348
serve	5.419223	4.471047	4.7322927
divine	6.7615347	4.6853447	6.1059494
put	5.6935763	4.273156	4.7706575
shadow	5.157756	3.787462	4.7417054
practical	5.52069	4.8532267	6.2987967
surface	6.077446	3.3361006	5.172543
account	5.340964	5.0549355	5.210512
loss	4.2447844	5.0311985	3.8963442
indian	4.8171864	4.6897054	5.114571
vine	4.6107087	4.916112	4.5848436
certain	5.429057	4.654313	5.393562
sin	3.6036649	4.8992944	4.6118646
necessity	5.1628623	5.208148	5.536193
lose	5.1738124	4.9254375	4.604558
private	5.5179777	4.92647	5.875108
gentleman	6.848107	4.7626147	5.8924885
daughter	6.3631654	5.174632	5.4457912
drive	4.581967	5.4942656	5.1673017
strange	5.035245	4.802651	4.4995317
journey	5.740755	4.2975945	4.6164966
uncle	5.5571933	5.9967937	5.821532
species	5.8391967	4.038218	5.3004575
think	5.8897386	4.6031313	4.9411774
bed	4.3876996	4.123723	3.9096603
wind	4.3838687	5.1607966	4.79544
bless	6.716323	4.5195303	5.275611
destroy	3.4937418	5.617651	4.6022615
author	6.383409	4.823724	6.0210056
sustain	5.981099	4.6100926	6.0881
black	3.8642974	4.0848813	3.9744253
event	6.3243203	5.196913	6.307438
liberty	6.256288	5.231429	6.6273527
negro	5.0934567	5.387931	4.67694
little	5.9382377	4.4001126	4.676912
fortune	6.6107626	5.5307546	6.492442
touch	5.7955804	4.3335676	4.9360437
kill	4.1211543	6.0792065	4.4189105
feature	6.709381	4.252173	6.2312737
happiness	7.474044	5.0830455	6.1666565
assume	5.375849	4.543833	5.681748
notion	5.3260307	5.6161313	5.373562
purchase	6.5886135	4.8467526	6.305893
faithful	6.6049976	5.1299915	6.1967535
soldier	5.287049	5.388893	6.212473
father	5.7346153	4.616128	5.3832994
narrow	3.59642	4.122032	4.378428
great	6.276631	4.9439573	6.101956
tear	4.3827004	4.8065367	3.8346784
honorable	6.0271378	4.6088123	6.099686
previous	5.7185807	4.6080475	5.5588727
good	6.4941645	4.7682686	5.398071
domestic	5.9133344	4.2017517	5.226386
glory	8.263357	5.3017445	7.2762494
lay	4.942216	3.7899625	4.330673
occasion	6.0581703	5.1635466	5.7012362
guard	5.8391967	5.4867587	6.6063404
whole	5.9204125	4.373665	5.4071984
mouth	5.4795766	5.232909	4.918975
receive	6.9061427	4.141243	5.7862616
take	5.859464	4.363686	4.959998
simple	6.759654	3.4123645	5.4007363
error	3.485494	5.6655474	5.1549006
wisdom	8.138647	4.1583214	7.308403
rock	5.2338204	4.773269	5.2206836
decide	5.6146197	4.6104603	5.584647
exclaim	5.690548	5.9703026	5.482684
assure	6.6242146	4.6906376	5.7610183
sign	4.9189415	5.0465107	4.6199837
preserve	6.521535	4.1161942	5.8853273
commerce	5.7667627	4.885427	6.544755
plant	5.218532	4.8876076	4.96582
walk	6.243438	4.6556735	4.900229
difference	5.8962526	3.6032891	5.0619135
hang	3.9693172	4.1748586	3.6395178
following	6.4302397	4.0239396	5.5149484
employ	5.59253	4.4990344	5.5899014
