deal	5.496413	4.274528	4.531976
study	6.4690056	3.8836045	5.5552506
afford	6.4557815	4.6459074	6.0268955
service	6.6203527	4.9378576	6.4212313
height	5.4989414	4.274715	4.8870435
prospect	6.6639214	4.577947	6.1958594
pleasant	7.224451	3.8071594	4.493596
shade	5.645493	3.4012384	4.3955564
listen	5.9116273	4.804336	4.626926
mighty	5.494781	6.3652654	6.7224674
country	6.467805	4.5185914	6.138708
title	6.5014505	4.9065514	6.1889553
choose	6.3178964	4.120081	5.5897217
village	5.0522556	4.180944	4.4015017
acquire	7.086775	4.9799843	6.545042
rank	6.1781697	5.296585	6.11157
bow	6.036899	4.4377604	4.978712
doctor	5.1608887	4.42737	4.9206586
talent	7.728347	6.020606	7.458619
source	7.0010157	4.3805227	5.772999
lead	5.233131	5.244893	5.2072773
question	5.626852	4.8704724	5.7671385
publish	6.1591325	4.8985186	6.4484124
interest	6.2588687	5.5393324	6.441647
serve	6.201871	4.5472884	5.2917986
divine	7.174924	4.8742943	6.317139
put	5.22869	4.125271	4.4176044
shadow	4.793415	3.569603	4.242855
practical	6.6516438	4.508691	6.366684
surface	5.3108554	3.8343418	4.319939
account	5.4232416	4.81471	5.334258
loss	4.3693714	4.607012	3.7926068
indian	5.2236743	4.5280848	5.394119
vine	5.907367	4.36596	4.307862
certain	5.670062	5.0639086	5.8881073
sin	3.1747546	4.6530695	4.1236925
necessity	4.932622	5.131093	5.464332
lose	5.088971	4.7962103	4.6921935
private	5.7306757	4.875306	5.7977924
gentleman	6.7565107	4.492508	5.643655
daughter	6.404239	4.915642	5.7907844
drive	4.352891	5.3756795	4.5887036
strange	5.2623234	4.847252	4.620068
journey	6.276676	3.89265	4.9761763
uncle	5.912411	3.9868445	5.451603
species	5.778769	3.90803	4.6405544
think	5.6537538	4.7955036	4.9968476
bed	5.0009465	3.8933516	4.099208
wind	4.660819	4.779719	4.4550695
bless	6.6100917	3.8084352	5.2935514
destroy	3.4805212	5.756051	4.579488
author	6.523774	4.732865	6.184143
sustain	5.556199	4.8496656	5.7893705
black	5.0943794	3.5202277	4.3938994
event	6.1134267	5.408318	6.32751
liberty	6.5330515	4.8529425	6.599164
negro	5.780671	5.2243233	5.7352962
little	5.908317	4.0722766	4.5123854
fortune	6.878452	5.314893	6.3938637
touch	5.6854405	3.9991016	4.2287254
kill	3.3212438	6.1668973	4.2809134
feature	6.739823	4.43391	6.566427
happiness	7.3297524	4.643905	6.200841
assume	5.9592767	4.9111786	5.9265604
notion	4.864237	5.540562	5.713195
purchase	6.998284	4.2502203	6.037127
faithful	6.4192944	4.9994407	6.6688585
soldier	5.490247	5.6019955	6.169162
father	5.9247074	4.4651976	5.751756
narrow	3.5219235	4.3831844	4.285827
great	6.181476	4.7550077	5.941474
tear	3.9732213	4.785948	3.7277267
honorable	6.441651	5.884425	6.77311
previous	4.780704	4.7107096	4.8930573
good	6.1085877	4.4576635	5.0790396
domestic	6.55243	3.6135366	5.5534816
glory	6.6024837	5.1624174	6.7265587
lay	4.986721	3.8463578	4.218079
occasion	5.8204384	5.399377	5.459253
guard	5.9643364	5.180008	7.00676
whole	5.9114056	4.269187	5.4382315
mouth	4.939934	4.060587	4.1573844
receive	6.5248103	4.315885	5.749271
take	5.4395022	4.2546144	4.8462653
simple	6.6635365	3.8505678	5.205062
error	4.0432587	5.261959	5.0471797
wisdom	7.8220034	4.445823	6.374362
rock	4.7911777	3.807281	4.799629
decide	6.1416063	5.8845696	6.678405
exclaim	6.1910033	5.7705774	5.549861
assure	6.37146	5.0552454	5.5555944
sign	5.342157	5.5582085	5.4950247
preserve	7.082816	3.9512198	5.9285483
commerce	6.2426987	4.2911587	5.4325438
plant	5.923347	3.867965	4.8663983
walk	5.7135935	3.819511	4.305654
difference	5.32034	4.5369177	5.14225
hang	4.8696465	4.4566927	4.00555
following	6.3122005	4.0034924	5.3250537
employ	5.665453	4.44334	5.585729
