deal	5.1055245	5.581403	5.485665
study	6.9939184	4.0628343	6.4749527
afford	6.4676886	4.778014	6.1163077
service	5.887882	4.6913314	6.166464
height	5.456574	4.395805	5.3708
prospect	7.86461	4.8898115	6.297329
pleasant	7.4027777	3.672256	4.687157
shade	5.9494395	3.5998936	4.3077707
listen	5.0222454	4.612879	4.968731
mighty	5.69497	5.1211343	5.94878
country	6.0413933	4.6740823	6.0428505
title	6.160554	3.9516785	5.632768
choose	5.3951464	4.5746355	4.9757514
village	6.316193	3.956256	5.0218053
acquire	6.86637	4.677609	6.494647
rank	5.3973837	5.7386875	6.3658037
bow	6.045076	3.8430543	5.1763616
doctor	5.214349	5.065237	5.4276247
talent	7.763235	5.8783426	7.2812347
source	6.3272057	4.8159018	5.703244
lead	5.731438	5.1498237	5.5182953
question	4.895196	4.920192	5.4809227
publish	6.346526	4.3018804	6.6343765
interest	6.125606	5.082496	6.104102
serve	5.856523	4.617526	5.339328
divine	6.9695654	5.4204407	6.6585565
put	5.008348	4.395792	4.4541926
shadow	5.466858	3.8422794	4.5037622
practical	6.57572	4.7005405	6.5190067
surface	4.944947	3.6025805	4.312352
account	5.294592	5.0744424	5.1647043
loss	3.9561598	4.633567	4.0618787
indian	5.469579	4.3967204	5.128747
vine	6.0909986	4.1643953	4.8259406
certain	5.5734506	4.6248198	5.455774
sin	3.78372	5.624416	4.24922
necessity	5.675409	5.2690997	6.252776
lose	4.8467574	4.9009295	4.68277
private	5.4288216	5.5192013	5.8359747
gentleman	6.65024	4.648722	6.1275244
daughter	6.3750925	4.732398	5.794347
drive	3.4773517	6.5905547	5.093832
strange	5.082665	4.9207563	4.7882442
journey	5.763886	3.604447	4.6271324
uncle	5.915273	4.7568893	5.0917287
species	5.80108	4.913456	5.337381
think	5.5651712	4.510761	4.8701177
bed	4.80223	3.4526277	3.840116
wind	4.211046	5.3360863	4.6615944
bless	6.8745418	3.8557703	5.3598437
destroy	3.3942263	5.7059445	4.49925
author	6.1425476	4.4213653	5.691848
sustain	5.1869445	5.3385563	6.000776
black	4.4076986	3.948592	4.1645007
event	5.706084	5.2491236	6.354875
liberty	6.092901	4.434444	6.073919
negro	5.33628	4.61493	4.2465677
little	6.1772275	4.1794686	4.6806993
fortune	6.0423384	5.573995	6.0264096
touch	5.695648	4.6079073	4.75892
kill	3.1096015	6.3167925	4.2135124
feature	6.682323	4.18227	6.201585
happiness	6.5516477	4.9117355	5.5181646
assume	5.0897694	4.4561806	5.3579626
notion	5.108082	4.9158554	5.2829094
purchase	5.791975	4.669212	6.0179067
faithful	6.4574475	5.013528	6.304617
soldier	5.4605155	5.3861995	6.2457995
father	6.0507565	4.2447877	5.8500223
narrow	4.2359977	3.3844023	4.2524133
great	6.3933187	4.8795247	6.104045
tear	3.8966727	5.076857	3.8707986
honorable	6.5987253	5.0167737	7.02948
previous	5.071522	4.3755283	5.3653536
good	6.3909645	4.321115	5.1887527
domestic	5.8984103	4.591357	5.383294
glory	7.0832953	5.0276103	6.256495
lay	5.6290708	4.1908674	4.757994
occasion	5.926109	5.4790335	6.086637
guard	5.6508765	5.016322	5.9801254
whole	5.970906	4.1938195	5.5780854
mouth	5.8143816	4.76248	5.1270046
receive	6.4648786	4.8125563	6.1526217
take	5.5934925	4.3164124	4.8661203
simple	7.3298273	4.1979356	5.82223
error	3.870806	5.135928	5.196284
wisdom	7.854377	4.5268655	7.062889
rock	4.7871814	4.5548306	5.1599717
decide	5.463825	4.7873526	5.5882154
exclaim	5.394593	5.861305	5.0932403
assure	6.360715	5.4106736	6.0936956
sign	6.047619	4.8489113	5.9231997
preserve	5.4071293	4.364717	4.9640775
commerce	5.9402003	4.72359	6.208212
plant	5.3717394	4.251191	5.092529
walk	5.991323	4.1076155	4.505826
difference	4.712921	3.9732804	5.003812
hang	4.8163867	4.5682983	4.0996413
following	6.967395	4.1179056	5.9308453
employ	5.96413	4.382076	5.607811
