deal	4.388153	5.170108	5.2387285
study	6.42645	3.829366	5.828336
afford	6.6559405	4.738699	5.688655
service	6.2747083	4.7153096	6.004821
height	5.0426645	4.2697372	5.298996
prospect	6.347788	5.1389675	5.642435
pleasant	7.431243	3.6569228	4.6769433
shade	5.168891	3.5098257	4.467448
listen	5.8924055	4.5599623	5.131326
mighty	5.5460825	5.3272023	6.199497
country	5.770599	4.6333623	5.9390335
title	6.3371615	3.9883974	5.426672
choose	5.8799014	4.222954	5.427314
village	6.063852	4.3423495	5.1375194
acquire	6.8980403	4.663362	6.058881
rank	5.5388966	6.0434895	6.3160667
bow	5.9042864	3.7026708	5.200755
doctor	4.067031	4.800907	4.782127
talent	7.161044	6.3623333	7.189254
source	6.3531265	4.0797663	5.0913935
lead	5.5715666	5.224946	5.4927692
question	5.144329	4.8784475	5.5426636
publish	5.8339715	4.391771	6.3945637
interest	6.827841	5.188855	6.7644835
serve	5.7178993	4.1335106	4.8619566
divine	6.1661534	4.715907	5.779666
put	5.0606427	4.2445793	4.3439937
shadow	4.4507027	3.8074784	3.9987288
practical	7.2665215	4.4013734	6.7687135
surface	5.2938213	3.5301366	4.6803565
account	4.9517426	5.00363	5.304985
loss	4.640561	5.004284	3.7853773
indian	5.518462	4.291857	5.3919497
vine	5.549463	3.9042985	4.089555
certain	5.585448	4.8004823	5.365492
sin	3.1859176	5.314049	4.3918037
necessity	5.7492366	5.155887	6.0260134
lose	4.5929446	4.9396067	4.3941255
private	5.4431643	4.763556	5.770783
gentleman	6.6634755	4.9369254	5.963091
daughter	6.2924056	4.981038	5.426026
drive	3.4609077	5.7955284	4.932888
strange	4.837479	4.7943125	4.7162337
journey	5.7671194	3.7933972	4.580468
uncle	4.6339493	4.9526367	4.6285176
species	5.638683	3.8102202	4.874666
think	5.358892	4.8384757	4.979217
bed	5.062984	3.4164355	3.5466883
wind	4.27178	4.85232	4.5127354
bless	6.742535	3.7851102	4.9054008
destroy	3.317572	5.471473	4.319683
author	5.7513514	4.9297695	5.8277836
sustain	6.3971186	4.5259423	6.3159523
black	3.8060007	3.8618522	4.1919856
event	6.1032686	5.235774	6.6368046
liberty	6.050271	4.620585	6.034295
negro	4.3532977	5.1538763	4.89705
little	5.951888	4.3532186	4.623218
fortune	5.784996	5.7335744	5.6449184
touch	5.7040024	4.8675003	4.9008265
kill	4.496491	5.8643312	5.100834
feature	6.603669	4.3363614	6.0908895
happiness	6.4538426	5.3126826	5.545864
assume	5.869899	4.15067	5.169873
notion	4.06418	4.9479136	4.7832055
purchase	5.591796	4.7667136	5.560743
faithful	6.2962217	5.7208395	5.842642
soldier	5.2563524	5.8601756	6.278509
father	5.7132115	4.45947	5.0436554
narrow	3.6154237	4.2647	3.8604562
great	6.012593	5.2274623	6.276786
tear	4.6206703	4.565266	3.7829497
honorable	6.303734	5.3957944	6.9683056
previous	5.019717	4.5907454	5.221114
good	6.101331	4.7111883	5.384426
domestic	6.0266943	4.293466	5.421536
glory	7.1127243	4.697733	6.639514
lay	4.9826956	4.0586257	4.682951
occasion	5.8156834	5.3707933	6.0508633
guard	4.8394175	5.7745295	6.1258707
whole	5.7668037	4.2426615	5.4517756
mouth	4.9362264	4.2385178	3.7483523
receive	6.2032933	4.8691053	5.7219133
take	5.3979053	4.2700305	4.7149043
simple	7.201546	3.9036915	5.676508
error	3.8215044	5.1823792	4.495835
wisdom	7.741021	3.756431	6.6898937
rock	5.383173	5.114509	5.1079183
decide	4.764268	5.596777	5.1482515
exclaim	5.8538766	6.2191706	5.723042
assure	6.5561457	5.3058467	6.328072
sign	5.671468	5.2646046	5.6440115
preserve	6.740315	4.101942	5.6595182
commerce	5.994527	4.484968	7.0221143
plant	4.949257	4.174898	3.8900893
walk	5.6636767	4.329691	4.4616117
difference	4.9675345	4.2051263	4.949213
hang	4.3114142	4.39886	4.3212094
following	6.457507	4.25665	5.919874
employ	5.988658	4.2416897	5.6497574
