deal	5.5366135	4.7522597	4.984157
study	7.1143556	4.2665305	5.7324076
afford	6.9710674	5.178889	6.2195435
service	6.393101	4.3506994	5.8041844
height	5.6387563	4.733135	5.8434553
prospect	6.6125803	5.393864	5.972233
pleasant	7.620934	3.4626677	4.2534137
shade	5.5485873	3.1289039	4.4340615
listen	5.9203467	5.091706	5.038002
mighty	6.6899433	5.532789	6.8910995
country	6.022698	4.5834165	5.724254
title	6.4926796	4.1108913	5.8111696
choose	5.940365	3.992476	5.35535
village	5.2156014	4.090111	4.3523064
acquire	7.139117	4.9902263	6.5782504
rank	5.7069664	5.4940443	5.9353914
bow	6.653751	3.9482017	5.49794
doctor	4.593151	5.68818	5.1833935
talent	7.6327744	5.6261997	6.7831573
source	6.597808	4.3190794	5.672538
lead	5.5041714	5.258339	5.323052
question	5.303369	4.9388127	5.7215853
publish	7.01493	4.612469	6.409098
interest	6.8084474	5.29047	6.7272854
serve	6.0634465	4.097614	4.763237
divine	6.800106	5.1881676	6.64428
put	5.0395093	4.1451054	4.40639
shadow	5.0510936	3.6038692	4.293244
practical	6.372775	3.6703908	6.185565
surface	5.3751445	3.1285682	4.6655684
account	5.1028204	4.968672	5.342665
loss	4.4691787	5.12368	4.0882683
indian	5.032049	4.7934346	5.418211
vine	5.942666	3.43091	4.32785
certain	5.517053	4.856047	5.612468
sin	2.9157498	5.1605473	4.2348094
necessity	4.9750767	5.5254183	5.6452746
lose	5.654376	4.6339397	5.136693
private	6.3278127	4.422156	5.95881
gentleman	6.17401	4.7052455	5.3277187
daughter	6.7009277	4.316874	5.454357
drive	3.6465442	6.011571	5.1062636
strange	5.135188	5.166621	4.865144
journey	6.6485424	4.1995926	4.932987
uncle	5.7517877	5.1326227	5.557027
species	5.1390886	4.6286783	5.634899
think	5.817975	4.720076	4.779201
bed	5.5804367	3.9019566	4.3793564
wind	4.1760383	5.334185	4.972946
bless	6.5797305	3.6025143	4.6633673
destroy	3.8246717	5.54091	4.8189926
author	5.7102385	5.056712	5.510145
sustain	6.3370986	5.109293	6.1326327
black	4.016154	3.6371052	3.8214803
event	6.2810764	5.559224	6.5681334
liberty	6.5326204	5.0737247	6.6901083
negro	5.6040406	5.231926	5.20019
little	6.1691756	4.048563	4.773774
fortune	6.8282723	5.2369146	6.056095
touch	5.9275975	4.2812366	4.5841017
kill	4.006396	6.0026684	4.5200353
feature	6.150339	4.613529	5.7376795
happiness	7.1324167	4.5310903	5.8611083
assume	5.256748	4.234471	5.3587723
notion	4.8309474	5.9349747	5.72009
purchase	6.49857	5.183421	6.2084427
faithful	6.7624173	4.5236063	6.2474174
soldier	5.270119	5.3983545	6.0531335
father	6.1403694	4.285182	5.4656487
narrow	4.770376	3.9444187	4.199915
great	6.539153	4.9447494	6.3539195
tear	3.6931958	4.923785	3.7469637
honorable	6.043084	5.5320373	6.2635875
previous	5.295495	4.850272	5.561967
good	6.478817	4.4807506	5.339181
domestic	6.447304	3.7581277	5.37238
glory	7.2911344	5.020777	6.503065
lay	5.8243647	3.915867	4.938687
occasion	5.7302227	5.552485	5.9181833
guard	5.2229843	5.3917904	5.8710537
whole	5.9944572	4.32344	5.423578
mouth	5.0357666	4.948823	4.662921
receive	6.257003	4.7688985	5.6768837
take	5.7028446	4.287352	4.7964754
simple	6.393422	3.6729035	5.1783814
error	3.5309563	4.9876857	4.6661444
wisdom	6.904986	4.745233	6.24179
rock	4.390017	5.1483083	4.9678125
decide	5.8989234	5.039179	6.0332146
exclaim	5.7836685	6.0947957	5.9370623
assure	6.7523804	5.3786755	6.921657
sign	5.3106365	5.233986	5.6325245
preserve	6.2517257	3.798209	5.2337527
commerce	6.7901287	4.2215567	6.6411886
plant	5.8715935	3.6495786	5.057049
walk	5.747673	4.3404984	4.439821
difference	5.3588943	3.9016647	5.070493
hang	4.0906277	4.7508316	4.2619486
following	6.109869	4.2342105	4.9343553
employ	6.262934	4.71883	5.890467
