deal	4.8191204	5.4561515	5.052389
study	6.959482	4.1963825	6.119052
afford	6.7167835	4.087817	5.683777
service	6.2685447	4.880664	6.086555
height	5.6753187	3.9784172	5.437681
prospect	6.9898286	4.813385	6.187451
pleasant	7.4278	3.9813018	4.829358
shade	6.0450125	3.2454133	4.5275717
listen	5.705067	4.9526014	4.6574636
mighty	5.7462797	5.0757575	6.2854958
country	6.2796254	4.8955855	6.029604
title	6.48213	4.243519	5.846835
choose	6.3288536	4.302273	5.69763
village	5.784734	4.354172	5.08116
acquire	7.8879914	4.4733577	6.7979198
rank	6.087319	5.961875	6.488996
bow	5.596007	4.272478	5.2335014
doctor	4.788976	4.445624	4.6811595
talent	7.4284687	5.2107496	7.1385913
source	7.0395956	4.2619734	6.178873
lead	5.574181	5.341993	5.4800916
question	5.0433707	5.092457	6.123987
publish	5.931059	5.0161552	6.511937
interest	6.724664	4.882898	6.3306885
serve	5.664739	4.127121	4.7142587
divine	6.8393064	4.916487	6.7863827
put	5.1737156	4.2290416	4.695901
shadow	5.2998705	3.9366372	4.9263225
practical	6.70595	3.404162	6.085402
surface	5.8395486	3.6175852	4.9650364
account	5.2436075	4.944209	5.037564
loss	4.2962465	5.2568564	4.1661887
indian	5.4327965	4.523072	5.1885147
vine	6.4131546	3.5871444	4.735055
certain	5.923595	4.6374984	5.4191904
sin	4.8259306	5.1469736	4.7164917
necessity	5.169561	4.914482	5.7898607
lose	4.94536	4.736402	4.6198416
private	5.7866597	4.828943	5.876834
gentleman	6.2075367	4.8286676	5.505941
daughter	7.236923	4.530633	5.524671
drive	3.7207582	5.7350445	4.8757687
strange	4.709491	4.9133377	3.7903204
journey	6.305215	3.9567993	5.046737
uncle	6.0777946	4.9449625	5.730244
species	6.577201	4.035031	5.379896
think	5.410825	4.8382664	4.843579
bed	5.6269503	3.8057778	3.7837858
wind	4.943468	4.900351	4.7150073
bless	6.94678	4.256791	5.493081
destroy	3.2010434	5.507324	4.240464
author	6.231961	4.8269377	5.64439
sustain	6.283666	5.1327887	6.485271
black	4.6162004	4.1998315	4.542252
event	5.7525887	5.203698	5.906312
liberty	6.495051	5.6882257	7.070467
negro	5.1635146	4.5478883	4.718326
little	5.9674525	4.053169	4.4626474
fortune	6.3217797	5.5662727	6.3868456
touch	6.038757	4.628952	4.896024
kill	3.1657572	6.284257	3.7670841
feature	6.431692	4.1366973	5.9421625
happiness	6.9900475	5.0318522	6.1691647
assume	5.020884	4.5121155	5.561415
notion	4.39975	5.3478394	5.388473
purchase	5.6591983	4.698363	5.42177
faithful	6.0852675	5.475066	6.3835187
soldier	5.5447884	5.444838	6.1013355
father	6.0710535	4.4950247	5.2617536
narrow	3.799544	4.2128835	4.0014687
great	6.48948	4.8756804	6.213222
tear	4.937159	4.6577196	3.8560696
honorable	5.948283	5.115056	6.1864805
previous	5.676318	4.3168626	5.1616025
good	6.3738117	4.7734227	5.197692
domestic	6.8527803	4.1909046	5.9801188
glory	8.442746	5.319516	7.1029596
lay	5.44407	4.238553	4.8399897
occasion	5.892599	5.4166136	5.6912146
guard	5.5679536	5.056507	6.034262
whole	6.0509496	4.4620986	5.65115
mouth	4.893637	4.7488704	4.3850794
receive	6.4464483	4.678602	5.623373
take	5.7996182	4.3915915	4.840153
simple	6.92964	4.033131	5.507099
error	3.237546	5.318297	4.3752055
wisdom	8.158873	4.4700804	6.8815923
rock	5.4842424	4.7986145	5.333856
decide	5.698205	5.172508	5.9861736
exclaim	5.494738	5.824623	5.1269336
assure	6.108799	5.1532063	5.433238
sign	6.3840723	4.5218863	5.5922856
preserve	6.7808404	3.9766006	5.7131047
commerce	6.677156	4.194125	5.9982967
plant	5.427606	3.6244755	4.5115185
walk	6.090798	4.0441337	4.2961082
difference	5.3087773	4.3650436	4.684311
hang	4.2388735	4.3112373	3.5818214
following	6.2461476	4.4826417	5.3555145
employ	5.69831	4.307977	5.5066385
