deal	4.991688	5.295323	5.1478167
study	7.2198653	4.459625	6.1709633
afford	6.4991245	4.835464	6.106657
service	6.350579	5.1793003	6.1639442
height	5.8953934	4.7905664	5.7588077
prospect	7.378655	5.2773604	6.60137
pleasant	7.834609	3.8208866	5.074439
shade	5.0824733	3.856672	4.565468
listen	5.986214	4.72309	5.120752
mighty	5.3700447	5.0425835	6.0588684
country	6.0044007	4.921082	6.2219057
title	6.454841	4.4584646	6.23044
choose	5.5744896	4.2866516	5.458025
village	5.7722006	3.743496	4.4998746
acquire	7.0538282	4.9855924	7.1048794
rank	5.7661552	5.9079986	6.5802994
bow	6.9472747	3.932839	5.9126453
doctor	4.206233	5.2134576	4.953057
talent	6.8153925	5.963831	6.805089
source	6.4197273	4.6006236	5.9886637
lead	5.2913966	5.538371	5.7312965
question	4.938868	4.979788	5.873249
publish	6.617328	4.0734	5.517405
interest	7.0059414	5.0011525	6.538663
serve	5.6878076	4.7495556	5.1205816
divine	6.5536923	4.386247	6.4264555
put	5.198159	4.332138	4.5806456
shadow	4.9609585	3.582491	4.172912
practical	6.1813154	4.211688	5.8555
surface	6.027093	2.8758395	4.6274424
account	5.322211	5.3916464	5.3634443
loss	4.71428	5.2086396	4.6334887
indian	5.231519	4.9738064	5.745489
vine	5.8498273	3.2640762	3.74646
certain	5.490987	4.9923725	5.498004
sin	3.481834	4.6453004	4.292532
necessity	5.1593127	5.572298	5.7940445
lose	5.2453017	4.8242254	4.8511095
private	5.21198	5.459073	6.331936
gentleman	6.283561	4.9105835	5.3836217
daughter	7.199289	4.9607706	6.1677904
drive	3.8196223	6.040404	4.9190955
strange	4.727933	5.592399	4.711937
journey	6.1437507	4.3813486	4.476721
uncle	6.823889	5.2655706	5.783201
species	5.4532256	4.247937	5.1077623
think	5.6695485	4.7226133	4.840509
bed	4.7629724	3.9814568	4.1597595
wind	4.709719	5.2588143	4.4904313
bless	6.791138	4.298498	5.161482
destroy	3.7393918	5.439482	4.590054
author	6.112972	5.289733	5.8042145
sustain	6.3708625	4.8573093	6.3714533
black	3.913964	4.054612	4.017514
event	6.3038316	5.6035314	6.854616
liberty	6.497519	5.3458366	6.634061
negro	4.3745747	5.0885606	5.07733
little	5.971818	4.6477013	4.893898
fortune	6.2380466	5.236704	5.9514804
touch	5.733575	4.816347	4.925761
kill	3.6498454	6.2424545	4.1480827
feature	6.3958178	4.5473337	6.0318756
happiness	7.181522	4.823098	6.007002
assume	5.281194	4.6154704	5.3993177
notion	4.9796333	5.6095777	5.6381116
purchase	5.7321734	4.7440944	5.258614
faithful	5.509811	5.073834	6.2109976
soldier	5.7070737	5.960968	6.4379387
father	6.1660414	4.6459675	5.4658284
narrow	4.173294	4.538929	4.6085587
great	6.203781	5.1044393	6.2470474
tear	4.4912753	5.2719216	3.7743063
honorable	5.8772607	5.381681	6.3734217
previous	4.9039345	4.8821077	5.006665
good	6.1172543	4.6311183	5.0349436
domestic	5.8176975	4.72446	5.756551
glory	7.6172233	5.394901	7.1524014
lay	5.685438	4.1082654	4.832003
occasion	5.7517457	5.450968	5.8768334
guard	4.796084	6.0969133	6.5652103
whole	5.9518943	4.5240283	5.586462
mouth	5.251449	4.6946044	4.305614
receive	6.656099	5.143406	5.9507046
take	5.5252423	4.6259236	4.985401
simple	6.6835146	3.8596447	5.297836
error	3.7287211	5.90931	5.4904175
wisdom	7.252004	3.9115305	6.1094394
rock	5.8029428	4.004687	4.9541965
decide	4.758203	5.6728745	5.7151294
exclaim	6.309483	5.877357	5.2823358
assure	6.362895	4.7172446	5.7554827
sign	5.860344	4.5661654	5.045441
preserve	6.2811027	4.591919	5.802749
commerce	6.1792483	4.0899196	5.994428
plant	5.792119	3.4782486	4.478419
walk	5.648203	4.389968	4.1548705
difference	5.105818	4.0020933	4.7650447
hang	4.323372	4.734633	3.822144
following	6.542864	4.440416	5.8399644
employ	6.3763494	4.321517	6.0489063
