deal	5.4634023	5.424812	5.643787
study	6.7199593	4.415124	6.0198817
afford	6.1309443	4.389416	5.3712854
service	6.1528897	4.806463	6.2417145
height	5.4502997	4.4047894	5.594473
prospect	6.6392293	5.320725	6.3982434
pleasant	7.594285	4.024625	4.822628
shade	5.346636	3.3918	4.3099422
listen	5.41135	5.147097	4.8150277
mighty	5.96125	5.2221932	6.4987698
country	5.8568616	4.8516145	6.0274906
title	7.128518	4.5876236	6.222578
choose	5.5402102	4.36674	5.281637
village	5.6890483	3.9273262	4.4102454
acquire	6.279027	5.46114	6.650799
rank	5.8724804	5.8869734	6.667066
bow	5.6343613	4.3830104	5.5797224
doctor	5.6351457	4.031413	4.8005986
talent	7.4010973	5.545672	7.216466
source	6.7614574	4.380149	6.207659
lead	5.8705506	5.64348	5.8983774
question	5.468017	4.5653696	5.407413
publish	6.460266	4.7483525	6.9671497
interest	6.134071	5.0285945	6.0403266
serve	5.7630997	4.7443285	5.704546
divine	6.061533	5.159561	6.0596786
put	4.980662	4.586239	4.5505924
shadow	4.885689	4.0894547	4.549819
practical	6.6664414	4.329753	6.085143
surface	5.2330704	3.7950788	4.708326
account	5.037979	4.964865	5.2882795
loss	4.051384	5.089987	4.085583
indian	5.304124	4.7475843	5.3809495
vine	5.7302303	4.781847	4.811347
certain	5.8904123	4.667532	5.6173663
sin	3.690173	5.1215	4.1525536
necessity	5.541962	5.383958	6.071821
lose	4.665187	5.1521354	4.4812236
private	4.772125	4.6369743	5.132336
gentleman	6.741076	4.997687	5.9288006
daughter	6.8416286	4.4592366	5.4284306
drive	3.6685214	6.32043	5.344546
strange	4.478736	5.017646	4.5793324
journey	6.1960626	3.399204	4.4732556
uncle	4.5225387	4.819238	5.08099
species	5.7942357	3.9537988	5.204705
think	5.5944567	4.9616146	4.9699893
bed	4.9451737	3.571556	3.8229847
wind	4.3166885	4.904637	4.8969336
bless	6.0116153	4.603474	5.258877
destroy	2.7265315	6.0906754	4.2518034
author	6.372257	5.247361	6.2408276
sustain	5.963567	4.368785	6.0952206
black	4.066895	4.448706	4.3587747
event	6.4147577	5.261873	6.6377273
liberty	5.456747	5.547598	6.3602786
negro	4.6666102	5.242614	4.5500607
little	6.1874638	4.275675	4.6802597
fortune	6.455902	5.8864093	6.6430326
touch	5.421467	4.2450547	4.607124
kill	3.504752	6.2434754	4.489056
feature	6.1311665	4.2591844	5.482158
happiness	7.07377	5.0866227	6.192154
assume	5.195466	5.1804686	5.6908293
notion	5.1288767	5.482989	5.213122
purchase	6.242275	4.2691107	5.515523
faithful	6.285258	4.8363633	6.3905396
soldier	5.4941816	5.3595443	6.646012
father	5.703141	4.355422	5.044855
narrow	3.3066711	3.783702	3.6160188
great	6.4361587	4.878933	6.3338213
tear	4.0987215	5.1996355	4.2194414
honorable	5.878556	5.933903	6.8718195
previous	5.600194	4.7618465	4.844799
good	6.3083787	4.9088373	5.4979973
domestic	5.2550826	3.8870797	4.632131
glory	7.516962	5.5682974	7.130121
lay	5.443267	4.1941295	4.7335367
occasion	6.3253565	5.2880983	6.055564
guard	4.9370427	5.401654	6.1524296
whole	6.043149	4.4292493	5.603966
mouth	4.1842117	4.8751144	4.286274
receive	5.9445605	4.507354	5.9355083
take	5.3394594	4.6354036	4.868104
simple	6.7748766	3.6983328	5.3919945
error	3.6129491	5.235384	4.768558
wisdom	7.422804	4.1291747	6.423732
rock	4.8318534	4.914839	5.4093647
decide	5.568977	4.6200113	5.94922
exclaim	5.3502626	6.445076	5.089363
assure	6.003141	5.577008	5.8440704
sign	6.0148373	4.7986045	5.799512
preserve	6.398628	4.4021273	5.7075443
commerce	6.1673613	4.279571	6.0101256
plant	5.7544217	4.485325	5.021998
walk	5.477644	4.684968	4.474456
difference	5.464625	3.5041347	4.689882
hang	4.3771353	4.2912736	4.425351
following	6.77892	4.4924374	5.76103
employ	5.6497974	4.38131	5.447559
