deal	5.4100127	4.6891837	5.32384
study	6.979807	4.3199253	6.3798556
afford	6.5376234	4.034504	5.533837
service	6.2395086	5.251616	6.456751
height	5.9309816	4.954337	5.98746
prospect	7.477031	4.7626896	6.0564055
pleasant	6.915813	3.6174407	4.283422
shade	5.965748	3.4950533	4.385035
listen	5.298605	4.655637	4.3465633
mighty	5.4374676	5.1106634	5.744697
country	6.29513	4.8513937	6.164871
title	6.205083	4.124532	6.39067
choose	5.8232007	4.55264	5.6139402
village	5.7192693	3.6610339	4.73308
acquire	7.007973	4.8048887	6.5590096
rank	5.91959	6.070039	6.727051
bow	5.91148	4.7512984	5.350515
doctor	4.230956	5.1843405	4.908243
talent	6.993037	6.521269	7.0966377
source	6.2941904	4.31345	5.562027
lead	5.4224553	5.213668	5.777937
question	4.9643307	4.885339	5.7667913
publish	6.3598566	5.0810595	6.97204
interest	6.311495	5.0687876	6.1230593
serve	5.7715206	4.3564982	5.267044
divine	6.7605147	4.8677635	6.1004324
put	5.25767	4.4600277	5.076002
shadow	4.9128323	3.6514435	4.31312
practical	6.7116737	4.005829	6.0960197
surface	5.1155076	3.6031554	4.0560837
account	5.584343	5.204735	5.5189614
loss	3.896401	4.7370596	3.995091
indian	5.1449804	4.379392	5.130727
vine	6.6650553	4.2969136	4.540135
certain	5.630574	4.7176585	5.4395885
sin	4.2326884	4.8656244	4.641264
necessity	4.714266	5.3180113	5.3617287
lose	4.623434	4.534855	4.4741755
private	5.4731174	4.9878125	5.484915
gentleman	6.5678635	5.0834723	6.125741
daughter	7.06565	4.80858	5.5253406
drive	4.2821884	5.831928	5.011084
strange	4.5629826	4.6156406	4.038003
journey	6.1216965	3.7714915	4.46231
uncle	5.8813577	5.3912344	5.135265
species	5.9280095	3.6458635	5.263838
think	5.753289	4.609977	5.053535
bed	5.124078	3.3251536	3.8184266
wind	5.156261	5.0647254	5.0818443
bless	6.7331996	3.7808616	5.336734
destroy	3.7098014	5.7420616	4.8105726
author	6.735228	5.2542915	6.5169325
sustain	5.705327	4.829262	5.6606874
black	4.174279	4.1668563	3.8667274
event	5.9911976	5.442459	6.30261
liberty	5.8641224	5.279129	6.4275684
negro	4.989341	4.793709	4.195426
little	6.0187354	3.920083	4.527852
fortune	6.0701275	5.430585	6.094841
touch	5.502561	4.3724985	4.492478
kill	3.934961	6.4262857	4.882082
feature	6.5356956	4.1331472	5.3358135
happiness	7.200996	5.342183	6.014785
assume	5.545835	4.505494	5.419307
notion	3.9607034	5.777065	5.058326
purchase	5.702668	4.565927	5.7187214
faithful	6.1018214	5.220208	6.642811
soldier	4.877312	5.488521	6.3235793
father	6.2127285	4.518542	5.6052175
narrow	5.0172706	3.7331533	4.5747204
great	6.4658456	4.698774	6.106185
tear	4.3550854	4.8108277	3.6456463
honorable	6.277992	6.3551235	7.2962685
previous	5.4623036	4.698179	5.373851
good	6.537047	4.5125723	5.4019995
domestic	6.102478	3.7627387	5.016813
glory	7.784694	5.406733	7.410191
lay	5.3793993	3.988412	4.812587
occasion	5.8447475	4.771934	5.84833
guard	5.4689384	5.7563987	6.9021444
whole	6.092869	4.2408237	5.5183196
mouth	5.660888	4.465092	4.8608246
receive	6.077092	4.828364	5.7515345
take	5.4669676	4.3043957	4.9365683
simple	6.174019	3.8142266	5.1476464
error	3.5903127	5.8889565	5.118078
wisdom	7.4893484	4.721203	6.953165
rock	5.3910494	4.692138	5.343913
decide	4.9636617	5.3868046	5.9309607
exclaim	6.6359043	5.9271464	5.748557
assure	6.9103875	5.239914	6.193485
sign	4.870596	5.017519	5.1761875
preserve	6.4806366	4.106325	6.1857085
commerce	6.996323	4.2899165	6.406947
plant	6.685428	3.6972973	5.010862
walk	5.964001	4.551798	4.832897
difference	5.436787	3.9216478	4.8009634
hang	4.3241034	4.1381645	3.6059313
following	6.285151	4.537689	6.035935
employ	5.7490945	4.454195	5.8667817
