deal	4.4507666	4.8790245	5.200236
study	7.6698694	3.898413	6.5734806
afford	6.5653977	4.5717583	5.3929563
service	6.0426755	4.900285	6.3201547
height	5.437934	4.9655404	5.6393313
prospect	6.791277	5.1115117	6.240554
pleasant	6.665962	3.2415795	4.0650654
shade	5.7983837	3.3950493	4.3478694
listen	6.4429646	5.0352325	5.043913
mighty	5.3770266	5.129072	5.477097
country	5.981106	4.6748567	6.1598005
title	6.097382	4.324712	5.5318666
choose	5.186264	4.0553684	5.1336427
village	5.9939675	4.040331	4.684627
acquire	7.529975	4.4267206	7.0806723
rank	5.860429	5.943874	6.442234
bow	6.473204	4.576771	5.560447
doctor	5.4298453	4.285852	4.9978557
talent	7.284363	5.8284273	7.31841
source	6.6316586	4.9611454	5.8188562
lead	5.539772	5.4718175	5.611149
question	5.6517644	4.8093834	6.043003
publish	6.5602403	5.013297	6.686902
interest	6.368838	5.1970963	6.3503075
serve	5.4779177	4.432811	5.2979155
divine	6.1425276	4.9465528	5.8917284
put	5.0397983	4.4431596	4.6943707
shadow	5.2944093	3.2530694	4.491636
practical	6.756592	4.09164	6.4902678
surface	5.319032	3.8024035	4.1130385
account	5.201733	4.7600355	5.425558
loss	3.9664009	4.7448792	4.212841
indian	5.1450987	4.31512	5.2167463
vine	5.395127	4.798642	4.911202
certain	5.407262	4.7080708	5.2511597
sin	3.1277666	4.478198	4.0108852
necessity	5.162155	5.453492	6.06833
lose	5.0317183	4.3899484	4.5812664
private	5.385673	4.9086113	5.9905815
gentleman	6.5775156	4.986499	5.874835
daughter	6.406086	5.073537	5.6780105
drive	4.191	5.7653046	5.3273773
strange	5.6195574	4.9354887	4.5714703
journey	5.9071	3.9994895	4.904442
uncle	5.9398475	4.930333	5.92107
species	5.7440653	3.6159542	5.0663366
think	5.6573296	4.746149	5.00181
bed	5.150175	3.6836731	3.6498332
wind	4.4583073	5.0845532	4.9076633
bless	6.1004176	4.072278	5.0471067
destroy	3.8144023	5.3833895	5.008391
author	5.788154	4.7717724	5.901023
sustain	5.103814	5.186485	5.8342614
black	4.988057	4.2569604	4.815337
event	5.959298	5.336437	6.253589
liberty	6.2240334	5.3649054	6.945365
negro	5.8475766	4.8624644	4.956951
little	5.965921	4.2601023	4.5357857
fortune	5.686963	5.3122377	5.870442
touch	5.152955	4.807459	4.50022
kill	3.5637705	6.1818714	4.441324
feature	6.5562887	4.695998	6.3539653
happiness	6.7017803	4.696569	5.848691
assume	5.938176	4.912415	6.010742
notion	5.1747894	4.8864927	5.6324573
purchase	5.947192	3.9020057	5.318819
faithful	5.70312	4.679458	6.074719
soldier	5.395069	5.2843237	6.083601
father	5.742119	4.68343	5.564939
narrow	3.9460945	4.7557907	4.0695953
great	6.257716	4.8070674	6.1193867
tear	3.9337401	5.171112	3.6826625
honorable	5.6819663	5.1155977	5.8796835
previous	5.4291635	4.7881565	5.179005
good	6.2136292	4.754956	5.213386
domestic	5.4521904	3.3532012	5.081361
glory	7.2869625	5.715662	7.2280135
lay	5.3618894	4.032683	4.4751067
occasion	5.841621	5.523926	5.532073
guard	5.737685	5.808165	6.581651
whole	5.9517164	4.333848	5.392359
mouth	5.5954094	4.8972216	4.7722297
receive	6.47833	4.713526	5.7918105
take	5.5579357	4.509103	4.920346
simple	7.09484	4.218126	5.600059
error	3.4342866	5.428469	4.75628
wisdom	7.492437	4.6585064	6.375659
rock	5.4754233	4.6533146	5.159692
decide	5.4609957	5.2137127	5.574909
exclaim	5.7710147	5.856186	5.4634037
assure	6.387546	5.646636	5.93548
sign	5.362576	5.081882	4.8461013
preserve	6.1758866	4.0022845	5.9180155
commerce	5.9704494	4.200321	6.1134076
plant	5.563527	4.0363426	4.870408
walk	5.9160833	4.328559	4.666598
difference	5.5115523	4.277347	4.9786797
hang	4.579829	4.344211	4.0844994
following	6.324308	4.6789055	5.4927955
employ	6.5499935	4.3257036	6.2713494
