deal	4.8934565	4.9474263	4.8489723
study	6.9874725	4.3193	6.3839684
afford	6.578532	4.114103	5.3426304
service	6.172598	4.9954767	6.186695
height	5.6230855	4.4460154	5.392164
prospect	6.566188	5.2926507	6.3932877
pleasant	7.259886	3.5632374	4.3291206
shade	5.106548	3.2862573	4.671948
listen	5.791192	4.7645216	4.75014
mighty	5.3635798	5.0472584	5.6983657
country	6.069328	4.625288	6.0696583
title	6.2071857	4.321085	5.773617
choose	5.8999243	3.6410968	5.055007
village	6.1184826	4.046479	4.7035527
acquire	7.2422814	4.3826985	6.616518
rank	5.7077103	5.6125507	6.515669
bow	5.3287673	4.7381253	5.4427114
doctor	4.9946446	4.5519505	4.370661
talent	7.0419955	5.326104	7.429023
source	6.2981167	4.5011067	5.4217343
lead	5.5145497	5.2336454	5.527401
question	5.746496	4.663773	5.6753664
publish	5.849053	4.451712	6.2744923
interest	6.6584263	5.1092863	6.508109
serve	5.3052425	3.960328	4.493964
divine	6.47196	4.99981	6.1313624
put	5.0194607	4.0983434	4.3721824
shadow	4.30961	3.837623	4.269271
practical	6.199857	4.3944936	6.1874347
surface	5.7120132	2.7707925	5.0201488
account	5.623458	5.0262156	5.3856378
loss	4.674989	5.3183317	4.542445
indian	4.9067345	4.827484	5.3999453
vine	5.051394	3.624813	4.6083665
certain	5.7180142	4.810173	5.4065456
sin	3.3472266	4.901709	4.309656
necessity	5.048419	5.471241	5.546357
lose	5.2846475	4.5354943	4.4524584
private	5.5720057	4.3532324	5.3453116
gentleman	6.4950256	5.0862174	6.100889
daughter	6.86108	4.3969135	5.609274
drive	4.540748	5.8787346	5.5973363
strange	4.915474	4.9201493	4.3494763
journey	6.029246	3.620909	4.0442376
uncle	5.053514	5.4395504	5.1276436
species	5.4206586	4.4212866	5.062092
think	5.645627	4.674521	4.779378
bed	5.1320105	3.6973486	3.755293
wind	3.959743	5.0755644	4.600774
bless	6.8929467	4.153292	5.117218
destroy	3.474255	5.446291	4.3965364
author	5.64781	5.042793	6.1518936
sustain	5.9344654	4.9231887	5.5141582
black	3.8319232	4.4239926	4.7314706
event	6.1033993	5.4677124	6.4632797
liberty	6.1938596	5.2725606	6.326053
negro	4.935161	3.438447	4.5162253
little	5.9739776	4.161686	4.5128417
fortune	6.214483	6.0230246	6.4366374
touch	5.853967	4.1690154	4.3442583
kill	4.300495	5.6987095	4.5799923
feature	6.241681	4.815311	5.831708
happiness	7.1517305	4.84563	6.030586
assume	5.3776894	4.956739	5.795663
notion	4.899212	5.2547565	5.477393
purchase	6.3350883	4.5965447	5.682229
faithful	5.898647	4.56701	6.041003
soldier	5.1706157	5.278024	5.930645
father	5.75091	4.702793	5.2990327
narrow	3.8383803	4.657053	4.4733233
great	6.55661	4.6504736	6.0899186
tear	4.238473	4.6542697	3.3839397
honorable	5.6661224	5.0863605	6.3505297
previous	5.491143	4.3920217	4.8806357
good	6.124162	4.425734	5.034365
domestic	5.946768	3.3397622	5.0954223
glory	6.999948	5.5328054	6.4849086
lay	5.3491716	3.676725	4.330437
occasion	6.008201	5.136627	5.7412086
guard	5.5451536	5.4189644	6.444677
whole	5.9314556	4.1254992	5.465162
mouth	5.058577	4.927712	4.2658405
receive	6.6323423	4.650328	5.8414507
take	5.6465955	4.2792077	4.8148255
simple	6.6694756	3.9853888	4.8194036
error	3.2707388	5.2545056	4.7683325
wisdom	7.492503	4.542869	6.7859783
rock	5.129553	4.265146	5.3928146
decide	5.8247323	5.339956	5.9229693
exclaim	6.037218	5.4835825	5.4715037
assure	6.4021273	5.1039886	6.1884303
sign	4.9226174	4.6750946	4.5703535
preserve	6.006546	3.8579373	5.330909
commerce	6.165981	3.514326	6.012748
plant	5.2245164	3.8978286	4.769092
walk	5.6405673	4.3734484	4.643754
difference	5.950146	3.6040254	4.8164377
hang	4.2958307	4.62454	3.9616008
following	6.534817	3.9436326	5.2535176
employ	6.0845513	3.5369332	5.52325
