deal	5.3965344	5.6977468	5.4211493
study	7.0266013	4.7486105	6.0872817
afford	6.672597	4.331778	5.367444
service	6.081744	4.9964743	5.900155
height	5.566969	4.633237	5.8440256
prospect	7.4200625	4.7026234	6.2377806
pleasant	7.602849	4.0124974	4.5349503
shade	5.766	3.6251554	4.230111
listen	5.6516757	5.0833426	5.0842295
mighty	5.72535	5.1990385	5.9922705
country	6.2746744	4.753679	6.388072
title	6.8592978	3.9321077	6.2501535
choose	6.1292334	4.4603114	5.4594803
village	5.8504686	4.1406403	5.0991483
acquire	6.885305	4.8501587	6.679922
rank	6.5086412	5.7107325	6.564058
bow	4.892901	3.8615892	4.217516
doctor	4.794147	4.34348	4.442991
talent	7.545899	5.5573564	6.9214945
source	6.154895	3.9632714	5.6884685
lead	5.4407306	5.626526	5.604751
question	5.455179	4.9976463	5.764741
publish	7.4282107	4.055504	6.449273
interest	6.7000117	5.0389824	6.2985597
serve	5.9576864	4.5077715	5.215972
divine	6.982021	5.0578513	6.0616956
put	5.605838	4.239076	4.6623955
shadow	4.9572487	3.7506237	4.371844
practical	5.541112	4.408827	5.847546
surface	5.405162	2.7003536	4.6266155
account	5.421367	4.811857	5.032667
loss	4.5531316	5.116662	4.255035
indian	5.2941504	4.754045	5.4751067
vine	5.7023797	4.5142827	4.911392
certain	5.461403	4.826136	5.617688
sin	3.4294446	4.9537125	3.7389746
necessity	5.575833	5.1897206	5.7853436
lose	5.1427526	4.739419	4.6521416
private	5.8652554	5.3877344	5.915751
gentleman	6.347005	5.446421	6.045144
daughter	6.528204	4.7061706	5.6161165
drive	4.531822	6.0046587	5.538378
strange	5.127627	5.013708	4.6960325
journey	6.393142	4.356927	4.968649
uncle	5.257054	5.1934404	5.62518
species	6.208186	3.8130248	5.260443
think	5.6957016	4.7887726	4.9582376
bed	5.1445694	3.2444959	4.0218573
wind	4.782959	5.232132	4.769739
bless	6.5067735	4.3478284	5.486388
destroy	3.6958723	5.329397	4.6491313
author	6.110548	4.874651	5.893597
sustain	5.836427	4.6784177	6.061548
black	4.6489887	3.6629317	4.047315
event	6.2245865	5.3442154	6.2966404
liberty	6.074477	5.5260005	6.464628
negro	5.946175	4.724514	4.8904486
little	5.869158	4.07353	4.3441987
fortune	6.0872006	5.2438526	6.0896983
touch	5.607422	4.3463793	4.478115
kill	3.287353	6.4483013	4.8760433
feature	6.7581043	4.4499197	6.1390076
happiness	7.270226	5.0287237	6.3046746
assume	5.1148486	4.6355314	5.262714
notion	4.431942	5.4201236	5.0954914
purchase	6.635295	4.4563575	6.0478725
faithful	6.120458	4.929619	6.1639757
soldier	5.120966	6.2545	6.9136496
father	5.5179777	4.363732	5.455996
narrow	4.0865192	3.9652476	4.1829553
great	6.3381443	4.878057	6.1319437
tear	4.426238	4.713901	3.9028306
honorable	6.521364	5.348013	7.0518866
previous	5.893861	4.5746446	5.2833796
good	6.2489824	4.815736	5.315297
domestic	5.9923043	3.4953048	5.148832
glory	7.209993	5.20249	6.5461216
lay	5.9115977	3.60327	4.750568
occasion	5.9716187	5.2231884	5.8410954
guard	4.935029	5.7595577	6.146283
whole	6.168655	4.285448	5.6419024
mouth	5.1604977	4.7171144	4.187301
receive	6.5546446	4.5563183	6.0810213
take	5.5041018	4.4009104	4.84001
simple	6.6991444	3.9290607	5.3661127
error	3.3832288	5.6500797	4.833515
wisdom	7.2907157	4.1053123	6.1868906
rock	5.509282	4.2484107	4.9542575
decide	5.86701	5.2926064	6.2999344
exclaim	5.5760937	5.744473	5.2220535
assure	6.44822	5.240861	5.780645
sign	6.06638	4.1455197	5.122115
preserve	6.6935935	3.7895823	5.3094635
commerce	6.4965425	3.9034076	6.027996
plant	5.81342	4.526089	5.6339746
walk	5.5788174	4.5636306	4.4085345
difference	5.398714	3.7465258	4.8683205
hang	4.5461392	4.390433	4.0205812
following	5.9575386	4.436464	5.2507
employ	6.0568023	4.0799303	5.2284203
