deal	4.726414	5.16071	4.8553405
study	6.9625645	4.1647086	6.195072
afford	6.680863	4.3308244	5.5384192
service	6.4355726	4.8279114	6.3793344
height	6.4873524	4.4855843	6.4497766
prospect	7.718141	5.217255	7.0031056
pleasant	6.425606	4.206756	4.158971
shade	6.210322	2.8753455	4.4102325
listen	5.2060857	5.2718735	5.2611976
mighty	4.7517877	5.9735317	5.919425
country	6.2087736	4.931151	6.0511007
title	6.707696	4.829423	6.305041
choose	5.7550488	4.1834307	5.5178967
village	5.5963955	3.92066	4.6866384
acquire	7.6222105	4.6592355	7.2312355
rank	5.42576	6.2671294	6.4524326
bow	5.80552	4.5441074	5.397563
doctor	3.8659487	4.426845	4.307721
talent	7.791669	5.4504595	7.5830345
source	6.6623755	4.231903	5.925721
lead	5.3060536	5.417871	5.4128866
question	4.8849177	4.928274	5.533948
publish	7.1560893	5.105775	6.7903357
interest	6.669627	5.068127	6.258353
serve	5.597529	4.9129825	5.336141
divine	5.9620113	5.1854386	6.1842194
put	5.066387	4.4710293	4.6579323
shadow	5.345795	3.143171	4.6038985
practical	6.209337	3.879619	5.8680468
surface	5.8518553	3.2159886	5.0249767
account	5.498277	4.8202667	5.463396
loss	4.4607086	4.418112	3.769382
indian	5.356593	4.8365192	5.2405233
vine	6.1846123	4.0496783	4.372686
certain	5.9060793	4.5471025	5.1683435
sin	3.85317	5.138448	4.636699
necessity	5.341566	5.5144625	6.045461
lose	5.248485	4.584406	4.4610667
private	5.750004	5.2358775	5.81602
gentleman	6.4877234	4.806214	5.584236
daughter	5.9479303	4.637268	5.4489765
drive	4.1135564	5.742334	5.2536416
strange	4.636011	5.05882	4.4269795
journey	6.319119	3.6212454	4.464037
uncle	5.5224724	4.2893233	4.9398804
species	6.41569	3.4788716	4.9717536
think	5.5604353	4.6257644	4.8417454
bed	5.033382	3.9195437	4.1033945
wind	4.953486	4.6799603	4.961476
bless	6.52063	3.9724095	5.217413
destroy	3.2394407	5.62261	4.59485
author	6.363315	5.0267305	5.948059
sustain	6.0741787	4.5987806	6.332553
black	5.0188828	4.124262	4.21602
event	5.6742544	5.7140937	6.5765266
liberty	7.300751	5.1650505	6.689936
negro	5.721609	4.8023143	4.759436
little	5.9900393	4.1625633	4.540308
fortune	5.8826785	5.5126643	6.198078
touch	6.2684665	4.1268673	4.702207
kill	3.8389137	6.1341705	4.4245343
feature	6.4255342	4.651332	5.935072
happiness	6.853538	4.8126955	5.726817
assume	6.0370145	4.5990233	6.1909924
notion	4.1164026	5.4565616	5.0192575
purchase	6.261612	4.940107	5.6641173
faithful	5.505756	5.8914895	6.8793488
soldier	5.231413	5.684441	6.4172387
father	5.597199	4.395972	5.332271
narrow	4.756837	3.8155885	4.18799
great	6.482051	4.859053	6.1737
tear	4.726798	4.2331686	3.6312966
honorable	6.1737638	6.0795293	6.98453
previous	5.893967	4.8082423	5.237806
good	6.1795483	4.437562	5.1115093
domestic	5.443221	4.2138395	4.845483
glory	7.5225296	5.7871847	7.5776935
lay	5.4013476	4.56115	4.869405
occasion	5.7568583	5.5640135	6.113291
guard	5.4526467	5.833369	6.6994677
whole	6.377193	4.5427513	5.5988693
mouth	5.6580043	5.0396585	5.038674
receive	6.402309	4.7506704	5.9679937
take	5.51877	4.434773	4.9331374
simple	6.725362	4.012808	5.390665
error	3.5389557	5.5126505	5.1516604
wisdom	7.5603228	4.2759647	7.0912437
rock	5.6694946	4.15958	5.3255754
decide	5.00891	5.4497313	5.5817356
exclaim	5.822628	5.542447	5.6130958
assure	6.521754	5.67672	6.005013
sign	5.3784933	5.1509156	5.4376936
preserve	6.1625032	4.4792204	5.4237833
commerce	6.352211	4.7857413	6.2629323
plant	5.350894	4.0361595	4.6576676
walk	5.205226	4.3397517	4.472323
difference	5.2302885	3.5112004	4.786401
hang	4.920197	4.498148	4.289319
following	6.8759704	4.5951657	5.7290626
employ	5.711886	4.4441514	5.789831
