deal	5.4446197	4.796527	5.7330422
study	7.082391	4.358102	6.344714
afford	6.0891705	4.1673074	5.455945
service	6.986103	4.1588497	6.1761713
height	6.0494423	3.885141	5.614718
prospect	6.6729174	5.5961075	6.430438
pleasant	6.775571	3.855463	4.3965597
shade	5.745841	3.8290627	4.6148353
listen	5.5548897	4.842493	4.4076567
mighty	5.819864	5.4244347	6.381865
country	6.181176	5.2646823	6.317481
title	6.5091395	3.8999157	6.06725
choose	5.4281325	4.3170967	5.313309
village	6.234248	4.6077905	5.0183864
acquire	7.294732	4.716682	7.1806283
rank	6.474169	6.495552	7.1794977
bow	6.3374805	3.7956333	4.901668
doctor	4.693659	5.5801315	5.2132297
talent	7.5135927	5.714587	7.588007
source	6.1673985	4.4268913	5.723737
lead	5.7241454	5.149029	5.325555
question	5.3634973	4.580656	5.475691
publish	6.9108005	4.331794	6.312674
interest	6.6753554	4.9719625	6.237097
serve	5.5598454	4.26095	4.7226954
divine	6.549363	4.464098	5.81894
put	5.053242	4.4712844	4.671661
shadow	5.6186876	3.5142825	4.8595524
practical	6.1595163	4.1321735	5.9303846
surface	5.905281	3.1707082	4.619311
account	5.1605654	5.309878	5.4953256
loss	3.9721622	4.852694	4.159673
indian	5.6776557	4.397887	5.440917
vine	5.636495	4.444079	4.5151424
certain	5.5154204	4.678397	5.398849
sin	3.0984445	4.2725105	3.4575758
necessity	4.845581	5.191772	5.4725156
lose	5.5370216	4.4429674	4.660725
private	5.8148584	4.948923	5.8264284
gentleman	6.7815914	4.6755447	5.4924946
daughter	6.91952	4.72015	5.750306
drive	4.341359	5.745065	5.129594
strange	5.22908	4.578707	4.402253
journey	6.4751787	4.522579	5.0071783
uncle	5.3663425	5.7270145	5.6008687
species	5.354888	4.062458	5.020966
think	5.4966936	4.4643893	4.7577558
bed	4.7701125	3.5487704	3.2992702
wind	4.656218	5.622202	4.72311
bless	6.961588	3.6626449	5.2744007
destroy	4.177574	5.668379	4.858676
author	6.032446	4.840797	5.9804153
sustain	5.430762	4.8223267	5.627409
black	4.993309	3.891639	4.1679926
event	6.059503	5.328238	6.456147
liberty	5.7200723	5.56314	6.273369
negro	5.0192943	5.5542183	4.860735
little	5.9817886	4.240409	4.671524
fortune	6.253943	5.175027	5.9678154
touch	6.142482	4.665302	4.684949
kill	3.8597674	5.8919306	4.682034
feature	6.505397	4.162062	5.8260813
happiness	6.996975	4.7483196	6.021513
assume	5.3084354	3.8698375	4.93185
notion	5.492599	5.396024	6.2323074
purchase	6.6172686	4.1320944	5.954111
faithful	6.937379	4.4379015	6.1622815
soldier	6.1798177	5.379114	6.4671125
father	5.7543154	4.2780824	5.1379213
narrow	4.599431	3.5334096	3.8837385
great	6.3795786	5.079769	6.4609265
tear	3.7799613	4.749784	3.2161775
honorable	6.786936	5.6060386	7.041508
previous	5.794532	4.3514566	5.211667
good	6.2743287	4.488626	5.295543
domestic	6.8289495	4.1873803	6.5937295
glory	7.2797565	5.310572	6.758769
lay	5.1857095	4.0253987	4.306745
occasion	5.4086795	5.165049	5.6732354
guard	5.476192	5.338558	6.259773
whole	6.238275	4.3830366	5.601682
mouth	4.4927187	4.835819	4.044622
receive	6.643943	4.6877346	5.819802
take	5.598905	4.104245	4.781582
simple	6.4951916	4.2225895	5.3732796
error	3.7085161	5.6195374	5.0069838
wisdom	7.036611	4.09024	6.3604937
rock	5.040434	3.9663427	4.858563
decide	5.50506	5.2677507	6.0983343
exclaim	5.4022303	5.790219	5.3554964
assure	5.948112	5.415208	5.5860534
sign	5.9893856	5.741346	6.08506
preserve	6.5287704	4.0502343	5.5050645
commerce	6.2772355	4.9090595	6.629938
plant	5.1575236	4.1961875	4.60495
walk	5.4891553	4.6205597	4.5068197
difference	5.437411	4.186453	5.6684427
hang	4.700117	4.50512	3.9604802
following	6.5634046	4.721188	5.5685997
employ	6.078602	4.4034915	5.7425294
