deal	4.6431017	4.7589545	4.710864
study	6.636497	4.2847605	5.759732
afford	6.3801165	4.9249425	5.777528
service	6.034964	5.0863347	5.9272785
height	5.8677363	5.189898	6.1745334
prospect	7.04468	5.3131266	6.2569046
pleasant	7.14069	4.1981125	4.6054735
shade	6.0973105	3.0637708	4.4431343
listen	5.6528587	4.764171	4.840479
mighty	5.901737	5.1194487	6.182104
country	6.216892	4.763091	6.183219
title	6.6494207	3.7776947	5.6981096
choose	5.7819257	4.381901	5.2701273
village	5.4789033	3.8841438	4.5793133
acquire	6.2381687	4.6596127	6.2146387
rank	5.4814153	5.227295	5.7266145
bow	6.152529	4.3292522	5.247525
doctor	5.2040725	4.9469495	4.5826216
talent	7.722271	4.7231436	6.762542
source	5.874135	4.694501	5.506035
lead	5.4553266	5.333105	5.5489235
question	4.7498507	4.8308682	5.347839
publish	7.0890093	4.4505816	6.652393
interest	6.3146925	5.14414	6.2901726
serve	5.623711	4.863298	5.211642
divine	7.328333	4.3686914	6.0682364
put	5.2136703	4.1267486	4.5832243
shadow	5.4337044	3.2927997	4.405823
practical	6.0464363	4.3441734	6.5438867
surface	5.5962777	3.0914502	4.521365
account	5.367858	5.1120925	5.277141
loss	4.5188904	4.9906907	4.150072
indian	4.7038565	4.3331013	5.3095937
vine	5.9310246	3.708199	5.1932216
certain	6.0647616	4.667424	5.4955206
sin	4.069839	4.465723	3.9154716
necessity	5.608629	5.225267	6.1546
lose	4.9785423	4.492832	4.3937397
private	5.0923567	4.6847363	5.0106997
gentleman	6.445365	4.992127	5.820136
daughter	6.950173	4.3393364	5.4024487
drive	3.9626734	5.7939935	5.1087985
strange	4.873311	5.4462013	4.7150745
journey	6.1442614	4.029744	4.476202
uncle	6.120126	4.8752575	5.942749
species	5.7106833	3.030299	5.035225
think	5.7708054	4.702804	5.050978
bed	5.447776	3.9956703	4.488001
wind	4.840494	4.7854753	4.899981
bless	7.0943346	3.8516073	5.480376
destroy	3.5230396	5.3757687	4.354465
author	5.7494626	5.3301516	6.0348034
sustain	6.223197	5.060143	6.320891
black	4.4580326	3.8252075	3.814753
event	6.0672264	5.409092	6.7372074
liberty	6.308236	5.2920594	6.956794
negro	4.8066597	4.706057	3.9828134
little	5.9090996	4.088413	4.5806684
fortune	6.329008	5.1604013	5.7370257
touch	6.1823378	4.5065293	4.481287
kill	3.1526003	6.0621023	4.3568506
feature	7.4002357	4.090861	6.362512
happiness	6.645912	4.732575	5.5766306
assume	5.3737	4.4745393	5.5363603
notion	4.220927	5.120008	5.0904117
purchase	5.8426943	4.2803106	4.9536457
faithful	6.0401587	4.889738	6.0737185
soldier	5.4184523	5.3523545	6.45702
father	6.093173	4.257926	5.610874
narrow	4.165759	4.1186366	4.471507
great	6.3375	4.8630047	6.2434516
tear	4.7735977	4.1461864	3.892455
honorable	5.7860928	5.462748	6.142021
previous	4.9948387	4.475687	5.40224
good	6.401327	4.5231924	5.185138
domestic	6.306246	3.8793705	5.0374646
glory	7.8460402	5.050881	6.783388
lay	5.727185	4.0264792	4.8610277
occasion	6.247199	5.2590055	5.9991846
guard	4.72715	5.932334	6.4377203
whole	6.051632	4.18972	5.6401997
mouth	5.180504	4.327866	4.5748553
receive	6.47736	4.7688885	5.7403793
take	5.509008	4.2994614	4.939686
simple	6.53005	4.2129717	5.535841
error	3.1991644	5.6954093	4.557695
wisdom	8.138345	3.220264	6.5779805
rock	4.7439322	4.587229	5.0735497
decide	5.2187	5.2181644	5.646806
exclaim	7.1895933	5.6711335	6.474788
assure	5.8151245	5.734146	5.854588
sign	5.547735	4.9485564	5.184554
preserve	6.606696	4.200165	6.083028
commerce	6.314658	4.0973897	6.2940755
plant	5.603181	4.693368	5.8216324
walk	5.651666	4.5980015	4.6339765
difference	5.477572	3.808176	4.916933
hang	4.852555	4.2880945	4.3668528
following	6.722131	4.5360003	5.7961216
employ	5.0250683	4.789375	5.2313204
