deal	4.8234696	4.9092712	5.1374884
study	6.7806025	4.0098853	5.5884748
afford	6.570886	4.321946	5.5467963
service	6.45477	4.760994	5.8358803
height	5.6421924	4.4925566	5.5113235
prospect	7.288991	4.875763	6.3851624
pleasant	6.4169574	3.7510078	3.993635
shade	5.0824356	3.3996477	4.1268373
listen	6.070076	4.5011487	4.966532
mighty	5.5147724	5.7030115	6.0383024
country	5.9618173	4.7331343	6.1847305
title	6.784495	3.6307793	5.972932
choose	5.4968305	3.974362	5.0832067
village	5.7425094	4.1116176	4.78873
acquire	6.4270086	4.7450695	6.685753
rank	5.486003	6.0688396	6.2709775
bow	6.0495687	4.4965076	5.1980476
doctor	4.929662	5.1553316	5.1793904
talent	7.7959647	5.6157923	7.1021643
source	6.859934	4.0772266	6.0867186
lead	5.0822268	5.4976864	5.3738484
question	5.900183	4.72931	6.139023
publish	6.1092477	4.382742	6.059622
interest	6.8154006	4.9101496	6.4554358
serve	5.5995665	4.338025	4.7920456
divine	5.8983216	5.2775598	5.7164335
put	5.1586742	4.4790344	4.668379
shadow	4.7147694	3.4020631	4.0636153
practical	5.965787	4.1523614	5.6688952
surface	4.901179	3.0595026	4.402373
account	5.5743237	5.010438	5.4962916
loss	5.18261	4.562283	4.773072
indian	5.2626143	4.477323	5.377879
vine	4.784559	3.8072138	4.1633677
certain	5.8604074	4.7589283	5.71682
sin	3.077435	4.8316164	3.8595114
necessity	5.2594934	5.463765	5.926818
lose	5.1051664	4.561175	4.5521164
private	5.4325438	4.699607	5.7516255
gentleman	6.553493	5.1248693	6.1265965
daughter	7.116744	4.877698	5.737714
drive	3.777044	6.032462	5.0402174
strange	4.428937	4.8760777	3.8957636
journey	6.598653	3.3972008	4.216777
uncle	6.259844	5.231453	5.754599
species	5.2140203	3.75861	5.3562365
think	5.412738	4.755232	4.616146
bed	5.2068906	3.2319517	3.61454
wind	4.481945	4.8511057	5.0835056
bless	7.1640444	3.596016	4.964357
destroy	3.1670825	5.7250233	4.380859
author	6.1278987	4.6813974	5.8912535
sustain	6.5973883	5.022606	6.8640614
black	4.4863997	4.667379	4.4912524
event	5.7497563	5.617012	6.4432845
liberty	5.8433757	5.358746	6.204103
negro	4.7559257	4.41991	4.396776
little	5.3962193	4.1482716	4.283683
fortune	6.175408	5.920433	6.486148
touch	5.3381515	4.516781	4.4695234
kill	3.683823	5.9980903	4.3068485
feature	6.556147	4.1827683	5.7998123
happiness	6.793016	4.7602844	5.7659345
assume	4.99547	4.420343	5.5354776
notion	4.4070263	5.8716135	5.2553635
purchase	5.535814	4.646988	5.489589
faithful	6.6066866	5.046856	6.554895
soldier	5.3572817	5.5590425	6.0556135
father	6.1209126	4.3734775	5.3371916
narrow	3.7878964	4.1305594	4.2165556
great	6.243857	4.8748717	5.9619412
tear	4.2504463	4.815226	3.4179235
honorable	6.221965	5.333961	6.2223377
previous	5.748542	4.0116105	5.1293488
good	6.349553	4.5952363	5.1980333
domestic	6.036044	3.8044982	5.538145
glory	7.2357044	5.5699787	6.873211
lay	5.4670186	4.0934772	4.5214267
occasion	6.0259147	5.225627	5.965617
guard	5.23983	5.065728	6.1121492
whole	5.941323	4.439845	5.37483
mouth	5.136268	4.8373065	4.753959
receive	6.6965036	4.551724	5.8098717
take	5.5832653	4.4055924	4.7252083
simple	6.6590705	4.405169	5.4951324
error	4.183505	5.311391	5.3273325
wisdom	6.914714	4.160885	6.263009
rock	5.261594	4.708379	5.1415615
decide	5.669616	4.6593347	5.9094787
exclaim	5.7118225	5.586077	5.3464293
assure	6.35349	4.9741364	5.4777303
sign	5.6487355	5.0255427	5.7662463
preserve	6.281848	3.7584512	5.488904
commerce	5.834977	4.84039	5.975586
plant	4.945071	4.274132	4.786562
walk	5.280487	4.5425363	4.379093
difference	5.31559	4.506998	5.258131
hang	4.507373	4.92165	4.014692
following	6.671735	4.429835	5.322162
employ	6.0890207	4.5549483	5.889423
