deal	5.2331405	5.4935646	5.4865804
study	7.66653	4.182755	6.3591666
afford	6.3219423	4.33501	5.356535
service	6.6284494	4.923734	6.7692804
height	5.5360026	4.324463	5.6414266
prospect	7.6872873	5.220434	6.974839
pleasant	7.750925	3.775813	4.6809554
shade	5.6337256	3.3135178	4.527168
listen	6.0478883	4.7201557	4.782135
mighty	5.541443	5.610941	6.3238487
country	6.2271514	5.17991	6.4383335
title	6.9937	3.4767857	6.214349
choose	5.894213	4.3863096	5.750111
village	5.488122	4.5026827	4.745298
acquire	7.246906	4.5109897	6.5626636
rank	6.2391305	6.375211	6.7134643
bow	5.74106	4.2623367	5.2641673
doctor	3.835278	5.4251094	5.1956816
talent	7.284949	5.3671083	7.3022356
source	6.6103945	4.2549415	5.453121
lead	5.62702	6.0174656	5.999303
question	5.2447696	5.1499896	6.1521573
publish	6.622518	4.2822747	6.1736794
interest	6.8979177	5.3076415	6.62709
serve	5.723094	4.864801	5.5516243
divine	6.72598	4.602396	6.5682216
put	5.431538	4.3519998	4.950222
shadow	5.2641573	3.7000535	4.889267
practical	5.7324853	4.080772	5.677237
surface	5.8429074	3.6478138	4.8451233
account	5.437964	5.029354	5.635505
loss	4.851225	5.0326614	4.186425
indian	5.5331287	4.65533	5.5412455
vine	6.0077586	3.5322037	4.2016087
certain	5.626131	4.542558	5.2980957
sin	3.6837914	5.458541	4.631471
necessity	5.1503167	5.186821	5.5858045
lose	5.4028716	4.584238	4.610288
private	5.957902	4.7374625	6.234874
gentleman	6.249286	5.1476665	5.968232
daughter	6.857061	4.777346	5.7826724
drive	4.7996664	6.0658984	5.5320845
strange	5.477109	5.2064333	4.717653
journey	6.047435	3.7868428	5.0091095
uncle	5.022724	5.4733987	5.1173973
species	5.5933137	3.486576	5.009041
think	5.893583	4.4962034	5.04023
bed	5.1387672	3.6391606	3.7169802
wind	4.246972	4.9162455	4.774029
bless	6.952276	4.097918	5.3653426
destroy	3.9126658	5.2846885	4.547161
author	6.6126137	4.779699	6.2010775
sustain	6.2123766	4.9725738	5.869887
black	4.2137947	4.694333	4.4536943
event	6.268854	5.70218	6.7988586
liberty	6.640537	5.2683825	6.7082996
negro	4.947867	5.3935995	5.2326627
little	6.0172524	4.4190893	4.8390884
fortune	6.2998114	5.2887354	6.244407
touch	6.0690155	4.3931017	4.764912
kill	3.7978222	5.7224984	4.4054546
feature	6.6514444	4.702038	6.038841
happiness	7.6857595	4.707381	6.495838
assume	5.26028	4.5105753	5.2027707
notion	5.6579657	5.07393	6.046195
purchase	6.7714787	4.417016	6.1796346
faithful	6.1607933	5.549361	6.1140575
soldier	5.897141	5.572392	6.451596
father	6.24811	4.7346854	5.6808662
narrow	4.14929	4.559889	4.549008
great	6.394922	5.053419	6.6105266
tear	4.389719	4.877446	3.6745024
honorable	5.925994	5.676597	7.052145
previous	5.709841	4.3713007	5.0483503
good	6.4360647	4.6685624	5.6112547
domestic	6.5738096	4.1696205	5.9176846
glory	7.678785	5.2212415	7.4470367
lay	5.5359654	3.951499	4.962115
occasion	5.6929493	5.228507	5.8986607
guard	5.730075	5.5482407	6.340926
whole	6.4755216	4.4760804	5.9721975
mouth	5.016914	5.4905863	4.6913767
receive	6.7115726	4.3045397	5.7304306
take	5.770527	4.14831	5.0577087
simple	7.2530117	3.9303863	5.5483036
error	3.7688408	5.5842705	5.255312
wisdom	7.499512	4.4558887	6.920706
rock	4.6616955	4.907761	4.858429
decide	5.8984594	4.686512	5.580121
exclaim	5.628195	5.926412	5.5864873
assure	6.8460455	5.0886593	6.188309
sign	4.9522457	5.010388	5.207924
preserve	6.4937387	4.301348	5.7315416
commerce	5.901033	4.537725	6.7646685
plant	5.4217577	3.730687	5.034745
walk	5.896814	4.509621	4.5303326
difference	5.713803	4.193712	5.485225
hang	4.551473	4.8261347	4.4113097
following	6.021035	4.403007	5.53852
employ	6.3933425	4.563462	6.322866
