deal	5.529999999999999	4.055625	5.804375
study	5.845625000000001	4.139374999999999	5.8774999999999995
afford	5.692500000000002	3.8431249999999997	5.718749999999999
service	5.826250000000001	4.25375	5.824999999999999
height	5.4106250000000005	3.62	5.944374999999999
prospect	5.789999999999999	3.9781249999999995	5.7025
pleasant	6.278124999999999	4.358125	5.9375
shade	6.168125	3.8449999999999998	5.55125
listen	6.065000000000001	4.22125	5.924999999999999
mighty	5.643125	4.47625	5.448124999999999
country	5.5649999999999995	3.679375	5.894375
title	5.72875	3.6975000000000002	5.723749999999999
choose	5.8968750000000005	3.8012499999999996	5.77375
village	6.305625000000001	3.825	5.820624999999999
acquire	5.945	4.190625	6.110000000000001
rank	6.255625000000001	4.161875	6.0875
bow	5.75875	4.17125	5.4325
doctor	5.468125000000001	4.135624999999999	5.5
talent	5.898125	4.237500000000001	5.966250000000001
source	5.363125	3.8037500000000004	5.46
lead	5.9887500000000005	4.05375	5.812499999999999
question	5.577500000000001	3.5249999999999995	5.84375
publish	5.552499999999999	3.5743750000000003	5.903125
interest	5.67375	3.883125	6.1850000000000005
serve	5.96625	4.026249999999999	5.809374999999999
divine	6.210625	4.540625000000001	5.635000000000001
put	5.734375	3.8606249999999993	5.523124999999999
shadow	5.7975	4.0425	5.241250000000001
practical	5.686250000000001	3.934375	5.9037500000000005
surface	5.618125	3.728125	5.244374999999999
account	5.021875	3.815625	5.77125
loss	4.699375	4.536875	5.006875
indian	5.241875	4.121874999999999	5.021875
vine	5.66	3.838125	5.486875
certain	5.603125	3.8018750000000003	5.737500000000001
sin	5.245625	4.370624999999999	5.116249999999999
necessity	5.272499999999999	4.08625	5.389375
lose	5.935	3.9731249999999996	5.765624999999999
private	5.394375	4.17875	5.633124999999999
gentleman	6.166875	3.66375	5.773124999999999
daughter	6.477500000000001	4.297499999999999	5.73125
drive	5.07625	4.22	5.295000000000001
strange	5.7975	4.22875	5.6431249999999995
journey	6.154374999999999	3.731875	5.850625
uncle	5.905	3.9512499999999995	5.5600000000000005
species	5.393749999999999	3.9225	5.3825
think	6.158125000000001	4.035	5.8925
bed	4.9125000000000005	3.79	5.244999999999999
wind	5.929374999999999	3.96875	5.38125
bless	5.733750000000001	4.468125	5.513749999999999
destroy	4.138125	4.504375	4.984374999999999
author	5.921250000000001	3.9325000000000006	6.034999999999999
sustain	5.563125	3.958124999999999	5.843749999999999
black	5.434375	3.9675000000000002	5.393125000000001
event	5.500000000000001	3.8543749999999997	5.6637499999999985
liberty	5.75	4.3843749999999995	5.731875
negro	5.089375	4.469375	5.061250000000001
little	6.029375	3.9093750000000003	5.730625000000001
fortune	6.171875	4.2225	5.683749999999999
touch	5.981875	3.9775	6.0375
kill	4.251875000000001	4.788124999999999	4.61375
feature	5.1925	4.005000000000001	5.516875
happiness	6.096875000000002	4.25875	5.839999999999999
assume	5.643750000000001	3.7693749999999997	5.855625
notion	5.636875	3.8281250000000004	6.02
purchase	5.584375	4.22875	5.551249999999999
faithful	5.955624999999999	4.23625	5.663749999999999
soldier	5.1225000000000005	4.53625	5.49875
father	6.284375000000001	4.020625	5.711875
narrow	5.074375	3.638750000000001	5.1693750000000005
great	5.7875	3.623125	6.0075
tear	5.795625	4.784375	5.3125
honorable	5.981875	4.30875	6.151250000000001
previous	5.646249999999999	3.6281249999999994	5.904375
good	6.0025	3.9581249999999994	5.755
domestic	6.213125000000001	3.90625	5.98
glory	6.664375	4.6518749999999995	5.765625000000001
lay	5.31375	3.7425	5.50625
occasion	5.521249999999999	3.348125	5.5843750000000005
guard	5.265624999999999	3.9974999999999996	5.666875
whole	5.7093750000000005	3.588125	5.710000000000001
mouth	5.159375000000001	3.91	5.364374999999999
receive	5.71375	3.59625	5.73375
take	5.9575000000000005	3.8649999999999993	5.655625000000001
simple	5.768125	3.761875	5.94875
error	4.7924999999999995	4.0625	5.45875
wisdom	6.199375000000001	4.35625	5.8793750000000005
rock	5.7475	3.6506249999999993	5.783125
decide	5.474375	3.6418750000000006	5.9525
exclaim	6.0249999999999995	4.18375	5.915
assure	5.836250000000001	3.8862500000000004	5.956250000000001
sign	5.81125	3.6399999999999997	5.846875000000001
preserve	5.83	3.9574999999999996	5.6137500000000005
commerce	5.142499999999998	4.15875	5.41625
plant	6.125624999999999	3.739375000000001	5.649999999999999
walk	5.775000000000001	3.58375	5.794375
difference	5.56375	3.5162500000000003	5.739375
hang	5.5675	3.8775	5.300000000000001
following	5.61	3.52	5.935624999999999
employ	5.365625	4.030625000000001	5.515000000000001
