deal	5.941875	4.11375	5.896250000000001
study	5.715624999999999	4.0625	5.608125
afford	5.916875000000001	4.23625	6.038749999999999
service	6.100624999999999	4.210624999999999	5.998124999999999
height	5.4174999999999995	3.574375	5.463125
prospect	5.6850000000000005	4.4224999999999985	5.64
pleasant	6.4475	4.336875	6.123124999999999
shade	6.262499999999999	3.8425000000000007	5.5981250000000005
listen	6.090625	3.930625	6.258125
mighty	5.987499999999999	4.454375	5.883749999999999
country	5.51625	3.8162499999999993	5.681875
title	5.714999999999999	3.9512500000000004	5.3656250000000005
choose	5.84875	4.021875	5.951875
village	5.728125	3.7193750000000003	5.31375
acquire	5.87625	4.065	5.986250000000001
rank	5.4399999999999995	4.2787500000000005	5.82
bow	5.896875	4.014374999999999	6.0249999999999995
doctor	5.032500000000001	3.9887499999999996	5.154375
talent	6.465	4.5	6.086250000000001
source	5.7718750000000005	4.27875	5.769374999999999
lead	5.652500000000001	4.059374999999999	6.0025
question	5.5875	3.8606249999999998	5.9725
publish	5.676249999999999	3.77	6.011875
interest	5.70625	4.144375000000001	5.84375
serve	5.88375	3.651875	6.089375
divine	6.490625	4.245	5.711875000000002
put	5.4775	3.8974999999999995	5.406875
shadow	6.2475000000000005	3.999375	5.500625
practical	5.272500000000001	4.406249999999999	5.29875
surface	5.684375	3.7725	5.4643749999999995
account	5.518750000000001	4.000625	5.594375
loss	4.778125	4.77375	4.9818750000000005
indian	5.215000000000001	4.102500000000001	5.0581249999999995
vine	5.304375	4.07625	5.333749999999999
certain	5.910625	4.025625000000001	6.184375
sin	4.6575	4.643125	4.901874999999999
necessity	5.399999999999999	4.233125	5.470625
lose	5.675625	3.9968749999999993	5.7974999999999985
private	5.500625000000001	4.153124999999999	5.71875
gentleman	5.762500000000001	3.8937500000000003	5.681874999999999
daughter	6.0706250000000015	4.736875000000001	5.41125
drive	5.150625000000001	4.4325	5.356249999999999
strange	5.5581249999999995	4.395625	5.3968750000000005
journey	5.61	3.8725000000000005	5.658125000000001
uncle	5.819375	4.0406249999999995	5.46
species	5.518750000000001	4.268125	5.516875000000001
think	6.121875	3.71375	6.205625
bed	5.8425	3.9162499999999993	5.65125
wind	5.193124999999999	4.478125	4.873125
bless	5.6775	4.37375	5.680625
destroy	4.1575	4.560625000000001	5.001875
author	6.168125	3.9925000000000006	5.836250000000001
sustain	5.408124999999999	4.2212499999999995	5.572500000000001
black	5.281874999999999	3.69625	5.37375
event	5.673125	4.256875	5.691874999999999
liberty	5.564374999999999	4.141875	5.629375
negro	4.429374999999999	4.3	4.684375
little	5.8587500000000015	3.9425000000000003	5.7675
fortune	5.72	4.543125000000001	5.573125
touch	6.09125	4.030625000000001	5.990625
kill	4.159375	4.93	4.7143749999999995
feature	5.625624999999999	4.261875	5.6156250000000005
happiness	6.160625	4.711249999999999	5.915625
assume	5.435625	4.1587499999999995	5.741250000000001
notion	5.7406250000000005	4.264375	5.452500000000001
purchase	5.644375	4.427499999999999	5.554999999999999
faithful	6.1293750000000005	4.208125	6.028125
soldier	4.943125	4.47625	5.465625
father	5.612500000000001	4.453749999999999	5.2875000000000005
narrow	5.465	3.4312499999999995	5.397499999999999
great	5.68875	3.9068750000000003	5.67375
tear	5.716874999999999	4.815625	5.214375
honorable	5.278124999999999	4.375624999999999	5.7425
previous	5.325624999999999	3.865	5.628749999999999
good	5.6525	3.9118749999999998	5.69125
domestic	6.069375	3.8687500000000004	5.931875
glory	6.7943750000000005	4.7375	5.973750000000002
lay	5.4575	3.8537500000000002	5.35
occasion	6.143125	4.000625	5.840625
guard	5.208749999999999	3.9268750000000003	5.791874999999999
whole	5.6825	3.816875	5.7524999999999995
mouth	5.009375	3.96125	5.217500000000001
receive	5.846875	3.8681249999999996	5.833749999999999
take	5.703125000000001	3.6849999999999996	5.842500000000001
simple	5.968749999999999	3.97875	5.9625
error	4.539375	4.26375	5.17625
wisdom	5.88625	4.335	5.668125
rock	5.646875	4.1987499999999995	5.298125
decide	5.421875	4.1225000000000005	5.9025
exclaim	5.973750000000001	4.094375	5.961874999999999
assure	6.124999999999999	3.9512500000000004	6.188125
sign	5.928125	3.800625	5.87375
preserve	6.09875	4.061875	5.56375
commerce	5.061875	4.017500000000001	5.498749999999999
plant	5.863125	3.9462500000000005	5.391875
walk	5.686875	3.6893749999999996	5.876249999999999
difference	5.818124999999999	3.7843750000000003	5.62625
hang	5.290625	3.69875	5.335000000000001
following	5.71875	3.7687500000000003	5.645625
employ	5.6875	4.400625	6.051875
