deal	5.994375	4.203749999999999	5.878125
study	5.89375	4.3062499999999995	5.95625
afford	6.128749999999999	3.766875	5.850625
service	5.703125000000001	4.395624999999999	5.527500000000001
height	5.22375	3.855	5.4075
prospect	5.95375	4.45	5.765000000000001
pleasant	6.530625000000001	4.389374999999999	5.795000000000001
shade	6.003124999999999	3.941875	5.459375
listen	5.7924999999999995	3.8087499999999994	5.766250000000001
mighty	6.068125	4.655	5.63125
country	5.3825	3.9531250000000004	5.455
title	5.60625	3.8325	5.539999999999999
choose	5.776874999999999	3.9318750000000002	5.7775
village	6.029375	4.0725	5.519375
acquire	5.733750000000001	3.888125	6.104375000000001
rank	5.745	4.221875	5.789375
bow	5.971874999999998	3.985	5.501250000000001
doctor	5.538749999999999	3.9262499999999996	5.45375
talent	6.12625	4.2925	6.235625000000001
source	5.791249999999999	3.9225	5.833125
lead	5.774375000000002	4.048125000000001	5.611249999999999
question	5.8256250000000005	4.019375000000001	6.0512500000000005
publish	5.516875	3.750625	5.91875
interest	5.800000000000001	4.198125	5.8362500000000015
serve	6.474375	4.029375	6.154375
divine	5.953125	4.4037500000000005	5.3325000000000005
put	5.8775	3.7975	5.550624999999999
shadow	5.737500000000001	4.089999999999999	5.453750000000001
practical	5.474375	4.1425	5.680625000000001
surface	5.0806249999999995	3.6124999999999994	4.8950000000000005
account	6.010624999999999	3.834375	6.044375
loss	5.0043750000000005	4.354375	4.972499999999999
indian	5.454375000000001	4.409375000000001	4.984999999999999
vine	4.671875	3.5618749999999997	4.804375
certain	5.854375000000001	3.7331250000000002	6.186874999999999
sin	4.675	4.9175	4.809375
necessity	5.626250000000001	4.09	5.801875000000001
lose	6.175625	3.8693750000000002	5.686249999999999
private	5.911250000000001	4.04875	5.785
gentleman	6.384375	4.164999999999999	5.890625
daughter	6.355000000000001	4.483124999999999	5.6381250000000005
drive	5.421874999999999	4.2675	5.368125
strange	5.6625	4.644999999999999	5.31625
journey	6.153124999999999	4.00625	5.739375000000001
uncle	5.940625	4.176875000000001	5.442500000000001
species	4.835000000000001	4.08875	5.139375
think	6.009375000000001	3.974375	5.590625
bed	5.493125	3.826875	5.394374999999999
wind	5.494375	4.190625	5.04125
bless	6.306875000000001	4.44875	5.845624999999999
destroy	4.64625	4.179375	5.032499999999999
author	5.329375	3.9956250000000004	5.796875
sustain	5.20875	3.965	5.470000000000001
black	5.880624999999999	3.935	5.58
event	5.905	4.29375	5.759374999999999
liberty	5.466874999999999	4.05875	5.278125000000001
negro	4.763125	4.428125	4.621875000000001
little	6.154375	4.168125	5.63875
fortune	6.0625	4.695624999999999	5.6656249999999995
touch	6.0218750000000005	4.016875	5.6518749999999995
kill	4.934375	4.663125	5.163125
feature	5.4025	4.24625	5.371250000000001
happiness	6.498125	4.4956249999999995	6.02625
assume	5.71625	3.6925	5.7143749999999995
notion	5.9675	4.146250000000001	6.148125
purchase	5.817500000000001	4.195625000000001	5.598125
faithful	6.29875	4.2856250000000005	5.943124999999999
soldier	5.735625	4.541250000000001	5.913125
father	6.205625000000001	4.381875	5.3968750000000005
narrow	5.181875	3.5375	5.321875
great	6.0337499999999995	4.1	5.931874999999999
tear	5.020625	4.59	4.984375000000001
honorable	6.146249999999999	4.56625	6.239375000000001
previous	5.834999999999999	3.8762499999999998	6.1156250000000005
good	6.009375	4.108125	5.60125
domestic	6.064375000000001	4.131875	5.828749999999999
glory	7.001249999999999	4.663749999999999	5.99375
lay	5.388749999999999	3.8143749999999996	5.384375
occasion	6.099375	3.8187500000000005	5.87625
guard	5.208749999999999	4.5337499999999995	6.03125
whole	5.745624999999999	3.890625	5.7981250000000015
mouth	5.5	3.8287500000000003	5.3481250000000005
receive	5.989374999999999	3.834375	5.835625
take	6.234375000000001	3.68875	5.89375
simple	5.885	3.931875	5.772499999999999
error	4.761875	4.28375	5.177499999999999
wisdom	6.076250000000001	4.3881250000000005	5.936875
rock	5.873750000000001	4.2524999999999995	5.359999999999999
decide	5.62875	4.199999999999999	5.88375
exclaim	5.908125	4.51	5.700625
assure	6.368749999999999	3.94125	6.1075
sign	5.9825	3.725625	6.046250000000001
preserve	6.602500000000001	4.211875	6.038125
commerce	5.109999999999999	3.9675000000000007	5.080625
plant	4.835625	3.478125	4.819374999999999
walk	5.8100000000000005	3.667499999999999	5.734375
difference	5.798124999999999	3.976875	6.093125000000001
hang	5.383125	3.9956250000000004	4.936875000000001
following	5.69125	3.75875	5.86375
employ	5.308749999999999	4.146250000000001	5.6325
