deal	5.9606249999999985	3.853125	5.844375
study	5.822500000000002	3.8187499999999996	5.990625
afford	5.5218750000000005	3.75	5.811249999999999
service	5.150625	4.326874999999999	5.559375
height	5.234999999999999	3.628125	5.5249999999999995
prospect	5.898750000000001	4.611250000000001	5.553124999999999
pleasant	6.645624999999999	4.2475000000000005	6.2993749999999995
shade	5.999374999999999	3.981875	5.278749999999999
listen	6.356875	3.953125	6.249374999999999
mighty	6.3900000000000015	4.70875	5.73375
country	5.3375	3.828125	5.4243749999999995
title	5.5375	3.7649999999999997	5.604375
choose	6.2524999999999995	3.818125	6.198124999999999
village	5.724375	3.710625	5.441875
acquire	6.063124999999999	4.208749999999999	6.168124999999999
rank	5.574375	4.351875000000001	5.725625
bow	5.71375	3.963750000000001	5.774375
doctor	5.7181250000000015	4.0443750000000005	5.5775
talent	6.31	4.4468749999999995	6.12375
source	5.681875	3.7481250000000004	5.93125
lead	5.6475	3.793125	5.572499999999999
question	5.467499999999999	3.798125	5.404999999999999
publish	5.362499999999999	3.739375	5.5874999999999995
interest	5.75	4.0975	5.673125000000001
serve	5.599999999999999	3.67	5.9556249999999995
divine	6.404999999999999	4.13375	5.638750000000001
put	5.85875	3.7924999999999995	5.933749999999999
shadow	5.90625	3.9281249999999996	5.050625
practical	5.458749999999999	4.0675	5.4437500000000005
surface	5.54	3.7575000000000003	5.197500000000001
account	5.519375	3.8087500000000007	5.5325
loss	4.74625	4.038125	5.1575
indian	5.551875	4.246875	5.242499999999999
vine	5.494375	3.69875	5.340625
certain	5.34	3.701875	5.635625
sin	5.595	4.476875	5.206874999999999
necessity	5.241874999999999	4.015	5.2718750000000005
lose	5.929375000000001	3.9231249999999993	5.894374999999999
private	5.574375	4.09875	5.49625
gentleman	6.2749999999999995	3.8281249999999996	5.90625
daughter	6.4775	4.521249999999999	5.75
drive	5.670000000000001	4.215000000000001	5.546250000000001
strange	5.8706249999999995	4.584375	5.50875
journey	5.97125	4.3025	5.567500000000001
uncle	6.304374999999999	4.105000000000001	5.735625
species	5.419375000000001	4.1125	5.373750000000001
think	5.761875	3.8468750000000003	5.718749999999999
bed	5.779999999999999	3.7193749999999994	5.756875000000001
wind	5.650625000000001	4.194375	4.8968750000000005
bless	6.2725	4.063125	5.969999999999999
destroy	4.3306249999999995	4.584999999999999	4.950625
author	5.4956249999999995	3.80375	5.51375
sustain	4.960625000000001	4.12125	5.169375
black	5.652499999999999	3.9425	5.288125000000001
event	5.439374999999999	4.515000000000001	5.410624999999999
liberty	5.24125	4.311875	5.075625
negro	4.19375	4.61	4.70625
little	6.1175	3.764375	5.8900000000000015
fortune	6.309375	4.340625	5.5756250000000005
touch	6.14	4.045625	5.845
kill	4.4156249999999995	4.826874999999999	5.05375
feature	5.873125000000001	3.9287500000000004	5.7143749999999995
happiness	6.4643749999999995	4.403124999999999	5.922499999999999
assume	5.866874999999999	3.8025	5.925
notion	5.363125	3.976875	5.551875000000001
purchase	5.521875000000001	4.053125	5.721875
faithful	5.766875000000001	4.195	5.623125
soldier	4.8325000000000005	4.7368749999999995	5.387499999999999
father	6.56	4.15875	5.83625
narrow	5.345625	3.349375	5.091875
great	5.725625	3.875625	5.70625
tear	5.411874999999999	4.711250000000001	5.190625
honorable	5.908125	4.225000000000001	6.030625000000001
previous	5.454999999999999	3.9537500000000008	5.755000000000001
good	5.734375	3.8449999999999998	5.70625
domestic	5.720000000000001	4.239375000000001	5.57625
glory	6.306875	4.65625	5.615000000000001
lay	6.071249999999999	3.696875	5.7718750000000005
occasion	5.881875	3.8281250000000004	5.79125
guard	4.795625	4.203125	5.325
whole	5.749999999999999	3.6387500000000004	5.7075000000000005
mouth	5.0581249999999995	4.0675	5.251875
receive	5.696875	4.074999999999999	5.715624999999999
take	6.0581249999999995	3.793125	5.955625
simple	5.78	3.6756249999999997	5.749375
error	4.65625	4.001875	5.081874999999999
wisdom	6.125000000000001	4.2125	5.638125
rock	5.926875	3.9156250000000004	5.253125000000001
decide	5.436249999999999	4.1275	5.5981250000000005
exclaim	6.389375	4.17	6.142499999999999
assure	5.663125	3.9068750000000003	5.726249999999999
sign	5.98375	3.7793750000000004	5.865625
preserve	5.888750000000001	3.9343749999999997	5.835625
commerce	5.03375	4.177499999999999	4.955625
plant	5.700625	3.8943749999999997	5.283125000000001
walk	5.836874999999999	3.4725	6.052499999999999
difference	5.430624999999999	3.7231250000000005	5.5325
hang	5.422500000000001	3.9768749999999997	5.601874999999999
following	5.664375	3.647500000000001	5.76375
employ	5.177499999999999	3.92875	5.6275
