deal	5.664375	3.835	5.818125
study	5.830625	4.144374999999999	5.746874999999999
afford	5.8025	3.6543749999999995	5.9225
service	5.3525	4.374375	5.41375
height	5.36125	3.7631249999999996	5.355624999999999
prospect	5.9712499999999995	4.235625	5.7825
pleasant	6.595625	4.2856250000000005	5.9906250000000005
shade	5.99875	3.998125	5.131875000000001
listen	5.843124999999999	3.869375	6.038125000000001
mighty	5.828750000000001	4.670000000000001	5.494375
country	5.120000000000001	4.029375	5.154374999999999
title	5.55125	3.998125	5.5531250000000005
choose	5.694375000000001	3.9206250000000007	5.8325000000000005
village	5.813750000000001	3.94625	5.306874999999999
acquire	6.1693750000000005	3.7675	6.22625
rank	5.900625000000001	4.448124999999999	5.835624999999999
bow	5.69375	4.49375	5.82625
doctor	5.34625	4.08375	5.418125000000001
talent	6.673125	4.608750000000001	6.284375
source	5.5775	3.7175000000000002	5.7675
lead	5.138749999999999	3.9875	5.335624999999999
question	5.394374999999999	3.9774999999999996	5.69125
publish	5.688124999999999	3.7406249999999996	5.594375
interest	5.5356250000000005	4.091875	5.678750000000001
serve	5.613124999999999	3.7475	5.8881250000000005
divine	6.030625	4.2675	5.77125
put	5.5962499999999995	3.723125	5.604999999999999
shadow	5.376875000000001	3.94125	4.927499999999999
practical	5.508124999999999	4.02625	5.353125000000001
surface	5.338125	3.6387499999999995	5.0775
account	5.444375000000001	3.9762500000000003	5.648750000000001
loss	5.304375	4.385000000000001	5.51875
indian	5.395625	4.453125	5.036875
vine	5.423125	3.79625	5.2006250000000005
certain	5.360625	3.7775000000000007	5.8
sin	4.80625	4.583749999999999	4.850625
necessity	4.9575	4.1274999999999995	5.081249999999999
lose	5.805000000000001	3.8774999999999995	5.756874999999999
private	5.3125	4.216875000000001	5.39125
gentleman	6.169374999999999	3.8231250000000006	5.901249999999999
daughter	6.413124999999999	4.67375	5.6499999999999995
drive	5.380625	4.17875	5.396249999999999
strange	5.611875	4.1925	5.4375
journey	5.891874999999999	3.9775	5.5268749999999995
uncle	5.776875	3.8012500000000005	5.558125
species	5.448125000000001	3.8275000000000006	5.5125
think	5.387500000000001	3.97	5.39875
bed	5.373125000000001	4.176875	5.379375
wind	6.028125	4.114375000000001	5.20625
bless	5.939375	4.383749999999999	5.833125
destroy	3.8049999999999997	4.8975	4.61125
author	5.838750000000002	4.08	5.711875
sustain	5.572500000000001	4.3325	5.685625
black	5.5200000000000005	3.9943749999999993	5.478125000000001
event	5.53375	4.096875	5.564374999999998
liberty	5.464999999999999	4.300625000000001	5.32
negro	4.7124999999999995	4.727499999999999	4.956249999999999
little	5.898125	3.7043749999999998	5.638125
fortune	6.355625	4.42	5.978749999999999
touch	6.034375	3.96	5.794999999999999
kill	4.33	4.75875	5.036874999999999
feature	5.720625	4.195	5.6343749999999995
happiness	6.4925	4.5375000000000005	5.826875
assume	5.694375000000001	4.085	5.82625
notion	5.897500000000001	4.017500000000001	5.673749999999999
purchase	5.9275	4.328125	5.779375000000001
faithful	6.0337499999999995	4.40625	5.771875
soldier	4.7875	4.715000000000001	4.963125000000001
father	6.147500000000001	4.518125	5.5268749999999995
narrow	5.090625	3.7699999999999996	5.109999999999999
great	5.525	3.835625	5.825000000000001
tear	5.375625	4.97125	5.096875
honorable	5.569999999999999	4.1781250000000005	5.901875
previous	5.5375000000000005	3.85875	5.78625
good	5.77	3.740625	5.67125
domestic	6.065625	4.320625000000001	5.624375000000001
glory	6.713125	4.5912500000000005	5.768750000000001
lay	5.744999999999999	3.92	5.5625
occasion	5.569999999999999	4.359375	5.749374999999999
guard	5.130624999999999	4.2124999999999995	5.366874999999999
whole	5.7025	3.8031250000000005	5.590625000000001
mouth	5.42625	4.000625	5.443125
receive	5.6525	3.97625	5.895
take	5.750000000000001	3.6637500000000003	5.733124999999999
simple	6.155625	3.776875	6.1225000000000005
error	4.351875000000001	4.383125000000001	4.905625
wisdom	6.090624999999999	4.274375	5.981875000000001
rock	5.836249999999999	3.988125	5.261875
decide	5.44625	4.1743749999999995	5.695625
exclaim	6.1450000000000005	3.953125	6.084999999999999
assure	5.2875	3.89125	5.4193750000000005
sign	5.620000000000001	3.7662500000000003	5.73125
preserve	5.938124999999999	3.9550000000000005	6.036875
commerce	5.063125	3.8406250000000006	5.135625
plant	5.614999999999999	3.8024999999999998	5.44125
walk	5.5600000000000005	3.723125	5.6762500000000005
difference	5.323125	3.6662500000000007	5.4225
hang	5.32125	4.178125	5.408125
following	5.74375	3.70125	5.66
employ	5.2562500000000005	3.9768749999999997	5.8881250000000005
