deal	6.19375	4.3075	6.08125
study	6.203125000000001	4.1575	6.355625000000001
afford	5.815625000000001	3.83625	5.825
service	5.400625	3.9893749999999994	5.935625
height	5.4125000000000005	3.5437499999999997	5.3999999999999995
prospect	5.9156249999999995	4.54125	5.669999999999999
pleasant	6.815625	4.25	6.176875
shade	6.251874999999999	4.118125	5.435000000000001
listen	5.756875000000001	3.920625	5.9075
mighty	5.400625000000001	4.673125	5.143125000000001
country	5.633125	3.941875	5.722499999999999
title	5.498125	3.8406249999999997	5.554374999999999
choose	5.76625	3.7287500000000002	5.8275
village	6.02125	3.6937499999999996	5.789375
acquire	6.007499999999999	4.184375	6.24375
rank	5.761250000000002	4.481875000000001	6.158124999999999
bow	5.675	3.7306250000000003	5.571875
doctor	5.298125000000001	3.84	5.3525
talent	6.0475	4.5287500000000005	6.046250000000001
source	5.831874999999999	3.7743750000000005	5.885
lead	5.874375	3.7856249999999996	5.886874999999999
question	5.859375	3.801875	5.888125
publish	5.340625	3.8524999999999996	6.095000000000001
interest	5.970000000000001	4.062499999999999	5.960625
serve	6.078749999999999	3.520625	6.0375
divine	5.859374999999999	4.4775	5.1937500000000005
put	5.460624999999999	3.5981249999999996	5.401249999999999
shadow	5.818125	3.945	5.4662500000000005
practical	5.263125	4.359375	5.559375000000001
surface	5.460000000000001	3.7212499999999995	5.2524999999999995
account	5.920625	3.7718750000000005	6.237500000000001
loss	4.753125000000001	4.526875	4.963125000000001
indian	5.189375	4.445625	4.984375
vine	5.223125	3.9231249999999998	5.0025
certain	6.038125000000001	3.8962499999999998	6.183750000000001
sin	4.943125	4.651249999999999	4.938124999999999
necessity	5.493125	4.026249999999999	5.760625
lose	5.644375000000001	3.8293749999999998	5.4662500000000005
private	5.366875	4.18125	5.532500000000001
gentleman	6.054375	3.8381250000000002	5.77875
daughter	6.313125000000001	4.454375	5.7575
drive	5.448124999999999	4.1625	5.464375
strange	5.726875	4.418125	5.241875
journey	6.30375	3.9937500000000004	5.9243749999999995
uncle	6.161250000000001	3.8481250000000005	5.641249999999999
species	5.2825	3.964375	5.50375
think	6.221250000000001	3.7868749999999998	5.848749999999999
bed	5.278125000000001	3.8968750000000005	5.199374999999999
wind	6.191875	3.8693750000000007	5.56875
bless	5.990000000000001	4.261875	5.845
destroy	3.5193749999999997	4.966875000000001	4.498125
author	5.806875	3.770625	6.168750000000001
sustain	5.473125000000001	4.251249999999999	5.655624999999999
black	5.293750000000001	3.864375	5.369999999999999
event	5.685	4.418749999999999	5.731875
liberty	5.8425	4.195	5.5531250000000005
negro	4.24125	4.720625	4.755
little	5.86125	3.495625	5.765000000000001
fortune	6.076874999999999	4.780625000000001	5.9018749999999995
touch	5.9575000000000005	4.130625	5.449375
kill	4.295625	4.843125000000001	4.42125
feature	5.643125	4.349375	5.6000000000000005
happiness	6.50875	4.54375	5.925625
assume	5.753124999999999	3.8287500000000003	5.986875
notion	5.731249999999999	4.37875	5.7825
purchase	5.658124999999999	4.09375	5.615625
faithful	5.91	4.1225	5.786249999999999
soldier	4.571875	4.609375	5.0
father	5.658125000000002	4.43625	5.40375
narrow	5.268750000000001	3.4525	5.078125
great	6.019374999999999	3.840625	6.054374999999999
tear	5.159375	4.848125	5.278125000000001
honorable	6.25125	4.2700000000000005	6.141875000000001
previous	5.557499999999999	3.8018749999999994	5.982500000000001
good	6.144375	3.5837499999999993	5.885
domestic	5.7893750000000015	4.068125	5.936875000000001
glory	6.5775	4.618125000000001	5.673749999999998
lay	5.498125000000001	3.6018750000000006	5.484374999999999
occasion	5.978750000000001	4.235	6.3618749999999995
guard	4.91625	3.9599999999999995	5.269375000000001
whole	5.92	3.51125	6.0112499999999995
mouth	5.196250000000001	3.866250000000001	5.313750000000001
receive	6.033125000000001	3.64375	6.08625
take	5.875	3.55	5.730625000000001
simple	5.562499999999999	3.6175	5.771875
error	4.623124999999999	4.4037500000000005	5.298749999999999
wisdom	5.711875000000001	4.4243749999999995	5.63625
rock	5.80375	3.9331250000000004	5.435625000000001
decide	5.8575	3.9143749999999997	5.891875
exclaim	6.240625000000001	4.196875	5.89
assure	6.5225	4.30125	6.222500000000001
sign	5.83875	3.4406250000000003	5.8575
preserve	5.945625000000001	3.9962500000000003	5.888750000000001
commerce	5.661250000000001	4.366249999999999	5.699375
plant	5.44625	3.94375	5.369375
walk	5.593125	3.31375	5.59375
difference	5.5375000000000005	3.5774999999999997	5.8549999999999995
hang	5.4037500000000005	3.638125	5.1875
following	5.778125	3.7525	5.913125
employ	5.830000000000001	3.8837500000000005	6.0687500000000005
