deal	6.313124999999999	3.84375	6.086875
study	5.650624999999999	4.025625	5.74375
afford	5.636249999999999	3.641875	5.776250000000001
service	5.388125	4.1325	5.675000000000001
height	5.173750000000001	3.5743750000000003	5.251874999999999
prospect	6.125	4.709375	5.805625
pleasant	6.71	4.19125	6.081875
shade	6.734375	4.077500000000001	5.47625
listen	5.7475	4.000625	5.706875
mighty	5.3225	4.381875000000001	5.2
country	5.390624999999999	3.9356250000000004	5.5649999999999995
title	5.6475	3.8618750000000004	5.758125000000001
choose	5.82375	3.7662500000000003	5.836875
village	5.445625000000001	3.9975	5.4662500000000005
acquire	5.880625	3.9799999999999995	6.049375000000001
rank	5.745625	4.525625	5.8725
bow	5.546875	4.244375	5.705625
doctor	5.38	4.1000000000000005	5.223125
talent	6.138750000000001	4.230625	5.835000000000001
source	5.718749999999999	3.8318750000000006	5.77375
lead	5.6025	3.8481249999999996	5.733124999999999
question	5.711875	4.05	5.864375000000002
publish	5.704999999999998	3.7481250000000004	6.0806249999999995
interest	5.762499999999999	4.0625	5.929374999999999
serve	5.673125	3.81125	5.635625
divine	6.021875	4.3256250000000005	5.721875000000002
put	5.93375	3.8874999999999997	5.7593749999999995
shadow	6.3575	4.188750000000001	5.373124999999999
practical	5.013125	4.0925	5.3275
surface	5.113125	3.7843749999999994	5.136875
account	5.774375	4.003125	5.864999999999999
loss	5.383124999999999	4.268125000000001	5.424374999999999
indian	5.0200000000000005	4.411875	5.031874999999999
vine	4.98	3.8824999999999994	5.019375
certain	5.494375	3.958125000000001	6.031875
sin	4.32	4.6137500000000005	4.80875
necessity	5.170624999999999	4.29875	5.285
lose	6.285	3.83125	5.9325
private	5.460625	4.005	5.456875
gentleman	5.8225	3.695	5.678125
daughter	5.953749999999999	4.855	5.529375000000001
drive	5.3043749999999985	4.398125	5.264375
strange	6.134999999999999	4.4	5.78875
journey	5.831874999999999	3.975625	5.52125
uncle	5.93125	4.096875	5.610624999999999
species	5.416875	4.036875	5.4725
think	6.313124999999999	3.7837499999999995	6.02
bed	5.64125	4.010624999999999	5.535000000000001
wind	6.164999999999999	4.038125000000001	5.139375
bless	5.5825000000000005	4.325	5.682499999999998
destroy	4.811875	4.204374999999999	5.246875
author	6.109375	4.131875000000001	6.136875
sustain	5.266875	3.991249999999999	5.273750000000001
black	5.59125	4.026875	5.49875
event	5.513125	4.08125	5.9025
liberty	4.995625	4.101875	5.03125
negro	4.245	4.675625	4.829375000000001
little	6.236875000000001	3.88625	5.755625
fortune	5.811875000000001	4.3706249999999995	5.504375
touch	6.1899999999999995	3.9543750000000006	5.941250000000001
kill	4.431875	4.655625	4.704375000000001
feature	5.938125	4.114375	5.836250000000001
happiness	6.11375	4.548125	5.735000000000001
assume	5.666874999999999	4.104375000000001	5.81625
notion	5.70125	3.988125	5.704375000000001
purchase	5.70625	4.1575	5.666875
faithful	5.2318750000000005	4.344374999999999	5.69125
soldier	5.0406249999999995	4.630000000000001	5.436249999999999
father	5.758750000000002	4.3075	5.393125
narrow	4.904999999999999	3.9543749999999998	5.13
great	5.796249999999999	3.88	5.92125
tear	5.59875	4.786250000000001	5.275
honorable	6.0062500000000005	4.421875000000001	5.980625000000001
previous	5.390624999999999	3.873125	5.83125
good	5.914375000000001	3.92375	5.77125
domestic	5.267500000000001	4.149374999999999	5.137499999999999
glory	6.989375000000001	4.6674999999999995	5.954375000000001
lay	5.584999999999999	3.87125	5.5725
occasion	5.925	4.056875	6.1625
guard	5.498125	4.155	5.910625
whole	5.5043750000000005	3.90625	5.580625
mouth	5.3687499999999995	3.845	5.393750000000001
receive	5.762499999999999	3.8899999999999992	5.918125
take	5.685625000000001	3.809375	5.586250000000001
simple	5.918750000000001	3.7543750000000005	6.0175
error	5.1075	4.219374999999999	5.620000000000001
wisdom	5.973750000000001	4.121874999999999	6.003125
rock	5.696874999999999	4.267499999999999	5.0112499999999995
decide	5.50625	4.220625	5.960624999999999
exclaim	5.563125	3.9568750000000006	5.56
assure	6.222499999999998	3.7368749999999995	6.170000000000001
sign	5.521250000000001	3.67375	5.685625000000001
preserve	5.935625000000001	3.89625	5.654375
commerce	4.984999999999999	3.809375	5.185624999999999
plant	5.4937499999999995	3.912499999999999	5.3618749999999995
walk	5.824375	3.5350000000000006	5.789375
difference	5.834375	4.074375	6.039999999999999
hang	5.689374999999999	3.768125	5.731875000000001
following	5.623749999999999	3.6837500000000003	5.9712499999999995
employ	4.859375	4.0825	5.380000000000001
