deal	6.253125	3.74625	5.911875
study	6.0825000000000005	4.119375	5.988124999999999
afford	5.855	3.545625	5.798125000000001
service	5.259375	3.745	5.1375
height	5.440625	3.69125	5.531249999999999
prospect	6.1156250000000005	4.35375	6.124999999999999
pleasant	6.6312500000000005	4.7093750000000005	5.8525
shade	6.055624999999999	3.8700000000000006	5.200624999999999
listen	5.969375000000001	4.184374999999999	5.865
mighty	5.064375	4.745000000000001	4.926875
country	5.6274999999999995	3.7437499999999995	5.66625
title	5.7731249999999985	3.61875	5.603125
choose	6.05875	4.015625	5.885624999999999
village	5.599375	3.59625	5.4325
acquire	6.225624999999999	3.77	6.244375
rank	6.181250000000001	4.0737499999999995	5.630624999999999
bow	5.536874999999998	3.839375	5.546249999999999
doctor	5.335000000000001	3.769375	5.27
talent	6.411874999999999	4.269375	5.968125000000001
source	5.8774999999999995	3.56625	5.8925
lead	5.6712500000000015	3.903749999999999	5.57625
question	5.5375	3.6900000000000004	5.656249999999999
publish	5.75	3.78875	6.071250000000001
interest	6.055625000000001	3.881875000000001	6.034375000000001
serve	5.8	3.6350000000000002	5.699999999999999
divine	6.032500000000001	4.333125	5.545000000000002
put	5.908124999999999	3.9656249999999997	5.668125
shadow	5.737499999999999	4.07	5.206875
practical	5.482499999999999	3.8049999999999997	5.516250000000001
surface	5.188125	3.6862500000000002	5.201249999999999
account	6.019374999999999	3.744375000000001	5.928125
loss	4.566249999999998	4.665625	4.985
indian	5.25	4.418125	4.949999999999999
vine	5.22125	4.060625	5.021875
certain	5.9174999999999995	3.9150000000000005	5.9868749999999995
sin	4.024375	5.097499999999999	4.5181249999999995
necessity	5.475	4.10125	5.505000000000001
lose	5.441875	4.1031249999999995	5.381875
private	5.721250000000001	3.945	5.7325
gentleman	5.713749999999999	3.935625	5.528124999999998
daughter	5.558749999999999	4.399375	5.30125
drive	5.2975	4.148750000000001	5.277500000000001
strange	5.733125	4.420625	5.2250000000000005
journey	5.949374999999999	4.06125	5.753750000000001
uncle	5.34875	4.010000000000001	5.3075
species	4.918749999999999	3.978125	5.178125
think	5.726875	3.8443749999999994	5.404375
bed	4.99	3.8237499999999995	5.324375
wind	5.582499999999999	4.410625	5.1
bless	5.56125	4.324375	5.461875000000001
destroy	4.55375	4.729374999999999	4.943125000000001
author	6.024375000000001	3.94125	5.97375
sustain	5.3475	3.9924999999999997	5.378125000000001
black	5.2143749999999995	4.130625	5.292500000000001
event	5.904375000000001	4.1312500000000005	6.0718749999999995
liberty	4.995	4.010624999999999	5.090000000000001
negro	4.475625	4.616875	4.70625
little	5.810625000000001	3.8250000000000006	5.47125
fortune	5.804375	4.255	5.435
touch	5.904374999999999	3.9631250000000007	5.65625
kill	4.758125000000001	4.3618749999999995	4.98125
feature	5.274375	3.994375	5.139375
happiness	6.904375000000002	4.560625	6.186875000000001
assume	5.883125	3.65875	6.080625
notion	5.871875	3.977500000000001	5.85125
purchase	5.7093750000000005	3.819375	5.752499999999999
faithful	6.209999999999999	4.2075	5.811875
soldier	4.77125	4.670625	4.8706249999999995
father	5.6312500000000005	4.044375	5.3
narrow	5.213749999999999	3.6749999999999994	4.88125
great	6.0825	3.8381250000000002	5.876875
tear	4.89875	4.8968750000000005	4.729375
honorable	6.2524999999999995	4.02625	6.239999999999999
previous	5.802499999999998	3.6000000000000005	5.9675
good	5.9868749999999995	3.7749999999999995	5.630624999999999
domestic	5.69	3.703125	5.6312500000000005
glory	6.896874999999999	4.72	6.008125000000001
lay	5.859375	3.9318750000000002	5.548125
occasion	6.044999999999999	3.668125	5.973749999999999
guard	4.873125	3.895625000000001	5.180625000000001
whole	5.929375	3.7812499999999996	5.688750000000001
mouth	5.145625	4.12125	5.2375
receive	5.956249999999998	3.75875	5.801874999999999
take	6.0	3.6856249999999995	5.635
simple	6.0525	3.738125	6.076249999999999
error	4.91125	4.195625000000001	5.355
wisdom	6.253125000000001	4.158125	5.907500000000001
rock	6.158124999999999	3.8056249999999996	5.366875
decide	5.61625	4.0406249999999995	5.734375
exclaim	5.683750000000001	4.23125	5.694375
assure	5.858124999999999	3.8706249999999995	5.721875
sign	5.76625	3.8099999999999996	5.788125000000001
preserve	5.993125	3.806875	5.795624999999999
commerce	5.125	3.9393750000000005	5.201250000000001
plant	4.93875	4.090625	4.966875
walk	5.690625000000001	3.53375	5.426875
difference	5.721875	3.4812500000000006	5.767500000000001
hang	5.378750000000001	4.0874999999999995	5.286875
following	5.769375	3.691875	5.828125
employ	5.798125000000001	3.9050000000000007	5.884375
