deal	5.9437500000000005	3.9156250000000004	5.6225
study	6.105625000000001	4.143125	6.065625
afford	5.878125000000001	3.901249999999999	6.001249999999999
service	5.585000000000001	4.173124999999999	5.591875
height	5.399375000000001	3.8481249999999996	5.558125
prospect	6.2056249999999995	4.678125	5.950000000000001
pleasant	6.5131250000000005	4.393125	6.071249999999999
shade	6.1031249999999995	3.8762499999999998	5.640625
listen	5.766249999999999	3.77	5.673125000000001
mighty	6.037500000000001	4.453125	5.732499999999999
country	5.79375	4.125625	5.7387500000000005
title	5.588750000000001	3.7743750000000005	5.438124999999999
choose	5.781875	3.883125	5.72625
village	6.0575	3.720625	5.8149999999999995
acquire	6.125625000000001	4.061874999999999	6.310625
rank	5.680625000000001	4.33875	5.784375
bow	5.859375000000001	4.208749999999999	5.465
doctor	5.4906250000000005	3.9262499999999996	5.4243749999999995
talent	6.260625	4.585000000000001	5.913125000000001
source	5.982499999999999	3.9599999999999995	6.0093749999999995
lead	5.72625	4.0806249999999995	5.814375
question	5.601249999999999	3.958125	5.820625
publish	5.699375	3.7087499999999998	5.723750000000001
interest	5.891249999999999	4.12375	5.994375
serve	5.951874999999999	3.7206249999999996	6.065625000000001
divine	6.022500000000001	4.0675	5.481249999999999
put	6.038750000000001	3.6725	5.600625000000001
shadow	6.075625	3.8599999999999994	5.75125
practical	5.4375	4.297499999999999	5.53
surface	4.927499999999999	3.755	5.000625
account	6.001250000000001	3.9862500000000005	6.13875
loss	4.4399999999999995	4.8031250000000005	4.89125
indian	5.360625000000001	4.021875	5.117500000000001
vine	5.09875	3.9225000000000003	5.268125
certain	5.753125000000001	3.8931250000000004	6.176874999999999
sin	5.240625000000001	4.4425	5.128125
necessity	5.24875	4.266875000000001	5.45375
lose	6.163125000000001	3.6731249999999998	5.8374999999999995
private	5.520625000000001	4.095	5.4625
gentleman	6.286875	3.9212499999999997	5.744375
daughter	6.55625	4.251250000000001	5.6625000000000005
drive	5.7749999999999995	4.371875	5.6125
strange	5.656874999999999	3.78125	5.39375
journey	6.05125	3.995625	5.82375
uncle	5.951250000000001	3.77	5.57625
species	5.213749999999999	4.331875	5.264375000000001
think	6.302500000000001	3.7037499999999994	5.930000000000001
bed	5.823125000000001	3.6187500000000004	5.633125
wind	5.738124999999998	4.166875	5.331874999999999
bless	6.418125000000002	4.141875	6.028124999999999
destroy	4.144999999999999	4.559375	4.836874999999998
author	6.125625000000001	3.8781250000000007	5.851250000000001
sustain	5.574375000000001	4.326249999999999	5.680000000000001
black	5.808124999999999	4.0024999999999995	5.595000000000001
event	5.74875	4.036250000000001	5.750624999999999
liberty	5.30125	4.029375	5.305
negro	5.27125	4.42125	5.149999999999999
little	6.115625	3.5187499999999994	5.706875000000001
fortune	6.3968750000000005	4.431875	5.585624999999999
touch	6.286875	3.868125	5.6743749999999995
kill	4.965624999999999	4.234374999999999	5.181249999999999
feature	5.855	4.161875	5.583124999999999
happiness	6.204375000000001	4.411875	5.6975
assume	5.6475	4.0775	5.84375
notion	5.967499999999999	4.1375	6.020000000000001
purchase	6.075000000000001	4.3725000000000005	5.783124999999998
faithful	5.983124999999999	4.169375	5.570625
soldier	5.75375	4.164375	5.493125
father	6.590625000000001	3.9237499999999996	5.700624999999999
narrow	5.639999999999999	3.339375000000001	5.561875000000001
great	5.88625	3.9987500000000002	5.93875
tear	5.818124999999998	4.47875	5.3687499999999995
honorable	5.804375	4.020625	5.9825
previous	5.8637500000000005	3.8543749999999997	6.120000000000001
good	6.070000000000002	3.8156250000000003	5.77125
domestic	5.753125000000002	4.33875	5.538124999999999
glory	6.7437499999999995	4.523125000000001	5.874374999999999
lay	5.690624999999999	3.6649999999999996	5.701875
occasion	6.255624999999999	3.99625	6.226249999999999
guard	5.79125	3.979375	5.8656250000000005
whole	5.665000000000001	3.8137499999999993	5.494375000000001
mouth	5.336875	3.928125	5.420624999999999
receive	5.680625	4.215625	5.87375
take	5.95875	3.7074999999999996	5.698125
simple	5.918125000000001	3.904375	5.6187499999999995
error	5.059375	4.284375	5.541249999999999
wisdom	6.267499999999999	4.344374999999999	5.9125000000000005
rock	5.68875	4.154375	5.413125
decide	5.68375	4.083125	6.013749999999999
exclaim	5.708125000000001	3.8356250000000003	5.49125
assure	6.24625	4.0175	5.770625
sign	5.748125000000001	3.9087499999999995	5.673125000000001
preserve	5.89375	3.7631249999999996	5.703749999999999
commerce	4.89875	4.178125	5.210625
plant	5.461875	4.1537500000000005	5.360000000000001
walk	5.929375000000001	3.760625	5.829374999999999
difference	5.7475000000000005	3.8987499999999997	6.07125
hang	5.8475	3.7937500000000006	5.470000000000001
following	5.757499999999999	3.85	5.8199999999999985
employ	5.60375	4.140624999999999	6.008125000000001
