deal	5.896249999999999	4.206875	5.86125
study	5.875624999999999	4.08375	5.94625
afford	6.061875	3.6618749999999998	5.950000000000001
service	5.730625	4.369375	5.72875
height	5.348750000000001	3.8224999999999993	5.529999999999999
prospect	5.788750000000001	4.215624999999999	5.568125000000001
pleasant	6.743125	4.11875	5.901874999999999
shade	6.258750000000001	3.7993750000000004	5.251875
listen	6.475625000000001	4.0575	6.09625
mighty	5.59375	4.475625	5.326250000000001
country	5.416874999999999	3.994999999999999	5.298125000000001
title	5.710625000000001	4.04375	5.778124999999999
choose	5.596875000000001	3.893125	5.7437499999999995
village	5.574375	4.116874999999999	5.61625
acquire	6.076249999999999	4.023125	6.255624999999999
rank	6.003125000000001	4.44125	5.7856250000000005
bow	5.789375000000001	3.59375	5.797499999999999
doctor	5.940625	3.9699999999999998	5.553125
talent	6.448125	4.365	6.396249999999998
source	5.681874999999999	3.7056249999999995	5.809374999999998
lead	5.586250000000001	4.016874999999999	5.72875
question	5.481249999999999	3.93125	5.668125000000001
publish	5.430624999999999	3.6293749999999996	5.72625
interest	5.789375	3.9737500000000003	5.814375
serve	6.173124999999999	4.148125	6.145625000000001
divine	6.066875	4.5687500000000005	5.666875
put	5.64875	3.86375	5.5893749999999995
shadow	6.290625	4.12125	5.329375
practical	5.224375	3.7824999999999993	5.391249999999999
surface	5.25125	3.779375	5.368125
account	5.719375000000001	4.0775	5.9675
loss	4.99625	4.650625000000001	5.0218750000000005
indian	5.279375000000001	4.491874999999999	4.969374999999999
vine	5.783124999999998	3.853125000000001	5.4875
certain	5.5625	3.9737500000000003	5.6656249999999995
sin	4.181875	4.650625000000001	4.781875
necessity	4.851875	4.0725	5.098750000000001
lose	6.096875000000001	3.9875000000000003	5.623125
private	5.41125	4.209375	5.444375
gentleman	6.218125000000001	3.9243749999999995	5.744375
daughter	6.15625	4.58	5.391875
drive	5.263750000000001	3.9693750000000008	5.276250000000001
strange	5.8062499999999995	3.98	5.4437500000000005
journey	6.2037499999999985	4.066875	5.661874999999999
uncle	6.136875000000001	4.125625	5.56625
species	5.119999999999999	3.6418750000000006	5.41
think	6.046875000000001	3.8850000000000007	5.545625000000001
bed	5.515000000000001	4.049375	5.4350000000000005
wind	5.414375	4.54875	4.87125
bless	6.41375	3.9175	6.0675
destroy	5.0575	4.560000000000001	5.256874999999999
author	6.0775	4.161250000000001	5.84375
sustain	5.015	4.1068750000000005	5.048749999999999
black	5.268125	3.916875	5.28
event	5.626875	4.1187499999999995	5.431874999999999
liberty	5.237500000000001	4.175	5.088124999999999
negro	4.289375000000001	4.336875	4.845624999999999
little	6.201250000000001	4.08125	5.653125
fortune	6.456874999999999	4.576875	6.029999999999999
touch	6.380625	4.046875	5.869375
kill	4.793125	4.43875	5.059374999999999
feature	5.025625000000001	4.067500000000001	5.366874999999999
happiness	6.050000000000001	4.536874999999999	5.52625
assume	5.6362499999999995	3.980625	5.7768749999999995
notion	5.760624999999999	3.94875	5.834375
purchase	5.833125000000001	4.140625000000001	5.744375000000001
faithful	5.931875000000001	4.3656250000000005	5.883749999999999
soldier	5.29	4.658125	5.5787499999999985
father	6.339375000000001	4.200624999999999	5.483125
narrow	5.261875	3.570625	5.374375000000001
great	5.931875000000001	4.000624999999999	5.8775
tear	5.2943750000000005	4.543125	5.188125
honorable	6.006875	4.1725	6.171875000000001
previous	5.3575	3.889375	6.090625
good	5.9575000000000005	3.997499999999999	5.5975
domestic	5.994375	4.235625000000001	5.8575
glory	6.639375	4.591875	5.902499999999999
lay	5.375624999999999	3.7375000000000003	5.5181249999999995
occasion	5.717499999999999	4.335624999999999	5.985625000000001
guard	5.584375	3.8218750000000004	5.934374999999999
whole	5.490625	3.63875	5.668750000000001
mouth	5.008125	3.9112500000000003	5.259375
receive	5.685625	3.8706249999999995	5.765625
take	6.038125000000001	3.7600000000000002	5.800000000000001
simple	5.826875	3.9974999999999996	5.8725
error	4.430625	4.083125	5.333125000000001
wisdom	6.148125000000002	4.4437500000000005	5.941250000000001
rock	5.974375	3.8787499999999997	5.581875
decide	5.1537500000000005	4.208124999999999	5.534375
exclaim	5.9662500000000005	4.156249999999999	5.774375
assure	5.955625	3.919375	5.773124999999999
sign	6.336874999999999	3.7993750000000004	5.81875
preserve	6.045000000000001	4.266875	5.614375000000001
commerce	5.280625	3.8456250000000005	5.146875
plant	5.6987499999999995	3.74875	5.4675
walk	5.925625	3.466250000000001	5.644375
difference	5.4418750000000005	3.9168749999999997	5.943125
hang	5.36375	3.6668749999999997	5.3149999999999995
following	5.850625	3.7987499999999996	6.013749999999999
employ	5.544375	4.130625	5.861250000000001
