deal	6.370625	3.9375	6.208125
study	5.8875	4.5275	6.20375
afford	5.709375	3.734375	5.630625
service	5.456874999999999	4.402500000000001	5.95625
height	5.303750000000001	3.8387499999999997	5.253124999999999
prospect	6.0024999999999995	4.2275	5.82
pleasant	6.486875	4.047499999999999	6.20375
shade	6.179375	3.76875	5.505625
listen	5.830625	4.030625	5.774375
mighty	5.610625	4.333125000000001	5.450624999999999
country	5.503125	3.72625	5.703124999999999
title	5.9624999999999995	3.7262500000000003	5.784999999999999
choose	6.019374999999999	3.938125	6.169375
village	5.49375	3.959375000000001	5.320624999999999
acquire	5.9875	3.910625	6.201874999999999
rank	5.770625000000002	4.3812500000000005	5.726875
bow	5.594374999999999	4.0649999999999995	5.6575000000000015
doctor	5.636874999999999	3.8431249999999997	5.775625
talent	6.198125	4.24625	6.153125
source	5.755625	3.7268749999999997	5.8637500000000005
lead	5.672499999999999	4.095625	5.944999999999999
question	5.644375	3.7106250000000003	5.9156249999999995
publish	5.508749999999999	3.6087499999999997	5.626874999999998
interest	5.529375	3.82375	5.625000000000001
serve	5.67625	3.7225	6.034375
divine	6.073125	4.141875000000001	5.374375000000001
put	6.024374999999998	3.8206249999999993	6.06
shadow	5.8475	3.9100000000000006	5.245625
practical	5.5043750000000005	3.97125	5.510000000000001
surface	5.534375	3.7262500000000003	5.184374999999999
account	5.39625	3.7668750000000006	5.6850000000000005
loss	4.193750000000001	4.496250000000001	4.723750000000001
indian	4.889375	3.8612499999999996	5.10125
vine	5.623749999999999	3.53875	5.405625000000001
certain	5.673749999999999	3.7593750000000004	6.124999999999998
sin	4.5893749999999995	4.74	4.922499999999999
necessity	5.08125	3.8581250000000002	5.281875000000001
lose	5.91125	3.6806249999999996	5.983125
private	5.3525	4.256875000000001	5.601875
gentleman	5.86	3.659375	5.817499999999999
daughter	6.431875000000001	4.228125	5.949374999999999
drive	5.6499999999999995	4.24	5.63875
strange	6.068749999999999	4.25625	5.704375
journey	5.962500000000001	4.23375	5.7387500000000005
uncle	5.63625	4.288125	5.7143749999999995
species	5.536249999999999	4.1293750000000005	5.385625
think	6.076875	3.6712499999999992	6.074375000000001
bed	5.721875000000001	3.464375	5.419374999999999
wind	6.230625	3.87375	5.3862499999999995
bless	5.7	4.0981250000000005	5.9425
destroy	4.936875000000001	4.345000000000001	5.481875
author	5.875	3.691875	5.7675
sustain	5.349375000000001	3.7624999999999997	5.561249999999999
black	5.574999999999999	4.10125	5.381250000000001
event	5.54625	3.879375	5.8774999999999995
liberty	5.658125	4.079375	5.541874999999999
negro	4.685625	4.380625	4.789999999999999
little	5.783125	3.8268750000000007	5.905
fortune	5.4887500000000005	4.3025	5.3462499999999995
touch	6.205	3.9337500000000003	6.058749999999999
kill	4.359375	4.629375	4.8125
feature	5.926875	3.993125	5.698124999999999
happiness	6.01125	4.601249999999999	5.539999999999999
assume	5.92375	3.5175	5.973125
notion	5.7524999999999995	3.7306250000000003	5.866875
purchase	5.536875	4.033125	5.5668750000000005
faithful	5.8237499999999995	4.11125	5.872499999999999
soldier	5.173125000000001	4.448125	5.484375
father	6.006874999999999	3.956875	5.8462499999999995
narrow	5.464375	3.4637499999999997	5.388125
great	5.6325	3.645625	5.808125
tear	5.627499999999999	4.59875	5.3031250000000005
honorable	6.114375	4.431875	6.078749999999999
previous	5.396875	3.6174999999999997	5.951875
good	5.368125	3.8781250000000003	5.746875
domestic	5.713125	3.7912499999999993	5.713125
glory	7.098125	4.552499999999999	6.113125000000001
lay	5.756875	4.00625	5.93375
occasion	5.640000000000001	3.8993749999999996	5.913750000000001
guard	5.188749999999999	3.8331250000000003	5.779375000000001
whole	5.7725	3.586875	5.720625
mouth	5.711874999999999	3.8499999999999996	5.685625
receive	5.836875	3.89125	5.876875
take	5.69625	3.803125	5.960000000000001
simple	5.6225	3.754375	5.855
error	5.12	3.935625	5.736249999999999
wisdom	6.215625000000001	3.9493750000000003	5.907500000000001
rock	5.824375	3.87875	5.2943750000000005
decide	5.4925	3.9706249999999996	6.136875000000001
exclaim	5.510625	4.17625	5.64125
assure	6.17125	3.8218749999999995	6.1625
sign	5.519375	3.7575	5.6987499999999995
preserve	5.856250000000001	3.851875	5.725625
commerce	5.293125	3.90875	5.336874999999999
plant	5.62125	3.497499999999999	5.398125
walk	5.532500000000001	3.8518749999999997	5.843124999999999
difference	5.529999999999999	3.61	5.878750000000001
hang	5.61875	3.784375	5.774375000000001
following	5.923125000000001	3.6212500000000003	5.808125
employ	5.4087499999999995	4.201875	5.668125
