deal	5.81625	3.8325	5.65125
study	5.858125	4.248124999999999	5.85125
afford	5.778125000000001	3.6881250000000003	5.7125
service	5.424375	4.181875	5.420000000000001
height	5.4125	3.7599999999999993	5.875
prospect	5.841875	4.243125	5.37875
pleasant	6.543125	4.19625	5.966874999999999
shade	6.259375	4.109999999999999	5.459375
listen	6.1487500000000015	3.9987500000000007	5.753750000000001
mighty	5.576875	4.68375	5.581874999999999
country	5.539375	3.6518750000000004	5.600624999999999
title	5.746250000000001	3.823125	6.0
choose	5.861875	3.961875	5.935
village	6.119375	3.801875	5.890000000000001
acquire	5.93125	3.989375	6.144375
rank	6.013750000000001	4.425624999999999	5.630625
bow	5.31	4.099375	5.586249999999999
doctor	5.369375000000001	4.026249999999999	5.35625
talent	6.277499999999999	4.425625	6.108125
source	5.74875	3.626875	5.78375
lead	5.7825	3.9674999999999994	5.528125
question	5.505625	3.7874999999999996	5.759375
publish	5.71125	3.9543749999999998	5.876875000000001
interest	5.74125	3.9606250000000003	6.2124999999999995
serve	6.063124999999999	3.63375	5.976249999999999
divine	6.068125	4.3862499999999995	5.774374999999999
put	5.852499999999999	3.8193749999999995	5.736875
shadow	5.971875	4.21	5.119375
practical	5.599374999999999	3.834374999999999	5.8625
surface	5.51875	3.4618749999999996	5.25625
account	5.838750000000001	3.761250000000001	6.1475
loss	4.538125	4.5043750000000005	4.8475
indian	5.285625	4.571249999999999	5.20625
vine	5.4125	3.8193749999999995	5.220625
certain	5.610624999999999	3.600625	5.819374999999999
sin	4.404375	4.543125000000001	4.966874999999999
necessity	5.0337499999999995	4.004375	5.373749999999999
lose	6.0175	3.9968749999999993	5.6343749999999995
private	5.184375	4.29625	5.361875
gentleman	6.345625	3.924375	5.876874999999999
daughter	6.140625	3.9524999999999997	5.579375
drive	5.32875	4.1	5.289375
strange	5.840625	4.210625	5.320625000000001
journey	5.9075	4.136875	5.595000000000001
uncle	6.143125	4.0225	5.751250000000001
species	5.631875000000001	4.051875	5.658125000000001
think	6.12375	3.6818749999999993	5.727499999999999
bed	5.699375	3.858125	5.4643749999999995
wind	5.90625	4.150625	5.296874999999999
bless	6.635000000000002	4.003125	6.148124999999999
destroy	4.541875000000001	4.528125	4.934374999999999
author	6.09375	4.115625	5.953125000000001
sustain	5.369375000000001	4.0975	5.601875
black	5.5093749999999995	4.10375	5.2275
event	5.406874999999999	4.0875	5.590624999999999
liberty	5.428750000000001	4.649375	5.618750000000001
negro	5.071875	4.385	5.0125
little	6.106249999999999	3.8787499999999997	5.7700000000000005
fortune	6.038125000000001	4.508125	5.682500000000001
touch	5.905624999999999	4.016875	5.63
kill	5.0375	4.461250000000001	5.355
feature	5.578749999999999	3.7350000000000003	5.525625000000001
happiness	6.581249999999999	4.4725	5.9868749999999995
assume	5.65625	3.5837499999999998	5.825
notion	5.6875	3.9618749999999996	5.7425
purchase	6.059374999999999	4.571249999999999	5.738124999999998
faithful	6.383750000000001	4.181875	6.046875
soldier	5.570625000000001	4.496875	5.435
father	6.638750000000002	3.98125	5.844999999999999
narrow	5.194375000000001	3.8268749999999994	5.112499999999999
great	5.649375	3.696875	5.857499999999999
tear	5.55875	4.6968749999999995	5.18375
honorable	6.004375	4.196875	5.99875
previous	5.756874999999999	3.6543749999999995	6.016875
good	6.133125	3.76	5.9693749999999985
domestic	6.18	4.0600000000000005	5.908124999999999
glory	6.570625000000001	4.611875	5.920000000000002
lay	5.4975000000000005	3.8356250000000007	5.6025
occasion	5.9556249999999995	3.6525000000000003	6.227499999999999
guard	5.2162500000000005	4.1425	5.497500000000001
whole	5.616875	3.54	5.715
mouth	5.220625	3.9056250000000006	5.418749999999999
receive	6.00375	3.9393749999999996	5.7681249999999995
take	6.068124999999998	3.885	5.79875
simple	6.252500000000001	3.7762500000000006	5.9174999999999995
error	5.07625	3.9512500000000004	5.555
wisdom	6.184374999999999	4.529375	5.875625000000001
rock	5.843750000000001	4.16375	5.648125
decide	5.535	4.010625	5.738125
exclaim	5.976250000000001	3.9968749999999997	5.70375
assure	6.095000000000001	3.87125	5.793125
sign	6.048749999999999	3.808125	5.684375
preserve	6.116249999999999	3.832499999999999	5.895625
commerce	5.338749999999999	4.065	5.43375
plant	5.410000000000001	3.605625	5.331249999999999
walk	5.871875000000001	3.5493750000000004	5.7925
difference	5.385	3.628125	5.921875000000001
hang	5.33875	3.90125	5.124375
following	5.934375000000001	3.9387500000000006	5.9156249999999995
employ	5.54	4.19	5.3568750000000005
