deal	6.285625	4.086875000000001	6.083125
study	5.820625	4.2375	5.949375000000001
afford	6.23	4.024375	6.04875
service	5.547499999999999	4.147499999999999	5.624375000000001
height	5.309375	3.825624999999999	5.43
prospect	5.925625	4.495	5.4018749999999995
pleasant	6.685625	4.355	5.90625
shade	6.22875	3.7625	5.478125
listen	5.93625	3.82625	5.989375
mighty	5.8925	4.57625	5.753125
country	5.841874999999999	4.038125	5.779374999999999
title	5.430624999999998	4.1025	5.611874999999999
choose	6.2275	4.114374999999999	6.213124999999999
village	5.9437500000000005	3.7675	5.4312499999999995
acquire	5.968124999999999	3.8862500000000004	6.15625
rank	5.577500000000001	4.165	5.65
bow	5.831875	4.147499999999999	5.672499999999999
doctor	5.538749999999999	3.8618750000000004	5.404375
talent	6.383125000000001	4.179375	5.8325000000000005
source	5.749375000000001	4.025	5.64875
lead	5.755000000000001	3.925	5.6
question	5.095625	4.26375	5.333125
publish	5.343125	3.699375	5.6875
interest	5.820625	3.9387500000000006	5.830624999999999
serve	6.0981250000000005	3.7575	6.235624999999999
divine	5.860625	4.291875000000001	5.59375
put	5.981249999999999	3.9368749999999992	5.9075
shadow	6.03625	3.9418749999999996	5.239375000000001
practical	5.489999999999999	3.905	5.8325
surface	5.038749999999999	3.703125	5.19875
account	5.79125	3.76375	5.621875
loss	5.086875	4.443125000000001	4.9643749999999995
indian	5.383125	4.305	4.9725
vine	5.374999999999999	3.8893749999999994	5.145
certain	5.768750000000001	3.9368750000000006	5.9475
sin	4.021875	4.81625	4.472499999999999
necessity	5.23625	4.379375	5.368124999999999
lose	5.858749999999999	4.0375	5.7056249999999995
private	5.675	4.019375	5.413125
gentleman	6.397499999999999	3.7637499999999995	6.169999999999999
daughter	5.4818750000000005	4.679375	5.248749999999999
drive	5.669374999999999	4.48	5.694375
strange	5.5525	4.631875	5.2406250000000005
journey	6.10875	4.133125000000001	5.530625
uncle	5.654375000000001	3.9425	5.5893749999999995
species	5.631874999999999	3.834375	5.559375
think	5.801875	4.046875	5.701874999999999
bed	5.49875	3.864375	5.49375
wind	5.355624999999999	4.385625	5.239999999999999
bless	6.015	4.58	5.8725
destroy	4.784375000000001	4.728125	5.221875
author	5.486249999999999	4.081250000000001	5.680000000000001
sustain	5.79625	4.0575	5.808749999999999
black	5.463125	3.9749999999999996	5.3875
event	5.56375	4.406874999999999	5.31625
liberty	5.768125	4.781875	5.551875000000002
negro	5.306875	4.25875	5.14125
little	6.094375000000002	4.11625	5.796875000000001
fortune	6.00375	4.501249999999999	5.581875
touch	6.1118749999999995	4.039375	5.816875
kill	4.220625	4.726875	4.845
feature	5.449375000000001	4.1475	5.281250000000001
happiness	6.671875000000001	4.530624999999999	5.828124999999999
assume	5.575625	3.84375	5.747500000000001
notion	6.068125	4.4275	5.704375
purchase	5.775625	4.201875	5.76
faithful	6.406874999999999	4.20875	6.0725
soldier	5.074374999999999	4.328125000000001	5.47
father	5.475625000000001	4.310625	5.23
narrow	5.2006250000000005	3.78125	5.016875000000001
great	6.069999999999999	4.099375	5.835000000000001
tear	5.2075000000000005	4.86625	5.0725
honorable	5.686875000000001	4.246875	5.86875
previous	5.827500000000001	3.7325000000000004	5.975625
good	5.894375	4.0125	5.820624999999999
domestic	6.081250000000001	4.043125	5.80375
glory	6.565625	4.64	5.605625
lay	5.7675	4.094999999999999	5.96625
occasion	6.113125	4.133125	5.858124999999999
guard	4.998749999999999	4.23625	5.492500000000001
whole	5.57625	3.9181250000000007	5.444375000000001
mouth	5.485625	4.1425	5.637500000000001
receive	5.9325	3.9393749999999996	5.9075
take	5.9675	3.953749999999999	5.886875000000001
simple	6.366875	3.9850000000000008	6.063750000000001
error	4.265625	4.184375	5.048125000000001
wisdom	6.1643750000000015	4.42375	5.735625000000001
rock	5.725	4.150625	5.268749999999999
decide	5.406875	4.181875	5.437499999999999
exclaim	6.05875	3.96375	5.9775
assure	5.773125000000001	4.029375	5.9712499999999995
sign	5.553125	3.8612499999999996	5.61125
preserve	6.296875	4.01625	6.03
commerce	5.591875000000002	4.234375	5.683124999999999
plant	5.736875	3.67125	5.340625
walk	6.2025	3.611875	6.066249999999998
difference	5.815625	4.078125	5.694375
hang	5.5225	4.129375	5.54375
following	5.717500000000001	3.5974999999999997	5.635625
employ	5.509375	4.047499999999999	6.052500000000001
