deal	6.221249999999999	3.7700000000000005	5.930625
study	5.825000000000001	4.169375	5.875625
afford	6.115000000000001	3.7425	6.0375000000000005
service	5.411875	3.8893750000000002	5.550625
height	5.329999999999999	3.72375	5.5475
prospect	6.248125	4.0625	5.95875
pleasant	6.422499999999999	4.562500000000001	5.958125
shade	6.180000000000001	3.9587499999999998	5.718749999999998
listen	5.599374999999999	3.735625	5.638750000000001
mighty	5.29375	4.487500000000001	5.420625
country	5.531875	3.806875	5.499999999999999
title	5.65875	3.7468749999999997	5.815625
choose	5.82375	3.8649999999999998	5.897499999999999
village	5.788125	3.7525	5.6156250000000005
acquire	5.834375000000001	4.003125	5.945625
rank	5.886875	4.211875000000001	5.76
bow	5.726875000000001	4.0600000000000005	5.618125
doctor	5.486875	3.9800000000000004	5.36125
talent	5.9750000000000005	4.445625000000001	5.773124999999999
source	5.774375	3.68375	5.7525
lead	5.68125	3.6993750000000003	5.785625
question	5.772499999999999	3.8506249999999995	5.80625
publish	5.368125000000001	3.4274999999999993	5.60375
interest	5.88625	3.8868750000000003	5.889374999999999
serve	5.917499999999999	3.4968750000000006	5.895
divine	6.271875	4.194999999999999	5.55
put	5.55125	3.61125	5.621874999999999
shadow	6.186875	4.1049999999999995	5.269375
practical	5.560625	4.0975	5.575
surface	5.436249999999999	3.7418750000000003	5.05
account	5.886875	3.645	5.871875
loss	4.6525	4.483125	5.1000000000000005
indian	4.5475	4.596249999999999	4.6031249999999995
vine	5.494375	4.093125	5.505625000000001
certain	5.758125	3.6775000000000007	6.057499999999999
sin	4.586875	4.3725	4.891875
necessity	5.441249999999999	4.05625	5.515
lose	5.367499999999999	3.7525	5.4275
private	5.5425	3.9756249999999995	5.50375
gentleman	5.943124999999998	3.573125	5.7325
daughter	6.075625	4.5218750000000005	5.5975
drive	5.525625000000001	4.085000000000001	5.43375
strange	5.891874999999999	3.88375	5.570625000000001
journey	5.826250000000001	3.8543750000000006	5.726875
uncle	5.6743749999999995	4.2162500000000005	5.4675
species	5.334375	4.024375000000001	5.470625
think	6.091874999999999	3.408124999999999	5.862500000000001
bed	4.84875	4.080625	5.041250000000001
wind	5.4725	4.009375	4.848750000000001
bless	5.713125	4.1475	5.6899999999999995
destroy	4.300000000000001	4.32625	5.107500000000001
author	5.845625000000001	3.8112500000000002	5.780625000000001
sustain	5.8500000000000005	4.018749999999999	5.908125
black	5.514375	3.746875	5.480000000000001
event	5.7212499999999995	4.055000000000001	5.851875
liberty	5.399374999999998	4.211875	5.16875
negro	4.8531249999999995	4.105625	5.0575
little	5.909375000000002	3.681875	5.616875
fortune	5.6175	4.150625000000001	5.459375
touch	5.798125	3.8118749999999997	5.69375
kill	3.9225	5.016875000000001	4.663125
feature	5.967500000000001	4.124375000000001	5.871875
happiness	6.275625	4.333125	5.910000000000001
assume	5.820625	3.770625	5.87625
notion	6.068124999999999	3.8112500000000007	5.908125000000002
purchase	5.5325	4.103750000000001	5.51625
faithful	5.515	4.024375000000001	5.58125
soldier	4.641250000000001	4.482500000000001	5.086875
father	5.741250000000001	4.239375	5.49
narrow	5.2837499999999995	3.7312500000000006	5.139375
great	5.804374999999999	3.64	5.856874999999999
tear	5.875	4.505000000000001	5.519375000000001
honorable	5.903125	4.073125	5.795625
previous	5.7956249999999985	3.7362499999999996	5.795625
good	5.800625	3.535	5.835625
domestic	5.471875000000001	3.9987500000000002	5.3125
glory	6.31625	4.688125	5.908124999999999
lay	5.1775	3.8312500000000003	5.46625
occasion	5.933750000000001	3.9093749999999994	5.876875
guard	4.585625	4.065	5.326875
whole	5.784375000000001	3.8687500000000004	5.628125000000001
mouth	4.9087499999999995	3.9425	5.278124999999999
receive	6.07625	3.6606250000000005	5.78125
take	5.7006250000000005	3.491875	5.656250000000001
simple	6.043749999999999	3.6718749999999996	6.034375
error	5.506874999999999	3.9425000000000003	5.900624999999999
wisdom	6.061875000000001	4.259375	5.78125
rock	5.613125000000001	4.0025	5.27875
decide	5.807500000000001	3.9756250000000004	6.0181249999999995
exclaim	5.595624999999999	3.7531250000000007	5.591875
assure	6.125624999999999	3.710625	6.093750000000001
sign	6.016875000000001	3.5918750000000004	5.688125
preserve	5.94625	3.835625	5.730625
commerce	5.206249999999999	3.7925	5.3881250000000005
plant	5.663749999999999	3.9537499999999994	5.47875
walk	5.61	3.624375	5.711250000000001
difference	5.839375	3.7287500000000002	5.808125
hang	5.5875	3.9156250000000004	5.503125000000001
following	5.7924999999999995	3.725	5.6575
employ	5.8875	4.1	6.200000000000001
