deal	6.26375	4.02125	5.92375
study	5.991250000000002	4.29875	5.93875
afford	5.885624999999999	3.4793749999999997	5.985625
service	5.4593750000000005	4.059375	5.51125
height	5.342500000000001	3.4081250000000005	5.606874999999999
prospect	5.7524999999999995	4.021875	5.88625
pleasant	6.49375	4.71	5.875000000000001
shade	6.205	3.76	5.515
listen	5.8325000000000005	3.793125	5.898125
mighty	6.215625	4.4875	5.739374999999999
country	5.394375	4.055	5.4
title	5.786250000000001	4.024375	5.739374999999999
choose	5.826875000000001	3.9487499999999995	5.743125
village	5.84	3.7837500000000004	5.49375
acquire	6.455	3.9262499999999996	6.356249999999999
rank	5.981875	4.46375	5.83625
bow	5.178750000000001	3.8237500000000004	5.375624999999999
doctor	5.613125	3.6468750000000005	5.296874999999999
talent	6.498125	4.37875	6.25
source	5.809375	3.725625	5.963125
lead	5.514374999999999	4.123125	5.601249999999999
question	5.903124999999999	4.165625	6.003125
publish	5.692499999999999	3.891875	5.973125
interest	6.123125	3.965	6.096250000000001
serve	5.739375	3.75625	5.8275
divine	6.1675	4.509375	5.89375
put	5.704374999999999	3.8081250000000004	5.664374999999999
shadow	5.558125	3.76875	5.055000000000001
practical	4.985	4.185	5.181875
surface	5.350624999999999	3.6031249999999995	5.244375
account	5.564374999999998	4.11	5.88
loss	4.790625	4.598125	4.825
indian	5.233124999999999	4.269375000000001	4.959999999999999
vine	5.251875	3.9481249999999997	5.209999999999999
certain	5.568124999999998	3.855	5.840625
sin	4.539999999999999	4.63875	4.884375
necessity	5.338125	4.13	5.615625000000001
lose	5.856249999999999	4.020625	5.586249999999999
private	5.451875	3.895625	5.546250000000001
gentleman	5.765	3.913125	5.676874999999999
daughter	5.637500000000002	4.771875	5.321875
drive	5.284375	4.093125000000001	5.381875
strange	6.09	4.515625000000001	5.696875
journey	6.087499999999999	4.3475	5.370625
uncle	5.82625	4.03	5.4975
species	5.423749999999999	4.306874999999999	5.448125
think	5.729375	3.7612500000000004	5.586250000000001
bed	5.806875000000001	3.261875	5.54875
wind	5.47	4.10125	4.93375
bless	4.928125	4.519374999999999	5.21
destroy	4.936875000000001	4.6225	5.341874999999999
author	5.996874999999999	3.94875	6.057499999999999
sustain	5.852499999999999	4.2281249999999995	5.868125000000001
black	4.9418750000000005	4.115	5.278125
event	5.828125	4.003125	5.779999999999999
liberty	5.640625	4.25125	5.570625
negro	5.11375	4.548750000000001	5.0981250000000005
little	6.11	3.9225	5.666875
fortune	5.79375	4.2906249999999995	5.55125
touch	6.2387500000000005	3.8899999999999997	5.9087499999999995
kill	4.300624999999999	4.645	4.882499999999999
feature	5.285	3.8756250000000003	5.063750000000001
happiness	5.988125	4.6025	5.605
assume	5.783125000000001	4.022500000000001	5.916874999999999
notion	6.0775	4.079375000000001	5.90125
purchase	5.5756250000000005	4.045000000000001	5.403124999999999
faithful	5.885000000000001	4.437499999999999	5.9025
soldier	4.40375	4.848749999999999	4.8325000000000005
father	5.74	4.38625	5.3225
narrow	5.1831249999999995	3.663125	5.1312500000000005
great	5.698125	3.990625	5.76375
tear	4.651875	4.603125	4.748125
honorable	5.574999999999999	4.326875	5.8025
previous	5.8475	3.794375	5.85125
good	5.416875	3.88875	5.4018749999999995
domestic	5.261250000000001	4.270625	5.359375
glory	6.844375000000001	4.808125	5.93875
lay	5.365625	3.888125	5.54625
occasion	6.046874999999999	4.07	6.041874999999999
guard	4.891249999999999	4.05625	5.370625
whole	5.694375000000001	3.779375	5.52125
mouth	4.853124999999999	4.090625	5.1274999999999995
receive	5.849374999999999	3.791875	5.73
take	5.538125000000001	3.666875	5.51375
simple	6.418124999999999	3.8150000000000004	6.121875000000001
error	5.136875	4.156875	5.567500000000001
wisdom	6.05	4.1987499999999995	5.878749999999999
rock	5.666875	3.89375	5.220000000000001
decide	5.6225	4.298125	5.768750000000001
exclaim	5.804375000000001	4.468125	5.6000000000000005
assure	5.75375	3.8012500000000005	5.827500000000001
sign	5.6743749999999995	3.7331250000000002	5.541874999999999
preserve	5.988125	4.150625	5.954375
commerce	5.05625	4.140625	5.2281249999999995
plant	5.663125	3.80375	5.231250000000001
walk	5.465624999999999	3.7318750000000005	5.5756250000000005
difference	5.848750000000001	3.9681250000000006	5.758125
hang	5.43	3.931250000000001	5.3725
following	5.609375	3.8043750000000003	5.673125
employ	5.755	4.402500000000001	5.95375
