deal	5.936875	3.7350000000000003	5.865624999999999
study	5.855625	4.06375	5.890625
afford	5.793125000000001	3.6756249999999993	5.898124999999999
service	5.329999999999999	4.215	5.648125
height	5.106875	3.6318749999999995	5.351875
prospect	5.718125000000001	4.362500000000001	5.53625
pleasant	6.7924999999999995	4.24375	6.249375
shade	6.318125	3.8787499999999997	5.578749999999999
listen	5.909374999999998	3.7262499999999994	6.119375
mighty	5.76375	4.505625	5.49875
country	5.4468749999999995	3.9606250000000003	5.379999999999999
title	5.844999999999999	3.8337500000000007	5.779375
choose	5.641875000000001	3.8287500000000003	5.8149999999999995
village	5.836250000000001	3.8274999999999997	5.657499999999999
acquire	6.34375	3.9806250000000003	6.238124999999999
rank	5.4799999999999995	4.465625	5.555
bow	5.9818750000000005	4.0575	5.910625
doctor	6.105625	4.172499999999999	5.869375
talent	6.0718749999999995	4.3825	5.769375
source	5.766875000000001	3.81625	5.7299999999999995
lead	5.769375000000001	3.7187499999999996	5.8325
question	5.928125	3.565	6.144375000000001
publish	5.285	3.9006250000000002	5.786874999999999
interest	6.038125	3.8481250000000005	6.072499999999999
serve	5.973125	3.8118749999999997	6.055625
divine	6.3656250000000005	4.2387500000000005	5.871875000000001
put	5.984375	3.8993749999999996	5.948125
shadow	6.2924999999999995	4.121875	5.566875000000001
practical	5.043125	4.128125	5.373125
surface	5.1875	3.7225000000000006	5.2725
account	5.8325	3.623750000000001	5.780625
loss	4.505625	4.546250000000001	4.8625
indian	5.33375	4.304375	5.1675
vine	5.479375000000001	3.7218750000000003	5.209375
certain	5.670624999999999	3.726875	5.79625
sin	4.465	4.80625	4.621875
necessity	5.027499999999999	4.13375	5.3675
lose	5.9	3.7524999999999995	5.800624999999999
private	5.792500000000001	3.773125	5.610625000000001
gentleman	6.06	3.7331250000000002	5.845625
daughter	5.850625	4.4025	5.589999999999999
drive	5.4887500000000005	4.3687499999999995	5.23
strange	5.831249999999999	4.349374999999999	5.48625
journey	6.016250000000001	4.0718749999999995	5.741874999999999
uncle	6.003749999999999	3.78125	5.7906249999999995
species	5.258125000000001	4.0356250000000005	5.298125000000001
think	5.941875000000002	3.9037499999999996	5.7475
bed	6.1875	3.76875	5.90375
wind	5.482499999999999	4.104375	5.0912500000000005
bless	6.455625	4.1775	6.154999999999999
destroy	4.085624999999999	4.374375000000001	5.046875
author	5.840624999999999	3.7356250000000006	5.703125
sustain	5.62125	3.7399999999999998	5.76375
black	5.788749999999999	3.9325	5.47625
event	5.7231250000000005	3.9925	5.756875
liberty	5.5	4.408124999999999	5.466250000000001
negro	4.788124999999999	4.715	4.718125000000001
little	6.156875000000001	3.6674999999999995	5.970625000000002
fortune	5.70625	4.456875	5.5874999999999995
touch	6.268125	3.91375	6.0581249999999995
kill	4.46625	4.949375	4.965
feature	6.010625000000001	4.0600000000000005	5.697499999999999
happiness	6.613125000000001	4.3275	5.93
assume	5.909375	3.745	5.88625
notion	5.818125	3.6443750000000006	5.680625000000001
purchase	5.303750000000001	4.06875	5.341875
faithful	6.44375	4.1	6.178125
soldier	5.279999999999999	4.5756250000000005	5.711249999999999
father	5.8050000000000015	4.3237499999999995	5.4775
narrow	5.053125	3.64625	5.160625
great	5.648125	3.7268750000000006	5.641875
tear	5.4375	4.471875	5.305000000000001
honorable	5.328125	4.19375	5.487500000000001
previous	5.644374999999999	4.003125000000001	5.75
good	6.199375	3.726875	5.936875000000001
domestic	5.775000000000001	3.6881250000000003	5.57625
glory	6.72	4.531875	5.753124999999999
lay	5.59	3.92	5.581875
occasion	6.114375	3.8075	6.188749999999999
guard	5.2506249999999985	3.9787500000000002	5.5425
whole	5.5200000000000005	3.8006250000000006	5.428125000000001
mouth	5.46375	4.165625	5.645625000000001
receive	5.685	3.8899999999999997	5.835000000000001
take	5.978750000000002	3.9175	5.918125000000001
simple	6.055625	3.7600000000000002	5.969375000000001
error	4.897499999999999	3.9587499999999998	5.288125
wisdom	6.13375	4.42375	5.833750000000001
rock	5.936249999999999	3.965	5.51125
decide	5.701249999999999	4.0181249999999995	5.710625
exclaim	5.87375	4.074374999999999	6.003125
assure	6.345000000000001	3.890625	6.20375
sign	5.698124999999999	3.751875	5.866250000000001
preserve	5.994999999999999	3.805625	5.866874999999999
commerce	5.285	3.994374999999999	5.52375
plant	5.494375	3.9274999999999998	5.20625
walk	5.928125	3.830625	5.902500000000001
difference	5.361874999999999	3.6706250000000002	5.745625
hang	5.709375	4.0175	5.6118749999999995
following	5.805	3.7931250000000003	5.885625
employ	5.295	3.9725	5.62875
