deal	6.113125	4.035	5.884999999999999
study	5.979374999999999	4.22625	5.896249999999999
afford	6.25625	3.60375	6.17875
service	5.896875	4.426875	5.841875
height	5.57	3.626875	5.668124999999999
prospect	5.77625	4.180624999999999	5.8675000000000015
pleasant	6.4825	4.3568750000000005	6.012499999999998
shade	6.179375	3.7274999999999996	5.3875
listen	5.9937499999999995	3.7618749999999994	5.921875
mighty	5.909375	4.529999999999999	5.9025
country	5.889375	3.8962499999999993	6.02375
title	5.418125	3.870625	5.641874999999999
choose	5.944375000000001	3.88875	5.726249999999999
village	5.501250000000001	3.7131250000000002	5.2731249999999985
acquire	6.418124999999999	4.308125	6.146875
rank	5.770000000000001	4.567499999999999	5.921875
bow	5.523125	3.839374999999999	5.50875
doctor	5.706875	3.9324999999999997	5.5
talent	6.535625	4.5131250000000005	6.390000000000001
source	5.81875	3.7493750000000006	5.8925
lead	5.875625000000001	3.8737499999999994	5.675624999999999
question	5.7593749999999995	3.7881250000000004	6.090625
publish	5.27125	3.4893750000000003	5.428750000000001
interest	5.988125	3.9993749999999997	6.171250000000001
serve	6.01375	3.896875	5.785
divine	5.9825	4.4325	5.653124999999999
put	5.966875	3.509375	5.63375
shadow	5.698125	3.8249999999999997	5.166875000000001
practical	5.570625	4.00125	5.740625
surface	5.590625	3.595624999999999	5.386875
account	5.862499999999999	3.8775000000000004	5.913124999999999
loss	4.673125	4.695	4.960000000000001
indian	5.280624999999999	4.335625	4.828749999999999
vine	5.168125000000001	4.1812499999999995	5.1850000000000005
certain	5.668750000000001	3.8362500000000006	6.107499999999999
sin	3.668125	4.7625	4.43625
necessity	5.380625	3.921875000000001	5.436875000000001
lose	6.1762500000000005	3.7974999999999994	5.711875
private	5.1675	4.039375	5.244375000000001
gentleman	6.00375	3.774375	5.6256249999999985
daughter	6.2768749999999995	4.14125	5.649374999999999
drive	5.922500000000001	3.8387499999999997	5.521249999999999
strange	6.000625000000001	4.170624999999999	5.584375
journey	5.959375000000001	3.999375	5.778124999999999
uncle	6.600625000000001	3.9918750000000003	5.8843749999999995
species	5.24875	4.046875	5.203125
think	6.135625	3.7887499999999994	5.8843749999999995
bed	5.2925	3.515625	5.486250000000001
wind	5.8925	4.10125	5.056875
bless	6.136875000000001	4.03375	5.809375
destroy	3.6143749999999994	4.788125000000001	4.4818750000000005
author	5.695	3.9612500000000006	5.614999999999999
sustain	5.262499999999999	4.410000000000001	5.704375
black	5.56625	3.9281249999999996	5.588125
event	5.96875	3.9637499999999997	6.092499999999999
liberty	5.39375	4.108124999999999	5.390625
negro	5.074375000000001	4.386875000000001	5.001874999999999
little	6.050000000000001	3.574375	5.6725
fortune	5.86625	4.365625	5.734374999999999
touch	5.869375	3.86625	5.676875
kill	5.176875	4.5175	5.29375
feature	5.571250000000001	4.2768749999999995	5.546875000000001
happiness	5.969375	4.4975	5.6275
assume	5.688749999999999	4.095625	5.985625000000001
notion	6.090624999999999	4.104375000000001	6.030625
purchase	5.8931249999999995	4.18625	5.621874999999999
faithful	6.273125	4.16625	5.875624999999999
soldier	5.21125	4.385625000000001	5.327500000000001
father	5.920000000000001	4.011875	5.4075
narrow	4.855625	3.734375	4.941250000000001
great	5.933125	3.9143749999999997	6.09
tear	5.6225	4.549375	5.355625
honorable	6.33625	4.056875	6.3425
previous	5.5825	3.8768749999999996	5.765000000000001
good	6.162500000000001	3.8137499999999993	5.816875
domestic	5.59625	4.291874999999999	5.795624999999999
glory	6.447499999999999	4.615625	5.8531249999999995
lay	5.58	3.703125	5.673749999999999
occasion	5.900625	3.8775	5.970624999999999
guard	5.23375	3.7087499999999998	5.50125
whole	5.590000000000001	3.75625	5.536250000000001
mouth	5.203749999999999	4.041875	5.6293750000000005
receive	5.8075	3.7074999999999996	5.7543750000000005
take	5.958125000000001	3.4681249999999997	5.663125000000001
simple	5.891875	3.8881249999999996	5.956250000000001
error	4.834375	4.2	5.399375000000001
wisdom	6.126250000000001	4.28375	5.906875
rock	5.804374999999999	4.045	5.3025
decide	5.613750000000001	4.0225	5.850625000000001
exclaim	5.893750000000001	4.003125	5.861249999999999
assure	5.986875	3.903125	5.83
sign	6.026875	3.533125	5.819375000000001
preserve	6.051875	3.896875	5.914375000000001
commerce	5.4375	4.28875	5.413749999999999
plant	5.4525	3.90375	5.46
walk	5.899375	3.5718749999999995	5.813124999999999
difference	5.749375	3.933125	6.166875
hang	5.746875	3.5262499999999997	5.573125
following	5.666250000000001	3.56625	5.655625
employ	5.965625	4.265625	6.08
