deal	5.741875	4.170625000000001	5.6518749999999995
study	5.744375	4.201875	5.865625000000001
afford	5.829375	3.8081250000000004	5.780625
service	5.4125	4.155625	5.555625
height	5.25125	3.479999999999999	5.398125
prospect	6.158125000000001	4.6825	5.640625000000001
pleasant	6.6743749999999995	3.6975000000000002	6.081249999999999
shade	6.004375	4.001875000000001	5.680000000000001
listen	5.563125000000001	4.189375	5.527499999999999
mighty	6.47875	4.4975	5.90125
country	5.6518749999999995	3.8812499999999996	5.753125
title	5.910625	4.016875000000001	6.025
choose	5.845000000000001	3.5962500000000004	5.9331249999999995
village	5.921875	3.7112499999999997	5.723125
acquire	6.0925	4.1225000000000005	6.278125
rank	5.602500000000001	4.43625	5.914375000000001
bow	6.008750000000001	4.0325	5.781875
doctor	5.273125	4.038125	5.359999999999999
talent	6.158749999999999	4.388125000000001	6.1175000000000015
source	6.2281249999999995	3.840625	5.915000000000001
lead	5.788125000000001	3.8525000000000005	5.771875
question	5.736875	3.8462500000000004	5.93125
publish	5.425625	3.6025	5.775
interest	6.138124999999999	4.019374999999999	6.286250000000001
serve	5.830625	3.4475	5.851875
divine	5.984375	4.360625	5.6
put	5.878124999999999	3.611875	5.715
shadow	5.810625	4.0275	5.3412500000000005
practical	5.430625000000001	4.036874999999999	5.492500000000001
surface	5.18	3.544999999999999	5.084375
account	5.926249999999999	3.988125	6.061875
loss	5.5706250000000015	4.4418750000000005	5.246875
indian	4.819375	4.164375	4.846249999999999
vine	5.25625	4.048749999999999	5.366875000000001
certain	5.743124999999999	3.8262500000000004	5.876250000000001
sin	5.007500000000001	4.5687500000000005	5.1025
necessity	5.328749999999999	4.228125	5.432500000000001
lose	6.0875	3.730625	5.826875000000001
private	5.579375	4.11	5.966875000000001
gentleman	5.503125000000001	3.8487500000000003	5.414374999999999
daughter	6.028125	4.43125	5.4125
drive	6.132499999999999	4.285	5.585
strange	5.7262499999999985	4.69125	5.258125
journey	6.069999999999999	4.104375	5.864375
uncle	6.2299999999999995	4.131875000000001	5.648749999999999
species	5.520625	4.091875000000001	5.5912500000000005
think	5.635625000000001	3.8281250000000004	5.378125000000001
bed	6.03	3.6025	5.539375
wind	6.238125	3.9162500000000007	5.61625
bless	6.8637500000000005	4.084375	6.1762500000000005
destroy	4.603125	4.820625000000001	5.02875
author	6.060625	4.019375000000001	6.0687500000000005
sustain	5.6225000000000005	4.311249999999999	5.70375
black	5.259375	3.9837499999999997	5.261250000000001
event	5.813124999999999	4.068125	5.881874999999999
liberty	5.139375	4.7749999999999995	5.109375
negro	4.15625	4.680625	4.546875
little	5.9125000000000005	3.5975	5.735
fortune	5.929999999999999	4.8275	5.748749999999999
touch	6.130624999999999	3.925625	5.564374999999999
kill	5.0512500000000005	4.889375	5.236250000000001
feature	5.695625	4.208125	5.687500000000001
happiness	6.731875	4.45125	5.985625
assume	5.756875	3.986875	5.958125000000001
notion	5.992500000000001	4.326875000000001	5.820625000000001
purchase	5.657500000000001	4.195625	5.516875
faithful	5.880000000000001	4.09625	5.756874999999999
soldier	5.200000000000001	4.4350000000000005	5.349374999999999
father	5.670625000000001	4.373125	5.392500000000001
narrow	4.869375	3.420625	5.096875
great	5.839375	3.7612500000000004	6.148125
tear	5.65625	4.685625	5.315625
honorable	5.866875	4.071875	6.133125
previous	5.732499999999999	3.9200000000000004	5.907500000000001
good	5.680625000000001	3.688125	5.55
domestic	5.74125	3.92375	5.735
glory	6.73125	4.625	6.01875
lay	5.961874999999999	3.7168750000000004	5.905624999999999
occasion	6.03	3.9637500000000006	5.908125
guard	5.234375000000002	4.078125	5.7212499999999995
whole	5.916875	3.393125	5.851875
mouth	5.643125	3.890625	5.469374999999999
receive	5.79	3.9818750000000005	5.885000000000001
take	5.8568750000000005	3.4937500000000004	5.665625
simple	5.74625	4.00875	5.77
error	4.8862499999999995	4.225	5.301875
wisdom	6.103749999999999	4.329375	5.66
rock	5.8325	4.0775	5.376875
decide	5.58125	3.908749999999999	5.869375
exclaim	5.983125	4.293125000000001	5.6575
assure	6.015625000000001	3.9850000000000003	5.7906249999999995
sign	5.649999999999999	3.5693750000000004	5.690625000000001
preserve	6.220000000000001	3.8325000000000005	6.124375000000001
commerce	4.989375	4.173125	5.345625
plant	5.033125000000001	3.86625	5.038125
walk	5.73625	3.759375000000001	5.58375
difference	5.656875000000001	3.9856249999999998	5.739999999999999
hang	5.543125	3.943125	5.411250000000001
following	5.63625	3.638125	5.955
employ	5.341875000000001	4.32125	5.530625
