deal	5.84375	3.9325	5.9156249999999995
study	5.909375000000001	3.995625	5.5375000000000005
afford	5.918749999999998	3.6799999999999997	6.135625
service	5.716875000000001	4.216875	5.844375
height	5.68375	3.715625000000001	5.766249999999999
prospect	5.643125000000001	4.200625	5.695625000000001
pleasant	6.951874999999999	4.639374999999999	6.26625
shade	5.920624999999999	4.02375	5.376874999999999
listen	5.683125	4.1587499999999995	5.667499999999999
mighty	5.49125	4.713125000000001	5.463749999999999
country	5.608750000000001	3.93625	5.69375
title	5.4	3.9506249999999996	5.855625
choose	5.9025	3.8299999999999996	5.9750000000000005
village	5.5112499999999995	3.8625	5.130625
acquire	6.015625	3.915	6.358750000000001
rank	5.8025	4.1693750000000005	5.763750000000001
bow	5.420625	4.26375	5.62875
doctor	5.51625	3.663125	5.18875
talent	6.2562500000000005	4.2525	5.99875
source	6.0175	3.7225	5.96125
lead	5.772500000000001	3.6943749999999995	5.83
question	5.882500000000001	4.104375	6.059375
publish	5.468125000000001	3.830624999999999	5.815625
interest	5.897500000000001	4.17	5.736250000000001
serve	6.181875	3.63875	6.130000000000001
divine	6.153124999999999	4.29875	5.346875000000001
put	5.859375	3.83875	5.773749999999999
shadow	5.5062500000000005	3.9618750000000005	5.056875
practical	5.201874999999999	4.329375	5.41875
surface	5.265625000000001	3.5618749999999997	5.154375000000001
account	5.803125000000001	3.8168750000000005	5.806875000000001
loss	4.50625	4.58375	4.953125
indian	4.9799999999999995	4.449375	4.931875
vine	5.5225	3.8381250000000002	5.3450000000000015
certain	5.984375	3.7125000000000004	6.2575
sin	4.680000000000001	4.6575	4.753124999999999
necessity	5.624999999999999	4.2212499999999995	5.59
lose	5.978124999999999	3.74	5.88125
private	5.6049999999999995	4.05875	5.43125
gentleman	6.0225	3.5537500000000004	5.736249999999999
daughter	5.899375	4.465000000000002	5.3637500000000005
drive	4.826250000000001	4.415	4.94875
strange	5.501875	4.381875	5.369375
journey	5.965625	3.743125	5.378125
uncle	5.861875	4.018125	5.388125
species	5.23375	4.174375	5.25875
think	5.385625	3.8968749999999996	5.3875
bed	4.442500000000001	4.17875	4.8225
wind	5.4018749999999995	4.413125	5.03625
bless	5.653125000000001	4.408124999999999	5.416250000000001
destroy	4.9399999999999995	4.373749999999999	5.5725
author	5.7	3.8900000000000006	5.956875
sustain	5.348125000000001	3.9924999999999997	5.471875
black	5.465000000000001	3.909375	5.19875
event	5.74	4.13875	5.6762500000000005
liberty	5.505625	4.375625	5.370624999999999
negro	4.418125	4.416875	4.658125
little	5.930625000000002	3.683125	5.679375000000001
fortune	6.545624999999999	4.43375	5.9331249999999995
touch	6.0474999999999985	3.8093750000000006	5.7612499999999995
kill	4.3774999999999995	4.864374999999999	4.778125000000001
feature	5.779375	4.036875	5.414375
happiness	6.609375	4.609999999999999	6.050625
assume	5.72875	3.70875	6.07875
notion	6.05875	4.17	5.918125
purchase	5.670000000000001	4.242500000000001	5.710624999999999
faithful	6.271875	4.2993749999999995	5.81125
soldier	5.028125	4.6187499999999995	5.2825
father	5.475000000000001	4.505000000000001	5.1850000000000005
narrow	5.27	3.5012499999999998	5.0131250000000005
great	6.044999999999999	3.979375	6.105625
tear	5.311875	4.83375	4.93
honorable	6.190625000000002	4.225625	6.076875
previous	5.723125	3.7487500000000002	5.903125
good	5.790000000000001	3.7206249999999996	5.62875
domestic	6.03125	4.1656249999999995	5.746875
glory	6.973750000000002	4.5456249999999985	5.844375
lay	5.4243749999999995	3.846249999999999	5.633125
occasion	5.934374999999999	4.011875	6.017499999999999
guard	5.04125	4.284375000000001	5.56125
whole	5.621250000000001	3.9018750000000004	5.726875
mouth	5.039999999999999	3.668125	5.303125
receive	6.0131250000000005	3.9699999999999998	6.2075
take	5.919999999999999	3.6887499999999998	5.782500000000001
simple	6.100625	3.8656250000000005	6.066875000000001
error	5.3374999999999995	3.7168750000000004	5.778125
wisdom	6.4375	3.9456249999999997	6.055
rock	5.413750000000001	3.9962500000000003	5.09125
decide	6.211875	4.4025	6.158125
exclaim	5.65375	4.099375	5.570625000000001
assure	5.948125	3.8231250000000006	6.0
sign	5.988125000000001	3.640625	5.956250000000001
preserve	6.085625	3.8112500000000002	5.963125
commerce	5.255000000000001	4.148125	5.231249999999999
plant	5.61	3.706875	5.41375
walk	5.404999999999999	3.41	5.609374999999999
difference	6.016249999999999	4.1118749999999995	6.15625
hang	5.5175	3.7199999999999993	5.4575
following	5.71625	3.765625	5.82875
employ	5.439375000000001	4.0	6.069375000000001
