deal	5.724375	3.77625	5.645624999999999
study	6.151250000000001	4.243125	6.068125
afford	5.816875	3.710625	5.896249999999999
service	5.898125	4.005625	5.901249999999999
height	5.421875	3.4331250000000004	5.749375
prospect	6.159999999999999	4.549375	5.863125
pleasant	6.496249999999999	4.1	6.137499999999999
shade	6.37	3.9000000000000004	5.6431249999999995
listen	6.137500000000001	4.438124999999999	6.041249999999999
mighty	6.086875	4.17625	5.858124999999999
country	5.753124999999999	3.9381249999999994	5.783749999999999
title	5.684374999999999	3.8762499999999998	5.8306249999999995
choose	5.789999999999999	3.813125	5.9018749999999995
village	5.98	3.7656249999999996	5.6125
acquire	6.196875	4.084375	6.209375
rank	5.871250000000001	4.265000000000001	5.768125
bow	5.671249999999999	4.0337499999999995	5.837499999999999
doctor	5.2737500000000015	4.04375	5.461875
talent	6.307499999999998	4.313125	6.16125
source	5.515625	3.7750000000000004	5.720625
lead	5.520625000000001	3.739375	5.761875
question	5.59625	3.776875	5.88625
publish	5.319999999999999	3.8025	5.674375
interest	6.098125000000001	4.041875	6.108749999999999
serve	5.751875	3.59	5.874375
divine	6.045	4.489375	5.729375000000002
put	5.666875	3.7006249999999996	5.67625
shadow	6.1068750000000005	3.916874999999999	5.577500000000001
practical	5.297499999999999	4.179375	5.573125000000001
surface	5.371875	3.9475000000000002	4.943125
account	5.711250000000001	3.7425	5.890625
loss	4.814375	4.5925	4.915000000000001
indian	5.235625000000001	4.075	5.039375000000001
vine	4.973125	3.9693750000000008	5.21875
certain	5.689375	3.984375	5.85
sin	5.359999999999999	4.535	5.224375
necessity	5.250624999999999	3.88375	5.4624999999999995
lose	6.020624999999999	3.7824999999999993	5.933749999999999
private	5.4275	3.9143749999999997	5.501250000000001
gentleman	5.9243749999999995	3.76375	5.671875
daughter	6.495000000000001	4.618124999999999	5.813124999999999
drive	5.36875	4.171875	5.494375
strange	5.231875	4.353125	5.110625000000001
journey	6.188750000000001	4.27	6.038749999999999
uncle	5.551875000000001	4.009375	5.459375
species	5.275625	3.976875	5.439374999999999
think	5.770624999999999	3.5943750000000003	5.81875
bed	5.330625	3.6799999999999997	5.295000000000001
wind	5.828125	4.216875	5.34375
bless	6.208125000000001	4.03	5.918749999999999
destroy	4.742500000000001	4.30125	5.198749999999999
author	5.77625	4.0218750000000005	5.7975
sustain	5.600625000000001	3.8362499999999997	5.66375
black	5.090624999999999	4.1775	5.0893749999999995
event	5.599375	4.1187499999999995	5.460624999999999
liberty	5.55625	3.9993749999999997	5.269375
negro	4.5512500000000005	4.69875	4.963125
little	5.585	3.791875	5.4193750000000005
fortune	5.5093749999999995	4.426875000000001	5.609375
touch	6.03375	3.936875	6.06
kill	4.079375	5.0249999999999995	4.9775
feature	5.721875	4.226875	5.403125000000001
happiness	5.8950000000000005	4.5375	5.570625
assume	5.3825	4.049375	5.9381249999999985
notion	6.006875000000001	3.78	6.005
purchase	5.817500000000001	4.300624999999999	5.340000000000001
faithful	6.129375000000001	4.209375	5.836250000000001
soldier	4.866875	4.731875	5.123125000000001
father	5.748749999999999	4.35625	5.43
narrow	5.146875	3.499375	5.091874999999999
great	5.57375	3.8337499999999998	5.631875
tear	5.143750000000001	4.7718750000000005	4.88625
honorable	6.074375	4.201250000000001	6.422500000000001
previous	5.5525	3.6987499999999995	5.933125000000001
good	5.3825	3.718125	5.6587499999999995
domestic	6.128125	4.288749999999999	5.8637500000000005
glory	6.696249999999999	4.724375000000001	5.9437500000000005
lay	5.467500000000001	3.8343750000000005	5.604374999999999
occasion	6.011875	3.763125	6.119999999999998
guard	5.342499999999999	4.031875	5.650625000000001
whole	5.613125000000001	3.5693749999999995	5.5806249999999995
mouth	5.2700000000000005	3.8881249999999996	5.188125
receive	5.665000000000001	3.963125	5.826874999999999
take	5.586875000000001	3.61	5.619375000000001
simple	6.052499999999998	3.6468749999999996	6.05375
error	4.87625	3.9237499999999996	5.516875
wisdom	6.2056249999999995	4.398125	6.090000000000001
rock	6.191249999999999	4.11375	5.8275
decide	5.44875	4.061249999999999	5.808749999999999
exclaim	5.6899999999999995	3.755625	6.008125
assure	5.951250000000001	3.908125	5.991874999999999
sign	5.211875	3.963125	5.431875000000001
preserve	6.2406250000000005	3.885	6.0043750000000005
commerce	5.56125	3.9993750000000006	5.5600000000000005
plant	5.0275	4.049375	5.116875000000001
walk	5.823125	3.6175	5.864374999999999
difference	5.4025	3.623125	5.866249999999999
hang	5.1	4.040625	5.15
following	5.490625	3.5124999999999997	5.760625
employ	5.29375	4.1925	5.427500000000001
