deal	5.77625	4.265625000000001	5.524375000000001
study	5.74375	4.26	5.75125
afford	5.720625	3.9762500000000003	5.491875
service	5.410625	4.133125	5.643750000000001
height	5.4593750000000005	3.369375	5.5725
prospect	5.8275	4.120625	5.587499999999999
pleasant	6.695625	4.434375	6.3774999999999995
shade	6.258124999999999	4.1137500000000005	5.3462499999999995
listen	6.032500000000001	4.289375000000001	5.697500000000001
mighty	5.664375000000001	4.89875	5.583125
country	5.4937499999999995	3.74	5.4799999999999995
title	5.746874999999999	3.7074999999999996	5.578124999999999
choose	5.656250000000001	3.9425	5.796249999999999
village	6.089999999999999	3.725	5.813749999999999
acquire	6.099375	3.819375	5.973125
rank	5.545625000000001	4.405625000000001	5.689375
bow	6.061875000000001	4.269374999999999	5.649375
doctor	5.793125000000001	4.179375	5.6031249999999995
talent	6.4437500000000005	4.41875	6.017500000000001
source	5.68875	4.05625	5.6575
lead	5.60375	3.841875	5.736249999999999
question	5.5356250000000005	3.9981250000000004	5.571249999999999
publish	5.157500000000001	3.984375	5.686875000000001
interest	5.80125	4.030625000000001	5.8462499999999995
serve	5.92875	3.874375	5.891875
divine	5.8725	4.08	5.42375
put	5.851249999999999	3.7356249999999998	5.779999999999999
shadow	5.5600000000000005	4.083125000000001	5.054375
practical	5.5581249999999995	4.151875	5.641875
surface	5.450625	3.698125	5.06625
account	5.906249999999999	3.9256250000000006	5.863124999999999
loss	5.200000000000001	4.459375000000001	5.128125
indian	5.385	3.7275	5.296875
vine	5.424999999999999	3.7875000000000005	5.405
certain	5.765000000000001	3.856875	5.782499999999999
sin	4.2437499999999995	4.8675	4.523124999999999
necessity	5.178125	4.335624999999999	5.035625
lose	6.105625	4.015	5.54875
private	5.7943750000000005	4.228750000000001	5.445625
gentleman	6.149375000000001	3.90875	5.784375
daughter	6.9956249999999995	4.545624999999999	6.020624999999999
drive	5.3825	4.581875	5.253125000000001
strange	6.11125	4.110625000000001	5.5718749999999995
journey	6.168125	4.083125000000001	5.689375
uncle	6.2575	4.188125	5.646249999999999
species	5.400625000000001	3.8787500000000006	5.37
think	6.120625	3.845625	5.748125000000001
bed	5.753125000000001	3.666875	5.685625
wind	5.951874999999999	4.137500000000001	4.97
bless	6.73125	4.335000000000001	6.265
destroy	5.05875	4.5200000000000005	5.36125
author	5.636875	4.25125	5.801875
sustain	5.53	4.113124999999999	5.402500000000001
black	5.418125	3.9456249999999997	5.499375000000001
event	5.657500000000001	3.880625	5.533124999999999
liberty	5.498125000000002	4.413749999999999	5.45125
negro	4.672500000000001	4.23375	4.76625
little	5.72625	3.8912500000000003	5.620000000000001
fortune	6.3968750000000005	4.505624999999999	6.10375
touch	6.0943749999999985	4.055000000000001	5.55
kill	4.52625	4.799375	4.819374999999999
feature	5.81	4.080000000000001	5.472499999999999
happiness	6.578125000000002	4.903125	6.038125000000001
assume	5.5756250000000005	3.7737500000000006	5.576249999999999
notion	5.82125	3.9918750000000003	5.7368749999999995
purchase	5.5825000000000005	3.99625	5.494999999999998
faithful	6.02625	4.333125	5.8081249999999995
soldier	5.434375000000001	4.2124999999999995	5.624375000000001
father	6.541250000000001	4.161874999999999	5.86
narrow	5.323125000000001	3.49125	5.312499999999999
great	5.7250000000000005	3.95125	5.569375
tear	5.503125	4.968125000000001	5.120625
honorable	6.069374999999999	4.33875	5.90625
previous	5.863749999999999	3.73875	5.73375
good	5.582500000000001	4.0337499999999995	5.425625
domestic	6.07	4.085	5.68125
glory	7.05	4.816875	6.161875000000001
lay	5.809999999999999	3.7012500000000004	5.755
occasion	6.2075	4.293125	6.015625000000001
guard	5.428125	4.10125	5.72125
whole	5.589375	3.7406250000000005	5.500625
mouth	5.029375	4.259375	5.4606249999999985
receive	5.636875	4.067500000000001	5.619375
take	5.641875000000001	3.898125	5.646875000000001
simple	6.3100000000000005	3.894375	6.077500000000001
error	5.09625	4.0249999999999995	5.70625
wisdom	6.120000000000001	4.456875	5.894375
rock	5.74125	3.9437500000000005	5.248124999999999
decide	5.7475	4.340625	5.805625
exclaim	5.550000000000001	4.164375	5.45375
assure	6.13875	4.090625	5.88125
sign	5.70125	3.8406249999999997	5.816875
preserve	6.336874999999999	3.9300000000000006	5.819999999999999
commerce	5.442500000000001	4.075	5.3149999999999995
plant	5.536249999999999	4.288125	5.4137499999999985
walk	5.994375	3.69	5.9518749999999985
difference	5.543125	3.850625	5.8881250000000005
hang	5.2093750000000005	3.7581249999999997	5.26625
following	5.6362499999999995	3.8837500000000005	5.6831249999999995
employ	4.979374999999999	4.335	5.510625000000001
