deal	5.977499999999999	4.00625	6.02
study	5.821875	4.032500000000001	5.801875
afford	5.97125	3.823125	5.869375
service	5.630000000000001	4.106249999999999	5.793750000000001
height	5.299375	3.6912499999999993	5.496249999999999
prospect	5.881875000000001	4.265625	5.480625
pleasant	6.656874999999999	4.61125	6.2075000000000005
shade	6.107499999999999	3.97625	5.566249999999999
listen	5.746875	4.2375	5.856875
mighty	6.093750000000002	4.420625	5.964999999999999
country	5.599375	4.021875	5.37375
title	5.703124999999999	3.9499999999999997	5.909999999999999
choose	5.3175	3.67375	5.56
village	5.665	3.7749999999999995	5.411874999999999
acquire	5.9193750000000005	3.8918749999999998	6.181875
rank	5.97875	4.2175	5.790625
bow	5.758750000000001	4.12	5.779999999999999
doctor	5.20375	4.126250000000001	5.1431249999999995
talent	6.259375	4.42375	6.0775
source	5.833749999999999	3.815625	5.8125
lead	5.98	4.008125	6.0275
question	5.659375	3.964375	5.6825
publish	5.09625	3.6868750000000006	5.5175
interest	5.636875	4.32375	5.75
serve	5.941249999999999	3.5224999999999995	6.04875
divine	6.51125	4.405	5.572500000000002
put	5.71625	3.639375	5.78
shadow	5.48	3.974375	5.14375
practical	5.50875	4.1031249999999995	5.34375
surface	5.083125	3.6525	5.289374999999999
account	5.516875000000001	3.9793749999999997	5.801875
loss	4.4225	4.54375	4.63625
indian	5.5493749999999995	3.8800000000000012	4.968125000000001
vine	5.093125	3.859375	5.195
certain	5.720625	3.8925	5.686875
sin	5.09375	4.560625000000001	5.025625
necessity	5.068125	4.084999999999999	5.16875
lose	5.661875	3.92125	5.54625
private	5.474374999999999	4.2787500000000005	5.5756250000000005
gentleman	6.036875	3.9837499999999997	5.856249999999999
daughter	5.690625000000001	4.886249999999999	5.629375
drive	5.5718749999999995	3.866250000000001	5.5125
strange	5.9468749999999995	4.498750000000001	5.559374999999999
journey	6.042499999999999	4.1525	5.60375
uncle	5.494375000000001	4.1625	5.311875
species	5.192500000000001	3.98625	5.261875000000001
think	5.795625	3.9662500000000005	5.670625
bed	5.275	3.399375	5.433750000000001
wind	5.283749999999999	4.71625	4.7612499999999995
bless	6.03375	4.0625	5.895
destroy	4.79625	4.163749999999999	5.223125
author	5.631875000000001	4.15125	5.791250000000001
sustain	5.815625000000001	3.935625	5.7162500000000005
black	5.688125000000001	3.87875	5.449375
event	5.189375	3.9993749999999997	5.25875
liberty	5.756875	4.686250000000001	5.605
negro	4.77125	4.828749999999999	4.865
little	5.863125	3.766875	5.6625
fortune	6.383125	4.204999999999999	5.9556249999999995
touch	6.336874999999999	3.74375	6.07625
kill	3.721875	5.043749999999999	4.7406250000000005
feature	5.46625	4.15	5.441249999999999
happiness	6.468125	4.761875	5.9525
assume	5.971874999999999	3.8337499999999998	5.793749999999999
notion	5.75125	4.315625	5.516875
purchase	5.6031249999999995	4.270625000000001	5.5912500000000005
faithful	5.885	4.285625	5.85625
soldier	4.876875	4.5025	5.0687500000000005
father	5.410625	4.4575	5.396874999999999
narrow	5.153125	3.8425000000000002	5.32625
great	5.758125	3.84875	5.7075
tear	5.172500000000001	4.87	5.109999999999999
honorable	5.978750000000001	4.406874999999999	6.096875000000001
previous	5.76625	3.8037499999999995	5.736875
good	6.233124999999999	3.7181249999999997	6.005000000000001
domestic	5.945625	3.9931250000000005	5.588125
glory	6.793124999999998	4.493125000000001	5.818125
lay	5.6381250000000005	3.846250000000001	5.60375
occasion	5.993125	3.8012499999999996	5.8843749999999995
guard	5.2325	3.9050000000000002	5.246875000000001
whole	5.595625	3.655625	5.333125
mouth	5.2125	4.373125	5.485
receive	5.819999999999999	3.75875	5.828749999999999
take	5.855	3.7150000000000003	5.835625
simple	5.8062499999999995	3.8225	5.818124999999999
error	4.623124999999999	4.144375	5.424375
wisdom	6.2906249999999995	4.580625	5.863125000000001
rock	5.871874999999999	4.109375	5.4375
decide	5.586875	4.184374999999999	5.84625
exclaim	5.746874999999999	4.233124999999999	5.78125
assure	6.30875	4.293125	6.27125
sign	5.87	3.5050000000000003	5.900625
preserve	6.249375	3.8237500000000004	5.92875
commerce	5.315625000000001	4.031875	5.358124999999999
plant	5.328125	3.70375	5.119375
walk	5.943124999999998	3.872500000000001	5.845624999999999
difference	5.369375	3.76875	5.561875
hang	5.395	4.2575	5.378125
following	5.410625000000001	3.6862500000000002	5.515000000000001
employ	5.723125000000001	4.136875000000001	5.980000000000001
