deal	6.11625	3.9631250000000002	5.710625
study	6.008125000000001	4.15125	5.934374999999999
afford	6.170624999999999	3.5181249999999995	6.0093749999999995
service	5.673750000000001	4.181875000000001	5.748124999999999
height	5.4156249999999995	3.6537499999999996	5.764999999999999
prospect	5.724375	4.345	5.397499999999999
pleasant	6.443125	4.150625	5.937500000000001
shade	5.911874999999999	3.780625	5.554375
listen	5.813125	3.9037499999999996	5.67875
mighty	5.905000000000001	4.5062500000000005	5.575
country	5.3875	4.065	5.55125
title	5.87875	3.8612499999999996	5.984375
choose	5.83	3.8437500000000004	5.6987499999999995
village	5.963125000000001	3.5137499999999995	5.564375
acquire	5.991875	4.1000000000000005	6.195625000000001
rank	5.880625	4.57	5.794375
bow	5.83125	4.325625	5.683125
doctor	5.925625000000001	3.7981250000000006	5.536874999999999
talent	6.36	4.300625	6.328750000000001
source	5.876874999999999	3.8687499999999995	5.958749999999999
lead	5.781250000000001	3.813125	5.904999999999999
question	5.3031250000000005	3.7418749999999994	5.724375
publish	5.33375	3.666875	5.46125
interest	5.798125	3.980000000000001	5.908125
serve	5.793125	3.543125	5.73375
divine	6.3475	4.211875	5.399375000000001
put	5.836874999999999	3.8106249999999995	5.700625
shadow	6.194999999999999	3.9887500000000005	5.583749999999999
practical	5.59875	3.8025	5.586250000000001
surface	5.268125	3.724999999999999	5.166875
account	5.598125	3.6675	5.416874999999999
loss	4.44	4.723125	4.620625
indian	5.1362499999999995	4.745	5.050625
vine	5.463749999999999	3.6950000000000003	5.455000000000001
certain	5.898124999999999	3.9150000000000005	5.910625
sin	4.8062499999999995	4.63	4.873124999999999
necessity	5.265625	4.008125	5.1625
lose	6.0912500000000005	3.6775	5.735625
private	5.3825	4.1	5.272499999999999
gentleman	6.294999999999999	4.085	6.06125
daughter	6.324999999999999	4.239374999999999	5.7837499999999995
drive	5.5581249999999995	4.518125000000001	5.245
strange	5.803124999999999	4.108750000000001	5.472499999999999
journey	5.994375	3.81375	5.5668750000000005
uncle	5.966875	3.98875	5.726249999999999
species	5.636875000000001	3.9381250000000003	5.667500000000001
think	6.190625000000001	3.5506249999999997	5.821875000000001
bed	5.54875	3.375	5.204375000000001
wind	6.154375	4.091875	5.560625000000001
bless	5.63375	4.086875	5.6831249999999995
destroy	4.205625	4.6674999999999995	4.833749999999999
author	5.85	3.963125	5.833125
sustain	5.047499999999999	4.068125	5.323125
black	5.92875	4.13125	5.566875000000001
event	5.4712499999999995	4.096875	5.691874999999999
liberty	5.7749999999999995	4.426875	5.3206250000000015
negro	4.889375	4.789374999999999	4.944375
little	6.15375	3.628125	5.649375
fortune	5.918125000000001	4.51375	5.66125
touch	6.005624999999999	3.9475000000000007	5.728750000000001
kill	4.63	4.556874999999999	4.944999999999999
feature	5.552500000000001	3.9537500000000003	5.5862500000000015
happiness	6.067500000000002	4.04625	5.710625
assume	5.72	3.923125	5.8862499999999995
notion	5.673125000000001	3.9806250000000003	5.653125
purchase	5.581250000000001	4.195625	5.44125
faithful	6.1137500000000005	4.4643749999999995	5.786874999999999
soldier	5.488125	4.358125000000001	5.213125000000001
father	6.116875000000001	4.141875	5.687500000000001
narrow	5.45	3.3506250000000004	5.36125
great	6.074375	3.765624999999999	5.993124999999999
tear	5.962500000000001	4.249375	5.387499999999999
honorable	6.571875	4.41375	6.28625
previous	5.432499999999999	3.9025	5.938750000000001
good	6.24	3.7612500000000004	5.939375
domestic	5.148125	4.0443750000000005	5.307499999999999
glory	6.669999999999999	4.49125	5.6831249999999995
lay	5.94625	4.1275	5.859375
occasion	5.723749999999999	4.0125	5.911249999999999
guard	5.209375	3.8268750000000002	5.579375000000001
whole	5.741875	3.7593750000000004	5.44875
mouth	5.38875	4.130625	5.4506250000000005
receive	5.584375	3.95625	5.744999999999999
take	6.036874999999999	3.7600000000000002	5.7456249999999995
simple	5.79	4.014375	5.930000000000001
error	4.903125	3.731875	5.342499999999999
wisdom	5.790625	4.35375	5.76625
rock	6.359375	3.7349999999999994	5.718125000000001
decide	5.364375	4.124375	5.6987499999999995
exclaim	5.666249999999999	4.1274999999999995	5.657500000000001
assure	6.108749999999999	3.8593749999999996	5.916875000000001
sign	6.020625	3.6312500000000005	5.786875
preserve	6.04375	3.8668750000000003	5.854375000000001
commerce	5.024375000000001	4.011875	5.0325
plant	5.338124999999999	3.66625	5.21
walk	5.97	3.751875	5.72625
difference	5.46125	3.638125	5.8012500000000005
hang	5.923125000000001	3.8418750000000004	5.3825
following	5.6031249999999995	3.6693750000000005	5.58375
employ	5.405	4.065625000000001	5.718750000000001
