deal	5.5718749999999995	3.8949999999999996	5.815625
study	6.0131250000000005	4.109999999999999	6.094375
afford	5.823124999999999	3.9199999999999995	5.920625
service	5.926875	3.899999999999999	5.9975000000000005
height	5.374375000000001	3.508125	5.574374999999999
prospect	6.073124999999999	4.556874999999999	5.783125
pleasant	6.934375	4.715	6.104375000000001
shade	6.145	3.7999999999999994	5.59375
listen	6.125625	4.213125	5.9106250000000005
mighty	5.965625000000001	4.571874999999999	5.431875
country	5.333125	3.750000000000001	5.432499999999999
title	5.744375000000001	3.9437499999999996	5.389375
choose	6.275	4.01125	6.163125
village	5.7524999999999995	3.758125	5.284999999999999
acquire	5.999375000000001	3.913125	6.333750000000001
rank	5.675625000000001	4.439375	5.775625
bow	6.178125	4.2825	5.779999999999999
doctor	5.58375	4.031875	5.551875
talent	6.344375	4.351875	6.036875000000001
source	5.8187500000000005	3.6087499999999997	5.891874999999999
lead	5.7943750000000005	4.171875	5.733124999999999
question	5.55625	3.7950000000000004	5.867500000000001
publish	5.305624999999999	3.889374999999999	5.614999999999998
interest	5.5181249999999995	4.1175	5.571875
serve	5.945625	3.9225	6.195625000000001
divine	6.1275	4.374375	5.688749999999999
put	6.17125	3.9199999999999995	5.821875
shadow	5.928750000000001	3.909375	5.530000000000001
practical	5.41375	4.0131250000000005	5.49125
surface	5.323125	3.6618749999999993	5.1675
account	5.655	3.7643750000000002	5.758125
loss	4.49875	4.388125	4.865625
indian	5.53125	4.016249999999999	5.104375
vine	5.5443750000000005	3.9575	5.3375
certain	5.944375	3.9874999999999994	6.166874999999998
sin	4.235625	4.925625	4.5131250000000005
necessity	5.211874999999999	4.031875	5.51625
lose	6.3862499999999995	4.18125	5.903124999999998
private	5.828125	4.30875	5.81625
gentleman	6.248750000000001	3.8374999999999995	5.897500000000001
daughter	6.71125	4.604999999999999	6.0043750000000005
drive	5.498125000000001	4.44125	5.069375
strange	6.0200000000000005	4.254375	5.571875
journey	6.164375	4.001250000000001	5.696875
uncle	6.17	4.263125	5.850625
species	5.221875	3.996875	5.5062500000000005
think	6.322500000000001	4.13125	5.931875
bed	5.609375	3.784375	5.47625
wind	5.953124999999999	4.0375000000000005	5.321875
bless	6.890625000000001	4.633124999999999	6.341875
destroy	4.733750000000001	4.734999999999999	5.199375
author	5.670624999999999	3.8350000000000004	5.899375000000001
sustain	5.554999999999999	4.021875	5.715625
black	5.73	4.038124999999999	5.345625000000001
event	5.6156250000000005	4.223750000000001	6.026249999999999
liberty	5.701249999999999	4.243125	5.388750000000002
negro	4.876874999999999	4.3237499999999995	4.9087499999999995
little	6.206250000000001	3.869999999999999	5.94875
fortune	6.2525	4.554375	5.78875
touch	6.64375	4.268125	6.023124999999999
kill	4.3775	4.75	4.71625
feature	6.035	4.0218750000000005	5.71875
happiness	6.695625	4.6987499999999995	5.95875
assume	5.869375	3.604375	6.020625
notion	5.610625	4.188750000000001	5.7
purchase	5.738125	4.3375	5.631874999999999
faithful	6.1343749999999995	4.47625	5.858749999999999
soldier	4.989375	4.643125	5.059375
father	6.421875	4.373749999999999	5.736875000000001
narrow	5.148750000000001	3.5781249999999996	5.001875000000001
great	5.784999999999999	3.9506249999999996	5.789375000000001
tear	6.083749999999999	4.7212499999999995	5.525
honorable	5.944999999999999	4.369375	5.9956249999999995
previous	5.621874999999999	3.66375	5.891249999999999
good	5.965	3.9568749999999997	5.725
domestic	5.8100000000000005	4.078125	5.859375
glory	6.895	4.919375	5.9437500000000005
lay	5.964374999999999	4.055625000000001	5.675
occasion	5.840624999999999	3.915	5.889374999999999
guard	5.507500000000001	4.045	5.54875
whole	5.62625	3.7593750000000004	5.479375
mouth	5.62875	4.006875	5.449999999999999
receive	6.141875000000001	3.809999999999999	5.894375
take	5.8325000000000005	3.965625	5.70125
simple	6.25375	3.9681250000000006	6.055
error	4.61625	4.0175	5.269375
wisdom	6.286875000000001	4.325	6.051875
rock	5.991875000000001	3.84125	5.291250000000001
decide	5.636875000000001	4.0318749999999985	5.920625
exclaim	6.148749999999999	4.705	5.9275
assure	6.313750000000001	3.9325	6.0325000000000015
sign	5.675000000000001	3.881249999999999	5.6125
preserve	6.12875	4.1575	5.7612499999999995
commerce	5.4025	3.8331250000000003	5.434374999999999
plant	5.391875	3.686875	5.17875
walk	5.776875	3.9262500000000005	5.650625
difference	5.300000000000001	3.683125	5.6825
hang	5.623749999999999	4.031874999999999	5.608750000000001
following	5.818125	3.6181250000000005	5.81
employ	5.561250000000001	4.09125	5.785
