deal	4.92422	5.1748	5.2030067
study	6.787717	4.235606	5.996545
afford	6.5548005	4.3790154	5.557448
service	6.321548	4.8295884	6.08728
height	5.5348144	4.569982	5.525249
prospect	7.1152472	5.166572	6.425502
pleasant	7.3638153	3.6429038	4.4863358
shade	5.564969	3.4214897	4.3524714
listen	5.9728155	4.8275433	4.886094
mighty	5.6463103	5.410721	6.0973544
country	6.1728234	4.8647957	6.1970806
title	6.6892524	4.128392	6.1028643
choose	5.7452345	4.219296	5.369299
village	5.753057	4.1894016	4.9078016
acquire	6.935793	4.928308	6.6613293
rank	5.9437943	5.7384605	6.478325
bow	6.083708	3.8531876	5.1523914
doctor	4.8017673	4.854576	4.928867
talent	7.411906	5.654232	7.1748734
source	6.3384805	4.5429316	5.893635
lead	5.368902	5.422633	5.5174866
question	5.3183374	4.9984665	5.843225
publish	6.503689	4.7399273	6.5975065
interest	6.577211	5.175541	6.415373
serve	5.515563	4.5099845	4.9887433
divine	6.4975967	5.0016084	6.316071
put	5.0121813	4.323123	4.4773803
shadow	4.996563	3.6127176	4.275894
practical	6.3418517	4.166607	6.1992054
surface	5.710443	3.256454	4.571354
account	5.516466	4.994859	5.4863787
loss	4.3939457	4.874168	4.1557374
indian	5.2029853	4.6708884	5.2671084
vine	5.937156	4.097422	4.8296905
certain	5.6111016	4.7352037	5.5078883
sin	3.2504978	5.129263	4.144214
necessity	5.2730503	5.2810264	5.738782
lose	5.1108947	4.6671042	4.6012177
private	5.562112	5.008422	5.7251563
gentleman	6.5439305	4.888786	5.892123
daughter	6.700284	4.6855063	5.6139855
drive	4.0360346	5.995817	5.079102
strange	5.0368376	5.079132	4.5894384
journey	6.0128202	4.0138617	4.585575
uncle	5.75985	4.9094315	5.3914204
species	5.8754454	3.949464	5.322136
think	5.613411	4.7512927	4.970903
bed	5.0654545	3.6770346	3.8935099
wind	4.509117	5.03488	4.739476
bless	6.7426333	3.8650875	5.1055946
destroy	3.586528	5.4484625	4.4713564
author	6.2347293	4.931967	6.0650883
sustain	5.873881	4.8545423	6.0256534
black	4.2082777	3.8574214	4.090318
event	6.0689197	5.4369297	6.3528605
liberty	6.319946	5.1893635	6.488341
negro	5.093686	5.0291557	4.727355
little	6.034273	4.2035336	4.610855
fortune	6.5061417	5.3708982	6.266692
touch	5.6397176	4.4675236	4.6093097
kill	3.704498	6.065596	4.42652
feature	6.5411196	4.42126	5.9141574
happiness	7.154729	4.8065405	6.06303
assume	5.513965	4.5499215	5.5410247
notion	4.792104	5.4567814	5.4358335
purchase	6.3425355	4.799286	5.945916
faithful	6.0261307	5.100409	6.188543
soldier	5.4742393	5.5461626	6.207508
father	5.959564	4.423924	5.414952
narrow	3.909473	4.159834	4.201241
great	6.323735	5.0007124	6.3101025
tear	4.1319065	4.814962	3.649529
honorable	6.0645857	5.388609	6.4944406
previous	5.649088	4.62672	5.25378
good	6.3400683	4.5937448	5.314421
domestic	6.024106	4.0288095	5.2681084
glory	7.414455	5.378863	7.004392
lay	5.2699285	3.977264	4.5555835
occasion	5.8078284	5.341973	5.868683
guard	5.3014584	5.6398787	6.35843
whole	6.103642	4.448434	5.5976152
mouth	5.225824	4.77918	4.484433
receive	6.4423256	4.6298757	5.8437786
take	5.429757	4.387425	4.7853184
simple	6.727426	3.9856749	5.472331
error	3.493159	5.3620386	4.866271
wisdom	7.50589	4.2485795	6.7074833
rock	5.259989	4.412961	5.0130644
decide	5.582942	5.007467	5.6879296
exclaim	5.7626185	5.6774907	5.3984795
assure	6.7148304	5.077663	6.050181
sign	5.5317626	4.806818	5.3063345
preserve	6.311259	4.023599	5.64926
commerce	6.452436	4.3437433	6.341604
plant	5.539553	4.184273	5.087085
walk	5.800084	4.273264	4.493568
difference	5.559186	3.9321384	5.041552
hang	4.4980497	4.363475	3.9615188
following	6.53197	4.276535	5.609324
employ	6.0314727	4.470943	5.7661734
