deal	5.149478	4.992278	5.1578827
study	6.9159513	4.2210965	6.0259256
afford	6.5557537	4.3776474	5.572994
service	6.548759	4.863313	6.12234
height	5.690904	4.5648494	5.511057
prospect	7.1778636	5.1415997	6.4611874
pleasant	7.192863	3.692891	4.338434
shade	5.490872	3.401203	4.2885537
listen	5.8489466	4.8465166	4.856169
mighty	5.7690606	5.4875827	6.2360106
country	6.1412416	4.896672	6.2159853
title	6.888185	4.0510554	6.0086107
choose	5.63779	4.278587	5.3431125
village	5.749384	4.116265	4.907522
acquire	7.241392	4.7713413	6.6776795
rank	5.9995236	5.771245	6.53157
bow	5.681885	4.1855097	5.0918465
doctor	4.6297917	4.7096977	4.766737
talent	7.674634	5.713663	7.313329
source	6.330493	4.4790287	5.6327925
lead	5.4560504	5.3356204	5.4717617
question	5.345564	4.921162	5.8374157
publish	6.5903196	4.742816	6.591297
interest	6.557243	5.115126	6.322237
serve	5.6776505	4.6320677	5.0912323
divine	6.441515	5.0165687	6.3541627
put	5.1060286	4.34155	4.633257
shadow	4.9999037	3.724442	4.3496246
practical	6.2908497	4.146412	6.2190094
surface	5.471154	3.3029468	4.56405
account	5.435852	4.9814916	5.3800044
loss	4.442316	4.9996486	4.2658587
indian	5.27749	4.633828	5.320196
vine	5.950747	3.8264027	4.5792155
certain	5.606915	4.660854	5.441109
sin	3.4225247	5.077233	4.197778
necessity	5.2083507	5.2736225	5.770657
lose	5.189028	4.6810164	4.6313906
private	5.4668546	5.041201	5.6890926
gentleman	6.6279345	4.8484707	5.9170523
daughter	6.6942635	4.649754	5.559305
drive	4.0584483	5.9422927	4.980603
strange	5.000355	5.124056	4.603274
journey	6.204215	3.848027	4.6429157
uncle	5.5269337	5.0866613	5.4073753
species	5.6605387	4.015983	5.1112447
think	5.6809034	4.7126083	4.9853168
bed	5.1096687	3.4849117	3.6660786
wind	4.593981	5.036688	4.9407616
bless	6.8162775	3.9051764	5.284519
destroy	3.7015333	5.615819	4.5648603
author	6.1341043	4.902343	5.967579
sustain	5.8043876	4.881293	6.069094
black	4.2777233	3.870735	4.0972695
event	6.0895624	5.3575554	6.4296484
liberty	6.215279	5.139836	6.502877
negro	5.2686563	5.1329403	5.0403976
little	6.050252	4.1611204	4.6146674
fortune	6.5860286	5.47612	6.3850737
touch	5.617029	4.3791757	4.5195255
kill	3.7294693	5.9713545	4.534911
feature	6.5447073	4.4567995	5.9738674
happiness	7.1876264	4.783458	5.9345093
assume	5.3692245	4.560219	5.5155954
notion	4.8987837	5.355115	5.3643107
purchase	6.4374356	4.828143	6.0170293
faithful	6.2076564	5.1257515	6.2211094
soldier	5.363675	5.418582	6.3022704
father	5.944638	4.3795147	5.331965
narrow	3.9440346	4.2162557	4.1935387
great	6.361566	4.9533377	6.2789726
tear	4.157153	4.6946015	3.6101272
honorable	6.0160747	5.55917	6.6578383
previous	5.370413	4.5717835	5.1309633
good	6.419044	4.546025	5.3305683
domestic	6.1086507	4.0513616	5.189645
glory	7.720857	5.238479	7.109902
lay	5.3269196	3.9711227	4.5382557
occasion	5.8812943	5.2316933	5.801726
guard	5.1671896	5.512583	6.278587
whole	6.1445465	4.4107842	5.666396
mouth	5.0987988	4.605592	4.299251
receive	6.4754043	4.739885	5.865541
take	5.522261	4.3620667	4.8279963
simple	6.5966625	3.89126	5.28852
error	3.4052343	5.5483656	4.784645
wisdom	7.48255	4.047612	6.785718
rock	5.0764303	4.5392017	4.861326
decide	5.337899	5.0813556	5.784085
exclaim	5.7901907	5.7287407	5.35566
assure	6.5808907	5.0723743	6.019721
sign	5.4366155	4.812687	5.435517
preserve	6.394345	4.0466547	5.6179047
commerce	6.3988132	4.455794	6.283544
plant	5.4574046	4.0328355	4.8487086
walk	5.8834157	4.2948327	4.5349817
difference	5.563121	3.872188	4.94148
hang	4.6420636	4.427137	4.053748
following	6.552957	4.371875	5.590977
employ	5.988431	4.602201	5.730489
