deal	4.97347	5.174284	5.2132072
study	6.816594	4.307258	5.9649363
afford	6.5912385	4.4259973	5.6783867
service	6.224077	4.858829	6.03966
height	5.726417	4.634665	5.6179085
prospect	7.1643214	5.144819	6.4769797
pleasant	7.337309	3.7015462	4.572291
shade	5.4381194	3.623393	4.3865137
listen	5.812959	4.7638946	4.7538805
mighty	5.885427	5.332445	6.2065725
country	6.1745625	4.9689775	6.286372
title	6.743324	4.177372	5.945836
choose	5.594808	4.2318153	5.2776394
village	5.88034	4.078542	4.9126296
acquire	7.024077	4.946458	6.7754807
rank	5.909076	5.7133493	6.415838
bow	5.800643	4.0611506	5.1216316
doctor	4.829011	4.8470645	5.012387
talent	7.441696	5.704421	7.146244
source	6.3163505	4.583234	5.804281
lead	5.37633	5.3230014	5.4916463
question	5.3690763	4.869252	5.8029857
publish	6.308363	4.744569	6.4390054
interest	6.7128096	5.0953245	6.412898
serve	5.5605507	4.462123	5.0113144
divine	6.326957	4.9940925	6.181172
put	5.071833	4.4201565	4.6101413
shadow	4.9445887	3.6535845	4.3103456
practical	6.397992	4.327043	6.2242303
surface	5.590706	3.3189554	4.4692664
account	5.4897137	5.0419426	5.477827
loss	4.4976945	4.974403	4.400865
indian	5.0392575	4.7864184	5.3107023
vine	5.820363	4.070958	4.7645884
certain	5.6950865	4.7373624	5.5659323
sin	3.5261855	5.2470527	4.342395
necessity	5.2398753	5.3731823	5.726567
lose	5.167295	4.701101	4.709774
private	5.6072764	5.0424848	5.807995
gentleman	6.4702244	4.991758	5.8881955
daughter	6.702791	4.7620263	5.595126
drive	3.8683243	6.0471535	4.929721
strange	4.9213634	5.011051	4.544965
journey	6.359029	3.8495798	4.7544894
uncle	5.798779	5.2215757	5.750122
species	5.5841365	4.208147	5.2740927
think	5.6003337	4.661719	4.938841
bed	5.1231737	3.5143225	3.898641
wind	4.557988	5.180749	4.898234
bless	6.731469	4.0653453	5.231852
destroy	3.58694	5.4748282	4.684512
author	6.049337	5.018584	5.8549705
sustain	5.864688	4.794696	6.115236
black	4.118192	4.1589336	4.1536636
event	6.0993404	5.3469214	6.4849224
liberty	6.117403	5.302995	6.4619665
negro	5.1028676	5.3479056	5.0958023
little	6.1180944	4.1941686	4.6728234
fortune	6.4215035	5.4423146	6.322895
touch	5.653756	4.49016	4.6321063
kill	3.7172904	6.051359	4.507975
feature	6.501422	4.4207826	5.877299
happiness	7.1389856	4.8738613	6.0081553
assume	5.517288	4.645125	5.5674005
notion	4.901353	5.191258	5.3665133
purchase	6.047616	4.881064	5.936471
faithful	6.1751027	4.893836	6.3037972
soldier	5.4387355	5.461748	6.280333
father	5.993737	4.499435	5.4246063
narrow	4.0736866	4.0466967	4.234604
great	6.3169627	5.081657	6.340035
tear	4.1080265	4.881341	3.5469337
honorable	6.1002846	5.411451	6.542245
previous	5.5132155	4.7418766	5.3185997
good	6.367694	4.637589	5.3616376
domestic	6.2491593	4.114063	5.38198
glory	7.468579	5.430485	6.991086
lay	5.2617254	3.9813657	4.5438824
occasion	5.692328	5.346501	5.7806673
guard	5.267683	5.5586257	6.2705007
whole	6.153546	4.478401	5.6645393
mouth	5.0004387	4.9647574	4.58191
receive	6.371147	4.7402763	5.8847113
take	5.422824	4.4737525	4.805877
simple	6.8442497	3.9569256	5.4362516
error	3.623864	5.307494	4.9182005
wisdom	7.378471	4.2154155	6.5907927
rock	5.053267	4.50823	4.915128
decide	5.6059837	5.029101	5.8924994
exclaim	5.7973294	5.901616	5.343898
assure	6.527485	5.27495	6.0865064
sign	5.4825826	4.9339986	5.3096466
preserve	6.324501	4.19836	5.7651205
commerce	6.3497853	4.5354457	6.3555055
plant	5.165997	4.291086	4.971903
walk	5.7687445	4.3963776	4.3999124
difference	5.4317746	4.100206	4.990753
hang	4.531392	4.431019	4.0260444
following	6.5470757	4.3290315	5.728129
employ	5.9193645	4.4787183	5.7819033
