deal	5.0567513	5.1584086	5.2120476
study	7.0304384	4.280768	6.1161404
afford	6.568603	4.3401346	5.523033
service	6.298719	4.920095	6.0972595
height	5.739464	4.6431212	5.480565
prospect	7.0692377	5.351046	6.376224
pleasant	7.4584928	3.562324	4.5758166
shade	5.9034944	3.487625	4.5283566
listen	5.7909	4.9248385	4.91009
mighty	5.7965097	5.3727436	6.141591
country	6.1907363	4.8715467	6.1498423
title	6.603613	4.1731725	5.9834404
choose	5.8454123	4.2796664	5.3678327
village	5.756993	3.9889462	4.770308
acquire	7.177309	4.8142405	6.6959496
rank	5.941559	5.896227	6.512149
bow	5.701474	4.099092	5.064323
doctor	4.602436	4.8893714	4.7539506
talent	7.4565425	5.848206	7.1811943
source	6.40357	4.4367595	5.6345224
lead	5.540451	5.3119354	5.512141
question	5.3986187	4.867913	5.8079014
publish	6.4278374	4.7554603	6.5704155
interest	6.5106173	5.084482	6.2734785
serve	5.709126	4.520393	5.061219
divine	6.4544086	4.9546604	6.287387
put	5.170872	4.2724595	4.56724
shadow	5.3009253	3.5990872	4.384261
practical	6.480451	4.20896	6.2654414
surface	5.6610556	3.4527094	4.561312
account	5.4244123	5.142016	5.427875
loss	4.326803	4.961592	4.269743
indian	5.077761	4.752593	5.23095
vine	6.0605235	4.2418175	4.862667
certain	5.60212	4.7496743	5.4835405
sin	3.732285	5.034567	4.3647623
necessity	5.2767653	5.328048	5.675075
lose	5.1537533	4.6642647	4.637148
private	5.4765515	5.044478	5.7160034
gentleman	6.5428395	4.9110622	5.875433
daughter	6.611068	4.6796837	5.3506913
drive	4.1015844	6.0421705	5.02931
strange	4.9291344	5.038419	4.5743313
journey	6.3672624	3.769026	4.7153854
uncle	5.6694193	5.2273474	5.461159
species	5.7356334	4.2059116	5.146517
think	5.71709	4.7280083	4.994855
bed	5.009493	3.5853887	3.7852888
wind	4.5230002	5.175023	4.917494
bless	6.7117224	3.9659998	5.229928
destroy	3.5458138	5.5776005	4.5048356
author	6.1622195	5.012142	5.930496
sustain	5.8495564	4.9239383	6.024727
black	4.146874	4.1279283	4.09137
event	6.161978	5.3890643	6.453696
liberty	6.276201	5.2665715	6.4675527
negro	5.322971	5.0807276	4.707465
little	6.0951962	4.157405	4.610615
fortune	6.4098506	5.5894213	6.3145127
touch	5.589422	4.5431175	4.534153
kill	3.6749249	6.0072656	4.4196115
feature	6.5284414	4.515846	6.0024323
happiness	7.2547836	4.8894577	6.147848
assume	5.554717	4.7380147	5.7397566
notion	4.8283863	5.2443457	5.331491
purchase	6.11925	4.7643743	5.784547
faithful	6.023285	4.9468055	6.257016
soldier	5.5040154	5.5443425	6.4072046
father	5.955482	4.4110503	5.364641
narrow	3.868465	4.073727	4.0437627
great	6.332324	4.9211535	6.1621156
tear	4.2088246	4.748195	3.5884197
honorable	5.9979043	5.4712677	6.400572
previous	5.504206	4.615056	5.253669
good	6.384037	4.5026975	5.2841105
domestic	6.1572356	3.7926927	5.1971626
glory	7.5245047	5.3821454	6.9947224
lay	5.390113	4.0424633	4.6234584
occasion	5.825793	5.1891813	5.7116003
guard	5.3345404	5.584142	6.433814
whole	6.130269	4.4768896	5.6134157
mouth	5.1166706	4.677141	4.5182858
receive	6.3678603	4.656218	5.7890844
take	5.5714173	4.3901076	4.825457
simple	6.9039564	3.8652046	5.447019
error	3.5993743	5.376854	4.839829
wisdom	7.7373667	4.0055556	6.794299
rock	5.122822	4.428399	5.002574
decide	5.6630087	5.2089376	6.0237617
exclaim	5.684311	6.0949736	5.467777
assure	6.5359826	5.1838503	6.0790052
sign	5.4234395	4.9126263	5.202448
preserve	6.413449	4.156959	5.860552
commerce	6.5781016	4.2987313	6.298586
plant	5.435762	4.1268587	4.839466
walk	5.768765	4.3822722	4.5472403
difference	5.4903183	3.918279	4.8797894
hang	4.376711	4.412095	3.991047
following	6.6622615	4.362928	5.6456246
employ	5.9327006	4.5722146	5.778943
