deal	5.314701	5.2010627	5.28339
study	7.0003643	4.222105	6.1185746
afford	6.658003	4.5079174	5.715267
service	6.3701096	4.859688	6.082427
height	5.8202567	4.544029	5.7081614
prospect	7.2680855	5.137126	6.4551487
pleasant	7.315	3.767664	4.558358
shade	5.6582413	3.4284515	4.301099
listen	5.822674	4.8856983	4.775397
mighty	5.7269287	5.4200063	6.151006
country	6.209644	4.9805465	6.1842403
title	6.6060233	4.256061	6.1467304
choose	5.709944	4.4575324	5.4475355
village	5.6498365	4.091358	4.725639
acquire	7.0918527	5.0074487	6.876538
rank	5.6965017	5.7571874	6.2854385
bow	5.9588475	4.1055303	4.9746776
doctor	4.585456	4.8156333	4.6909432
talent	7.3763695	5.7174907	7.124565
source	6.405306	4.3925986	5.8482347
lead	5.358242	5.4503284	5.397949
question	5.4429293	4.914719	5.876177
publish	6.6413836	4.678642	6.505273
interest	6.591476	5.2240806	6.4348755
serve	5.4990697	4.6070642	5.085017
divine	6.492769	4.920566	6.2852907
put	5.1634235	4.3148127	4.5587792
shadow	5.159314	3.5831041	4.308453
practical	6.293138	4.2839727	6.338489
surface	5.7098455	3.2455893	4.670103
account	5.5561686	5.024519	5.4802356
loss	4.2926846	4.8591776	4.1089573
indian	5.1376762	4.63919	5.152613
vine	6.0410657	4.0187383	4.780824
certain	5.6052	4.8526993	5.5113244
sin	3.5787568	5.1592035	4.2777367
necessity	5.303608	5.262558	5.7674913
lose	5.1921806	4.694305	4.6001854
private	5.2877855	5.1801744	5.676837
gentleman	6.481887	4.831103	5.799105
daughter	6.644575	4.636003	5.5419664
drive	4.1067686	5.8768272	5.077992
strange	4.973824	5.1257815	4.613377
journey	6.4658155	3.929468	4.812144
uncle	5.8171988	4.875613	5.4190235
species	5.696335	4.0821414	5.1089673
think	5.7083435	4.73916	4.969159
bed	5.3083553	3.5381145	3.8515463
wind	4.598171	5.0082636	4.855551
bless	6.6897297	4.050958	5.2419333
destroy	3.6928058	5.535897	4.529643
author	6.190988	4.9821005	5.942279
sustain	5.804839	4.9391737	6.013434
black	4.329239	3.975139	4.0272293
event	6.198165	5.4546556	6.5328736
liberty	6.2618027	5.2451715	6.6087193
negro	5.032217	4.9729004	4.6152472
little	6.071526	4.1509886	4.610268
fortune	6.5467057	5.438772	6.319691
touch	5.6826158	4.4582796	4.626448
kill	3.6862504	6.110941	4.4723964
feature	6.3629813	4.2769294	5.8048954
happiness	7.17788	4.86712	6.0275674
assume	5.4467297	4.6755476	5.5528364
notion	4.808161	5.418315	5.3834066
purchase	6.2496595	4.782568	5.826973
faithful	6.0333643	5.087801	6.2714276
soldier	5.268406	5.5492554	6.119712
father	5.890783	4.455975	5.3833714
narrow	4.0085278	4.2906528	4.339933
great	6.3484335	4.968637	6.218329
tear	4.211627	4.722421	3.6531117
honorable	6.061783	5.5167847	6.655814
previous	5.3614907	4.588248	5.2215805
good	6.4476514	4.612713	5.3589096
domestic	6.0154185	4.114998	5.2713127
glory	7.5766277	5.2969294	7.0216894
lay	5.4980745	3.9785042	4.5842896
occasion	5.806115	5.3422394	5.7833385
guard	5.253341	5.615718	6.206789
whole	6.1777487	4.4214735	5.595407
mouth	5.261382	4.596775	4.49419
receive	6.5526347	4.736586	5.8674645
take	5.615228	4.405477	4.8298626
simple	6.923397	3.9289694	5.5195284
error	3.6031234	5.3485794	4.68349
wisdom	7.560885	4.281887	6.8370695
rock	5.1682405	4.4746175	5.0248265
decide	5.5862756	5.1832485	5.819346
exclaim	5.804625	5.7236	5.2615557
assure	6.5568805	5.175636	5.8878264
sign	5.5294023	4.8849435	5.3472986
preserve	6.281127	4.196521	5.6305246
commerce	6.460453	4.4779105	6.331989
plant	5.5605164	4.1502266	5.010234
walk	5.8165636	4.308592	4.4217362
difference	5.4572763	3.8015227	4.835214
hang	4.486616	4.578547	3.947575
following	6.588238	4.4056435	5.5890226
employ	5.9566927	4.4558935	5.5616264
