deal	5.0801063	5.1745853	5.2106533
study	6.951561	4.192819	6.0489316
afford	6.595729	4.443424	5.609971
service	6.2187977	4.8865666	6.0574684
height	5.7178288	4.5338225	5.557038
prospect	7.362936	5.032082	6.391261
pleasant	7.157097	3.7060142	4.4742737
shade	5.4936986	3.357398	4.2623963
listen	5.760045	4.739891	4.7610636
mighty	5.698634	5.335208	6.047275
country	6.1732445	4.8577185	6.1715145
title	6.734027	4.036551	6.1783037
choose	5.666679	4.3025775	5.370201
village	5.5768423	4.0614777	4.7285094
acquire	6.865222	4.9649534	6.67836
rank	5.8736753	5.6482964	6.441039
bow	5.948109	4.0520024	5.0894675
doctor	4.5853252	4.761307	4.748907
talent	7.49209	5.6675887	7.253151
source	6.52779	4.4061565	5.9320755
lead	5.4206066	5.3454657	5.5037374
question	5.4438963	4.906752	5.806348
publish	6.5023055	4.6951804	6.5462914
interest	6.498258	5.156365	6.3225603
serve	5.7023473	4.6039834	5.2213783
divine	6.460103	5.011134	6.306898
put	5.2176332	4.270642	4.517028
shadow	4.868332	3.5494297	4.2363544
practical	6.3247595	4.375741	6.3761873
surface	5.6677465	3.1593032	4.558125
account	5.5236073	4.9338846	5.415185
loss	4.382174	4.952197	4.2840476
indian	5.1098385	4.63457	5.1846285
vine	6.0228066	4.097348	4.8913264
certain	5.714456	4.779252	5.5263886
sin	3.4977427	5.07276	4.2004285
necessity	5.343894	5.4232364	5.811992
lose	4.980766	4.720344	4.5578837
private	5.5764165	5.1205807	5.7273617
gentleman	6.5858164	4.919434	5.8312674
daughter	6.597512	4.660747	5.52637
drive	3.9070444	6.0392857	4.9287395
strange	4.8129973	5.053737	4.4630184
journey	6.5100517	3.9499533	4.8486795
uncle	5.8866825	5.024123	5.4748282
species	5.857843	4.0377536	5.2953434
think	5.636123	4.712869	4.979677
bed	5.1114244	3.591743	3.9425848
wind	4.6218348	5.027155	4.806571
bless	6.556613	4.088652	5.2047772
destroy	3.4929483	5.4591756	4.48975
author	6.198081	4.901446	5.880049
sustain	5.8946924	4.9488106	6.2282577
black	4.3466034	4.0002093	4.0949645
event	6.287638	5.3137302	6.530687
liberty	6.2399116	5.250615	6.6270227
negro	5.3220563	5.0395465	4.5906725
little	6.069862	4.129703	4.5820203
fortune	6.4126053	5.294445	6.205308
touch	5.6453485	4.5121183	4.6181307
kill	3.640309	6.0786257	4.397969
feature	6.5145044	4.2526774	5.7970114
happiness	7.046475	4.8038244	5.978538
assume	5.220903	4.73119	5.3716445
notion	4.8598003	5.2213464	5.2845917
purchase	5.9604764	4.914051	5.7418737
faithful	6.046985	4.87016	6.1853294
soldier	5.3197246	5.469848	6.2120647
father	5.872913	4.4407544	5.390205
narrow	4.071354	4.1932173	4.3446546
great	6.328426	4.9607735	6.281664
tear	4.0577416	4.8541374	3.6654284
honorable	6.2418756	5.508082	6.684408
previous	5.599961	4.6593304	5.2620215
good	6.3243914	4.6398997	5.3255887
domestic	6.1905136	3.8883843	5.218943
glory	7.3759937	5.34882	6.926952
lay	5.400611	3.9633856	4.628457
occasion	5.797252	5.253088	5.673279
guard	5.2891912	5.643611	6.197253
whole	6.09781	4.382608	5.6003017
mouth	5.366442	4.651802	4.5045094
receive	6.514263	4.6694264	5.915947
take	5.482627	4.338496	4.7552056
simple	6.9179106	3.980552	5.5771875
error	3.806024	5.189584	4.8760533
wisdom	7.460535	4.1572976	6.77217
rock	5.1413956	4.4225683	4.938843
decide	5.503541	5.079035	5.879136
exclaim	5.791399	5.7849784	5.259325
assure	6.5181704	5.0688224	5.8146477
sign	5.310919	4.969034	5.236776
preserve	6.1769977	4.2009935	5.6686397
commerce	6.5195675	4.383297	6.2752
plant	5.638414	4.171377	5.112248
walk	5.7135196	4.1868153	4.354475
difference	5.3344383	3.806488	4.766664
hang	4.5389338	4.414361	3.9497995
following	6.726093	4.258568	5.650959
employ	5.873564	4.465478	5.6210947
