deal	5.0770297	5.2111497	5.238411
study	6.9295487	4.2725844	6.0034947
afford	6.6163006	4.5239835	5.63508
service	6.367175	4.7634625	6.0451927
height	5.764423	4.7110167	5.6604557
prospect	7.2559915	5.214404	6.456438
pleasant	7.591503	3.6808553	4.6276608
shade	5.7810183	3.4730656	4.422566
listen	5.6505904	4.869291	4.7540035
mighty	5.6636176	5.405925	6.228813
country	6.0706177	4.8888874	6.1329384
title	6.757272	4.1234007	6.172601
choose	5.943235	4.293701	5.50501
village	5.6608963	4.140265	4.855714
acquire	7.113534	4.871041	6.6780424
rank	5.885865	5.553353	6.303492
bow	5.8216457	4.1031694	5.2284093
doctor	4.820263	4.7856216	4.937573
talent	7.462343	5.7316613	7.2116866
source	6.3310843	4.722146	5.6428194
lead	5.49998	5.3368645	5.4611344
question	5.3947806	4.8141847	5.7049484
publish	6.3457036	4.858341	6.66739
interest	6.4362445	5.0671353	6.2519174
serve	5.812391	4.5435033	5.1623073
divine	6.374361	5.048463	6.276193
put	5.1573544	4.3287563	4.59929
shadow	5.1344604	3.5564156	4.463761
practical	6.5072207	4.3059025	6.2811527
surface	5.4256525	3.2118893	4.5454626
account	5.3249197	5.179393	5.3974257
loss	4.2129645	4.80455	4.1136246
indian	5.2760086	4.632949	5.2553535
vine	5.692291	4.0096726	4.4843345
certain	5.642975	4.758259	5.541811
sin	3.5033603	5.015543	4.2322416
necessity	5.3360457	5.3009605	5.7531385
lose	5.1324053	4.634728	4.535603
private	5.5178	4.9375196	5.68777
gentleman	6.6021748	4.8417773	5.873865
daughter	6.6943913	4.7252274	5.571645
drive	4.05517	5.9402018	5.0061707
strange	5.000898	5.0581894	4.5568285
journey	6.118981	3.9643712	4.644339
uncle	5.7924037	5.147635	5.4951262
species	5.9358788	4.004403	5.272007
think	5.68387	4.757244	5.0065465
bed	4.9640255	3.3533425	3.7917628
wind	4.788929	5.007963	4.9245887
bless	6.790937	3.942396	5.1923246
destroy	3.4746532	5.4585905	4.418686
author	6.110808	5.06306	5.8494077
sustain	5.8058305	4.8832717	6.00695
black	4.246199	3.9392383	4.0524297
event	6.027659	5.3322067	6.4349217
liberty	6.288827	4.9873233	6.3852973
negro	5.443847	4.9864655	4.8848825
little	6.182039	4.1381555	4.6496778
fortune	6.4156685	5.481018	6.355623
touch	5.631657	4.4587746	4.535076
kill	3.7088208	6.03423	4.3629947
feature	6.460535	4.525602	5.883854
happiness	7.0089736	4.919568	5.9234266
assume	5.4575505	4.528735	5.539106
notion	4.8720493	5.2181435	5.264451
purchase	6.1799316	4.657415	5.897849
faithful	6.2148542	4.946952	6.331808
soldier	5.464932	5.3536224	6.217006
father	5.932874	4.4026074	5.3587065
narrow	3.8753211	4.175086	4.139747
great	6.341684	5.016509	6.2373056
tear	4.297073	4.812261	3.7821925
honorable	6.116888	5.4461627	6.6914206
previous	5.4995565	4.4671545	5.194966
good	6.330529	4.626551	5.265438
domestic	6.1351805	3.9321473	5.1137686
glory	7.4043827	5.3518496	6.7817683
lay	5.528212	3.8651738	4.6752453
occasion	5.8250456	5.2883687	5.7241063
guard	5.2171555	5.449642	6.1120152
whole	6.1272683	4.383206	5.6133614
mouth	5.185181	4.8176823	4.523017
receive	6.4842815	4.663339	5.827228
take	5.5294595	4.342035	4.7732487
simple	6.7829094	3.972528	5.362695
error	3.697543	5.489694	4.862648
wisdom	7.648494	4.2880945	6.800392
rock	5.356552	4.3660707	5.0393577
decide	5.48508	5.066136	5.905962
exclaim	5.986715	5.8250446	5.4441285
assure	6.539863	5.301295	6.0880466
sign	5.4608345	4.9102974	5.30564
preserve	6.2382865	4.157379	5.6393924
commerce	6.337534	4.3444433	6.299618
plant	5.591895	4.313807	5.102695
walk	5.8346543	4.3102946	4.5042324
difference	5.2716255	3.9953372	4.8719444
hang	4.407045	4.395022	3.8916252
following	6.5453873	4.229348	5.4586215
employ	5.9373274	4.44289	5.6657743
