deal	5.0332303	5.2944117	5.324354
study	6.7791	4.374411	6.150673
afford	6.6423717	4.473236	5.7233963
service	6.3132763	4.7917385	6.132065
height	5.579391	4.4968843	5.4603076
prospect	7.167196	5.1930037	6.5196886
pleasant	7.427386	3.6494923	4.616105
shade	5.393891	3.5944297	4.4112124
listen	5.6918435	4.9275274	4.9297633
mighty	5.822878	5.3419952	6.119954
country	6.1330867	4.899562	6.1412272
title	6.822235	4.1861143	6.067099
choose	5.763808	4.323285	5.3727717
village	5.9245176	4.1084137	4.880833
acquire	7.0403986	4.982456	6.7082357
rank	5.8257093	5.8412266	6.450644
bow	5.6727386	4.1780653	5.0157447
doctor	4.6073303	4.58698	4.677478
talent	7.400924	5.6267257	7.1614456
source	6.519331	4.61683	5.835326
lead	5.4171925	5.440097	5.5316095
question	5.389184	4.8861184	5.751553
publish	6.4197907	5.010926	6.6137495
interest	6.4878516	5.140288	6.333633
serve	5.590988	4.4615693	5.0906234
divine	6.416458	5.017281	6.285265
put	5.1134195	4.373237	4.5506973
shadow	5.0158496	3.6099026	4.3881445
practical	6.2569904	4.215597	6.162875
surface	5.553379	3.1973515	4.3831215
account	5.413705	4.9234543	5.2204027
loss	4.429329	4.915606	4.2719693
indian	5.061053	4.7994285	5.1434727
vine	5.7013893	4.4388003	4.8540564
certain	5.615474	4.809252	5.5463185
sin	3.4706986	5.087219	4.1730995
necessity	5.2880006	5.27915	5.7446637
lose	5.107256	4.7268724	4.5509343
private	5.523377	5.101818	5.8350015
gentleman	6.6169357	4.9528255	5.903587
daughter	6.6738806	4.8346596	5.688855
drive	4.0657206	6.0565443	4.920402
strange	4.9704123	5.1708016	4.673981
journey	6.210137	4.0154357	4.591342
uncle	5.5923963	5.1222315	5.436466
species	5.7167335	3.9899268	5.092767
think	5.5747447	4.785739	4.9217825
bed	5.158624	3.5427718	3.893602
wind	4.58559	5.0945425	4.860001
bless	6.73394	4.03757	5.270479
destroy	3.5018437	5.5003424	4.4144173
author	6.0991673	4.9674816	5.83809
sustain	5.8036714	4.8656893	5.9015265
black	4.1307435	4.042753	3.9752958
event	5.8272567	5.447282	6.439476
liberty	6.1809516	5.2546954	6.530899
negro	5.184384	5.0928254	4.8438234
little	5.978458	4.1847754	4.5504127
fortune	6.409543	5.5944033	6.4487166
touch	5.532768	4.426119	4.3682446
kill	3.7409616	6.1090593	4.435971
feature	6.323104	4.5365496	5.977898
happiness	7.070978	4.88966	6.112279
assume	5.4087744	4.636093	5.506245
notion	4.7838793	5.3780336	5.341408
purchase	6.287711	4.9140677	6.011381
faithful	6.1158104	4.968302	6.4774394
soldier	5.508331	5.4652653	6.199004
father	5.941627	4.42194	5.377875
narrow	3.875108	4.062932	4.0958557
great	6.322661	5.0673504	6.237314
tear	4.301396	4.725769	3.6663995
honorable	6.05343	5.405884	6.569813
previous	5.4051285	4.6495686	5.1715574
good	6.4177237	4.7003546	5.331938
domestic	6.0773935	3.9180079	5.160277
glory	7.5279207	5.161821	6.8643627
lay	5.417012	3.957212	4.475969
occasion	5.792426	5.2180204	5.762438
guard	5.106552	5.6728215	6.261325
whole	6.080981	4.393626	5.5541534
mouth	4.8615427	4.752154	4.5668826
receive	6.433753	4.7593102	5.7935877
take	5.4261866	4.4480686	4.8188095
simple	6.7938547	3.9319644	5.4489455
error	3.547621	5.256144	4.773031
wisdom	7.4415126	4.189887	6.585676
rock	5.1503015	4.519109	4.9517446
decide	5.381875	5.3361626	5.9077144
exclaim	5.7507358	5.9781904	5.3611083
assure	6.4763064	5.353918	6.0158434
sign	5.30221	4.7683463	5.2123175
preserve	6.3807817	3.9704702	5.6064515
commerce	6.500267	4.5310097	6.406593
plant	5.5448756	4.1973023	5.0483823
walk	5.7580843	4.3875484	4.5857196
difference	5.3733816	3.946731	4.8359127
hang	4.2591166	4.4134965	3.8430362
following	6.5375905	4.336287	5.6063213
employ	5.89825	4.479319	5.58311
