deal	4.9402714	5.0406795	5.0203876
study	6.9444075	4.301781	6.0424933
afford	6.826793	4.490607	5.7833443
service	6.3944325	4.894417	6.1713123
height	5.98486	4.5480413	5.6798553
prospect	7.3111467	5.229462	6.461268
pleasant	7.4345894	3.628821	4.508036
shade	5.8300595	3.5550385	4.5151777
listen	5.930875	4.644501	4.9086723
mighty	5.732788	5.3725863	6.087121
country	6.260125	4.851333	6.222093
title	6.728221	4.2399497	6.0135374
choose	5.8988223	4.1555734	5.2598066
village	5.7050333	4.157203	4.798642
acquire	7.1761527	4.9060106	6.740603
rank	6.081496	5.6604657	6.423914
bow	5.5781174	4.2195654	5.1870503
doctor	4.853968	4.638714	4.8207226
talent	7.6512427	5.771912	7.346201
source	6.52922	4.541516	5.9119906
lead	5.4980264	5.258886	5.472238
question	5.414948	4.873253	5.788209
publish	6.4549184	4.785304	6.511194
interest	6.513189	5.130009	6.3458757
serve	5.625375	4.472842	5.0470495
divine	6.3340836	5.08349	6.3059425
put	5.248533	4.3971925	4.6832185
shadow	5.1908755	3.801055	4.4988565
practical	6.5513186	4.2409616	6.314343
surface	5.657793	3.3278646	4.5569043
account	5.5651255	4.997022	5.4280186
loss	4.4886074	4.9065866	4.2776785
indian	5.1400805	4.802617	5.3351364
vine	5.984439	3.873075	4.597838
certain	5.770564	4.6809077	5.4924464
sin	3.5954921	5.2581205	4.34745
necessity	5.2821646	5.3316007	5.790039
lose	5.2182364	4.617521	4.5677185
private	5.457098	4.9839873	5.758094
gentleman	6.521651	4.830454	5.8734736
daughter	6.694878	4.7941923	5.6080704
drive	4.031887	5.9576526	5.04633
strange	4.901766	4.9863367	4.4503365
journey	6.3411527	3.991416	4.665326
uncle	5.591941	5.154063	5.443172
species	5.7922726	4.110643	5.2704945
think	5.6661797	4.647812	4.895734
bed	5.059604	3.5219762	3.8340607
wind	4.5508113	5.091359	4.8695283
bless	6.726946	4.0064507	5.2641964
destroy	3.4466984	5.6335926	4.5347476
author	6.1987348	5.0351753	5.9066963
sustain	5.962031	4.9101467	6.112939
black	4.2008877	4.050762	4.0717297
event	6.047617	5.3622713	6.449056
liberty	6.199373	5.184391	6.439737
negro	5.199501	5.3228683	5.0441313
little	6.033023	4.1594954	4.640034
fortune	6.4019647	5.479699	6.3650727
touch	5.5837383	4.5392795	4.55873
kill	3.6999798	6.1567583	4.4302154
feature	6.405336	4.397819	5.818364
happiness	7.16696	4.808207	6.111187
assume	5.4882636	4.4970026	5.4559083
notion	4.678581	5.2022595	5.1960545
purchase	6.2755666	4.793313	5.8408933
faithful	5.810414	4.960529	6.13167
soldier	5.443346	5.349406	6.318152
father	5.8833666	4.543632	5.405056
narrow	3.8787036	4.063739	4.0335665
great	6.3891835	4.9468217	6.2219725
tear	4.268347	4.840324	3.7414463
honorable	6.03644	5.467872	6.534747
previous	5.46278	4.5659404	5.2022767
good	6.487931	4.6384525	5.3601456
domestic	6.226744	4.112217	5.404539
glory	7.6588416	5.4287615	7.091585
lay	5.3174	3.934534	4.573235
occasion	5.817922	5.187815	5.740928
guard	5.335378	5.5446286	6.2790523
whole	6.152531	4.4325867	5.6484113
mouth	5.094943	4.7538366	4.4828033
receive	6.522392	4.6439757	5.908746
take	5.541865	4.3759418	4.800003
simple	6.9326787	3.92978	5.4165773
error	3.7014422	5.314898	4.854773
wisdom	7.528042	4.2001452	6.687384
rock	5.2126074	4.5342164	5.043388
decide	5.4932675	5.027641	5.803716
exclaim	5.797327	5.780278	5.3845143
assure	6.5088024	5.2356296	6.0318155
sign	5.668202	5.0265245	5.2850146
preserve	6.260483	4.021524	5.6136174
commerce	6.454658	4.315071	6.3032784
plant	5.367094	4.0596356	4.795016
walk	5.9485083	4.287697	4.566665
difference	5.5511785	3.836718	4.9499946
hang	4.427842	4.493339	4.1323133
following	6.5109673	4.321098	5.5051365
employ	6.0096107	4.501256	5.669493
