deal	5.0539145	5.2529793	5.3174453
study	6.9813704	4.3043895	6.0485992
afford	6.7054253	4.4243646	5.7316084
service	6.4815006	4.842994	6.161846
height	5.8686447	4.583514	5.7224264
prospect	7.2551804	5.154367	6.4155765
pleasant	7.2972665	3.6699061	4.4271364
shade	5.6390433	3.4589276	4.4600472
listen	5.7462025	4.7706876	4.8920507
mighty	5.5942483	5.4454417	6.1482153
country	6.213384	4.9109473	6.2088223
title	6.757862	4.0071115	5.9360085
choose	5.761407	4.3168097	5.421962
village	5.6770573	4.039559	4.741938
acquire	6.9412837	4.898129	6.6113033
rank	6.159675	5.5962706	6.549721
bow	5.8791885	4.1197457	5.2118406
doctor	4.6111526	4.8440766	4.8916306
talent	7.462228	5.492092	7.1759152
source	6.4793143	4.3477864	5.772785
lead	5.6770267	5.3363733	5.6037016
question	5.327447	4.9782124	5.7864003
publish	6.615215	4.6902227	6.4081078
interest	6.475114	5.232067	6.367446
serve	5.6351547	4.537356	5.048006
divine	6.4093065	4.928793	6.21478
put	5.207194	4.342104	4.5600286
shadow	5.0574145	3.4633455	4.285175
practical	6.197102	4.1906595	6.191285
surface	5.634902	3.163588	4.5182204
account	5.510824	5.080142	5.456617
loss	4.2944326	4.942662	4.2815046
indian	5.1381335	4.6862216	5.2590466
vine	6.1187444	3.9206731	4.6605005
certain	5.5280676	4.760953	5.4893513
sin	3.6721559	5.1031814	4.3223357
necessity	5.1584816	5.344398	5.7377176
lose	5.019715	4.822325	4.62227
private	5.5925956	5.0680027	5.8067513
gentleman	6.5820417	4.8714123	5.933414
daughter	6.7189097	4.650462	5.559776
drive	4.1011243	6.0247173	5.0666203
strange	4.946803	5.142995	4.6864204
journey	6.2602377	4.1033707	4.726926
uncle	5.8340235	5.093006	5.550012
species	5.7021523	4.0605288	5.22548
think	5.671255	4.7193727	4.9204946
bed	5.2149687	3.5132606	3.8633993
wind	4.5335283	5.0403223	4.83486
bless	6.5962543	4.0378175	5.107914
destroy	3.5268748	5.562681	4.4823446
author	6.135631	4.8680353	5.825568
sustain	5.780939	4.961608	6.2071924
black	4.063224	3.9640362	4.044416
event	6.0772405	5.4454007	6.436464
liberty	6.1489663	5.2140937	6.436063
negro	5.3119555	5.140341	4.8819256
little	6.0414753	4.139464	4.581494
fortune	6.603525	5.358535	6.3321266
touch	5.5477304	4.463074	4.5033946
kill	3.6629777	6.171216	4.399807
feature	6.3908467	4.404396	5.8634744
happiness	7.1059623	4.9203186	5.9884443
assume	5.364682	4.5446115	5.508249
notion	4.745918	5.3731303	5.397746
purchase	5.939617	4.7611127	5.8680754
faithful	6.147142	5.248007	6.328597
soldier	5.535646	5.4678116	6.304315
father	5.940006	4.337195	5.3490515
narrow	4.1198645	4.103862	4.2867002
great	6.3356013	5.0294933	6.271193
tear	4.0783405	4.6614103	3.5663536
honorable	6.2064714	5.2868633	6.695901
previous	5.5161433	4.5231867	5.1827054
good	6.4271994	4.6147046	5.326272
domestic	5.8469324	4.2437057	5.201565
glory	7.578049	5.217349	6.961969
lay	5.454317	3.9335897	4.577015
occasion	5.804812	5.2603755	5.776079
guard	5.2648997	5.5874414	6.301848
whole	6.111225	4.3593473	5.582481
mouth	5.1680145	4.657005	4.422496
receive	6.5555844	4.737431	5.9852037
take	5.5203676	4.344738	4.7649217
simple	6.821715	4.0253286	5.452349
error	3.6611993	5.397916	4.8670726
wisdom	7.4401674	4.1614943	6.6813245
rock	5.1544027	4.4601026	5.007082
decide	5.5156727	5.1831636	5.8168297
exclaim	5.7687674	5.918086	5.41947
assure	6.4860306	5.2514915	6.0300703
sign	5.4716983	4.8033624	5.1359515
preserve	6.1420093	4.138063	5.5204353
commerce	6.4299817	4.468978	6.252817
plant	5.476905	4.122795	4.973636
walk	5.844493	4.214282	4.516778
difference	5.384759	4.0334215	4.878632
hang	4.3841505	4.568082	4.0115447
following	6.726411	4.1728487	5.5640965
employ	6.0092072	4.49054	5.73364
