deal	4.917381	5.104914	5.170185
study	6.907639	4.3106647	6.0252857
afford	6.5341735	4.5463696	5.638929
service	6.4378476	4.810317	6.0256863
height	5.642815	4.7570934	5.670291
prospect	7.1158457	5.1974325	6.1105385
pleasant	7.2071896	3.6338778	4.4923816
shade	5.530351	3.476079	4.3935337
listen	5.8067613	5.042181	4.864822
mighty	5.6471076	5.4022145	6.094705
country	6.181312	4.839247	6.1734056
title	6.5270143	4.2368336	5.764799
choose	5.9532566	4.278248	5.419119
village	5.796213	3.9856112	4.777197
acquire	7.1681266	4.8452263	6.6378784
rank	5.994355	5.914103	6.4626765
bow	5.723677	4.2112317	5.1408405
doctor	4.7062907	4.848069	4.7948866
talent	7.286088	5.8086057	7.0670013
source	6.403849	4.5269203	5.705731
lead	5.476264	5.483477	5.508772
question	5.352603	4.8550425	5.748281
publish	6.390918	4.714015	6.5210075
interest	6.458362	5.2040677	6.3846083
serve	5.7426057	4.478899	5.057624
divine	6.4749184	4.8238387	6.2491813
put	5.191613	4.3159323	4.633826
shadow	4.945297	3.628646	4.2583995
practical	6.463933	4.153968	6.2842665
surface	5.481323	3.3277278	4.50227
account	5.504511	4.9982524	5.4416394
loss	4.4710846	4.9943295	4.337222
indian	5.2780123	4.6682177	5.3075995
vine	5.809127	4.0181875	4.6047335
certain	5.658863	4.7822003	5.519234
sin	3.5558116	4.90083	4.210321
necessity	5.136143	5.319008	5.673064
lose	5.122322	4.705194	4.6956897
private	5.628086	5.024502	5.649487
gentleman	6.552729	4.9556785	5.8243766
daughter	6.683423	4.8899555	5.6319566
drive	4.11833	5.867642	5.106231
strange	4.897309	5.156873	4.560435
journey	6.3484354	4.0937715	4.7582664
uncle	5.945591	5.253461	5.5949507
species	5.9156837	3.814312	5.2886133
think	5.5541964	4.8104773	4.9326143
bed	5.074435	3.5653927	3.751014
wind	4.6457443	4.947252	4.7938046
bless	6.803215	4.0609293	5.2511015
destroy	3.4450045	5.482019	4.483146
author	6.1324506	4.9038963	5.81034
sustain	6.0428042	5.0779157	6.3457365
black	4.2008247	3.9094522	3.9960783
event	6.0577044	5.3498497	6.39811
liberty	6.1601286	5.179422	6.4249415
negro	5.1842666	4.999828	4.767842
little	6.0836854	4.142013	4.5955906
fortune	6.383586	5.469927	6.282939
touch	5.6570807	4.4695544	4.650942
kill	3.7501307	6.156839	4.535424
feature	6.3935976	4.5819383	5.885207
happiness	7.052914	4.9107695	5.994247
assume	5.4731417	4.727758	5.6548986
notion	4.8357215	5.3141036	5.3811445
purchase	6.1854625	4.6691494	5.866667
faithful	6.3520784	4.965386	6.325716
soldier	5.5201015	5.5956163	6.341763
father	5.9631147	4.4491963	5.3009844
narrow	4.1674895	4.117007	4.092254
great	6.342229	4.9932146	6.238698
tear	4.111913	4.8593044	3.6626368
honorable	6.146949	5.48207	6.617484
previous	5.6069922	4.6426754	5.194821
good	6.445166	4.651775	5.435892
domestic	6.0584393	4.0447416	5.2806535
glory	7.411828	5.2910247	6.816879
lay	5.388	4.1093993	4.6657724
occasion	5.8491316	5.256547	5.7826357
guard	5.368144	5.5841103	6.267636
whole	6.154071	4.4284687	5.621618
mouth	5.1842866	4.7896194	4.4512386
receive	6.485467	4.712167	5.899499
take	5.5106087	4.4025364	4.804142
simple	6.854333	3.83947	5.5295095
error	3.7176185	5.4937572	4.844179
wisdom	7.6527576	4.16599	6.61928
rock	5.339659	4.2463603	4.99951
decide	5.465972	5.0290675	5.761173
exclaim	5.863194	5.872263	5.497781
assure	6.632325	5.2813497	6.150768
sign	5.2997317	4.9100065	5.237622
preserve	6.3111887	4.0763903	5.588091
commerce	6.439992	4.404444	6.3498874
plant	5.23899	4.3586965	4.968426
walk	5.8054886	4.240134	4.4909406
difference	5.528168	3.8242104	5.101389
hang	4.430657	4.446642	4.077296
following	6.625387	4.418949	5.6410284
employ	5.9845243	4.461912	5.757358
