deal	5.024867	5.0741205	5.130794
study	6.8165994	4.3139687	6.005688
afford	6.7119865	4.5434804	5.6382933
service	6.3289785	4.933299	6.085144
height	5.7750764	4.7009554	5.658146
prospect	7.311868	5.20744	6.499669
pleasant	7.362277	3.640502	4.4291883
shade	5.3796406	3.491514	4.2371383
listen	5.5328646	4.807432	4.7504854
mighty	5.7094517	5.4477873	6.097233
country	6.212966	4.8605223	6.2025843
title	6.781726	4.126951	6.158511
choose	5.7967005	4.2717876	5.417387
village	5.7564125	4.090328	4.8570023
acquire	6.855468	4.8899136	6.654531
rank	5.908343	5.7917104	6.572399
bow	5.7015386	4.077631	5.0096602
doctor	4.8136196	4.9265237	5.0384274
talent	7.287476	5.7620883	7.0316424
source	6.5656137	4.606884	5.851431
lead	5.5403585	5.4001265	5.518848
question	5.379983	4.9092746	5.834136
publish	6.561634	4.627735	6.6028643
interest	6.5289903	5.161275	6.352207
serve	5.7728186	4.5984545	5.157433
divine	6.37578	5.043293	6.260642
put	5.168802	4.3444166	4.646015
shadow	4.9834642	3.7119927	4.364781
practical	6.309008	4.380464	6.2322073
surface	5.620224	3.2528226	4.533877
account	5.44201	5.075747	5.4294314
loss	4.2717896	4.8016768	4.1567755
indian	5.24084	4.6244955	5.2915063
vine	5.8449483	4.07776	4.6474333
certain	5.6499915	4.8129535	5.5681515
sin	3.6289444	5.135745	4.3139906
necessity	5.265954	5.2679033	5.786176
lose	5.189635	4.6144	4.6509533
private	5.5883694	4.9658027	5.6924486
gentleman	6.66772	4.835189	5.9341574
daughter	6.654712	4.693233	5.5325756
drive	4.1356745	5.9268517	5.0412974
strange	4.920196	5.11123	4.488692
journey	6.286199	3.9492376	4.805224
uncle	5.559798	5.2600803	5.575296
species	5.8058615	4.0319767	5.332086
think	5.719251	4.722462	4.9446254
bed	5.285158	3.4091866	3.9886947
wind	4.5567217	5.096095	4.8088727
bless	6.684329	3.9488115	5.04129
destroy	3.6151628	5.4565816	4.6012564
author	6.164857	5.020507	5.8591127
sustain	5.918186	4.9704885	6.044109
black	4.2657375	3.9707797	4.166721
event	6.2420588	5.394887	6.550187
liberty	6.2195396	5.150665	6.474127
negro	5.3117332	5.0062895	5.0177293
little	6.1338177	4.1846795	4.6615005
fortune	6.5083613	5.4467316	6.415551
touch	5.768243	4.5123305	4.5851126
kill	3.665481	6.0128984	4.467179
feature	6.489603	4.4503317	5.9552827
happiness	7.0994973	4.6684084	5.930267
assume	5.343476	4.548114	5.539162
notion	4.7959557	5.2043757	5.4530916
purchase	6.120499	4.649489	5.7742987
faithful	6.3144326	4.9200387	6.2302933
soldier	5.541224	5.547073	6.3094554
father	5.8356733	4.4541125	5.3836927
narrow	4.259674	4.1028166	4.3172174
great	6.3123136	5.1038213	6.274278
tear	4.167607	4.9409776	3.7311878
honorable	6.255039	5.4209504	6.787282
previous	5.513632	4.4872136	5.180911
good	6.386156	4.691072	5.31593
domestic	6.084706	3.792979	5.1327105
glory	7.579996	5.307271	7.01857
lay	5.381469	3.984631	4.6554074
occasion	5.8896194	5.325238	5.802917
guard	5.3476176	5.6405306	6.287139
whole	6.1099496	4.470952	5.651799
mouth	5.0821133	4.635965	4.482481
receive	6.3986697	4.684837	5.8435006
take	5.568233	4.351938	4.8181543
simple	6.7950068	4.0400286	5.4606395
error	3.7390718	5.2964935	4.8303533
wisdom	7.3973236	4.119501	6.6592646
rock	5.226817	4.5125275	5.0219245
decide	5.5642943	5.010402	5.8243933
exclaim	5.8640203	5.7387733	5.452157
assure	6.686923	5.180742	6.000548
sign	5.418595	4.9804387	5.314723
preserve	6.3380976	4.1566243	5.7318864
commerce	6.3391047	4.562187	6.385743
plant	5.545823	4.062447	4.976246
walk	5.7795563	4.2832675	4.5159197
difference	5.362329	3.856725	4.92149
hang	4.5606995	4.400706	3.9076657
following	6.5650606	4.2939095	5.5987444
employ	5.9154825	4.5291452	5.6335764
