deal	5.011378	5.0037	5.1253643
study	6.7398844	4.2224383	5.965087
afford	6.646923	4.38926	5.670986
service	6.352862	4.8272667	6.1215873
height	5.7710376	4.601688	5.7675934
prospect	7.342571	5.202494	6.598402
pleasant	7.35686	3.508256	4.4258375
shade	5.672639	3.451693	4.5158963
listen	5.7652206	4.8614693	4.85871
mighty	5.8921494	5.438568	6.2851906
country	6.107919	4.930765	6.1992583
title	6.8972178	4.1696672	6.261652
choose	5.731074	4.222524	5.360632
village	5.7584105	4.0250015	4.8811455
acquire	7.006789	4.9539747	6.8443327
rank	5.9479656	5.814309	6.5180655
bow	5.851316	4.117979	5.130582
doctor	4.626751	4.6100235	4.717342
talent	7.54704	5.6792564	7.1838555
source	6.4521914	4.582799	5.7930794
lead	5.42422	5.373684	5.500786
question	5.427731	4.8852925	5.8559146
publish	6.497332	4.76565	6.5951366
interest	6.5600305	5.183854	6.429681
serve	5.653385	4.4922113	5.0829897
divine	6.3183856	5.0887403	6.1608567
put	5.133133	4.324405	4.6064796
shadow	5.166675	3.733748	4.49347
practical	6.3327208	4.1927576	6.304473
surface	5.578219	3.182193	4.5484695
account	5.515097	5.0054035	5.4403677
loss	4.4523363	4.840124	4.2621555
indian	5.225534	4.6612906	5.266821
vine	6.01626	4.053402	4.783588
certain	5.662664	4.63109	5.4881554
sin	3.5682974	5.2594156	4.3218317
necessity	5.3312654	5.3751636	5.8112526
lose	5.105579	4.7097955	4.6138625
private	5.4291925	5.049666	5.7185707
gentleman	6.479554	4.8963227	5.837943
daughter	6.746734	4.7367725	5.6054697
drive	4.113371	6.155324	5.224294
strange	5.004732	5.1659226	4.4851284
journey	6.4459085	3.9665213	4.8772364
uncle	5.593277	5.209476	5.4531593
species	5.7599125	4.0253563	5.182669
think	5.70942	4.7357974	4.949815
bed	5.097249	3.6615756	4.022192
wind	4.700895	5.0556116	4.889369
bless	6.7166557	4.045582	5.1815033
destroy	3.5675726	5.5219164	4.604285
author	6.1361723	4.928405	5.819678
sustain	5.9740467	4.8896055	6.2067647
black	4.365167	3.916826	4.0323095
event	6.1718435	5.3271346	6.5409346
liberty	6.1164784	5.289668	6.547376
negro	5.3697066	5.2302675	4.9694104
little	6.063951	4.120516	4.6210046
fortune	6.384838	5.4515276	6.256331
touch	5.648118	4.5261784	4.6342187
kill	3.7842045	5.9876904	4.65623
feature	6.468877	4.532551	5.8706727
happiness	7.2676735	5.061673	6.1875224
assume	5.501004	4.4597673	5.4806547
notion	4.6883955	5.329089	5.308104
purchase	6.0517764	4.7661796	5.7480083
faithful	6.1118755	4.963559	6.1062913
soldier	5.380411	5.3406725	6.1323895
father	5.817277	4.453625	5.3608775
narrow	4.011457	4.2181077	4.272487
great	6.287751	4.969075	6.2466364
tear	4.173114	4.922723	3.756081
honorable	6.151103	5.524643	6.66148
previous	5.294212	4.4899354	5.1403856
good	6.4726686	4.5845704	5.3904
domestic	6.158867	4.0680923	5.4196987
glory	7.5862684	5.387008	7.0169325
lay	5.286676	4.0724335	4.6431513
occasion	5.7741756	5.289989	5.7899632
guard	5.210079	5.568905	6.295501
whole	6.074195	4.381651	5.5934944
mouth	5.1770163	4.67506	4.380219
receive	6.486567	4.7951245	5.967039
take	5.4990425	4.37833	4.828685
simple	6.9868364	3.8799145	5.4843144
error	3.5626028	5.351187	4.7343173
wisdom	7.6065216	4.120949	6.707855
rock	5.227418	4.5292354	5.1280556
decide	5.287045	4.927342	5.581406
exclaim	5.6978126	5.759073	5.283555
assure	6.53322	5.156865	5.969709
sign	5.594819	4.8896747	5.3809986
preserve	6.22501	4.024178	5.61716
commerce	6.364182	4.7111425	6.538183
plant	5.4809604	4.3333473	5.1125293
walk	5.7408323	4.258452	4.5006084
difference	5.465402	3.9499662	4.9386497
hang	4.423073	4.3856874	3.9572554
following	6.6428337	4.335907	5.6271887
employ	5.903102	4.392792	5.66255
