deal	5.031505	5.002287	5.260038
study	7.0524373	4.2216034	6.106036
afford	6.493724	4.459858	5.5944266
service	6.350642	4.9518104	6.0920577
height	5.6436386	4.7195086	5.678939
prospect	7.1756287	5.1939716	6.4661684
pleasant	7.165846	3.8240917	4.5020432
shade	5.668162	3.4402273	4.4136558
listen	5.6154876	4.959796	4.762076
mighty	5.722786	5.475926	6.114723
country	6.099619	4.9362907	6.188009
title	6.8740554	3.9658937	6.07944
choose	5.65347	4.3036547	5.282727
village	5.690123	4.115079	4.7891326
acquire	7.0346785	4.9200277	6.70024
rank	5.903176	5.6584225	6.436632
bow	5.822893	4.0771813	5.1426535
doctor	4.63984	5.0123158	4.916053
talent	7.459422	5.70435	7.213107
source	6.2739825	4.33728	5.684356
lead	5.48374	5.3462954	5.4494867
question	5.416291	4.929204	5.85026
publish	6.361989	4.8550434	6.743106
interest	6.52796	5.104763	6.368916
serve	5.582541	4.664504	5.134018
divine	6.3965034	4.9949713	6.286298
put	5.142732	4.306953	4.577121
shadow	5.0799723	3.6365523	4.3445563
practical	6.486125	4.2063556	6.2824497
surface	5.5585113	3.4097142	4.6696973
account	5.4608083	4.9919763	5.3433905
loss	4.3738523	4.927706	4.204066
indian	5.0744085	4.561512	5.2161083
vine	6.0299225	4.0818305	4.7368584
certain	5.5786204	4.699265	5.419851
sin	3.627497	5.0424747	4.2920856
necessity	5.2700624	5.368625	5.710018
lose	4.966756	4.696703	4.48238
private	5.475649	5.1561384	5.7605247
gentleman	6.5211225	5.004141	5.868294
daughter	6.7085648	4.7032814	5.561862
drive	4.018694	6.0241385	4.991192
strange	4.881139	5.0846744	4.4943595
journey	6.2817864	3.968216	4.662716
uncle	5.505155	5.216959	5.4919434
species	5.6413193	3.8909273	5.205904
think	5.663973	4.737385	4.93897
bed	5.1847577	3.6532757	3.9022083
wind	4.591446	4.9553742	4.8244467
bless	6.931062	4.0107665	5.289523
destroy	3.3956375	5.488631	4.4433
author	6.037024	4.904402	5.924135
sustain	5.7232547	4.9261913	6.0995965
black	4.051197	3.9504714	3.9671106
event	5.9971538	5.576683	6.4307547
liberty	6.178956	5.167187	6.4387484
negro	5.177975	5.0607224	4.815656
little	5.968776	4.107053	4.5125155
fortune	6.388966	5.4753585	6.3371377
touch	5.624476	4.5126147	4.6206346
kill	3.7807152	6.0240426	4.397512
feature	6.514469	4.5484734	5.9952407
happiness	7.1317263	4.774466	5.9630394
assume	5.4137487	4.704048	5.48239
notion	4.9467373	5.232954	5.3938284
purchase	6.1748257	4.752301	5.8083625
faithful	5.9846478	5.030321	6.1872206
soldier	5.366749	5.513546	6.2259464
father	5.872514	4.4567637	5.276946
narrow	3.9200711	4.1356034	4.074535
great	6.2769637	5.0163097	6.242653
tear	4.167448	4.7892084	3.6524518
honorable	6.060057	5.541437	6.6341314
previous	5.640684	4.651343	5.25247
good	6.4267	4.5967846	5.3033013
domestic	6.088371	4.1026144	5.345317
glory	7.4710426	5.1435823	6.9337997
lay	5.412543	4.017818	4.6603208
occasion	5.715815	5.301979	5.7019615
guard	5.190524	5.5444846	6.234044
whole	6.0379143	4.473076	5.609765
mouth	4.877115	4.672742	4.3294497
receive	6.376936	4.7486987	5.798482
take	5.4445252	4.392258	4.757929
simple	6.9278097	4.092509	5.6106577
error	3.7021513	5.44923	4.857865
wisdom	7.5886145	4.1028476	6.6828527
rock	5.147025	4.6213694	5.1468635
decide	5.466162	5.0952873	5.7813983
exclaim	5.8545213	5.9266915	5.4454217
assure	6.545251	5.2675433	6.011734
sign	5.6029663	4.7883635	5.260349
preserve	6.539796	4.0520606	5.6642056
commerce	6.4929485	4.605619	6.4543033
plant	5.562296	4.155355	5.0195565
walk	5.7292986	4.267777	4.3823404
difference	5.3354006	3.9373002	4.7890277
hang	4.3426743	4.5957074	3.9921868
following	6.517247	4.4535756	5.6549573
employ	5.9106336	4.564606	5.747375
