deal	5.087126	5.1996837	5.291715
study	6.726184	4.3011537	5.970528
afford	6.648484	4.4176383	5.7143774
service	6.286302	4.792769	5.870733
height	5.6884284	4.702238	5.6622863
prospect	7.1065454	5.091185	6.4012237
pleasant	7.2380476	3.7843537	4.6250696
shade	5.8034964	3.4842257	4.559307
listen	5.452706	4.697217	4.661175
mighty	5.764141	5.301777	6.1255794
country	6.103241	4.840831	6.172555
title	6.7682805	4.064574	6.087453
choose	5.7649965	4.3575635	5.410872
village	5.5338287	4.2498813	4.903462
acquire	7.14445	4.763901	6.7727933
rank	6.0561147	5.6175065	6.460457
bow	5.9253626	4.129361	5.188598
doctor	4.746608	4.797489	4.8541136
talent	7.3593016	5.7869406	7.149598
source	6.308948	4.56977	5.8117595
lead	5.6833544	5.120276	5.4892287
question	5.3215275	4.763263	5.755426
publish	6.481223	4.580899	6.4469023
interest	6.447652	5.1271696	6.3999596
serve	5.6988454	4.427021	4.9830494
divine	6.5336137	5.108035	6.4180107
put	5.289546	4.2339616	4.5748444
shadow	5.2066236	3.6985312	4.4656677
practical	6.5578713	4.1766205	6.1680117
surface	5.5670543	3.405026	4.7148256
account	5.421613	5.003046	5.3215504
loss	4.351568	4.9279313	4.209478
indian	5.182918	4.7266846	5.307446
vine	5.9782653	3.9815195	4.8042293
certain	5.5805845	4.7286177	5.4639683
sin	3.8899434	4.9754324	4.3492327
necessity	5.2141414	5.2660646	5.729665
lose	5.165092	4.6600046	4.610144
private	5.60487	5.0142055	5.7867546
gentleman	6.5692554	4.841694	5.896227
daughter	6.620051	4.731289	5.5865145
drive	4.0202827	5.8405933	4.909668
strange	5.0150976	5.1635685	4.5794616
journey	6.062687	3.8903496	4.661335
uncle	5.668035	5.131546	5.5462694
species	5.827317	4.164991	5.140884
think	5.6585913	4.6972365	4.9045815
bed	5.0302625	3.5570278	3.8091598
wind	4.691599	5.0736966	4.897191
bless	6.7846994	3.9049597	5.093682
destroy	3.6555843	5.3619394	4.4652715
author	6.1915946	4.832921	5.8021016
sustain	5.6885753	4.9138336	6.029334
black	4.3897047	3.8951724	4.098408
event	5.9710236	5.390289	6.4744153
liberty	6.1115317	5.156185	6.5274286
negro	5.3260155	4.9495554	4.8968506
little	6.1760354	4.071845	4.607821
fortune	6.4828606	5.384252	6.258869
touch	5.671399	4.428514	4.608192
kill	3.9755328	5.871714	4.56524
feature	6.374646	4.495535	5.926583
happiness	7.080365	4.9018645	6.077567
assume	5.492695	4.296997	5.4371157
notion	4.872654	5.2558146	5.5063944
purchase	6.2985563	4.7234445	5.924469
faithful	6.0847583	5.041228	6.311863
soldier	5.405197	5.5442553	6.410179
father	5.8449903	4.409314	5.3073635
narrow	4.003165	4.1051073	4.175731
great	6.3197403	4.9325347	6.2180634
tear	4.1648736	4.819249	3.6242216
honorable	6.0404215	5.370479	6.5871553
previous	5.5199842	4.53101	5.2096825
good	6.476129	4.6146846	5.400972
domestic	5.995888	3.9826021	5.2791944
glory	7.6339316	5.2308183	6.967823
lay	5.3965554	3.9144442	4.581114
occasion	5.778758	5.2485886	5.676765
guard	5.247313	5.4725323	6.2079306
whole	6.135968	4.3346567	5.6206675
mouth	5.1367917	4.7041273	4.474308
receive	6.452978	4.6656094	5.821955
take	5.588669	4.296196	4.784079
simple	6.7959476	3.836797	5.491964
error	3.784332	5.0997915	4.761787
wisdom	7.6633587	4.2441006	6.8559484
rock	5.4476833	4.4933867	5.0366282
decide	5.59228	5.038513	5.9607944
exclaim	5.823397	5.5752006	5.343266
assure	6.791203	5.0636015	6.148163
sign	5.6276007	4.766008	5.321369
preserve	6.366208	4.0027432	5.609946
commerce	6.45483	4.3295994	6.3432713
plant	5.4231873	4.21168	5.0941477
walk	5.74396	4.2177033	4.41292
difference	5.1900225	3.8422546	4.779169
hang	4.61358	4.463424	4.0946703
following	6.5673914	4.1281114	5.5032783
employ	5.8137126	4.441725	5.54558
