deal	5.032176	5.116206	5.0832257
study	6.871054	4.1924477	6.074755
afford	6.6350527	4.408745	5.658
service	6.3201056	4.873514	6.1404467
height	5.494431	4.490697	5.474971
prospect	7.107934	5.146491	6.397775
pleasant	7.2393045	3.7135012	4.4662623
shade	5.6586123	3.3414643	4.3132386
listen	5.6909037	4.81682	4.6547112
mighty	5.906511	5.223192	6.260333
country	6.1128078	4.9117465	6.1335564
title	6.692397	4.15193	6.0172243
choose	5.769455	4.342846	5.407017
village	5.779965	4.219105	4.8600097
acquire	6.9678183	4.7789526	6.676037
rank	5.9201527	5.8406515	6.55626
bow	5.8160763	4.1204314	5.0095773
doctor	4.530394	4.745195	4.7626166
talent	7.409584	5.572529	7.238506
source	6.4929132	4.378686	5.8510194
lead	5.4569798	5.344801	5.446629
question	5.270583	4.984561	5.795736
publish	6.484712	4.66634	6.5036287
interest	6.5164757	5.1448646	6.2659755
serve	5.7659206	4.467612	5.1642265
divine	6.614178	5.1108856	6.46725
put	5.069111	4.3509784	4.5453286
shadow	4.9996147	3.5255961	4.2980175
practical	6.3428087	4.340703	6.4828176
surface	5.7064533	3.2660153	4.658718
account	5.5288906	4.9784	5.515933
loss	4.41932	4.9261007	4.2255216
indian	5.163939	4.6842556	5.2271504
vine	6.095694	3.9786763	4.8968644
certain	5.750233	4.6501694	5.51174
sin	3.6251605	5.194046	4.3712
necessity	5.258869	5.3060207	5.709551
lose	5.0997195	4.7557034	4.6024194
private	5.4758053	4.9853024	5.724355
gentleman	6.481116	4.749711	5.7361503
daughter	6.5593033	4.685113	5.513003
drive	3.943411	5.9270163	4.992088
strange	4.8987284	5.096163	4.4685826
journey	6.360364	3.7069478	4.660269
uncle	5.5236793	5.152315	5.483078
species	6.0581293	3.9575636	5.306264
think	5.705679	4.6334248	4.952277
bed	5.113915	3.5137873	3.7839594
wind	4.6766677	4.9904346	4.8977814
bless	6.7117043	4.0103693	5.221225
destroy	3.5589945	5.4831457	4.5454974
author	6.0238757	4.897706	5.848693
sustain	5.937077	4.766143	6.1402864
black	4.236097	4.069922	4.138742
event	6.02535	5.417647	6.4822607
liberty	6.1101313	5.3209305	6.5195446
negro	5.0752153	5.0112815	4.7415867
little	6.0753293	4.1407323	4.6221766
fortune	6.260377	5.4583564	6.311588
touch	5.6604357	4.4077854	4.6229506
kill	3.8041306	6.0347786	4.3994613
feature	6.4602385	4.4108567	5.884165
happiness	6.9587846	4.8344994	5.938306
assume	5.372314	4.556262	5.4683795
notion	4.7666283	5.1996846	5.2389193
purchase	6.2669053	4.991725	6.035151
faithful	6.1760345	5.0990295	6.225637
soldier	5.445128	5.565461	6.2425323
father	5.8457823	4.4236307	5.308154
narrow	4.040256	4.1507697	4.25528
great	6.3740315	5.0071816	6.3075604
tear	4.064822	4.8196893	3.692153
honorable	6.0565133	5.317512	6.421446
previous	5.5570774	4.4884357	5.1483903
good	6.376306	4.633566	5.3473077
domestic	5.844392	4.1012964	5.2463975
glory	7.515757	5.288516	7.127332
lay	5.4025307	3.9349816	4.55839
occasion	5.884097	5.2740808	5.7598457
guard	5.1872754	5.725896	6.286077
whole	6.125096	4.3749495	5.636191
mouth	5.0145135	4.8165975	4.399856
receive	6.4656916	4.7033906	5.8754644
take	5.431599	4.421618	4.76748
simple	6.980188	3.909213	5.5132217
error	3.8038294	5.3537216	4.8307247
wisdom	7.678117	3.9963417	6.6939077
rock	5.224732	4.495684	5.1212854
decide	5.4134874	5.0784082	5.6739454
exclaim	5.8593388	5.8148313	5.4389253
assure	6.528211	5.1391287	5.97322
sign	5.52754	4.755044	5.436589
preserve	6.2145367	4.1658463	5.502595
commerce	6.50086	4.601507	6.4045167
plant	5.6066756	4.086513	4.9582477
walk	5.819624	4.309721	4.5763745
difference	5.3973484	3.844316	4.847106
hang	4.428422	4.4146657	3.911565
following	6.5940742	4.2773356	5.588427
employ	6.006067	4.5472965	5.9145546
