deal	4.9779778	5.163832	5.2102547
study	6.9326787	4.2414284	6.0813527
afford	6.4951534	4.3599124	5.55459
service	6.4420476	4.667398	6.1115317
height	5.5932727	4.606518	5.5567746
prospect	7.348407	5.154475	6.361224
pleasant	7.170523	3.7386146	4.561583
shade	5.7521787	3.3994718	4.4363995
listen	5.802359	4.953886	4.8569117
mighty	5.840097	5.4595757	6.265144
country	6.1264043	4.8282514	6.158734
title	6.862642	4.0539846	6.066398
choose	5.6716433	4.2325354	5.2977285
village	5.6694937	4.186982	4.8395133
acquire	7.096482	4.8407626	6.690991
rank	5.952124	5.6913214	6.3474693
bow	5.826204	4.165782	5.1607246
doctor	4.682547	4.7913866	4.7681046
talent	7.4110584	5.7561674	7.149863
source	6.3156753	4.457367	5.628025
lead	5.502713	5.44364	5.5360327
question	5.451522	4.8606834	5.852868
publish	6.473438	4.643779	6.4731255
interest	6.4944873	5.0936747	6.343451
serve	5.558887	4.4902287	5.0390005
divine	6.286236	4.949142	6.2958364
put	5.1571174	4.3487887	4.5865545
shadow	5.0970907	3.6371756	4.294857
practical	6.4335427	4.15754	6.300524
surface	5.573443	3.2664325	4.5100737
account	5.482477	5.01507	5.4501023
loss	4.227236	5.0488024	4.2521706
indian	5.122448	4.699548	5.325411
vine	6.1221485	4.1477427	4.7559466
certain	5.6044817	4.8003483	5.483803
sin	3.4559186	4.9427176	4.311078
necessity	5.213895	5.3162804	5.7181854
lose	5.126589	4.69412	4.6666393
private	5.660213	5.0686126	5.839078
gentleman	6.498285	4.8952646	5.8363357
daughter	6.6495056	4.810769	5.5789967
drive	4.073905	6.05654	5.033088
strange	4.898261	5.1463947	4.504151
journey	6.187138	3.9887264	4.663612
uncle	5.488365	5.025386	5.485432
species	5.922082	3.9703038	5.0885496
think	5.686928	4.819989	5.0124497
bed	4.9889407	3.7241933	3.82556
wind	4.5664244	5.080283	4.9254093
bless	6.5577455	4.0021634	5.186827
destroy	3.4994545	5.604875	4.482767
author	6.1294026	4.915336	5.869232
sustain	5.8614016	5.0075274	6.103166
black	4.1877384	3.9188728	4.045213
event	5.9478	5.345743	6.4501176
liberty	6.2828975	5.168957	6.5459704
negro	5.3446155	4.946209	5.0110216
little	6.000394	4.187516	4.5704136
fortune	6.498431	5.3518467	6.1990995
touch	5.6414924	4.471406	4.645842
kill	3.5779495	6.161222	4.434051
feature	6.3746853	4.4775743	5.858275
happiness	7.1769686	4.901853	6.167718
assume	5.3842835	4.5540853	5.4484982
notion	4.80978	5.2018085	5.230101
purchase	6.1819167	4.7398624	5.893975
faithful	6.009165	4.945567	6.2068806
soldier	5.512601	5.3643007	6.3377953
father	5.8634105	4.4902673	5.381969
narrow	3.9728003	4.227014	4.232937
great	6.3154573	4.9648933	6.230454
tear	4.11394	4.752494	3.674622
honorable	6.1165056	5.3170757	6.601221
previous	5.306155	4.625581	5.148787
good	6.306518	4.687792	5.349154
domestic	5.9818087	4.101001	5.3341374
glory	7.499706	5.279408	7.0020905
lay	5.3705764	4.0265017	4.577255
occasion	5.790763	5.194601	5.650283
guard	5.3335104	5.630274	6.3341618
whole	6.0563993	4.3865786	5.560459
mouth	4.9421806	4.833333	4.4805775
receive	6.4708505	4.6523466	5.871019
take	5.456839	4.3866467	4.7564588
simple	6.9716363	3.9687333	5.5229564
error	3.5630908	5.3656707	4.815292
wisdom	7.817591	4.3649898	7.0015154
rock	4.9840345	4.417931	4.8274026
decide	5.436886	5.179547	5.8566957
exclaim	5.8873463	5.7694516	5.538626
assure	6.5279145	5.1420155	6.045391
sign	5.532077	4.66101	5.186266
preserve	6.308294	4.0513034	5.6887894
commerce	6.3363013	4.3882337	6.2534904
plant	5.47583	4.295048	5.0617046
walk	5.683635	4.269225	4.443647
difference	5.32115	3.9224806	4.852939
hang	4.3922377	4.479142	3.9772122
following	6.4964156	4.28611	5.5439234
employ	6.0146923	4.422536	5.691615
