deal	4.9290504	5.1036024	5.022751
study	6.892409	4.2363186	6.09755
afford	6.6712403	4.376291	5.606119
service	6.362546	4.801608	6.2005463
height	5.5957637	4.537019	5.390455
prospect	7.097025	5.10312	6.4626293
pleasant	7.367986	3.5187933	4.345564
shade	5.552176	3.4490857	4.475915
listen	5.606475	4.7391624	4.75391
mighty	5.671168	5.3938894	6.1675205
country	6.119654	4.908307	6.213294
title	6.768114	4.099696	6.051652
choose	5.690108	4.204892	5.208908
village	5.6137905	4.074928	4.752564
acquire	6.88372	4.8491893	6.588739
rank	6.0445814	5.6504145	6.5424337
bow	5.817233	4.0635915	5.0833836
doctor	4.49323	4.72774	4.613181
talent	7.4725256	5.599922	7.0610147
source	6.628571	4.4039516	5.7985616
lead	5.522673	5.3112545	5.471686
question	5.373937	4.896351	5.8507166
publish	6.4585457	4.8046703	6.6396713
interest	6.5680428	5.1623554	6.379101
serve	5.777338	4.500538	5.162286
divine	6.553211	5.0234156	6.267868
put	5.14452	4.3766637	4.585027
shadow	5.088353	3.4961183	4.409785
practical	6.3905473	4.3269663	6.3947134
surface	5.4850445	3.2250016	4.3444433
account	5.4009323	5.0295606	5.3648725
loss	4.5225663	4.8162975	4.2878056
indian	5.1779118	4.627347	5.1870704
vine	6.014118	3.962093	4.7172914
certain	5.674518	4.6768646	5.4930897
sin	3.3707364	5.1900673	4.149043
necessity	5.3038473	5.353278	5.7570767
lose	5.0738344	4.735774	4.635885
private	5.5611877	4.9180703	5.7510023
gentleman	6.5841856	4.7947097	5.8920655
daughter	6.6007147	4.630215	5.505775
drive	3.9112434	5.942091	4.924636
strange	4.8279133	5.054939	4.489657
journey	6.182824	4.144066	4.650645
uncle	5.876035	5.0924053	5.6016345
species	6.031234	3.8830464	5.1205497
think	5.6166735	4.674204	4.905121
bed	5.0763345	3.3560035	3.8507605
wind	4.6390514	4.9463077	4.780866
bless	6.6965313	3.8683376	5.1627045
destroy	3.597043	5.3334503	4.3996596
author	6.083964	4.90759	5.8987484
sustain	6.0305586	4.849098	6.131762
black	4.0538497	4.006943	3.9867105
event	6.1324396	5.335443	6.4144554
liberty	6.431534	5.1933246	6.586504
negro	5.2467847	5.07224	5.0205865
little	6.131549	4.0677185	4.6038413
fortune	6.5707974	5.3441105	6.2388635
touch	5.663087	4.4575634	4.5352697
kill	3.6941524	5.8880944	4.259276
feature	6.406155	4.560298	5.9874954
happiness	7.2881737	4.822884	6.1223383
assume	5.2713566	4.585606	5.506283
notion	4.5829616	5.407523	5.3840804
purchase	5.975395	4.6497784	5.7117257
faithful	6.2414713	4.8767533	6.3538275
soldier	5.4406767	5.450124	6.2978926
father	5.833506	4.404925	5.307855
narrow	3.9008107	4.0823374	4.0929327
great	6.320299	4.9399953	6.206874
tear	4.166629	4.830029	3.6473718
honorable	6.1997237	5.3021164	6.6113644
previous	5.4881177	4.450472	5.2203403
good	6.37133	4.5322595	5.254699
domestic	6.1554847	4.010555	5.3422337
glory	7.3988853	5.34867	6.879164
lay	5.4169602	3.8873394	4.57039
occasion	5.8709416	5.2721157	5.7114015
guard	5.1855865	5.456284	6.277412
whole	6.06353	4.3624964	5.5735946
mouth	5.0891733	4.929965	4.495567
receive	6.516382	4.6717415	5.930782
take	5.436341	4.3825135	4.756681
simple	6.9699783	3.8643963	5.417495
error	3.688635	5.484205	5.020856
wisdom	7.51525	4.2809806	6.6830635
rock	5.0991898	4.501973	4.948362
decide	5.504322	5.022044	5.8339577
exclaim	5.8026557	5.8930492	5.3442135
assure	6.5829525	5.1460276	5.982301
sign	5.525965	4.833386	5.233407
preserve	6.3713827	4.0739317	5.608944
commerce	6.392541	4.414969	6.2661867
plant	5.3896747	4.156263	4.9520273
walk	5.7205167	4.257797	4.4700785
difference	5.4913263	3.955218	5.0397487
hang	4.406791	4.442988	3.8580246
following	6.671421	4.243627	5.587746
employ	5.943382	4.537404	5.7727656
