deal	5.293492	5.128467	5.4092174
study	7.100309	4.1300573	6.0974226
afford	6.780397	4.4366465	5.7754583
service	6.3809223	4.555785	5.9478555
height	5.7215576	4.5932903	5.651457
prospect	7.2698603	5.0738945	6.4584455
pleasant	7.2821536	3.6963625	4.625869
shade	5.681922	3.438435	4.420027
listen	5.801397	4.854	4.799456
mighty	5.713853	5.2978115	6.0370593
country	6.1143723	4.837911	6.2050858
title	6.7665486	4.100498	6.0080276
choose	5.822458	4.2437844	5.4921703
village	5.6114187	4.3099113	4.8814993
acquire	6.9499636	4.788898	6.6385517
rank	5.9170995	5.491874	6.316923
bow	5.650708	4.1716704	5.006988
doctor	4.8674426	4.6759167	4.776582
talent	7.434692	5.518025	7.114814
source	6.2878675	4.437721	5.6348014
lead	5.4563293	5.3038344	5.531512
question	5.353454	4.846103	5.7934
publish	6.2457647	4.8335214	6.3819647
interest	6.577643	5.192611	6.404066
serve	5.588219	4.388975	5.024706
divine	6.350354	4.982193	6.4111347
put	5.248319	4.3345375	4.657819
shadow	5.235135	3.5397997	4.44316
practical	6.497816	4.254748	6.348388
surface	5.664455	3.2610526	4.4448867
account	5.4557247	5.0076876	5.4396935
loss	4.423885	4.8585534	4.2027245
indian	5.152705	4.6653585	5.3391194
vine	5.8733687	4.0188355	4.747127
certain	5.6148095	4.779799	5.5421343
sin	3.6789975	4.9661446	4.336318
necessity	5.304603	5.395419	5.8720565
lose	5.1707106	4.6173925	4.6213827
private	5.4888253	4.9082036	5.7688694
gentleman	6.419026	4.8937883	5.7447457
daughter	6.6762705	4.5673428	5.503828
drive	3.935179	6.0406084	5.068027
strange	5.037926	5.0301723	4.572161
journey	6.408061	3.7771027	4.7313304
uncle	5.7991085	5.091625	5.6708803
species	5.8647857	3.981217	5.2254357
think	5.672695	4.668187	5.0064683
bed	5.112565	3.5344758	3.8256004
wind	4.605134	5.115137	5.0524597
bless	6.7603354	3.940179	5.212742
destroy	3.4086277	5.610442	4.4571333
author	5.958903	4.984651	5.8190002
sustain	6.039949	4.8491	6.1584816
black	4.0706625	3.9704237	4.051933
event	5.993076	5.3312387	6.520172
liberty	6.138744	5.1252775	6.464838
negro	5.169911	5.0458736	4.7450852
little	6.1285343	4.1190104	4.6265974
fortune	6.4214373	5.553189	6.3635583
touch	5.68336	4.4009147	4.6492553
kill	3.642561	6.116272	4.409771
feature	6.3328633	4.494796	5.911977
happiness	7.0957055	4.9210286	6.0947638
assume	5.338855	4.7415633	5.606596
notion	4.852531	5.176123	5.475978
purchase	6.0384917	4.8922887	5.8404636
faithful	5.939433	4.8855486	6.083358
soldier	5.432235	5.2490215	6.119255
father	5.964145	4.352849	5.367614
narrow	4.023661	4.112722	4.1274137
great	6.3084044	4.9451184	6.2574615
tear	4.3392477	4.732799	3.7594106
honorable	6.085143	5.3767285	6.595429
previous	5.476963	4.4694686	5.1156874
good	6.4498205	4.5364757	5.3678303
domestic	6.1235533	3.8298662	5.308758
glory	7.5030107	5.2606964	6.9564342
lay	5.4562297	4.0143466	4.6424813
occasion	5.780922	5.2583013	5.7637963
guard	5.0661116	5.512109	6.1606483
whole	6.126154	4.3627443	5.6155205
mouth	5.120197	4.7260933	4.4966183
receive	6.3840604	4.7574635	5.839658
take	5.518907	4.373127	4.8353705
simple	6.950835	3.9982626	5.6166697
error	3.6720293	5.221773	4.781278
wisdom	7.5635905	4.222922	6.74219
rock	5.3640833	4.4632115	5.12825
decide	5.346529	5.159827	5.6719546
exclaim	5.8181067	5.820558	5.3078785
assure	6.527402	5.0752664	5.8968935
sign	5.505081	4.8736744	5.1886744
preserve	6.316381	4.092512	5.668502
commerce	6.483201	4.3182178	6.396472
plant	5.3337383	4.2015495	4.9578075
walk	5.880839	4.2317553	4.497127
difference	5.457476	3.8711195	4.8573256
hang	4.5327477	4.436213	4.0569916
following	6.46927	4.390179	5.544164
employ	5.858037	4.3442707	5.6188946
