deal	5.0878506	5.0314484	5.211922
study	6.949795	4.215678	6.1216846
afford	6.8023243	4.3974504	5.8098106
service	6.379241	4.8720775	6.0396185
height	5.764913	4.587843	5.6305504
prospect	7.1476717	5.1173353	6.4532456
pleasant	7.249589	3.7830088	4.56035
shade	5.650516	3.6112804	4.511652
listen	5.8733373	4.799645	4.8876553
mighty	5.857032	5.336347	6.216033
country	6.114486	4.866865	6.1631227
title	6.5086226	4.18516	5.8144784
choose	5.789992	4.2873955	5.3979797
village	5.5940905	4.0968857	4.717771
acquire	7.1360784	4.9134955	6.7703366
rank	5.9946365	5.7716217	6.476713
bow	5.739231	3.9568353	4.9107766
doctor	4.7227907	4.7091627	4.890108
talent	7.499615	5.616638	7.204135
source	6.425022	4.3681445	5.816777
lead	5.5112925	5.459965	5.560552
question	5.5293374	4.872297	5.8770742
publish	6.5090823	4.721509	6.4581556
interest	6.6250315	5.114391	6.3417077
serve	5.5657125	4.585842	5.113489
divine	6.521294	4.9695005	6.3191414
put	5.1554346	4.3338532	4.5415754
shadow	4.9991174	3.6681178	4.3374877
practical	6.0865936	4.253151	6.1012278
surface	5.658673	3.3010163	4.5762506
account	5.409166	4.916903	5.232526
loss	4.425136	4.9143457	4.2769895
indian	5.178625	4.751884	5.268522
vine	5.848478	4.0270166	4.794915
certain	5.744479	4.703448	5.533214
sin	3.431557	5.001115	4.2158036
necessity	5.131201	5.2305403	5.5818157
lose	5.320204	4.6769824	4.751376
private	5.5846214	4.9025483	5.648079
gentleman	6.662011	4.9365916	5.938932
daughter	6.7687135	4.7620473	5.6192937
drive	3.9347098	5.949724	4.9915156
strange	5.047381	5.106365	4.595974
journey	6.428865	3.8114114	4.6746216
uncle	6.0499096	4.909586	5.5611563
species	5.6154695	4.053373	5.1525817
think	5.751743	4.6950016	4.9916563
bed	5.1371374	3.5722764	3.939952
wind	4.62805	5.067594	4.8098154
bless	6.895121	3.854234	5.3131604
destroy	3.4885814	5.4843016	4.456355
author	6.0936275	4.876118	5.9435387
sustain	5.862791	4.834012	6.0886593
black	4.4067483	3.974992	4.2304955
event	6.114647	5.400436	6.5094676
liberty	6.2996736	5.1140738	6.4530215
negro	5.3735023	5.3848963	5.153323
little	6.1341233	4.14777	4.624759
fortune	6.479726	5.517308	6.274574
touch	5.717751	4.462483	4.60479
kill	3.7668893	6.0758185	4.5532484
feature	6.4387016	4.4980817	5.832036
happiness	7.169322	4.8484077	6.058318
assume	5.4923825	4.655876	5.520783
notion	4.764123	5.285032	5.344001
purchase	6.30375	4.912477	5.9082026
faithful	6.2666793	4.9333496	6.240252
soldier	5.574605	5.488594	6.305165
father	6.0170436	4.417453	5.3618903
narrow	4.0402584	4.090957	4.1550555
great	6.3901668	4.943019	6.252276
tear	4.3024654	4.6987357	3.7190099
honorable	5.987003	5.3932886	6.4144907
previous	5.5103126	4.5332465	5.0990186
good	6.4993343	4.6247635	5.365319
domestic	5.934518	4.0210695	5.247138
glory	7.536803	5.3710775	7.122918
lay	5.360364	3.9601173	4.538775
occasion	5.80976	5.3841786	5.74594
guard	5.3597136	5.5103593	6.304809
whole	6.1278024	4.4244437	5.598649
mouth	5.1147814	4.6505632	4.4994454
receive	6.531823	4.709443	5.787635
take	5.555983	4.4179273	4.814048
simple	6.809313	3.8633308	5.373192
error	3.4601555	5.3003626	4.743004
wisdom	7.60514	4.112255	6.591258
rock	5.1870985	4.476962	5.0963254
decide	5.7301636	5.1360703	5.864357
exclaim	6.0153337	5.823447	5.395089
assure	6.7678313	5.1722736	6.063349
sign	5.4320383	4.861146	5.268635
preserve	6.464682	4.101592	5.6828365
commerce	6.4852586	4.472505	6.3872232
plant	5.343778	4.2055116	4.9477534
walk	5.89199	4.3263726	4.587665
difference	5.5183597	3.813336	4.8851194
hang	4.5788064	4.5029554	4.0553775
following	6.6156454	4.273797	5.5840383
employ	5.851658	4.6078553	5.7182827
