deal	5.107255	5.239188	5.1841326
study	6.8469315	4.2396183	6.036806
afford	6.572264	4.4055057	5.6779776
service	6.473952	4.7772517	6.101456
height	5.8733544	4.757301	5.7543864
prospect	7.270895	5.1254816	6.414158
pleasant	7.3173785	3.6914952	4.428634
shade	5.5560694	3.4393218	4.191368
listen	5.8787184	4.7740884	4.902765
mighty	5.825806	5.306948	6.257157
country	6.3088136	4.8828707	6.168766
title	6.8142886	4.1846714	6.1115146
choose	5.784212	4.2249856	5.322759
village	5.7013164	4.2521634	4.8138814
acquire	7.2297373	4.775456	6.8044605
rank	5.948977	5.6352715	6.306106
bow	6.0996637	4.121682	5.2499166
doctor	4.5916896	4.8316603	4.8307943
talent	7.5324917	5.566283	7.2430754
source	6.6296096	4.6553106	6.118062
lead	5.5120416	5.4220877	5.479081
question	5.4254603	4.8817687	5.890147
publish	6.6440015	4.7850966	6.692994
interest	6.513417	5.081216	6.344974
serve	5.7076473	4.5209293	5.151027
divine	6.4729595	4.8973103	6.2396297
put	5.1132903	4.4195285	4.5864854
shadow	5.0109153	3.601529	4.2081504
practical	6.4568405	4.207652	6.2873526
surface	5.9063406	3.2959723	4.627703
account	5.584185	5.0160556	5.4251904
loss	4.4179544	4.8630486	4.1544604
indian	5.1631317	4.6842165	5.2694845
vine	5.9346485	3.844471	4.597675
certain	5.578009	4.7015953	5.418734
sin	3.4055827	5.0364184	4.1743727
necessity	5.246044	5.2663226	5.773209
lose	5.3229084	4.6071615	4.584542
private	5.485972	4.8923025	5.6771665
gentleman	6.591512	4.9396167	5.910777
daughter	6.6904306	4.6389246	5.6652946
drive	4.1367264	5.9805374	4.9801335
strange	4.9495316	5.061057	4.496928
journey	6.267078	4.0896716	4.828305
uncle	5.8186493	5.066909	5.628124
species	5.675055	3.9487505	5.2254972
think	5.700064	4.698731	4.9424486
bed	5.1139393	3.5840147	3.98796
wind	4.556755	5.17608	4.847749
bless	6.6795974	3.9812152	5.170033
destroy	3.5778685	5.44736	4.481978
author	6.189421	5.0932026	5.9703555
sustain	5.9403687	4.9297037	6.0964737
black	4.2549415	4.0221553	4.1373515
event	6.1837544	5.5415325	6.5198293
liberty	6.331794	5.179451	6.37909
negro	5.147661	5.0749774	4.9256864
little	6.1378293	4.1761518	4.6580424
fortune	6.439801	5.4983406	6.289146
touch	5.7493296	4.46696	4.580483
kill	3.636159	6.1533318	4.423832
feature	6.376726	4.573897	5.900564
happiness	7.165885	4.792416	6.1247263
assume	5.3638797	4.5898523	5.3048253
notion	4.880005	5.4441237	5.4793296
purchase	6.2373333	4.788716	5.7721434
faithful	6.23966	4.9440403	6.440786
soldier	5.559933	5.431987	6.1410136
father	5.877408	4.4925957	5.3479967
narrow	4.088356	4.295908	4.262694
great	6.4087777	4.9629526	6.283983
tear	4.0926113	4.7321978	3.5200005
honorable	6.205546	5.4353485	6.642865
previous	5.5642033	4.583907	5.183088
good	6.403927	4.5952	5.331593
domestic	6.2753377	4.0124655	5.3458266
glory	7.504719	5.2383223	6.9067516
lay	5.33858	4.035418	4.5862355
occasion	5.7506194	5.3136687	5.754788
guard	5.4079313	5.6542583	6.3918133
whole	6.1910896	4.3590326	5.5588083
mouth	5.239529	4.841302	4.6372485
receive	6.648051	4.5584154	5.905853
take	5.5070596	4.422731	4.735056
simple	6.8248734	4.0152435	5.4978137
error	3.545129	5.333537	4.72167
wisdom	7.4639516	4.0465503	6.584484
rock	5.0573225	4.631076	5.0868177
decide	5.573652	5.0479136	5.818966
exclaim	5.9105177	5.854518	5.447954
assure	6.747603	5.1233454	6.08934
sign	5.461994	4.801921	5.265113
preserve	6.495089	4.0115967	5.6136413
commerce	6.4127464	4.3989086	6.3100376
plant	5.5825586	4.14222	5.136275
walk	5.812352	4.39827	4.4971094
difference	5.298325	3.9029007	4.9026656
hang	4.365937	4.642588	3.9493008
following	6.5894938	4.372938	5.632343
employ	6.096301	4.3202224	5.6731744
