deal	5.025299	5.051194	5.2066145
study	6.8597636	4.421499	6.0764976
afford	6.5916057	4.5073214	5.7361593
service	6.170478	4.959936	6.065923
height	5.674879	4.5855308	5.590307
prospect	7.1022987	5.407513	6.4130955
pleasant	7.396308	3.6586485	4.608629
shade	5.406605	3.5505292	4.331415
listen	5.636299	4.7332344	4.6986012
mighty	5.8034883	5.365943	6.120673
country	6.09784	4.950979	6.169034
title	6.793426	4.2278347	6.1080437
choose	5.623317	4.2280884	5.2655377
village	5.8307033	4.0427794	4.8302317
acquire	7.185335	4.8623486	6.7959323
rank	5.824051	5.732312	6.3714614
bow	5.8146954	4.161665	5.1515865
doctor	4.8731413	4.7019525	4.7933664
talent	7.5659413	5.725618	7.2042475
source	6.261429	4.5189157	5.7193565
lead	5.485413	5.373097	5.537895
question	5.482725	4.8294153	5.78921
publish	6.648179	4.773185	6.589707
interest	6.5694523	5.2033014	6.424589
serve	5.468547	4.5900073	4.9965005
divine	6.5643435	4.915481	6.224638
put	5.0333247	4.397144	4.5738645
shadow	4.928836	3.692797	4.2520323
practical	6.238406	4.20782	6.2493086
surface	5.506857	3.0876257	4.500741
account	5.3900065	4.982625	5.372631
loss	4.3058386	4.833846	4.1705723
indian	5.208885	4.6733317	5.278501
vine	5.800544	3.9520895	4.682045
certain	5.6818438	4.7431993	5.4979215
sin	3.3942866	5.2403746	4.207693
necessity	5.209671	5.3803053	5.8222136
lose	5.20235	4.6191516	4.645947
private	5.5354576	5.089872	5.750102
gentleman	6.521007	4.8787837	5.8206654
daughter	6.6201696	4.725358	5.55669
drive	3.8770497	6.171459	5.0935755
strange	5.0137286	5.082909	4.5111146
journey	6.4904237	3.916696	4.703249
uncle	5.788567	5.156836	5.458227
species	5.4497457	3.950878	5.073472
think	5.7344794	4.693835	4.9565125
bed	5.2986274	3.556038	3.8875737
wind	4.783924	4.997111	4.8738465
bless	6.6710033	4.208883	5.307238
destroy	3.476404	5.5902033	4.5334687
author	6.035505	4.9405413	5.717807
sustain	5.938823	4.848031	6.105625
black	4.265487	3.9370456	4.0008698
event	6.109718	5.440155	6.4209
liberty	6.1916175	5.1937633	6.562402
negro	5.110744	5.408374	4.8714657
little	6.026549	4.1077905	4.601165
fortune	6.3261294	5.5085244	6.2721815
touch	5.783593	4.3451295	4.645406
kill	3.7899864	6.0201893	4.545507
feature	6.391949	4.4121704	5.7651873
happiness	7.09519	4.8909926	6.040267
assume	5.3799343	4.618916	5.3373938
notion	4.8013124	5.3251066	5.4063373
purchase	6.203943	4.8122277	5.921
faithful	6.0981264	4.9704614	6.2134132
soldier	5.434854	5.428746	6.2235613
father	5.905776	4.4371557	5.2988434
narrow	4.161225	3.9058778	4.2722945
great	6.330112	4.919413	6.2191224
tear	4.06588	4.768838	3.5863383
honorable	6.2171807	5.480858	6.69812
previous	5.491719	4.630188	5.196866
good	6.4338555	4.6214676	5.438811
domestic	5.9017944	4.00965	5.217725
glory	7.4236026	5.3954616	6.9025035
lay	5.4022427	4.025469	4.6000986
occasion	5.811314	5.220928	5.7196445
guard	5.269868	5.5393043	6.3110833
whole	6.062912	4.408785	5.5562596
mouth	5.1569476	4.7007008	4.474404
receive	6.4666653	4.642599	5.890265
take	5.4923124	4.4024925	4.7662125
simple	6.726256	3.9619052	5.4685287
error	3.5344055	5.310625	4.596833
wisdom	7.3755746	3.9488614	6.4913673
rock	5.191196	4.298333	4.894457
decide	5.487119	5.082887	5.7877216
exclaim	5.927574	5.736927	5.4141684
assure	6.500993	5.1713877	5.979206
sign	5.484835	4.8395333	5.2950735
preserve	6.3274403	4.195655	5.708303
commerce	6.2218494	4.581935	6.3007245
plant	5.324066	4.217109	4.981403
walk	5.8537493	4.21411	4.451629
difference	5.296151	3.7290716	4.7717495
hang	4.5081453	4.5357428	4.1375947
following	6.5183997	4.3726006	5.6907334
employ	5.8831587	4.4934607	5.543871
