deal	5.0171266	5.1800017	5.223025
study	7.0027866	4.160354	6.0245905
afford	6.4661508	4.506901	5.600307
service	6.1550922	4.91591	6.0591655
height	5.452413	4.510497	5.3775816
prospect	7.0576124	5.2374463	6.3898144
pleasant	7.2473226	3.642013	4.4077387
shade	5.403762	3.5342507	4.493259
listen	5.6483626	4.8692102	4.7914014
mighty	5.6942616	5.4828305	6.1667485
country	6.1077013	4.935592	6.2149615
title	6.657031	4.0485544	6.014409
choose	5.714893	4.2806554	5.354595
village	5.602243	4.08007	4.789608
acquire	6.95131	5.000118	6.6363525
rank	5.77682	5.822254	6.3712163
bow	5.7932067	4.1318736	5.220702
doctor	4.608513	4.716436	4.7770095
talent	7.3830786	5.687239	7.079469
source	6.3966594	4.6193905	5.718684
lead	5.395683	5.4463263	5.4282
question	5.4768615	4.849409	5.746876
publish	6.4066763	4.723814	6.600942
interest	6.575447	5.222538	6.3785677
serve	5.6573753	4.54168	5.143711
divine	6.2285304	5.037725	6.1905303
put	5.1247945	4.3691726	4.5887885
shadow	5.066537	3.643786	4.4874372
practical	6.3983555	4.1724625	6.119725
surface	5.46833	3.1603665	4.4369936
account	5.382799	5.136777	5.3763676
loss	4.0661864	5.1734138	4.145452
indian	5.187971	4.6665783	5.2543535
vine	5.811897	3.9592757	4.618601
certain	5.623825	4.7544613	5.4811964
sin	3.4026585	5.251489	4.2474766
necessity	5.125772	5.2922726	5.6923637
lose	5.0180717	4.7553487	4.5729184
private	5.4090443	5.033501	5.672229
gentleman	6.4520845	4.9405856	5.892069
daughter	6.4096584	4.650431	5.4255533
drive	3.9829485	6.0386925	5.0455008
strange	4.9651136	5.111421	4.5492053
journey	6.199023	3.719243	4.4450974
uncle	5.583791	5.0840483	5.445814
species	5.6230235	4.095404	5.1562605
think	5.6243315	4.737691	4.9594107
bed	5.025024	3.6758652	3.9411745
wind	4.614393	4.991757	4.830391
bless	6.506853	3.9119146	5.075737
destroy	3.535091	5.2791476	4.50491
author	6.1172843	4.9301815	5.84459
sustain	5.7118216	4.9911456	6.0631986
black	4.0485935	4.044034	4.0789986
event	6.031939	5.417883	6.4819136
liberty	6.0729337	5.0854187	6.4848137
negro	5.108983	5.140081	4.9312506
little	5.996324	4.151592	4.560121
fortune	6.329	5.511536	6.2256527
touch	5.663859	4.4767847	4.573437
kill	3.8428402	5.925515	4.4435077
feature	6.465644	4.325457	5.860211
happiness	7.156533	4.9194236	6.16488
assume	5.300271	4.552111	5.4018216
notion	4.7593412	5.215559	5.1909184
purchase	6.0461254	4.89121	5.9347258
faithful	6.021856	5.1138296	6.2544065
soldier	5.2332096	5.493477	6.177287
father	5.7334647	4.4802346	5.2577777
narrow	3.6895385	4.267634	4.092442
great	6.271431	5.0938377	6.2808905
tear	4.0420113	4.7869577	3.5939188
honorable	6.1937003	5.390955	6.690842
previous	5.132784	4.7122207	5.059393
good	6.3330097	4.6556954	5.3375773
domestic	6.0730677	4.000085	5.3473864
glory	7.326513	5.312489	6.9569225
lay	5.4553094	3.9993665	4.6856203
occasion	5.7056193	5.42179	5.6727395
guard	4.9706125	5.535248	6.163884
whole	6.1182666	4.502188	5.672312
mouth	5.130083	4.68927	4.4268847
receive	6.4328194	4.6932273	5.869732
take	5.4253073	4.395601	4.7537885
simple	6.7808986	4.027479	5.517205
error	3.467856	5.4043365	4.6789646
wisdom	7.3226	4.1340847	6.4521027
rock	5.18913	4.31356	4.842748
decide	5.512004	5.0685782	5.8244896
exclaim	5.872621	5.8118935	5.427145
assure	6.394718	5.1923122	6.022552
sign	5.7506323	4.7542095	5.2925844
preserve	6.218006	4.004605	5.582857
commerce	6.3638787	4.5896473	6.4041185
plant	5.5015793	4.13686	4.9692187
walk	5.7031393	4.3095574	4.450154
difference	5.497025	4.000474	4.9829617
hang	4.3991194	4.506469	4.040992
following	6.5713506	4.320985	5.604614
employ	6.0734124	4.434862	5.7087326
