deal	5.0456524	5.1152563	5.156641
study	6.8959155	4.3822465	5.991549
afford	6.7093577	4.2972336	5.5771265
service	6.2248983	4.9290648	5.99522
height	5.579692	4.655924	5.5497103
prospect	7.03783	4.9370103	6.22446
pleasant	7.387595	3.5906947	4.5213394
shade	5.5078382	3.4253764	4.301458
listen	5.9875255	4.6624355	4.8346987
mighty	5.7475066	5.3581505	6.1632586
country	6.165941	4.8368683	6.1008086
title	6.8102217	4.149487	6.0847487
choose	5.831917	4.0728955	5.319699
village	5.776791	4.0067954	4.797107
acquire	6.869012	4.8685627	6.5711193
rank	5.9391074	5.698995	6.4623203
bow	5.839065	4.116015	5.075145
doctor	4.586449	4.8568187	4.8518877
talent	7.4160256	5.683688	7.172015
source	6.293482	4.4478817	5.6356273
lead	5.4800315	5.3650165	5.5091333
question	5.3609557	4.9127035	5.7117686
publish	6.648674	4.664812	6.5785456
interest	6.582015	5.2078	6.3502154
serve	5.690739	4.530915	5.0160503
divine	6.351825	5.0255604	6.2950115
put	5.1167755	4.271465	4.518592
shadow	4.793886	3.6786108	4.3329225
practical	6.415985	4.22966	6.3341208
surface	5.627521	3.296896	4.510675
account	5.4326696	4.970399	5.3548727
loss	4.288273	4.851274	4.140495
indian	5.300057	4.6852016	5.4172
vine	5.9803524	4.018742	4.668655
certain	5.573574	4.7243185	5.4406853
sin	3.5885687	5.1545916	4.4899993
necessity	5.279397	5.149433	5.690999
lose	5.004657	4.6762524	4.617237
private	5.5173554	5.0798674	5.6768346
gentleman	6.409699	4.882932	5.793973
daughter	6.642171	4.817751	5.6134467
drive	4.0289154	5.9596114	4.99057
strange	4.8840904	5.0090356	4.5413227
journey	6.299259	3.9636788	4.7338963
uncle	5.733005	4.96683	5.4081106
species	5.7223525	4.028123	5.19323
think	5.592539	4.720078	4.8847947
bed	5.1613917	3.512083	3.920164
wind	4.6454363	4.9418273	4.77691
bless	6.8037333	3.9395711	5.1754103
destroy	3.485877	5.414528	4.501115
author	6.0751195	4.834907	5.7023225
sustain	5.8426213	4.9072804	5.9827366
black	4.1106424	3.9719849	3.9837868
event	6.1961393	5.392963	6.5338316
liberty	6.0492992	5.0863953	6.334929
negro	5.235972	4.953913	4.9088073
little	6.038451	4.0791535	4.552805
fortune	6.3406167	5.2904625	6.130098
touch	5.6138096	4.544689	4.6379533
kill	3.873449	6.027413	4.5158052
feature	6.4039726	4.4461703	5.7990813
happiness	7.0351686	4.815525	5.9543066
assume	5.313187	4.512671	5.447854
notion	4.565032	5.3722744	5.272805
purchase	6.1180367	4.798663	5.903764
faithful	6.205002	5.0476704	6.213097
soldier	5.503382	5.5589867	6.2552996
father	5.9799385	4.5197983	5.361394
narrow	3.8917215	4.0901794	4.083973
great	6.253189	4.919506	6.1673336
tear	4.187374	4.7407885	3.5966768
honorable	6.2527223	5.4249682	6.683208
previous	5.5722227	4.473345	5.2373233
good	6.300088	4.5912824	5.2914343
domestic	5.984303	4.1520925	5.200526
glory	7.303687	5.2324266	6.7912264
lay	5.386287	3.9611597	4.55282
occasion	5.941609	5.2371154	5.742005
guard	5.2740397	5.4768	6.1809998
whole	6.0684185	4.3514295	5.514592
mouth	5.1979628	4.5086966	4.3651204
receive	6.4276114	4.657491	5.7953305
take	5.52481	4.3270497	4.7639246
simple	6.9057803	3.9235923	5.4707117
error	3.6271183	5.294651	4.7746778
wisdom	7.426362	4.10548	6.69048
rock	5.232633	4.429199	4.883926
decide	5.6539707	5.1084437	5.792227
exclaim	5.9761686	5.7930193	5.473501
assure	6.46309	5.3020363	5.9854293
sign	5.362598	4.7825456	5.3099647
preserve	6.4296656	4.0994806	5.694054
commerce	6.3172336	4.547935	6.3878546
plant	5.566456	4.088514	4.994506
walk	5.739049	4.2210665	4.35919
difference	5.333138	3.966751	4.895561
hang	4.5832205	4.4440064	3.9205425
following	6.689537	4.2523737	5.5999665
employ	5.9202166	4.43357	5.590167
