deal	5.174468	4.937222	5.1531897
study	6.8644476	4.39997	6.042529
afford	6.710865	4.5194097	5.7734046
service	6.46411	4.743052	6.0489883
height	5.68812	4.7313194	5.8028727
prospect	7.2869997	5.216437	6.442648
pleasant	7.114039	3.7085342	4.5383434
shade	5.651044	3.608249	4.4610724
listen	5.7211084	4.684247	4.834116
mighty	5.7976146	5.4129086	6.2283373
country	6.177947	4.9115634	6.267313
title	6.8912306	4.379905	6.2983613
choose	5.6848183	4.302633	5.400615
village	5.622031	4.15169	5.036045
acquire	7.0830317	4.976716	6.854018
rank	6.0611043	5.794242	6.4954953
bow	6.0110674	4.0022135	5.1676574
doctor	4.753196	4.887857	4.8820677
talent	7.488542	5.7749515	7.345445
source	6.460664	4.4993095	5.8339934
lead	5.51163	5.3898745	5.6399164
question	5.3155713	4.885971	5.818368
publish	6.535143	4.7263412	6.5802617
interest	6.618406	5.1703777	6.4467907
serve	5.7268586	4.5035777	5.0104165
divine	6.4265637	5.1080213	6.3314724
put	5.1640067	4.3499975	4.5349135
shadow	5.075066	3.607555	4.4141254
practical	6.244492	4.1561847	6.225521
surface	5.6338015	3.2780519	4.737137
account	5.4683995	5.041341	5.4082885
loss	4.4223127	4.7893815	4.376767
indian	5.2835865	4.658286	5.28139
vine	5.9183664	4.237944	4.832779
certain	5.7053275	4.692747	5.6057053
sin	3.58353	5.301153	4.4602275
necessity	5.34703	5.298404	5.783785
lose	5.0922694	4.6788654	4.6893415
private	5.495327	4.9835563	5.6952815
gentleman	6.596184	4.8059173	5.8204975
daughter	6.5007577	4.8165455	5.578351
drive	4.024663	5.8984737	4.990808
strange	4.940036	5.032741	4.527598
journey	6.276925	3.9513397	4.635006
uncle	5.617337	5.126956	5.4595113
species	5.865156	4.1756315	5.459281
think	5.6388965	4.729015	4.9471955
bed	5.128473	3.5282574	3.9064248
wind	4.727426	5.027322	4.899958
bless	6.648619	3.9269314	5.1649947
destroy	3.5634904	5.464329	4.3893943
author	6.131493	4.8289933	5.766202
sustain	5.8501754	4.912709	6.2342243
black	4.281417	3.9830406	4.1577125
event	6.206551	5.3941946	6.5581064
liberty	6.2275662	5.122569	6.462775
negro	5.2427063	5.3067045	4.837581
little	6.096451	4.1391907	4.6105776
fortune	6.425607	5.4289103	6.331743
touch	5.6341987	4.4847736	4.629524
kill	3.8297472	6.233839	4.6250663
feature	6.2893534	4.5946894	5.9131584
happiness	6.991747	4.8207054	5.9776535
assume	5.399016	4.7263618	5.5815973
notion	4.954739	5.1314764	5.3271074
purchase	6.1499977	4.637148	5.9062023
faithful	5.9951763	4.9115252	5.998405
soldier	5.457195	5.521426	6.193095
father	5.9709163	4.412102	5.460785
narrow	4.0190983	4.0124354	4.1819577
great	6.3340087	4.9703345	6.2555766
tear	4.1965995	4.730571	3.6974003
honorable	6.2535	5.417777	6.8088465
previous	5.5156465	4.6058865	5.1738753
good	6.422063	4.6539216	5.408573
domestic	6.085273	4.0947847	5.2896624
glory	7.605647	5.336706	7.036348
lay	5.454471	4.069685	4.642735
occasion	5.852941	5.3256035	5.7872133
guard	5.289115	5.3606434	6.1013947
whole	6.1581135	4.4372478	5.645471
mouth	5.237221	4.719309	4.5284944
receive	6.546378	4.6730967	5.880921
take	5.58857	4.3800955	4.807719
simple	6.8267994	4.072975	5.65588
error	3.5997462	5.3287506	4.793892
wisdom	7.4101686	4.166407	6.585557
rock	5.1370068	4.559166	5.0242233
decide	5.6128564	5.1664114	5.864665
exclaim	5.8845687	5.697315	5.4194584
assure	6.7424693	5.2020073	6.032878
sign	5.4959483	4.9149833	5.2879114
preserve	6.396618	3.9619126	5.59985
commerce	6.604629	4.5001655	6.492688
plant	5.5220194	4.3586726	5.1752777
walk	5.688004	4.310775	4.4289827
difference	5.5958204	3.962169	5.051678
hang	4.7675624	4.4065814	4.143585
following	6.7110815	4.261272	5.6418877
employ	5.9084234	4.357435	5.6443114
