deal	4.973638	4.988605	5.164209
study	6.949965	4.2649736	6.122882
afford	6.541488	4.480321	5.693762
service	6.387072	4.8577824	6.1603804
height	5.691253	4.582594	5.5026703
prospect	7.1045732	5.351315	6.602751
pleasant	7.3833237	3.512868	4.4659057
shade	5.9649053	3.5961466	4.658017
listen	5.778867	4.7189946	4.698148
mighty	5.761377	5.2819977	6.04301
country	6.1845236	4.932188	6.1829834
title	6.624639	4.3410044	6.135349
choose	5.8777804	4.3069873	5.453766
village	5.7284727	4.136006	4.8102627
acquire	7.029768	4.8563547	6.825324
rank	5.876882	5.6894517	6.3859215
bow	5.552733	4.1866407	5.0268188
doctor	4.4881935	4.6671715	4.6076097
talent	7.452896	5.6448116	7.233756
source	6.337544	4.3450265	5.7692776
lead	5.61854	5.3801875	5.555363
question	5.4150496	4.9882374	5.91952
publish	6.32965	4.674387	6.4336696
interest	6.4714804	5.198519	6.3331823
serve	5.6047015	4.5766735	5.0916085
divine	6.3492007	4.915162	6.236333
put	5.168782	4.372873	4.5987816
shadow	5.1953907	3.7105002	4.429668
practical	6.422951	4.158445	6.212823
surface	5.6344695	3.2127752	4.451015
account	5.373025	5.026786	5.3160934
loss	4.4988933	4.87082	4.3160315
indian	5.2529697	4.5769897	5.205168
vine	6.076925	4.099912	4.768184
certain	5.538954	4.745462	5.440797
sin	3.571272	5.2547727	4.347998
necessity	5.1619763	5.4264126	5.744142
lose	5.0935616	4.663315	4.538927
private	5.6574416	5.0323596	5.809865
gentleman	6.540941	4.8063917	5.7998767
daughter	6.59952	4.6843777	5.482801
drive	4.1735697	5.978912	5.0692916
strange	4.796408	5.0930243	4.4520874
journey	6.130512	3.8376174	4.6141844
uncle	5.5372567	5.021832	5.3922806
species	5.755952	4.104412	5.2410035
think	5.605643	4.735089	4.903864
bed	5.26285	3.5383403	3.9323416
wind	4.581516	5.074193	4.8933334
bless	6.8123627	3.9720805	5.164357
destroy	3.3996947	5.5159492	4.3480887
author	5.993701	4.9141855	5.7839193
sustain	5.849964	4.954952	6.151316
black	4.4008346	3.9166536	4.116937
event	6.0154347	5.34275	6.3618765
liberty	6.1622925	5.191326	6.5688953
negro	5.462744	4.993746	5.0112886
little	5.9702897	4.109545	4.555355
fortune	6.393353	5.469549	6.325152
touch	5.602367	4.4370008	4.570078
kill	3.8780906	5.9835815	4.5140934
feature	6.3510976	4.62363	5.858942
happiness	7.274616	4.8799686	6.105459
assume	5.4220634	4.6439033	5.556157
notion	4.700057	5.3379035	5.3232656
purchase	6.3682947	4.7893972	5.9774165
faithful	6.1873064	4.9138393	6.2627525
soldier	5.496675	5.5017986	6.267846
father	5.929373	4.3936462	5.281277
narrow	3.7878091	4.0301914	4.0418506
great	6.29488	4.968086	6.2527137
tear	4.053359	4.6864586	3.571733
honorable	6.1378064	5.4757247	6.6502457
previous	5.595955	4.546843	5.1506786
good	6.3601675	4.589775	5.3267617
domestic	6.1952386	4.0436926	5.3225327
glory	7.57181	5.3461685	7.0830655
lay	5.3846636	4.056149	4.6273656
occasion	5.7887435	5.313008	5.7755837
guard	5.3921623	5.5260715	6.262391
whole	6.0668297	4.3246837	5.518748
mouth	5.09681	4.5751987	4.3696456
receive	6.367084	4.644275	5.774377
take	5.5028896	4.380812	4.769072
simple	6.8027725	4.107555	5.5199723
error	3.608943	5.340806	4.6527996
wisdom	7.638258	4.0062356	6.7340446
rock	5.280122	4.4905176	5.1556463
decide	5.4897757	5.215626	5.798311
exclaim	5.893227	5.700541	5.3462276
assure	6.5432563	5.2741203	6.0377727
sign	5.4817095	4.8526626	5.264245
preserve	6.3254094	4.264218	5.6506224
commerce	6.586126	4.5870285	6.467107
plant	5.4660373	4.347986	5.0090957
walk	5.783606	4.1972594	4.4260197
difference	5.628164	3.9355547	5.0181575
hang	4.471721	4.4049783	4.016713
following	6.5808024	4.247788	5.57582
employ	5.9786105	4.3968024	5.7445517
