deal	5.022335	5.2726836	5.285097
study	7.0087104	4.3601723	6.0976553
afford	6.830547	4.5022707	5.747172
service	6.2712502	4.7978454	6.0188417
height	5.8528295	4.5080223	5.4987783
prospect	7.471282	5.114066	6.4682374
pleasant	7.443242	3.7271235	4.554091
shade	5.6340075	3.38816	4.2946277
listen	5.9057536	4.845155	4.764938
mighty	5.7322807	5.4471407	6.1177435
country	6.047691	4.898181	6.13887
title	6.647678	4.3467717	6.2270217
choose	5.7207265	4.3654356	5.381533
village	5.681307	4.1591077	4.781701
acquire	7.001789	5.030957	6.8300743
rank	5.9615955	5.8351417	6.4892282
bow	5.7630844	4.189792	5.0812616
doctor	4.648997	4.845557	4.9480796
talent	7.4355817	5.7815623	7.1547823
source	6.5895123	4.563718	5.877448
lead	5.511677	5.386444	5.489223
question	5.350941	4.912168	5.8289433
publish	6.390475	4.754708	6.556413
interest	6.527913	5.2125154	6.3956046
serve	5.659216	4.5262628	5.07553
divine	6.4987645	4.986609	6.3123994
put	5.099636	4.4026933	4.561715
shadow	5.1878467	3.5425255	4.2976794
practical	6.4270754	4.0559707	6.210888
surface	5.556124	3.2402167	4.471456
account	5.409178	5.073449	5.4285326
loss	4.3051286	4.911332	4.2481556
indian	5.2472167	4.7511234	5.3268604
vine	6.2275233	3.9905095	4.750051
certain	5.630429	4.758231	5.488917
sin	3.6227672	4.979432	4.3286386
necessity	5.4501734	5.380828	5.847677
lose	5.048371	4.7249055	4.637428
private	5.478643	4.9278574	5.5994506
gentleman	6.4865336	4.9224	5.805624
daughter	6.618364	4.73325	5.610325
drive	4.004167	6.0471168	4.9568834
strange	5.019097	5.0422926	4.6050105
journey	6.445114	4.017835	4.869782
uncle	5.685754	5.049806	5.421558
species	5.6012945	3.9831567	5.0859065
think	5.6827545	4.775395	4.9179635
bed	5.259353	3.5538478	4.0708885
wind	4.4398313	5.0622215	4.7298036
bless	6.8174562	3.9131932	5.162779
destroy	3.5422769	5.555081	4.4797955
author	6.147945	4.8666964	5.900445
sustain	5.7531505	5.0015507	6.0087876
black	4.1147356	4.0167193	4.0710015
event	6.215616	5.4386463	6.577015
liberty	6.1573396	4.9997196	6.28331
negro	5.2337327	5.1103573	4.8554783
little	6.1116548	4.147869	4.6052055
fortune	6.3719325	5.4569764	6.2576075
touch	5.609934	4.4471135	4.5554
kill	3.6434388	6.2082176	4.5170503
feature	6.4949193	4.389252	5.9644055
happiness	7.1676564	4.7535734	5.9156876
assume	5.3495574	4.565425	5.4463286
notion	4.9047074	5.456321	5.521347
purchase	6.151358	4.8429804	5.8684096
faithful	6.0029488	4.9972215	6.184012
soldier	5.398551	5.5561104	6.2896767
father	5.984633	4.4613338	5.3891907
narrow	3.9534402	3.9454417	4.1027308
great	6.2738214	5.063889	6.244478
tear	4.221933	4.7686787	3.6300883
honorable	6.0486526	5.356572	6.700259
previous	5.6200557	4.781223	5.3647246
good	6.405575	4.7350235	5.4046474
domestic	6.0821204	3.9980273	5.3223433
glory	7.4511566	5.2997026	6.848114
lay	5.4927707	4.027071	4.69116
occasion	5.8131113	5.3518033	5.793406
guard	5.302019	5.395166	6.193881
whole	6.118411	4.4080195	5.6160774
mouth	5.2831583	4.742327	4.642013
receive	6.340517	4.78982	5.8834867
take	5.5253553	4.437522	4.795337
simple	6.9351473	4.0609455	5.6233478
error	3.6317697	5.2516136	4.778926
wisdom	7.550419	4.1941648	6.727748
rock	5.1510615	4.5447397	5.1381516
decide	5.3967237	5.1474314	5.7440825
exclaim	5.900767	5.8064303	5.355015
assure	6.6063128	5.2802715	5.988324
sign	5.4908633	4.769575	5.397167
preserve	6.223537	4.063141	5.5922723
commerce	6.490793	4.3355994	6.2533846
plant	5.5253253	4.294479	5.0809054
walk	5.812776	4.4380794	4.4848766
difference	5.4121203	4.042234	4.940178
hang	4.519864	4.5726132	3.9833539
following	6.646735	4.2842236	5.645395
employ	5.8975844	4.4818525	5.731967
