deal	5.0960207	5.2482343	5.198061
study	7.0055513	4.325338	6.0609865
afford	6.7227526	4.565378	5.802095
service	6.3150716	4.8025985	6.037998
height	5.531907	4.578822	5.4496174
prospect	7.040676	5.417948	6.528214
pleasant	7.3120346	3.7349026	4.428548
shade	5.585714	3.5174515	4.3919435
listen	5.7102957	4.812115	4.80586
mighty	5.7959123	5.4180903	6.2204413
country	6.131547	4.9331417	6.188401
title	6.908281	4.119372	6.084293
choose	5.574114	4.278495	5.3086514
village	5.5214562	4.262724	4.8050175
acquire	6.973326	4.838182	6.6749043
rank	6.0425534	5.800109	6.4447794
bow	5.768324	4.102191	5.0258694
doctor	4.401447	4.848302	4.61507
talent	7.448324	5.7704864	7.150782
source	6.3601327	4.4643598	5.7530055
lead	5.468765	5.3703275	5.57531
question	5.533723	4.862479	5.895199
publish	6.5304003	4.714642	6.4684157
interest	6.5482745	5.2716618	6.41418
serve	5.4431806	4.57293	5.0009775
divine	6.377633	5.03458	6.2695503
put	5.037396	4.3929644	4.5483346
shadow	4.998166	3.69624	4.315364
practical	6.578555	4.2425017	6.297693
surface	5.707443	3.258624	4.481054
account	5.4675326	5.0584836	5.4426613
loss	4.254123	4.8261247	4.2732644
indian	5.152062	4.638689	5.2300806
vine	5.897566	3.9425173	4.723029
certain	5.5500507	4.7019916	5.434926
sin	3.357984	5.098079	4.1181846
necessity	5.2123404	5.3043823	5.787868
lose	5.09981	4.7276998	4.6834393
private	5.4188905	5.0900345	5.8247504
gentleman	6.5343432	4.8098793	5.791731
daughter	6.5810366	4.748655	5.599489
drive	3.93799	6.0300045	4.9950447
strange	4.9466267	5.02591	4.5351458
journey	6.221912	3.976853	4.7718744
uncle	5.801349	5.1029615	5.579602
species	5.654361	4.114111	5.2182903
think	5.6710014	4.730467	4.940518
bed	5.012652	3.5348704	3.743924
wind	4.6027	5.1216393	4.9381137
bless	6.9060135	4.0033374	5.288722
destroy	3.3492925	5.4439178	4.424295
author	6.1131835	4.9201994	5.7613235
sustain	5.843283	4.9721985	6.169526
black	4.168543	4.0842543	4.047682
event	6.109723	5.4304447	6.506075
liberty	6.2584786	5.0645514	6.537381
negro	5.1462	5.011155	4.9129114
little	6.016214	4.1842723	4.578743
fortune	6.6448116	5.473401	6.4241266
touch	5.64637	4.5299306	4.5973883
kill	3.95629	6.0653644	4.7240443
feature	6.2819214	4.52612	5.820864
happiness	6.99994	4.860419	6.073807
assume	5.278243	4.4446926	5.321718
notion	4.943073	5.162094	5.3060207
purchase	5.99229	4.8699617	5.9376774
faithful	6.090434	5.026514	6.2228694
soldier	5.553162	5.451459	6.232811
father	5.84319	4.506926	5.3834314
narrow	3.796411	4.1921163	4.1372128
great	6.2540903	5.0462756	6.273657
tear	4.1178246	4.811314	3.6314926
honorable	6.1337423	5.406605	6.636684
previous	5.412723	4.5198736	5.1720757
good	6.390316	4.6434126	5.3941226
domestic	5.997345	4.1367097	5.261121
glory	7.4481106	5.3838983	6.9653215
lay	5.3601665	4.0503664	4.514969
occasion	5.7822304	5.203276	5.6745944
guard	5.3666496	5.550225	6.380981
whole	6.0451336	4.4444966	5.616535
mouth	4.994845	4.7985153	4.4909496
receive	6.5223045	4.6734757	5.9699993
take	5.405503	4.426822	4.7824993
simple	6.792575	4.0705333	5.4758806
error	3.6729429	5.29492	4.746684
wisdom	7.598715	4.255488	6.8144884
rock	5.251507	4.5946827	5.027176
decide	5.5977707	5.0905366	5.964469
exclaim	5.8987823	5.8329415	5.323021
assure	6.3908777	5.2349606	5.9961224
sign	5.55441	4.79214	5.2590055
preserve	6.1889524	4.1017895	5.6770267
commerce	6.403372	4.493335	6.2904205
plant	5.423911	3.9921362	4.8711567
walk	5.6705966	4.43358	4.474006
difference	5.4158425	3.7786865	4.7957625
hang	4.2501516	4.6415	3.9825046
following	6.6121235	4.2872505	5.7218227
employ	5.843831	4.44969	5.585448
