deal	4.9062696	5.1204624	5.156394
study	6.8845143	4.396887	6.1657295
afford	6.448188	4.560717	5.6933665
service	6.3993683	4.7676177	6.11629
height	5.679948	4.637921	5.41287
prospect	7.0632863	5.2055063	6.3534975
pleasant	7.321953	3.6648197	4.5655336
shade	5.4704237	3.357437	4.181549
listen	5.8210444	4.7905784	4.7543626
mighty	5.7510653	5.2754655	6.0485554
country	6.0478086	4.820541	6.05334
title	6.755831	4.157479	6.0090256
choose	5.76868	4.217568	5.275138
village	5.7108407	4.102851	4.7947707
acquire	7.00999	4.8861403	6.716362
rank	6.1253595	5.689569	6.434147
bow	5.751206	4.0809755	4.9861264
doctor	4.678131	4.8151965	4.7936964
talent	7.51381	5.647648	7.1657314
source	6.2829223	4.58876	5.786958
lead	5.562085	5.375267	5.484971
question	5.311967	4.9820786	5.8378854
publish	6.376227	4.666792	6.4855437
interest	6.3626237	5.145252	6.315297
serve	5.662838	4.457106	5.0801516
divine	6.365716	4.9907837	6.3421116
put	5.113461	4.344796	4.5831785
shadow	5.1063986	3.449368	4.228613
practical	6.1688814	4.4683323	6.249277
surface	5.6023483	3.3406246	4.3288856
account	5.402433	5.0051093	5.3055134
loss	4.4065924	5.0447216	4.380126
indian	5.2019224	4.6228113	5.2017093
vine	5.923416	3.870867	4.584269
certain	5.563685	4.722255	5.464148
sin	3.5267265	5.1663847	4.226814
necessity	5.1277785	5.292203	5.6050887
lose	5.122768	4.7591767	4.642264
private	5.4251933	4.9886427	5.7632813
gentleman	6.571958	4.7601185	5.846619
daughter	6.8105755	4.7954426	5.600316
drive	3.9903421	6.0393133	4.9380937
strange	4.8126936	5.048723	4.4678154
journey	6.272669	3.8358943	4.6974807
uncle	5.578526	5.179844	5.281036
species	5.522297	4.153151	4.97417
think	5.6412587	4.697732	4.895786
bed	5.12882	3.4995909	3.7876754
wind	4.5453568	4.9763336	4.770402
bless	6.736929	4.0763316	5.263398
destroy	3.6379464	5.454994	4.5638456
author	6.1576033	5.0516977	5.9148192
sustain	5.890373	4.885242	6.010475
black	4.0068693	3.9588697	3.907038
event	5.998349	5.3262773	6.372363
liberty	6.146468	5.0869884	6.422558
negro	5.0473804	4.951156	4.88577
little	6.0359	4.1587796	4.5840225
fortune	6.44448	5.3129787	6.2412605
touch	5.6577272	4.4669	4.5620046
kill	3.8580108	5.9738793	4.505041
feature	6.3737187	4.50111	5.7965574
happiness	7.2704625	4.857686	6.0717354
assume	5.367717	4.5865445	5.3776345
notion	4.755274	5.3925624	5.4500313
purchase	6.2168603	4.52452	5.777777
faithful	6.12057	4.9073544	6.3588123
soldier	5.426458	5.4001193	6.193822
father	5.9141994	4.4137197	5.3135543
narrow	4.023591	4.140481	4.02644
great	6.2606983	4.986012	6.2076893
tear	4.1475077	4.7981687	3.678437
honorable	6.2297773	5.355021	6.515733
previous	5.504102	4.7308044	5.229244
good	6.433612	4.569725	5.3577743
domestic	6.1564474	4.111555	5.3776016
glory	7.659624	5.2366652	6.963586
lay	5.4020414	3.9844382	4.6138754
occasion	5.748363	5.2489696	5.736433
guard	5.3485146	5.5301247	6.25144
whole	6.033091	4.4755173	5.5642157
mouth	5.038603	4.81383	4.4677863
receive	6.442829	4.681089	5.826808
take	5.499168	4.394014	4.8284626
simple	6.60321	3.971767	5.3149557
error	3.5645885	5.4182887	4.7678623
wisdom	7.3425393	4.2302074	6.6316347
rock	5.104616	4.6131926	4.909444
decide	5.385377	5.2004147	5.804114
exclaim	5.851859	5.8859344	5.324803
assure	6.4193025	5.1903763	6.066995
sign	5.433794	4.755669	5.225412
preserve	6.320797	4.0605106	5.6616507
commerce	6.234929	4.541529	6.262665
plant	5.390339	4.168746	4.8823233
walk	5.91452	4.308575	4.549129
difference	5.6386223	4.015628	5.2008505
hang	4.5151644	4.3852687	4.0271254
following	6.5369	4.265465	5.4247108
employ	5.996637	4.5044394	5.7439423
