deal	4.932719	5.2523217	5.701577
study	6.705454	4.3927298	6.554435
afford	6.524171	4.972636	5.896391
service	6.425867	4.5444646	6.0819283
height	5.2875085	5.390346	5.79804
prospect	7.462943	5.320421	6.4129324
pleasant	7.3276606	4.1471496	4.9393034
shade	4.196877	3.7451055	3.3022115
listen	5.274426	5.4234185	4.65655
mighty	6.124333	5.593822	7.0021086
country	5.517248	4.432088	5.508627
title	7.578246	4.301341	6.808834
choose	5.623864	4.1666985	5.0568876
village	6.3526917	4.873405	5.7431574
acquire	7.8344574	5.9372888	8.289055
rank	5.91471	5.22766	5.9546723
bow	5.824082	4.2234106	4.838136
doctor	4.84837	4.357528	5.1303196
talent	7.979657	5.9280844	7.770843
source	6.298712	4.8526487	5.9291105
lead	4.8580813	5.823353	5.3511753
question	4.9666758	4.313799	5.366102
publish	5.640899	5.003439	5.4065475
interest	6.6411605	5.1413946	6.0085936
serve	5.1890492	3.8775373	4.5809197
divine	7.565215	4.421605	7.2425685
put	4.9516387	4.5477552	4.281956
shadow	4.295952	3.1883345	3.7316325
practical	6.1040606	4.4595933	6.2459326
surface	4.7217126	3.1341612	4.11219
account	5.685463	4.784066	5.7308283
loss	3.5516915	5.445173	3.913712
indian	4.913099	5.1674123	5.2261677
vine	7.0620418	3.947195	5.8232584
certain	5.35459	5.23865	5.938794
sin	2.9327188	5.585223	4.6695905
necessity	4.3652415	4.9901805	5.3194275
lose	4.587688	5.412169	4.743171
private	3.8933344	4.338957	4.5259876
gentleman	6.361911	4.4277453	5.707214
daughter	6.0494475	4.6845045	5.7262077
drive	3.228864	6.736021	4.5218635
strange	4.075769	5.7238727	4.1266413
journey	6.3731804	4.1327744	4.698624
uncle	6.7401276	4.315677	5.9908276
species	5.4409475	5.460783	5.042045
think	5.7707343	4.884781	5.090566
bed	4.97834	3.050599	3.342603
wind	4.77649	4.7949142	4.4994297
bless	8.598827	4.37506	6.577588
destroy	3.3316975	6.6667967	5.2379675
author	6.040642	4.532981	5.3255396
sustain	5.5466065	5.0922556	6.0952597
black	4.186294	4.91537	4.337202
event	6.480314	5.831899	6.8531284
liberty	7.7761607	6.0287366	7.6064596
negro	3.7080746	5.145485	4.120479
little	4.39741	3.7316875	3.0870457
fortune	6.5468206	5.1937666	6.295395
touch	5.627428	4.4434657	4.3775907
kill	3.8130374	6.816883	5.0869427
feature	5.4716554	3.882102	5.2489605
happiness	8.125959	4.789583	6.01557
assume	4.1139193	4.910714	4.870454
notion	5.7477474	4.416369	5.023595
purchase	6.7933884	4.497686	5.7480083
faithful	6.763317	4.0173554	6.1795144
soldier	4.602817	5.7970624	5.877948
father	6.070398	4.9183207	6.0188866
narrow	2.9081664	4.557454	3.6844378
great	5.1262302	5.6206026	6.171182
tear	3.1090455	4.607603	2.5023727
honorable	5.8761005	5.4640255	6.39612
previous	4.485302	4.532675	4.616514
good	6.9909506	4.323157	6.5560155
domestic	4.925489	3.3737803	4.0155625
glory	7.439206	5.4823017	7.0252123
lay	4.6080556	4.391714	4.3212633
occasion	5.1262894	5.211306	5.176852
guard	5.0846252	5.398214	6.258847
whole	5.7192783	4.5661607	5.7525864
mouth	5.009939	4.5898924	4.7018895
receive	6.6254315	5.0145636	5.4513326
take	4.572278	5.400466	5.100298
simple	6.528735	4.259071	5.7853017
error	2.3424454	5.517504	3.9853234
wisdom	7.1643157	4.658708	7.264223
rock	5.091902	5.012244	5.485264
decide	5.2441425	5.0636024	6.2355213
exclaim	5.9413013	6.2918234	5.7487335
assure	7.864065	5.207578	6.51696
sign	5.249104	3.9621704	4.5893083
preserve	5.894552	3.9541554	5.817322
commerce	6.523915	5.0688186	6.85536
plant	4.777072	4.2777653	4.735871
walk	6.17049	4.53706	4.692952
difference	4.626997	4.2494545	4.692677
hang	4.48584	4.489196	4.1592216
following	7.3474636	3.662114	5.841625
employ	4.975341	4.66403	5.475886
