deal	4.961149	5.269037	5.5598207
study	6.806552	4.5323806	6.7548313
afford	6.7867084	4.837548	5.971302
service	6.3737574	4.869254	6.249864
height	5.22021	5.193301	5.725767
prospect	7.499524	5.2726917	6.4912434
pleasant	7.6485605	4.0736265	4.93375
shade	4.4467645	3.9148264	3.4658232
listen	5.2521873	5.500249	4.6199317
mighty	6.1509438	5.6671743	7.194729
country	5.5836134	4.408594	5.7374897
title	7.231405	4.369518	6.6289244
choose	5.49014	4.2930202	5.018564
village	6.259287	4.8602076	5.608674
acquire	7.6658306	5.6960335	7.8207407
rank	5.6178246	5.336319	5.7400384
bow	5.8100257	4.199663	4.9775567
doctor	4.893674	4.0584216	5.0691757
talent	8.167845	6.011919	7.7516937
source	6.7538466	4.836976	5.8496685
lead	4.657631	5.732825	5.159553
question	4.9880643	4.4106736	5.5471244
publish	5.658842	5.2032685	5.5102844
interest	6.631698	5.297313	6.253665
serve	5.3773994	4.0290127	4.783523
divine	7.284236	4.4853883	6.979942
put	5.0219254	4.6287613	4.288806
shadow	4.3428893	3.3293178	3.8734565
practical	6.058806	4.513853	6.389727
surface	4.743728	3.0326388	3.957556
account	5.465843	4.6201897	5.552109
loss	3.3139086	5.3469763	3.751523
indian	4.891054	5.0643435	5.301467
vine	6.755775	3.617153	5.472019
certain	5.3884234	5.1474733	5.884328
sin	3.0990443	5.3954077	4.539392
necessity	4.17129	5.113139	5.4221253
lose	4.179538	5.376897	4.4039564
private	4.1810565	4.356756	4.6301694
gentleman	6.2351685	4.436341	5.6342797
daughter	5.909338	4.5493402	5.515493
drive	3.0148053	6.767353	4.4371543
strange	4.3775363	5.680242	4.362331
journey	6.27938	4.080599	4.6805334
uncle	6.879959	4.1485157	6.0299973
species	5.4453793	5.3528967	5.0944705
think	5.6661286	4.689125	5.065129
bed	4.9358234	3.0705361	3.394841
wind	4.6459007	4.7059093	4.3528566
bless	8.5383005	4.3696685	6.4768248
destroy	3.1766496	6.643776	5.045277
author	5.808463	4.5561757	5.1849065
sustain	5.276781	4.9686623	5.92773
black	3.807187	4.9954243	3.8442824
event	6.4885035	5.777833	6.868842
liberty	7.910177	6.0026565	7.5171194
negro	3.7026758	5.404409	4.265254
little	4.5050664	3.8506808	3.2503605
fortune	6.515213	5.165444	6.265709
touch	5.654871	4.2721047	4.388705
kill	3.7031643	6.6681595	4.8066797
feature	5.5172806	3.9605417	5.2760625
happiness	8.3310585	4.9860487	6.1669607
assume	4.0530567	4.8503914	4.7852592
notion	5.379972	4.1666336	4.7953634
purchase	6.7214766	4.597067	5.8009953
faithful	6.640811	4.115323	6.1831174
soldier	4.3356843	5.9151154	5.9130683
father	5.991633	4.996195	6.186067
narrow	3.2496126	4.311954	3.718521
great	5.286085	5.537207	6.035635
tear	3.2250075	4.878792	2.7457597
honorable	6.1111107	5.4896135	6.305299
previous	4.318961	4.5465465	4.629988
good	6.9758625	4.115837	6.2058406
domestic	4.966351	3.5053508	4.211574
glory	7.47811	5.5815277	7.1320524
lay	4.820695	4.3199663	4.453762
occasion	5.1174793	5.179998	5.2597136
guard	4.8429236	5.1893578	6.113015
whole	5.5025973	4.7633677	5.778049
mouth	4.9163184	4.803119	4.7436786
receive	6.5361958	4.945408	5.4268866
take	4.7892513	5.287031	5.125749
simple	6.4254904	4.116185	5.667329
error	2.357327	5.4586883	3.952847
wisdom	7.0860624	4.7367506	7.088088
rock	5.0184536	4.8853154	5.2036524
decide	5.208793	5.1092353	6.2216053
exclaim	5.7797937	6.324581	5.4885
assure	7.7135677	5.1490183	6.304615
sign	5.2970686	3.8480358	4.742171
preserve	5.8813953	3.8570552	5.5156116
commerce	6.5625362	5.1670723	6.8120303
plant	4.9649	4.329213	4.7567763
walk	5.994318	4.3774605	4.331572
difference	4.557635	4.3759265	4.995209
hang	4.4770765	4.28301	4.186214
following	7.022251	3.5995207	5.774798
employ	5.0223503	4.8826957	5.611038
