deal	5.0635614	5.284647	5.5645494
study	6.7847824	4.463422	6.581133
afford	6.6312084	4.9622784	5.9066715
service	6.3968034	4.6078506	6.0521054
height	5.3647346	5.2296047	5.7127266
prospect	7.557792	5.3424106	6.471647
pleasant	7.4670267	4.073263	4.921814
shade	4.255387	3.6866558	3.2747822
listen	5.1186633	5.511823	4.6542525
mighty	6.174763	5.5524178	7.053525
country	5.4422145	4.320933	5.613481
title	7.423594	4.2284603	6.802841
choose	5.3842063	4.224664	4.963012
village	6.3786855	4.700139	5.680141
acquire	7.7969546	5.6794415	8.0359535
rank	5.872138	5.2197766	5.8425436
bow	5.782188	4.2639937	4.9115973
doctor	4.9553175	4.2072306	5.1563144
talent	8.048859	5.9688425	7.744113
source	6.273671	4.7890167	5.881562
lead	4.939371	5.812301	5.325264
question	4.8075695	4.307513	5.312712
publish	5.582846	4.8944583	5.5559425
interest	6.460492	5.2928734	6.0949593
serve	5.4570913	3.7671669	4.6079907
divine	7.510538	4.4980454	7.1633215
put	4.873245	4.7618017	4.2954955
shadow	4.165935	3.2415345	3.7062628
practical	6.2676907	4.523156	6.29766
surface	4.744061	2.9358077	4.0783525
account	5.593731	4.63285	5.625485
loss	3.301183	5.277711	3.6551871
indian	4.8214836	5.2645683	5.362443
vine	7.065815	3.9344692	5.770108
certain	5.155156	5.4184976	5.9043
sin	2.9913845	5.353589	4.422915
necessity	4.2470365	5.350817	5.526149
lose	4.2104044	5.185013	4.433828
private	4.0391645	4.291234	4.595316
gentleman	6.395283	4.4712534	5.6127253
daughter	5.737784	4.491453	5.582052
drive	3.2167153	6.7264605	4.491532
strange	4.204814	5.61237	4.1610045
journey	6.2112603	4.0912633	4.7135096
uncle	6.693431	3.760489	5.8218718
species	5.770994	5.2734647	4.9804254
think	5.835005	4.5530267	5.08521
bed	5.000624	2.9193718	3.3183727
wind	4.964551	4.6579747	4.4258103
bless	8.596797	4.2399206	6.4153395
destroy	3.2497144	6.5447097	5.1281176
author	5.946791	4.3986845	5.382056
sustain	5.4838176	5.1235037	6.0921936
black	3.854902	5.0051637	4.1782537
event	6.537929	5.5848017	6.931137
liberty	7.59399	6.024617	7.661619
negro	3.8890114	5.5865483	4.5901165
little	4.2892923	3.9987726	3.2633579
fortune	6.6247077	4.974289	6.287109
touch	5.5788627	4.32365	4.4052
kill	3.988112	6.4510684	4.8466144
feature	5.424457	3.7811482	5.1783485
happiness	8.338778	4.8975563	6.3113847
assume	3.946812	4.967651	4.8360147
notion	5.73259	4.105756	5.009328
purchase	6.8477187	4.4929934	5.8160367
faithful	6.758769	4.0400276	6.226088
soldier	4.5889287	5.9152675	5.787756
father	6.13669	4.929584	6.120222
narrow	2.9202323	4.573296	3.7893732
great	5.2318234	5.437278	5.9001474
tear	3.054234	4.741626	2.6933188
honorable	6.042903	5.4619856	6.2856655
previous	4.565049	4.5443816	4.603795
good	6.857153	4.108221	6.3410783
domestic	4.690859	3.3383024	3.997344
glory	7.445903	5.5685225	7.101683
lay	4.611365	4.3600483	4.2552166
occasion	5.009815	5.449664	5.182443
guard	5.0639567	5.129748	6.2631702
whole	5.1762934	4.7600703	5.605663
mouth	4.922169	4.6742067	4.7519403
receive	6.660186	4.835512	5.321872
take	4.6745963	5.4019737	5.151644
simple	6.4463234	4.00596	5.5231514
error	2.323816	5.534553	3.9744184
wisdom	7.328028	4.930785	7.344911
rock	5.204834	4.789653	5.3821645
decide	4.922276	5.2495966	6.1149044
exclaim	6.0431795	6.183524	5.704984
assure	7.828764	5.1643004	6.457141
sign	5.131899	3.8138971	4.5906997
preserve	5.9261866	3.8225658	5.68746
commerce	6.275161	5.125728	6.7872286
plant	5.0579543	4.2243624	4.835528
walk	6.186945	4.452681	4.4538727
difference	4.827194	4.5974956	4.8193407
hang	4.4949746	4.3638487	4.121932
following	7.26898	3.726504	5.802659
employ	4.8669662	4.782444	5.4605627
