deal	5.168873	5.222101	5.739846
study	6.7137547	4.458169	6.5762243
afford	6.617451	4.737067	5.8905144
service	6.5145273	4.941744	6.246604
height	5.2809844	5.3099475	5.8600397
prospect	7.653157	5.2734704	6.558779
pleasant	7.419859	4.119474	5.0334077
shade	4.481072	3.6903763	3.4348063
listen	5.3035965	5.4135294	4.6689816
mighty	6.3075886	5.5841084	7.147172
country	5.40703	4.312101	5.6943035
title	7.3264475	4.4966764	6.746054
choose	5.503908	4.512433	5.055196
village	6.3993692	4.820215	5.702298
acquire	7.712474	5.854779	7.861026
rank	5.9034996	5.3349214	5.961532
bow	5.4697456	4.0521636	4.660357
doctor	5.038252	3.9647634	5.193032
talent	8.1585865	5.866701	7.8396206
source	6.265029	4.734135	5.699176
lead	4.9963536	5.8750124	5.121791
question	5.1690035	4.4660425	5.597338
publish	5.4776087	5.157748	5.4937105
interest	6.5332	5.009956	5.9047947
serve	5.3853564	3.763371	4.5262566
divine	7.456771	4.3586197	7.189454
put	4.962384	4.7613025	4.3026185
shadow	4.26206	3.3679042	3.7714314
practical	6.0902815	4.297258	6.152624
surface	4.767872	2.8688383	3.9777021
account	5.61329	4.6571927	5.5702763
loss	3.4821208	5.4679866	3.789004
indian	5.0781384	5.012608	5.1580358
vine	7.2353373	3.5035057	5.6464787
certain	5.1584063	5.366011	5.800047
sin	3.0299916	5.3024116	4.576388
necessity	4.1879926	5.204077	5.408904
lose	4.1731076	5.5131235	4.456196
private	3.9076064	4.456565	4.4989924
gentleman	6.325755	4.3977184	5.7155437
daughter	5.8326745	4.5822897	5.5294394
drive	2.8037312	6.804024	4.438884
strange	4.2009864	5.756439	4.160747
journey	6.3368287	4.0321436	4.757293
uncle	6.971442	3.822034	5.7233987
species	5.5574117	4.970678	4.9270787
think	5.8761945	4.722671	5.0338907
bed	5.0012455	3.1416721	3.4003928
wind	4.5339923	4.930547	4.380499
bless	8.32799	4.1504507	6.3261003
destroy	3.2981327	6.596065	5.1417737
author	5.8535614	4.513439	5.3665495
sustain	5.526537	5.013821	5.9585114
black	3.7327259	4.8813753	3.9980679
event	6.8107653	5.519046	6.871443
liberty	7.5832553	5.9388623	7.551431
negro	3.9345124	5.1316175	4.4262247
little	4.303725	4.123085	3.1790009
fortune	6.8134046	5.1437535	6.3800087
touch	5.407221	4.2965665	4.347105
kill	3.8383932	6.574942	4.8731604
feature	5.576412	3.8187268	5.3226633
happiness	8.198433	4.6838245	6.031935
assume	4.0894084	5.128548	4.967327
notion	5.459811	4.222172	4.741687
purchase	6.954237	4.615823	5.906147
faithful	6.75846	4.086541	6.259274
soldier	4.6164913	5.986532	5.858693
father	5.938081	4.9451714	6.1823645
narrow	3.0666156	4.446747	3.5172205
great	5.1051435	5.61248	6.117403
tear	3.364276	4.7243657	2.8067229
honorable	6.094945	5.2322245	6.278298
previous	4.519897	4.743968	4.6930094
good	7.237708	4.2401066	6.6142
domestic	4.379154	3.4160364	3.985655
glory	7.4028063	5.380901	6.9402876
lay	4.5916862	4.7094946	4.485603
occasion	5.124104	5.239366	5.3885894
guard	5.102886	5.069139	6.1036463
whole	5.2384114	4.6582103	5.5985146
mouth	4.951945	4.6118975	4.595396
receive	6.501145	5.0252604	5.506068
take	4.7152524	5.5697193	5.468483
simple	6.267601	4.2689657	5.536531
error	2.2357235	5.4631433	3.7256193
wisdom	7.0174	4.7026486	7.0397243
rock	5.043397	5.025178	5.518153
decide	5.2372036	5.456334	6.2685537
exclaim	5.91357	6.3075914	5.8050365
assure	7.669527	5.208044	6.217488
sign	5.038319	3.7482767	4.4736314
preserve	5.893475	3.9133787	5.669397
commerce	6.369261	4.9925756	6.675948
plant	5.157444	4.1163683	4.8140235
walk	6.0763783	4.243627	4.314129
difference	4.691125	4.548238	4.8121495
hang	4.259038	4.4584427	4.1306334
following	7.0211444	3.6030328	5.6951804
employ	4.864721	4.908411	5.355952
