deal	4.783183	5.3179955	5.464336
study	6.805366	4.37761	6.5363693
afford	6.813001	4.7230372	6.033469
service	6.5712223	4.7137375	6.2399135
height	5.4742565	5.0810094	5.8318667
prospect	7.571783	5.1806045	6.4483457
pleasant	7.392037	4.1698	4.9121666
shade	4.3552165	3.7013469	3.3596818
listen	5.201983	5.4421453	4.703431
mighty	6.3115873	5.6976967	7.3121595
country	5.747613	4.317587	5.856644
title	7.370604	4.3388567	6.7825956
choose	5.3163223	4.1566477	4.8313
village	6.303653	4.790458	5.642649
acquire	7.7205706	5.7880416	7.98216
rank	6.0342255	5.212582	5.914574
bow	6.0329447	4.187864	4.9420238
doctor	5.1171865	4.191487	5.1483912
talent	7.971552	5.864762	7.7307487
source	6.4658012	4.7323055	5.6424294
lead	5.084968	5.608749	5.1592016
question	4.8935814	4.075263	5.068893
publish	5.5910287	5.03702	5.5903993
interest	6.650833	5.1444635	6.2423816
serve	5.4521856	3.848965	4.7669477
divine	7.5211377	4.412227	7.1122227
put	4.822141	4.640851	3.9508514
shadow	4.383854	3.18223	3.7490823
practical	6.2013793	4.3560457	6.329612
surface	4.720989	2.8674824	3.915863
account	5.758437	4.73572	5.718525
loss	3.5830233	5.4383507	3.87148
indian	4.9328732	5.247452	5.178683
vine	7.0357866	3.706152	5.6081533
certain	5.18231	5.2360044	5.740443
sin	2.9051008	5.372471	4.4218807
necessity	4.196031	5.241	5.434318
lose	4.2070417	5.469472	4.5753818
private	4.1282587	4.251834	4.577662
gentleman	6.373111	4.580345	5.7041855
daughter	6.054491	4.6444364	5.6303587
drive	2.9082432	6.7361326	4.395869
strange	4.0768843	5.858576	4.2780275
journey	6.1694202	4.0790734	4.651035
uncle	6.6158066	4.197013	5.9520936
species	5.616314	5.3293624	5.011499
think	5.9469314	4.696249	5.150466
bed	4.953274	3.04761	3.2521358
wind	4.5571322	4.9539194	4.3943963
bless	8.264072	4.3222036	6.2781143
destroy	3.113364	6.6152334	4.9839745
author	5.775775	4.589512	5.1762524
sustain	5.437298	5.184059	5.989091
black	3.7741833	5.053946	4.077841
event	6.5586023	5.624541	6.8588977
liberty	7.8890395	5.852455	7.834462
negro	3.715178	5.508606	4.3364186
little	4.367146	4.0169854	3.3135762
fortune	6.5951757	4.99233	6.2283635
touch	5.5346556	4.384112	4.3844423
kill	3.7635837	6.6555176	4.7841287
feature	5.688143	3.7653599	5.328103
happiness	8.466948	4.835158	6.269185
assume	4.263483	4.9891477	4.986046
notion	5.631834	4.297572	5.0539703
purchase	6.7846622	4.430393	5.77754
faithful	6.685197	3.9399505	6.106145
soldier	4.791662	5.7558045	5.936066
father	5.4959106	4.820844	5.6471043
narrow	3.2870774	4.4407163	3.780171
great	5.1095386	5.473815	5.8977613
tear	3.041318	4.8681607	2.6889133
honorable	6.3047113	5.437064	6.457382
previous	4.421344	4.479842	4.4296103
good	7.115616	4.127824	6.418877
domestic	4.9249353	3.3638527	4.017248
glory	7.488365	5.4994745	7.1604323
lay	4.722622	4.5126534	4.381975
occasion	5.204886	5.203778	5.0932903
guard	5.000001	5.191761	6.0147433
whole	5.53636	4.659647	5.8469286
mouth	5.262242	4.5193176	4.661976
receive	6.728595	4.5849586	5.4369555
take	4.3759575	5.428924	4.8427076
simple	6.472583	4.188313	5.7159467
error	2.3442016	5.403056	3.7942815
wisdom	7.139879	4.5825577	7.2031374
rock	5.1193686	5.0244436	5.5038185
decide	5.224346	5.0460324	6.044133
exclaim	5.756028	6.267232	5.5996013
assure	7.7208595	5.2593055	6.4297166
sign	5.185699	3.7556386	4.493025
preserve	5.83366	3.6992526	5.4998465
commerce	6.494472	5.267279	6.980256
plant	5.11238	4.035516	4.7550883
walk	5.886279	4.522929	4.254689
difference	4.749436	4.3108435	4.6943526
hang	4.385416	4.52749	4.13623
following	7.1953855	3.5388641	5.6050406
employ	4.819872	4.7951274	5.444837
