deal	4.8052955	5.4610615	5.436268
study	6.6702666	4.524336	6.5274734
afford	6.526223	4.6593413	5.76447
service	6.508234	4.8161945	6.275402
height	5.186151	5.347026	5.7255654
prospect	7.5321074	5.270457	6.370928
pleasant	7.547611	3.9565325	4.8189077
shade	4.5008583	3.6758585	3.449466
listen	5.212323	5.361184	4.70365
mighty	6.1842117	5.6973295	7.1847687
country	5.5189543	4.4323726	5.7806635
title	7.451914	4.3753505	6.6215167
choose	5.5466156	4.2248564	4.9146595
village	6.190081	4.7879176	5.6174326
acquire	7.492261	5.6507764	7.7283945
rank	5.7288494	5.287688	5.795195
bow	5.7663884	4.187558	4.726572
doctor	4.815388	4.3313804	5.0894966
talent	8.035999	5.8778834	7.7371597
source	6.0883126	4.729553	5.6314583
lead	5.2010193	5.613776	5.249928
question	4.965065	4.4846697	5.382725
publish	5.4925733	4.8973136	5.364522
interest	6.524448	5.292577	6.202714
serve	5.265447	3.8866374	4.674815
divine	7.414954	4.644454	7.1539993
put	5.029412	4.848335	4.5470424
shadow	4.3944144	3.3366442	3.7852602
practical	6.081277	4.4511423	6.248556
surface	4.5898995	3.0355616	4.0602345
account	5.7306476	4.709669	5.5267982
loss	3.1867216	5.499551	3.5858157
indian	4.9586096	5.1580925	5.175424
vine	6.8061647	3.5904357	5.573636
certain	5.3758025	5.127813	5.8059235
sin	2.93182	5.380404	4.5450525
necessity	4.370199	5.0618997	5.4354434
lose	4.167131	5.3393188	4.519369
private	4.047061	4.2128234	4.450728
gentleman	6.194274	4.3209257	5.569849
daughter	5.6684256	4.622883	5.4793687
drive	3.1654356	6.8667	4.4948864
strange	4.50584	5.601624	4.3752174
journey	6.3453197	3.9870536	4.7412896
uncle	7.0615506	3.909597	6.2132616
species	5.4353633	5.3550987	4.9062376
think	5.9968014	4.7252293	5.11071
bed	4.755824	3.0070503	3.240398
wind	4.7255726	4.7002783	4.3164124
bless	8.512917	4.369233	6.4107237
destroy	3.2971869	6.4937806	5.1546845
author	5.8030586	4.555253	5.235951
sustain	5.406944	5.1819696	5.9775925
black	3.6496267	4.954011	4.1694517
event	6.4608583	5.7126074	6.84925
liberty	7.4259224	5.9342656	7.584075
negro	3.629857	5.37589	4.2885303
little	4.3264885	3.834413	3.0781388
fortune	6.5258913	5.0348983	6.1820674
touch	5.648036	4.3615417	4.5250244
kill	3.6188664	6.6529098	4.9405193
feature	5.7251062	3.755683	5.277113
happiness	8.29699	4.9453626	6.408788
assume	4.042383	4.9938555	4.8132176
notion	5.3099213	4.31382	4.6999598
purchase	6.893099	4.4714127	5.7872057
faithful	6.7050743	4.0703735	6.20623
soldier	4.671612	5.767891	5.829089
father	5.820784	5.0181465	6.0803676
narrow	3.32467	4.264337	3.679672
great	4.905638	5.550029	5.837204
tear	3.2587404	4.8476996	2.6132832
honorable	6.165108	5.4881377	6.3292675
previous	4.485557	4.636389	4.518482
good	7.2823796	4.341752	6.4383354
domestic	4.7041063	3.3960817	3.9165025
glory	7.3059034	5.4567103	6.979287
lay	4.584207	4.5114527	4.434511
occasion	5.3909855	5.2186103	5.319968
guard	5.1014457	5.175072	6.217539
whole	5.5473986	4.5057497	5.669195
mouth	5.137364	4.7331543	4.7143245
receive	6.4474764	4.8646255	5.3599606
take	4.904501	5.292674	5.1832943
simple	6.476164	4.122965	5.6399455
error	2.370617	5.488851	3.9597998
wisdom	7.025401	4.7414007	7.1614113
rock	4.803354	4.8844657	5.3753495
decide	5.2434454	5.0803094	6.171366
exclaim	5.9316235	6.4541163	5.632425
assure	7.484375	5.1300526	6.2323265
sign	5.0559497	3.778542	4.4839725
preserve	5.8129663	3.8545895	5.6364174
commerce	6.511294	5.189427	6.756795
plant	4.979281	4.0840526	4.8335357
walk	6.1711073	4.352083	4.4411135
difference	4.676293	4.608465	4.7251353
hang	4.5644236	4.3563366	4.1683145
following	7.226346	3.6926236	5.7816696
employ	5.077943	4.806547	5.547964
