deal	5.154605	5.234397	5.591862
study	6.7950153	4.268795	6.531784
afford	6.7020645	4.863814	5.8349285
service	6.442974	4.8994017	6.1888704
height	5.3549333	5.409993	5.8967757
prospect	7.6514616	5.2641783	6.55644
pleasant	7.5972295	3.9674835	4.9849644
shade	4.39333	3.7427464	3.276179
listen	5.206539	5.590615	4.762022
mighty	6.344381	5.608502	7.206088
country	5.444019	4.174254	5.595282
title	7.4141293	4.591713	6.8827085
choose	5.6330476	4.3030076	4.9210167
village	6.484832	4.741162	5.7213492
acquire	7.7806416	5.9122124	8.147078
rank	5.7306747	5.5077004	5.9224606
bow	5.9957094	4.017309	4.883026
doctor	4.850364	4.1091347	5.0537295
talent	7.9847975	5.9848423	7.6754723
source	6.3820143	4.6565604	5.616212
lead	4.858912	5.7972918	5.2223606
question	5.37735	4.4829855	5.6155496
publish	5.361767	5.1090827	5.385681
interest	6.6392794	5.124107	6.2442923
serve	5.4218745	4.004208	4.62976
divine	7.603324	4.3189826	7.110653
put	4.7773466	4.7717957	4.2329907
shadow	4.2453637	3.3740642	3.7603984
practical	6.089465	4.3397408	6.3050337
surface	4.8100233	2.9837916	4.011818
account	5.6301665	4.521327	5.601828
loss	3.6186845	5.555118	3.7928863
indian	4.8938026	5.2259707	5.1563754
vine	7.0903034	3.5288577	5.523336
certain	5.2683268	5.1528883	5.925091
sin	2.7897325	5.436738	4.433636
necessity	4.386343	5.172716	5.4600153
lose	4.155079	5.3126698	4.5647283
private	4.0391426	4.422702	4.5818305
gentleman	6.4947586	4.310663	5.6502457
daughter	5.8908596	4.4948025	5.6020203
drive	3.2083013	6.5147057	4.4173403
strange	4.2067623	5.62659	4.2878337
journey	6.4320807	3.8695972	4.750434
uncle	6.675939	3.8451269	5.7751784
species	5.511901	5.0733304	4.8195844
think	5.6441364	4.63453	5.0313454
bed	5.102661	3.166141	3.312858
wind	4.870452	4.6610074	4.470435
bless	8.591251	4.2130322	6.405736
destroy	3.1112409	6.6352777	4.929906
author	5.8483634	4.303776	5.0743027
sustain	5.6411943	5.1391287	6.0470285
black	3.7542276	4.905694	3.9984627
event	6.4771676	5.6918917	6.769518
liberty	7.8691854	5.97295	7.6906624
negro	3.9703758	5.3506722	4.3815165
little	4.3196564	3.9795313	3.2885387
fortune	6.7530093	5.0799937	6.2877703
touch	5.2965317	4.3315554	4.2812915
kill	3.6632633	6.540386	4.7757053
feature	5.362577	3.8234243	5.1109076
happiness	8.322371	4.6515636	6.1889806
assume	4.0061674	5.165669	4.947004
notion	5.651829	4.2324734	4.9814935
purchase	6.993978	4.569904	5.9302454
faithful	6.715657	3.9860811	6.161594
soldier	4.5392265	5.9045763	5.789874
father	5.9460154	4.8497114	5.88388
narrow	2.9479396	4.3491077	3.7238412
great	5.343667	5.3174777	6.175869
tear	3.0243375	4.896969	2.561422
honorable	6.0151644	5.3943925	6.198955
previous	4.6233883	4.552765	4.660541
good	7.159131	4.189375	6.2827373
domestic	4.6030426	3.229551	3.8801665
glory	7.35931	5.4878707	7.1000915
lay	4.7601023	4.627401	4.5097156
occasion	5.200313	5.084104	5.204739
guard	4.932194	5.4028935	6.2434077
whole	5.189911	4.4545746	5.4907756
mouth	4.9632244	4.7074223	4.6305842
receive	6.681058	4.860932	5.4578204
take	4.436278	5.46995	5.0565214
simple	6.5618806	4.2444487	5.609147
error	1.895802	5.3149405	3.6890926
wisdom	7.021387	4.720638	7.12671
rock	5.211828	5.1408286	5.449551
decide	5.345154	5.190087	6.365529
exclaim	6.0112333	6.3013144	5.757395
assure	7.859763	5.149582	6.343275
sign	5.0694637	3.749849	4.488179
preserve	5.678357	4.050773	5.7004585
commerce	6.256083	5.0127654	6.8239145
plant	5.131935	4.2507052	4.843953
walk	6.2111783	4.358142	4.3993545
difference	4.8251348	4.5538826	4.9123383
hang	4.5802965	4.553708	4.3014965
following	7.383627	3.4897237	5.6929946
employ	4.7976766	4.7731876	5.409305
