deal	4.607213	5.2406836	5.537117
study	6.8371873	4.4206543	6.415518
afford	6.4021435	4.9311733	5.681834
service	6.463891	4.6246567	5.8813553
height	5.2092156	5.3343678	5.8898163
prospect	7.518373	5.2430077	6.5636845
pleasant	7.3811464	4.022709	4.8303967
shade	4.4217577	3.7223525	3.3311834
listen	5.2807236	5.4130855	4.613497
mighty	6.2145796	5.5848985	7.1859093
country	5.7003055	4.455112	5.7658362
title	7.5371428	4.5845146	7.082244
choose	5.444151	4.1911693	4.901412
village	6.3580446	4.7097178	5.713513
acquire	7.75062	5.6752267	7.908801
rank	5.860693	5.2738113	5.9344783
bow	5.922617	4.1854076	4.941304
doctor	4.8243494	4.177537	5.032586
talent	7.9021783	5.756266	7.700326
source	6.224322	5.121169	5.715463
lead	4.888541	5.715799	5.0200896
question	5.203509	4.566083	5.515706
publish	5.37874	5.2446733	5.681585
interest	6.4588814	4.922617	5.935692
serve	5.5280943	4.0581737	4.5646443
divine	7.392398	4.413801	7.1444683
put	4.892494	4.700598	4.377381
shadow	4.269546	3.2854173	3.664967
practical	6.0400887	4.4371147	6.2163177
surface	4.6319222	3.1172774	4.064468
account	5.622084	4.3992825	5.581836
loss	3.2831476	5.245532	3.6936202
indian	4.8697066	5.1777797	5.2841763
vine	6.975585	3.81634	5.67634
certain	5.0073457	5.2667174	5.7565594
sin	3.095554	5.3897686	4.49842
necessity	4.032766	5.0986323	5.3291106
lose	4.458839	5.238826	4.647889
private	4.0066934	4.5386086	4.5173297
gentleman	6.1895466	4.317427	5.582048
daughter	5.843138	4.637017	5.6934094
drive	3.0048437	6.5962214	4.27446
strange	4.2177277	5.4604306	4.1785994
journey	6.2219086	4.1123323	4.6502643
uncle	6.689131	4.0783854	5.624811
species	5.542128	5.1547318	5.0215144
think	5.665661	4.7874746	4.983785
bed	5.1386914	3.1556075	3.3050888
wind	4.632232	4.677701	4.336022
bless	8.527876	4.3427496	6.482029
destroy	3.1854506	6.7006445	5.179978
author	5.773236	4.514435	5.208817
sustain	5.1853256	5.058274	5.8533664
black	3.9981315	5.103585	4.269973
event	6.429022	5.5310607	6.789189
liberty	7.802917	5.9424047	7.6445956
negro	3.5784743	5.4315815	4.3877645
little	4.1785583	3.9313526	3.0924144
fortune	6.525682	5.166502	6.2765746
touch	5.3634577	4.2210393	4.264226
kill	3.9691885	6.482266	4.8329344
feature	5.5009403	3.8415701	5.348213
happiness	8.248622	4.9136	6.10238
assume	3.989089	4.936728	4.772513
notion	5.4573526	4.142905	4.8189363
purchase	6.8871403	4.556147	5.9312224
faithful	6.5474024	4.1487956	6.104861
soldier	4.6276197	5.820167	5.9293156
father	5.721923	5.117797	5.9722843
narrow	3.1396003	4.4323497	3.751224
great	4.990312	5.592599	5.9955025
tear	3.030343	4.8855743	2.5889106
honorable	6.270921	5.394036	6.2676096
previous	4.417649	4.494649	4.461864
good	7.0952396	4.2877426	6.5958133
domestic	4.9214	3.5326674	4.165312
glory	7.509473	5.4834113	6.9827657
lay	4.800745	4.3171673	4.40898
occasion	5.032928	5.2968535	5.194877
guard	4.923013	5.3106966	6.2413044
whole	5.477468	4.4553547	5.6926055
mouth	5.153742	4.84761	4.8012667
receive	6.612027	4.7879267	5.3764644
take	4.729807	5.16463	4.923842
simple	6.4565535	3.9933634	5.625938
error	2.1713371	5.406149	3.9065037
wisdom	6.946768	4.6713157	7.0873165
rock	5.035985	5.0048523	5.443481
decide	5.1354365	5.151149	5.9583616
exclaim	5.710083	6.3734217	5.6090555
assure	7.5462976	5.2502146	6.2260094
sign	5.1499186	4.004775	4.602434
preserve	5.735507	3.990194	5.490835
commerce	6.4205847	5.211765	6.842626
plant	5.1607885	4.26875	4.9026575
walk	6.1637354	4.395109	4.449974
difference	4.699188	4.742545	5.0356607
hang	4.5224085	4.380219	4.321069
following	7.2485857	3.4858568	5.7763815
employ	5.050525	4.936855	5.5065894
