deal	4.8433847	5.4180346	5.5770497
study	6.754528	4.347265	6.6400423
afford	6.6856327	4.432186	5.732628
service	6.5095057	4.5431437	6.0497117
height	5.2128158	5.416621	5.8334904
prospect	7.605913	5.1724453	6.4108105
pleasant	7.412653	3.9399095	4.6627417
shade	4.6619573	3.5257888	3.3037777
listen	5.0775156	5.5594535	4.7800198
mighty	6.421715	5.350497	7.202074
country	5.663225	4.459762	5.755436
title	7.1406565	4.407369	6.668465
choose	5.606617	4.4152946	5.0901814
village	6.1602054	4.8579407	5.595852
acquire	7.550072	5.773224	8.012178
rank	5.9085426	5.3745213	6.143197
bow	6.028744	4.0369673	5.0190783
doctor	4.8276844	4.2964497	5.1509566
talent	8.100071	5.997275	7.843997
source	6.2376432	4.894745	5.821111
lead	4.9550524	5.5158253	5.1770444
question	5.2445707	4.0999384	5.5676303
publish	5.6899705	5.0941195	5.6062756
interest	6.449483	4.9608054	5.699482
serve	5.233942	3.8285227	4.485394
divine	7.567553	4.388915	7.1416783
put	5.0271454	4.5030384	4.3163023
shadow	4.375367	3.2129397	3.7692657
practical	6.0715685	4.37764	6.277385
surface	4.7575455	3.008541	4.06017
account	5.343933	4.6329775	5.3246164
loss	3.5009186	5.3807096	3.7588987
indian	4.8743606	5.3023343	5.273616
vine	6.942344	3.9229271	5.8025374
certain	5.3671827	5.219841	5.923109
sin	2.7661562	5.4130163	4.440009
necessity	4.276409	5.238928	5.4450407
lose	4.1205044	5.3997517	4.698473
private	4.16819	4.243044	4.617587
gentleman	6.1987534	4.418911	5.6123548
daughter	5.8675566	4.4771094	5.489845
drive	3.0282815	6.6608963	4.4723406
strange	4.103712	5.6810236	4.127674
journey	6.212944	3.9515698	4.570978
uncle	6.6381016	3.7800384	6.002041
species	5.4904327	5.36452	4.904815
think	5.809223	4.6946716	5.221805
bed	4.7674785	3.0675344	3.261639
wind	4.6746883	4.8988676	4.4926586
bless	8.473095	4.2435217	6.3199577
destroy	3.3261294	6.753208	5.3527565
author	5.906455	4.7082167	5.398242
sustain	5.5370007	4.998451	6.011292
black	4.042344	5.0453954	4.1911716
event	6.4578238	5.635537	6.7613273
liberty	7.8979797	6.143961	7.79609
negro	3.7881243	5.379533	4.326476
little	4.3620954	3.962848	3.248607
fortune	6.6221433	5.1830583	6.3008423
touch	5.437493	4.191294	4.212766
kill	3.627566	6.474335	4.7349677
feature	5.5025024	3.7690117	5.1504984
happiness	8.381747	4.8138175	6.360572
assume	4.0059743	4.9547477	4.9284616
notion	5.4927816	4.1852617	4.979357
purchase	6.706396	4.493573	5.7727637
faithful	6.806456	4.088005	6.306402
soldier	4.559212	5.804633	5.775332
father	5.842173	4.779276	5.8462067
narrow	2.9595377	4.34417	3.5628877
great	5.2981324	5.3051453	6.1170325
tear	3.332586	4.7990427	2.5959132
honorable	5.970992	5.398547	6.128172
previous	4.5180116	4.458116	4.506524
good	7.1081743	4.319739	6.4459524
domestic	4.953883	3.427622	4.0806293
glory	7.469283	5.577076	7.21998
lay	4.794951	4.4992414	4.6363564
occasion	5.149023	5.2731056	5.1219378
guard	5.2936144	5.2577558	6.3516865
whole	5.4979324	4.538301	5.5856485
mouth	5.09949	4.815058	4.998303
receive	6.62675	4.864504	5.4079847
take	5.060778	5.4076085	5.559296
simple	6.2614965	4.171077	5.6440563
error	2.4776297	5.7172375	4.100774
wisdom	6.93468	4.6899633	7.0595026
rock	5.115877	5.031521	5.574516
decide	5.2409887	5.180997	6.314412
exclaim	5.8055797	6.1481094	5.465258
assure	7.556015	5.1156616	6.2401166
sign	5.2429852	3.8809195	4.587925
preserve	6.042301	4.027412	5.817075
commerce	6.3843503	5.0698338	6.7222805
plant	5.1463923	4.28602	4.9745097
walk	6.031813	4.3477154	4.429538
difference	4.9677076	4.690544	5.179664
hang	4.5561104	4.380042	4.3610086
following	7.1000824	3.691873	5.678833
employ	5.1195965	4.928378	5.674388
