deal	4.9280286	4.9877567	5.5183783
study	6.648652	4.416275	6.54429
afford	6.6079235	4.755903	5.8467073
service	6.3623476	4.6269503	5.9596624
height	5.396177	5.4188757	5.882679
prospect	7.518014	5.44006	6.5358496
pleasant	7.5829144	4.1951814	5.009173
shade	4.403143	3.6018128	3.2233129
listen	5.5256724	5.5490675	5.0505233
mighty	6.260255	5.465113	7.0099463
country	5.6320863	4.405673	5.9987326
title	7.354394	4.2415943	6.7284203
choose	5.4804006	4.455467	5.0939407
village	6.21029	4.936876	5.767496
acquire	7.63426	5.681023	7.861663
rank	6.0440416	5.303271	6.074196
bow	5.928838	4.2075343	5.081474
doctor	5.1155787	4.191466	5.1981497
talent	8.104811	5.9210596	7.8113537
source	6.152462	4.649975	5.5808783
lead	5.0501165	5.7230897	5.1227727
question	5.1946025	4.2547216	5.562681
publish	5.493042	4.8529263	5.4608765
interest	6.5393033	5.0995846	6.14653
serve	5.377756	3.842957	4.5993137
divine	7.304125	4.5456877	7.0800343
put	5.0480447	4.6259975	4.4142823
shadow	4.103077	3.3212657	3.524611
practical	6.1392417	4.3101587	6.17295
surface	4.7107253	2.8741822	3.9158173
account	5.610121	4.555275	5.589227
loss	3.5333457	5.4033656	3.8496041
indian	4.694522	4.8566327	4.870281
vine	6.893285	3.8487587	5.664324
certain	5.194067	5.361877	5.666753
sin	2.7725477	5.5200634	4.469777
necessity	4.251472	5.169421	5.3088074
lose	4.3771505	5.164688	4.4024105
private	4.111887	4.3918033	4.522277
gentleman	6.5164146	4.562002	5.8239994
daughter	5.765375	4.539586	5.6028223
drive	3.1533804	6.8362236	4.5368476
strange	4.2598667	5.6422825	4.207036
journey	6.096587	4.1707554	4.521445
uncle	6.6005554	4.0787506	5.804915
species	5.7164516	5.2321005	5.2254667
think	5.675141	4.8615103	4.9435587
bed	5.006366	3.0343897	3.451158
wind	4.5513973	4.9727674	4.385144
bless	8.334297	4.2921677	6.3566284
destroy	3.1437294	6.706634	5.0833783
author	5.6624575	4.499591	5.133376
sustain	5.57047	5.0578175	6.1026745
black	3.6528282	4.7311764	3.6477287
event	6.276887	5.7759204	6.704999
liberty	7.6614413	6.0268717	7.559506
negro	3.7692375	5.436489	4.3821564
little	4.546689	3.914577	3.135335
fortune	6.3470907	5.2824144	6.151732
touch	5.524497	4.3001766	4.3639517
kill	3.6984031	6.5365505	5.051514
feature	5.4090614	3.5830197	5.0845065
happiness	8.271784	4.71791	6.0690165
assume	4.146352	4.766588	4.954197
notion	5.603286	4.283252	5.049641
purchase	6.706505	4.6851196	5.926086
faithful	6.5409803	3.9878879	6.076289
soldier	4.5880365	5.8886046	5.7771206
father	5.829348	4.966894	6.1468296
narrow	3.0508556	4.4853206	3.4575856
great	5.232905	5.419326	5.9689145
tear	3.150785	4.41679	2.617818
honorable	6.0974827	5.5303955	6.3410816
previous	4.4712877	4.4748325	4.587944
good	6.9245863	4.393429	6.1758432
domestic	4.5729203	3.5924332	4.030852
glory	7.391455	5.5313573	7.0678806
lay	4.642465	4.340809	4.420275
occasion	5.262275	5.214372	5.340481
guard	4.8363166	5.149077	6.168846
whole	5.2873707	4.4168825	5.486562
mouth	5.0753818	4.6917415	4.686217
receive	6.8977127	4.720936	5.577408
take	4.7627373	5.2083325	5.044696
simple	6.4478664	4.033289	5.552809
error	2.2207525	5.469027	3.8019896
wisdom	7.012408	4.924082	7.241419
rock	5.0361514	4.9499407	5.4103537
decide	5.144235	5.074068	6.0685835
exclaim	5.8194766	6.364486	5.698234
assure	7.6901236	5.2625318	6.410077
sign	5.0993347	3.7016153	4.2412233
preserve	5.6141477	3.9563727	5.5536456
commerce	6.3734303	5.1442595	6.859229
plant	5.117808	4.3407025	5.1035132
walk	5.9625163	4.6818967	4.422387
difference	4.940656	4.370234	4.9286127
hang	4.3133364	4.635885	4.189451
following	7.0840464	3.757203	5.6929574
employ	4.8760214	4.9561787	5.6423388
