deal	4.860563	5.380178	5.6056294
study	6.6200323	4.337125	6.446512
afford	6.734215	4.7773247	5.9418507
service	6.5428143	4.7363796	6.2292485
height	5.38835	5.25258	5.808198
prospect	7.4366097	5.2857194	6.4240823
pleasant	7.437319	4.147294	4.862538
shade	4.394909	3.7107854	3.4826865
listen	5.2945566	5.3295627	4.7141013
mighty	5.99915	5.692677	6.980765
country	5.538453	4.587315	5.925093
title	7.224222	4.348792	6.735736
choose	5.5478888	4.3729534	4.942073
village	6.3656044	4.8694153	5.7501216
acquire	7.767435	5.6955886	8.076706
rank	5.802647	5.2699146	5.8951206
bow	5.895368	3.9460998	4.8467236
doctor	4.913617	4.0659113	4.993216
talent	7.99904	5.8227277	7.6942983
source	6.254942	4.829227	5.8596325
lead	5.0242147	5.7079706	5.333347
question	4.9993925	4.5018616	5.4855185
publish	5.578557	4.962871	5.605102
interest	6.4922523	5.093801	6.025032
serve	5.2735386	3.8990622	4.6755185
divine	7.4535923	4.2939034	6.815198
put	5.1371427	4.429717	4.293108
shadow	4.332205	3.2262635	3.841575
practical	6.045903	4.4346004	6.311033
surface	4.542394	2.8871982	3.8660433
account	5.8476763	4.783979	5.8296146
loss	3.4404132	5.631266	3.8990793
indian	5.0682845	5.0394177	5.380801
vine	7.008847	3.842985	5.6174297
certain	5.1711507	5.2631683	5.7572412
sin	3.0168037	5.456567	4.540504
necessity	4.2798085	5.193027	5.376453
lose	4.221762	5.3535614	4.605094
private	3.9736521	4.1474113	4.391194
gentleman	6.254559	4.4522643	5.635174
daughter	5.83076	4.6098657	5.5580697
drive	3.1249335	6.811777	4.4486766
strange	4.1637125	5.505045	4.129959
journey	6.121164	4.16976	4.662604
uncle	6.9144993	3.8404696	5.775386
species	5.432996	5.289815	4.9033046
think	5.6599307	4.8219414	4.992434
bed	4.987013	3.0200934	3.236479
wind	4.60488	4.7488575	4.2867007
bless	8.699989	4.188838	6.538271
destroy	3.2772222	6.6762996	5.2218857
author	5.7882166	4.546928	5.249306
sustain	5.6164813	5.1519175	6.079498
black	3.4336734	5.0013123	3.9039307
event	6.4623137	5.680397	6.861014
liberty	7.6610975	5.9935	7.6971292
negro	3.7819972	5.359904	4.3694143
little	4.3970885	3.890657	3.2737582
fortune	6.5497932	5.249961	6.2450066
touch	5.507304	4.2908106	4.299695
kill	3.8668323	6.6129117	4.8034015
feature	5.641493	3.7270098	5.2721386
happiness	8.23963	4.695287	6.076622
assume	3.870605	4.987431	4.8109264
notion	5.4648447	4.2834716	5.0110836
purchase	6.78666	4.499036	5.7339683
faithful	6.858595	4.2811937	6.333794
soldier	4.7347636	5.9717975	5.952554
father	5.9172106	5.064752	6.0408154
narrow	3.0482903	4.272631	3.6490102
great	5.0008855	5.5157614	5.7872295
tear	3.1251614	4.830555	2.6876242
honorable	6.150736	5.418154	6.373724
previous	4.371581	4.443803	4.4854956
good	7.1068234	4.222543	6.3487716
domestic	4.758925	3.6121106	4.152602
glory	7.3292336	5.549956	7.0692215
lay	4.5686483	4.655136	4.3770556
occasion	5.271843	5.4146504	5.4242616
guard	5.022359	5.2236834	6.29547
whole	5.4103265	4.580608	5.5969377
mouth	5.0211034	4.5753374	4.674464
receive	6.4200563	4.94522	5.397675
take	4.4717383	5.348831	5.1637783
simple	6.470516	4.188526	5.6959925
error	2.3503737	5.537377	4.027198
wisdom	7.072379	4.7494216	7.146048
rock	4.971603	5.0501156	5.387626
decide	4.995175	5.260986	6.0955696
exclaim	5.7784653	6.495369	5.5523567
assure	7.716489	5.09147	6.3593316
sign	5.002803	3.879919	4.5108414
preserve	5.856347	3.9255128	5.679185
commerce	6.3444233	5.252175	6.7788415
plant	5.157996	3.9470093	4.8150716
walk	6.030393	4.3813434	4.322835
difference	4.749666	4.5548997	4.842308
hang	4.3125653	4.436681	4.195761
following	7.417	3.7513714	5.981786
employ	5.0910125	4.94254	5.6711445
