deal	5.0734396	5.159554	5.4931283
study	6.604843	4.5956845	6.6120453
afford	6.752887	4.9220667	6.0442095
service	6.2005863	4.692362	6.134823
height	5.043371	5.2511706	5.6968064
prospect	7.5172734	5.4233603	6.6019363
pleasant	7.499861	4.0564246	4.8971806
shade	4.221191	3.9009395	3.3959913
listen	5.431238	5.4341583	4.7003646
mighty	6.2995424	5.599385	7.180811
country	5.6157627	4.1843786	5.702707
title	7.530038	4.3110285	6.996303
choose	5.5854797	4.17588	4.8327274
village	6.403623	4.9262037	5.8423457
acquire	7.8145657	5.657188	7.949643
rank	5.6351166	5.0574284	5.7589207
bow	5.6937294	4.1554513	4.685796
doctor	5.1875057	4.0293097	5.1275187
talent	7.870949	5.8062406	7.6337004
source	6.5965776	4.899391	6.0001054
lead	4.887974	5.6254396	4.9931507
question	5.114183	4.1872325	5.3127785
publish	5.6122236	4.8907123	5.412508
interest	6.641234	5.023208	6.0818863
serve	5.354866	4.0225782	4.6774755
divine	7.400785	4.3840456	7.1186967
put	5.073918	4.463044	4.278118
shadow	4.149897	3.2954805	3.6448524
practical	5.991361	4.516982	6.26155
surface	4.5981717	2.993245	3.997032
account	5.7075167	4.689751	5.7074337
loss	3.3510098	5.4987297	3.6475525
indian	5.026589	5.263885	5.4434886
vine	6.7299013	3.7211869	5.734385
certain	5.3558893	5.2032104	5.8952503
sin	2.9380403	5.4683423	4.4189873
necessity	4.3950405	5.1197643	5.392451
lose	4.571423	5.4114017	4.650869
private	4.164016	4.315333	4.4956627
gentleman	6.082839	4.402793	5.599477
daughter	5.737769	4.440434	5.464518
drive	2.8620887	6.8747516	4.246066
strange	4.4943566	5.6384063	4.4197445
journey	6.3863792	4.04927	4.7582874
uncle	6.738925	4.1948624	5.9200335
species	5.5869765	5.1564975	4.959344
think	5.724592	4.715917	4.991687
bed	5.0821924	2.9254718	3.51159
wind	4.6820025	4.645946	4.2898955
bless	8.501062	4.2799883	6.4851456
destroy	3.4626703	6.7857647	5.294672
author	5.881119	4.361941	5.2704697
sustain	5.337755	5.035266	5.801014
black	3.829429	4.835334	3.7995124
event	6.53666	5.6197133	6.770675
liberty	7.808859	5.981644	7.640209
negro	3.6792953	5.315914	4.220648
little	4.59112	3.8867497	3.2818017
fortune	6.3361187	5.1203437	6.1771
touch	5.5720234	4.3800154	4.336715
kill	3.9375596	6.81796	5.075473
feature	5.428655	3.9249337	5.3176684
happiness	8.327959	4.835126	6.28662
assume	3.7747207	4.8486395	4.766301
notion	5.5469155	4.1499586	4.774776
purchase	6.8357744	4.6589947	5.8758783
faithful	6.6924443	4.0275674	6.1827106
soldier	4.4836507	5.844487	5.7568903
father	5.8314276	4.935649	6.161908
narrow	3.3216875	4.322123	3.7642522
great	5.1658936	5.539789	6.049103
tear	2.9691157	4.75023	2.5617294
honorable	5.9935493	5.386664	6.2399406
previous	4.3955975	4.5513444	4.5268583
good	6.872225	4.195309	6.2340517
domestic	4.9618144	3.4391017	4.235022
glory	7.1892996	5.603046	7.0599537
lay	4.7236285	4.369108	4.3494506
occasion	5.201065	5.194125	5.2559896
guard	5.0135694	5.124398	6.0824723
whole	5.424412	4.51147	5.5793686
mouth	5.2485895	4.6950674	4.884637
receive	6.577607	4.7781954	5.283227
take	4.5307703	5.541675	4.9874587
simple	6.4314995	4.202319	5.6542177
error	2.1459966	5.34151	3.7875977
wisdom	7.034823	4.855048	7.2666035
rock	5.073512	4.954888	5.371936
decide	5.218707	5.2008924	6.0721035
exclaim	5.889533	6.316822	5.710349
assure	7.659164	5.2773695	6.39517
sign	5.150546	3.935474	4.5560637
preserve	6.137526	4.032338	5.686818
commerce	6.5723624	5.1669436	6.9236665
plant	5.034776	4.1917806	4.8715487
walk	6.0288596	4.2841134	4.3197775
difference	4.591841	4.6778536	4.8436475
hang	4.2927556	4.371908	4.162086
following	7.38086	3.7885933	5.9907846
employ	4.7730513	4.9982247	5.5619955
