deal	5.2680383	5.325819	5.771866
study	6.845307	4.4226065	6.7461767
afford	6.5345445	4.839664	5.721961
service	6.552114	4.766821	6.1635695
height	5.121633	5.267651	5.5814424
prospect	7.327286	5.322588	6.5274
pleasant	7.5453215	4.0235133	4.934373
shade	4.4612794	3.781884	3.4355736
listen	5.219434	5.4500036	4.631479
mighty	6.1912956	5.4861383	7.0650954
country	5.2553263	4.385598	5.791301
title	7.4998703	4.283211	6.695118
choose	5.5746374	4.3900237	5.255504
village	6.4876575	4.7817574	5.7691493
acquire	7.7914767	5.7416086	8.043856
rank	6.022003	5.268008	6.0030894
bow	5.9141216	4.2235622	5.1243453
doctor	4.6218867	4.1477423	4.994193
talent	8.017014	5.972451	7.8143835
source	6.309124	4.573704	5.633664
lead	4.903866	5.7685995	5.194856
question	5.366196	4.1405725	5.5824914
publish	5.887329	4.998058	5.605289
interest	6.5606737	4.98586	5.960622
serve	5.514252	4.010799	4.742346
divine	7.353257	4.392789	6.935096
put	4.8317056	4.709759	4.299285
shadow	4.3492427	3.359311	3.8942251
practical	6.109436	4.3700986	6.2696896
surface	4.868068	2.9153776	4.0738583
account	5.3600035	4.61902	5.407474
loss	3.6488552	5.2823563	3.7138557
indian	5.011686	5.0680566	5.1943502
vine	7.0206103	3.5297933	5.5467257
certain	5.2803855	5.260164	5.7960467
sin	2.8866765	5.477906	4.5137353
necessity	4.2794743	5.1403193	5.372976
lose	4.5049167	5.242874	4.686883
private	4.168332	4.1236753	4.492286
gentleman	6.239393	4.517546	5.7560215
daughter	5.8060513	4.53748	5.6163034
drive	2.9853883	6.790573	4.5005894
strange	4.2793665	5.6167216	4.1191072
journey	6.179295	3.9800968	4.652021
uncle	6.4078307	3.8260417	5.4175596
species	5.3703585	5.2661877	4.91447
think	5.869375	4.6631985	4.9901023
bed	5.0186534	3.0179803	3.3852801
wind	4.786077	4.8888254	4.394823
bless	8.64327	4.316017	6.557784
destroy	3.256239	6.827002	5.2664957
author	6.134566	4.543066	5.521454
sustain	5.5985823	4.9955273	6.035457
black	3.9436784	4.823696	3.9847732
event	6.626164	5.538555	6.938188
liberty	7.6969695	6.0725245	7.481081
negro	3.7131193	5.4505954	4.3364534
little	4.441822	3.9368	3.1360288
fortune	6.6794815	5.0676594	6.2164145
touch	5.523621	4.349456	4.332711
kill	3.8389726	6.5569487	4.9980693
feature	5.42231	3.8915935	5.2157807
happiness	8.321756	4.6343193	6.1065435
assume	4.1111174	4.724891	4.903879
notion	5.490887	4.2072597	5.009172
purchase	6.7303205	4.7077656	5.7624803
faithful	6.9437222	4.083327	6.354308
soldier	4.867385	5.7140903	5.9227395
father	5.628324	5.116298	6.109759
narrow	3.1550117	4.3800335	3.7629917
great	5.2556624	5.4806404	5.9583817
tear	3.06975	4.692093	2.6177423
honorable	6.204021	5.446489	6.467552
previous	4.5004196	4.6264744	4.666294
good	7.25189	4.298047	6.4261727
domestic	4.5280914	3.6220121	4.084649
glory	7.2402782	5.5183764	7.1498957
lay	4.722275	4.638082	4.455497
occasion	4.8899107	5.387013	5.1715217
guard	5.044348	5.28928	6.213342
whole	5.4270973	4.636722	5.705895
mouth	4.964695	4.578541	4.476734
receive	6.628047	4.8623857	5.338966
take	4.923692	5.329457	5.232227
simple	6.4714274	4.1116924	5.546943
error	2.3953695	5.4889507	3.9373007
wisdom	7.03208	4.6066866	7.1316695
rock	5.1029477	4.9666147	5.383603
decide	5.5444946	5.2901006	6.37232
exclaim	5.8010406	6.144216	5.607398
assure	7.7765126	5.2835727	6.5156746
sign	5.2664394	3.807358	4.5373616
preserve	5.989728	3.844534	5.8243213
commerce	6.387524	5.2628813	6.947153
plant	5.264813	4.212392	5.0520015
walk	6.092725	4.3428974	4.344827
difference	4.8757105	4.565834	4.8520265
hang	4.4615865	4.6110277	4.208933
following	7.2269783	3.5862923	5.756713
employ	4.829938	5.1014056	5.522581
