deal	5.15067	5.0511165	5.5234156
study	6.63549	4.303478	6.3902407
afford	6.4952455	4.9905057	5.89969
service	6.5535765	4.5306683	6.0537224
height	5.29059	5.2842903	5.759556
prospect	7.5613728	5.335807	6.601031
pleasant	7.460355	4.218336	4.9555855
shade	4.516012	3.7077584	3.4571002
listen	5.2401867	5.3463326	4.589384
mighty	6.169571	5.7081003	7.0373764
country	5.3729143	4.565673	5.7042446
title	7.3444033	4.5234737	6.9782424
choose	5.522497	4.3184786	4.9818234
village	6.2286596	4.846366	5.828453
acquire	7.795845	5.586666	8.026038
rank	6.006793	5.1978498	6.0466175
bow	5.858104	4.0694423	4.973635
doctor	5.089226	4.2376037	5.223861
talent	7.9073124	5.9523525	7.784733
source	6.1686974	4.9076824	5.717676
lead	4.934173	5.7366056	5.338253
question	5.3289022	4.321335	5.447757
publish	5.2669883	5.061774	5.5182323
interest	6.5276423	5.006094	5.8317595
serve	5.324599	3.9515843	4.577549
divine	7.62344	4.3876076	7.098835
put	5.094075	4.678428	4.54214
shadow	4.219904	3.307634	3.736919
practical	6.3311386	4.3365645	6.2493067
surface	4.856638	3.0721154	4.0323935
account	5.7719107	4.666511	5.6728234
loss	3.6258123	5.4472265	3.8709536
indian	5.144249	5.085079	5.3044434
vine	7.292183	3.6904721	5.7247214
certain	5.318017	5.396226	5.895999
sin	2.8180265	5.30601	4.506404
necessity	4.246048	5.220319	5.2512903
lose	4.3497243	5.4360332	4.6467485
private	4.1082835	4.364335	4.6271114
gentleman	6.380332	4.5491576	5.6781654
daughter	5.819421	4.7675505	5.67955
drive	3.023242	6.8301554	4.4388647
strange	4.075477	5.726328	4.227387
journey	6.250686	4.04016	4.6520405
uncle	6.626146	4.0997953	5.7022424
species	5.5981174	5.199327	4.9896297
think	5.7406044	4.771381	5.1607537
bed	5.028057	3.259987	3.5338144
wind	4.903363	4.8870974	4.548391
bless	8.314667	4.254961	6.429558
destroy	3.1611285	6.759714	5.3310113
author	5.7492833	4.454094	5.179926
sustain	5.475211	5.1587443	6.0741105
black	3.966477	4.895372	4.0344844
event	6.5774603	5.651104	6.874537
liberty	7.559824	6.065372	7.567954
negro	4.0788584	5.221053	4.453222
little	4.4939413	3.9286513	3.2413368
fortune	6.470024	4.939857	6.0035744
touch	5.5169344	4.444664	4.461718
kill	3.933248	6.4983616	5.0834208
feature	5.5018272	3.8710804	5.365136
happiness	8.27714	4.735198	6.120639
assume	4.0213795	4.962138	4.920046
notion	5.5322247	4.2408595	5.000524
purchase	6.819727	4.595621	5.9058933
faithful	6.8210406	3.916713	6.09838
soldier	4.821188	5.6971617	5.8018665
father	5.741234	4.801505	5.889879
narrow	3.0504117	4.5310574	3.8459594
great	5.533097	5.408869	6.2574368
tear	2.8656764	5.071016	2.5519743
honorable	6.300996	5.475293	6.5221415
previous	4.4974575	4.5175104	4.663211
good	6.9781	4.410961	6.493942
domestic	4.8052554	3.637537	4.2065496
glory	7.3397613	5.3519664	6.886653
lay	4.992949	4.668945	4.570076
occasion	5.3842525	5.2875133	5.394351
guard	4.758449	5.080399	5.979454
whole	5.3469906	4.862605	5.6815815
mouth	4.993475	4.6534734	4.788064
receive	6.81614	4.918887	5.637422
take	4.573482	5.3871126	5.266006
simple	6.3253436	4.1451545	5.6662455
error	2.1601276	5.2982216	3.8958435
wisdom	7.1661644	4.660668	7.040127
rock	5.0587087	5.1623726	5.4904466
decide	5.337013	5.250133	6.2637815
exclaim	5.6517057	6.35061	5.535254
assure	7.6377954	5.2512536	6.4749217
sign	5.118245	3.8685565	4.593219
preserve	5.9701114	3.8354735	5.769571
commerce	6.5443497	5.173293	6.75084
plant	5.2247705	4.1805496	4.974711
walk	6.0249634	4.531397	4.4444222
difference	5.0560956	4.615853	5.07578
hang	4.3931727	4.49763	4.297302
following	7.184337	3.5155878	5.6821246
employ	5.01546	4.917353	5.514983
