deal	4.974986	5.5644403	5.8403435
study	6.612387	4.363974	6.480975
afford	6.443563	4.6998606	5.5715103
service	6.595145	4.8676496	6.1671586
height	5.406911	5.1950912	5.7872086
prospect	7.5124965	5.3425965	6.4277563
pleasant	7.5430083	4.0278835	4.887006
shade	4.398644	3.7020903	3.3314483
listen	5.207277	5.4333234	4.559381
mighty	6.3082695	5.455977	7.1906624
country	5.6238856	4.455043	5.7690253
title	7.316079	4.4335313	6.739761
choose	5.479538	4.3790307	4.895509
village	6.5465784	4.742004	5.78052
acquire	7.8732553	5.7587295	8.008675
rank	5.9173126	5.4234242	6.0491853
bow	5.7124195	4.194754	4.7563286
doctor	5.0998883	4.120008	5.213248
talent	7.9763813	5.7992883	7.643001
source	6.1765423	4.8445053	5.7585173
lead	5.014654	5.780255	5.364834
question	5.184334	4.1687527	5.4586744
publish	5.542199	5.0446954	5.459251
interest	6.5306892	4.946125	5.8735323
serve	5.555005	4.0032997	4.6937933
divine	7.350931	4.543079	7.1887817
put	4.8120303	4.634056	4.2685194
shadow	4.259626	3.247048	3.5848522
practical	6.0260353	4.192926	6.179921
surface	4.845523	3.0927525	4.032402
account	5.6969748	4.7440505	5.898686
loss	3.4702878	5.4903326	3.892851
indian	4.958123	5.0435023	5.2863746
vine	7.3228908	3.4827561	5.703147
certain	5.1319156	5.235787	5.79881
sin	2.9763803	5.40324	4.464435
necessity	4.1206946	5.0672536	5.284522
lose	4.2984667	5.4344296	4.4858446
private	4.081576	4.486949	4.698746
gentleman	6.361096	4.559915	5.6835456
daughter	6.1682463	4.645401	5.8858776
drive	3.1212735	6.8019123	4.6325717
strange	4.252828	5.5493975	4.2233076
journey	6.3573356	4.1318398	4.7222223
uncle	7.012353	3.7928858	6.027075
species	5.6234627	5.152219	4.9032516
think	5.656976	4.684264	5.0033603
bed	4.9986157	3.1019735	3.437571
wind	4.616164	4.771471	4.48026
bless	8.329803	4.3529596	6.4624596
destroy	3.1908216	6.625309	5.027345
author	5.8340445	4.603531	5.222515
sustain	5.20893	5.11355	5.913301
black	3.8159375	4.7765565	4.016281
event	6.511918	5.5086975	6.8027253
liberty	7.6854744	5.8995504	7.6296177
negro	4.009966	5.142914	4.5059304
little	4.611743	3.6653378	3.2411985
fortune	6.59804	5.305263	6.3759766
touch	5.488928	4.317754	4.417417
kill	3.919095	6.422176	4.806981
feature	5.752792	3.7351158	5.2305965
happiness	8.3684025	4.693712	6.2035255
assume	4.0320315	5.1694694	4.892129
notion	5.604944	4.1606803	5.066449
purchase	6.7283435	4.608591	5.873515
faithful	6.596634	4.2415714	6.140942
soldier	4.6952033	5.8605294	6.0643187
father	5.985057	4.8327007	6.0937243
narrow	3.1922512	4.3737516	3.6813467
great	5.2453794	5.672344	6.1649446
tear	3.2346013	4.6590605	2.7121592
honorable	6.1813993	5.363287	6.3439126
previous	4.3754816	4.584079	4.537239
good	6.7999964	4.6405478	6.5626545
domestic	4.4898133	3.4862504	3.9110837
glory	7.432852	5.468365	7.138889
lay	4.639661	4.7578607	4.4994335
occasion	4.81579	5.482054	5.299423
guard	4.7742677	5.1398497	6.2417393
whole	5.6377964	4.5383015	5.620812
mouth	5.0431337	4.621674	4.6652274
receive	6.68106	4.856902	5.4302645
take	4.5379295	5.3554053	5.2533164
simple	6.6502457	4.090248	5.752487
error	2.2768908	5.341108	3.8048859
wisdom	7.109166	4.6785536	7.2157564
rock	4.953388	5.089446	5.3590302
decide	5.1108656	5.119203	6.144718
exclaim	5.750998	6.257988	5.6274366
assure	7.423091	5.148507	6.127326
sign	5.003353	3.9197488	4.5156
preserve	5.879077	4.007001	5.6274676
commerce	6.297779	5.2364593	6.881202
plant	5.2162013	4.1257663	4.7871222
walk	6.1035304	4.356109	4.2734904
difference	4.4842644	4.61541	4.974139
hang	4.4454427	4.3313465	4.1905584
following	7.4573593	3.5858822	5.7639136
employ	4.6802087	4.918086	5.444252
