deal	4.8656144	5.555343	5.809827
study	6.5410576	4.5183916	6.6088457
afford	6.591464	4.6777573	5.682727
service	6.6275854	4.804865	6.2843175
height	5.2597804	5.2292576	5.5677934
prospect	7.311445	5.236008	6.2189736
pleasant	7.5157948	4.1821775	4.933874
shade	4.4404464	3.6973572	3.2876253
listen	5.455166	5.516442	4.866134
mighty	6.2300735	5.601894	7.084238
country	5.596453	4.4353085	5.872529
title	7.3737755	4.3397026	6.8486185
choose	5.665169	4.4934998	5.101649
village	6.1501303	4.8149033	5.7321777
acquire	7.6209126	5.7172976	7.78242
rank	5.954733	5.2873573	6.030019
bow	5.835434	4.030679	4.858865
doctor	4.7867107	4.086128	5.1334867
talent	7.9421434	5.8581614	7.665512
source	6.1215835	4.8414965	5.759227
lead	5.071989	5.7686725	5.186595
question	5.2308025	4.2977953	5.667818
publish	5.4807177	5.055634	5.382951
interest	6.752355	5.3246055	6.3121843
serve	5.5011177	4.1110673	4.8037357
divine	7.2729144	4.2598896	6.9537697
put	5.0964217	4.386062	4.291587
shadow	4.283231	3.2798653	3.744744
practical	6.011235	4.3592205	6.073425
surface	4.674782	2.8032715	3.9642146
account	5.6802974	4.4452796	5.5792685
loss	3.5608234	5.336884	3.8391585
indian	4.7509894	5.12883	5.1757293
vine	6.915126	3.552062	5.509693
certain	5.2072067	5.1229944	5.7961493
sin	2.8927195	5.506429	4.5541224
necessity	4.2026005	5.0789814	5.3519926
lose	4.231971	5.448089	4.683345
private	4.2778788	4.1171484	4.536802
gentleman	6.6414647	4.4307303	5.6910305
daughter	5.850414	4.5493035	5.5369196
drive	3.0501504	6.629273	4.295385
strange	4.1686654	5.6928844	4.2163243
journey	6.135967	4.22956	4.750983
uncle	6.6407156	3.9467168	5.747164
species	5.7327147	5.375208	5.147542
think	5.576709	4.8321414	5.010228
bed	4.8296914	3.0465887	3.174675
wind	4.527166	4.759892	4.386826
bless	8.290938	4.263533	6.3910866
destroy	3.1741009	6.658164	5.010985
author	5.893058	4.795848	5.4627986
sustain	5.5230885	5.1088266	5.9722576
black	3.789331	4.964386	4.109398
event	6.3779507	5.7700496	6.83472
liberty	7.6085014	5.9454856	7.4809713
negro	3.7015092	5.193589	4.18073
little	4.2148676	4.0118594	3.2520795
fortune	6.6739845	5.169935	6.289465
touch	5.606948	4.21002	4.291038
kill	3.7590213	6.3941784	4.955406
feature	5.509125	3.678794	5.2456985
happiness	8.160778	4.845428	6.1171894
assume	4.198296	4.9523983	4.918732
notion	5.4154854	4.377242	4.8979883
purchase	6.963189	4.5668592	5.944657
faithful	6.6522202	4.155245	6.080467
soldier	4.700064	5.7262034	5.8821855
father	5.9650555	4.8145065	5.9732223
narrow	3.0544498	4.495206	3.8238842
great	5.1217294	5.503282	6.0965776
tear	3.2540839	4.7903814	2.78654
honorable	6.109273	5.395241	6.2476597
previous	4.4517107	4.5949373	4.666469
good	6.9579515	4.279949	6.3243637
domestic	4.6255174	3.48249	4.0344872
glory	7.329825	5.3719425	6.9836597
lay	4.6176953	4.6305685	4.565015
occasion	5.2702103	5.147323	5.2687535
guard	4.9984765	5.297238	6.20432
whole	5.3792887	4.4250507	5.598065
mouth	4.926652	4.6615396	4.763262
receive	6.706787	4.835049	5.507432
take	4.6048303	5.25389	5.064669
simple	6.48845	4.246527	5.706299
error	2.3439405	5.553885	3.937659
wisdom	6.921805	4.835682	7.0873795
rock	4.987032	5.0860558	5.3145304
decide	5.124908	5.216338	6.1670175
exclaim	5.80461	6.3610063	5.589825
assure	7.6507235	5.176395	6.394689
sign	4.9767323	3.8272429	4.577064
preserve	5.7779446	3.8806338	5.5425663
commerce	6.331055	5.14174	6.8420534
plant	5.2142277	4.2480125	5.035537
walk	6.136915	4.524538	4.365888
difference	5.0017476	4.419067	5.0160403
hang	4.6984324	4.3012986	4.295864
following	7.228939	3.626794	5.7811203
employ	5.0643325	5.075092	5.6442685
