deal	4.873945	5.284891	5.5839915
study	6.608002	4.272697	6.534251
afford	6.7509246	4.573967	5.8141294
service	6.3522334	4.6667476	6.015971
height	5.3739986	5.246661	5.7915063
prospect	7.501426	5.1720243	6.2207475
pleasant	7.401416	4.04317	4.898786
shade	4.297694	3.683317	3.2594295
listen	5.128961	5.469268	4.6919074
mighty	6.227735	5.601325	7.196298
country	5.4462667	4.366336	5.7749195
title	7.4063263	4.2083626	6.6563034
choose	5.4325466	4.273999	5.0978947
village	6.287281	4.7103534	5.837713
acquire	7.677627	5.5939775	7.8701477
rank	5.9040723	5.2431273	5.8576365
bow	6.120412	4.1443815	5.2189655
doctor	5.2804956	4.213785	5.272683
talent	8.174812	5.7570257	7.7731466
source	6.3288803	4.7268233	5.82416
lead	4.9419775	5.6480165	5.238969
question	4.7791166	4.3672886	5.3696876
publish	5.654336	4.9479733	5.53476
interest	6.3447037	5.2944784	6.205102
serve	5.119405	3.9593081	4.6098022
divine	7.459877	4.383029	7.0576153
put	4.875996	4.4675946	4.0886884
shadow	4.331787	3.2314584	3.7253234
practical	6.1587896	4.4989977	6.347492
surface	4.7569556	2.8856013	3.9082518
account	5.65582	4.63276	5.702588
loss	3.2435908	5.3583503	3.6719105
indian	4.6505823	5.0473475	5.0096655
vine	7.0257263	3.5788722	5.569818
certain	5.4821296	5.156128	5.7908554
sin	3.097876	5.218144	4.4940515
necessity	4.294131	5.1495767	5.427897
lose	4.42467	5.071955	4.378462
private	4.023795	4.2501802	4.61004
gentleman	6.3311367	4.5644684	5.6771865
daughter	6.111844	4.5392313	5.743069
drive	3.2798748	6.656437	4.5176983
strange	4.435628	5.5797653	4.1867995
journey	6.097509	3.9895992	4.5867634
uncle	6.9161983	3.7666953	5.735866
species	5.40714	5.276395	4.9213324
think	5.880224	4.4511557	4.999135
bed	4.9254994	2.9521723	3.2051332
wind	4.567983	4.745996	4.28977
bless	8.491813	4.2818203	6.322653
destroy	3.3910222	6.4649143	5.135106
author	5.6890254	4.5580997	5.319671
sustain	5.3522325	5.000492	5.918127
black	4.0155005	4.6334715	3.835232
event	6.405175	5.648022	6.740283
liberty	7.956847	6.0632186	7.9538317
negro	3.9882107	5.3769217	4.504935
little	4.317939	3.9624166	3.142952
fortune	6.3456697	5.095662	6.2236376
touch	5.7271028	4.3959846	4.488454
kill	3.8110237	6.3301687	4.8396654
feature	5.645358	3.7323647	5.316964
happiness	8.098795	4.7151084	6.117259
assume	4.0991206	4.92292	4.793348
notion	5.7845488	4.2021847	5.0294247
purchase	6.6734242	4.492251	5.8168607
faithful	6.7971377	4.221549	6.381584
soldier	4.556268	6.10343	5.9200225
father	5.9349694	5.1008067	6.118258
narrow	3.1507144	4.45911	3.6163971
great	5.1691303	5.5972476	6.292311
tear	3.143159	4.815015	2.593672
honorable	6.031219	5.501436	6.2971063
previous	4.5053177	4.5846844	4.63136
good	7.090257	4.3032546	6.3733826
domestic	4.838285	3.4296393	4.251446
glory	7.278041	5.5483475	6.9253893
lay	4.5247874	4.630466	4.314445
occasion	4.9951396	5.2687483	5.094292
guard	5.144609	5.38737	6.3159175
whole	5.4347496	4.700951	5.7062783
mouth	5.062536	4.542716	4.633967
receive	6.5448604	4.9596825	5.4395375
take	4.8163686	5.41198	5.3109336
simple	6.5055876	4.2166924	5.7371817
error	2.2090406	5.534446	3.899803
wisdom	7.0884237	4.700918	7.079829
rock	5.0328465	4.943304	5.4652185
decide	5.011157	5.1350207	6.0665536
exclaim	6.0146303	6.230152	5.6786294
assure	7.4257517	5.1207185	6.243523
sign	5.414114	3.8712928	4.6322174
preserve	5.9825172	3.7184157	5.583182
commerce	6.399071	5.2378054	6.775919
plant	5.273196	4.2122116	4.856653
walk	5.886781	4.319108	4.274312
difference	4.6913657	4.565793	4.9193907
hang	4.39507	4.408331	4.171767
following	7.460676	3.809915	6.10996
employ	4.92691	4.864507	5.6057115
