deal	4.872235	5.4780264	5.6624684
study	6.719283	4.3324122	6.5692396
afford	6.6116076	5.056864	6.0837975
service	6.2827377	4.8368945	6.1749253
height	5.2537613	5.2068954	5.6716394
prospect	7.5083694	5.319776	6.4061227
pleasant	7.5003853	4.1329856	4.9176707
shade	4.412357	3.8764775	3.4260118
listen	5.5253267	5.4769845	4.819239
mighty	6.3903065	5.6521993	7.2316484
country	5.746908	4.303568	5.6755056
title	7.3827553	4.48002	6.9242496
choose	5.5597115	4.195711	4.989341
village	6.169655	4.9029603	5.7623706
acquire	7.5301723	5.570758	7.917471
rank	6.0628934	5.2283845	6.0504146
bow	5.7153535	4.17419	5.1325107
doctor	4.8670273	4.087818	4.989254
talent	7.923517	5.960861	7.582739
source	6.041684	4.9406605	5.66461
lead	4.9952264	5.648272	5.21136
question	5.121048	4.218421	5.426641
publish	5.6684175	5.0981026	5.661318
interest	6.674329	5.009126	6.036952
serve	5.365943	4.048028	4.7909055
divine	7.5503635	4.4242015	7.0599394
put	4.7257204	4.5676804	4.0853987
shadow	4.2486153	3.3844	3.8409064
practical	6.0625367	4.3527775	6.304384
surface	4.6571503	2.933716	3.8504522
account	5.755987	4.6341653	5.6103125
loss	3.1970773	5.3942013	3.6403964
indian	4.716286	5.366475	5.408881
vine	6.84748	3.7228522	5.5254016
certain	5.0060773	5.3370843	5.730831
sin	2.8228993	5.5227394	4.496225
necessity	4.303178	5.185709	5.383263
lose	4.1375036	5.2749276	4.4063025
private	3.9460292	4.3681035	4.507717
gentleman	6.52806	4.369397	5.772527
daughter	5.7131095	4.5812263	5.590008
drive	2.966494	6.6157975	4.3919992
strange	4.3300505	5.7445526	4.3632164
journey	6.199437	4.017429	4.6607313
uncle	6.623452	3.8840556	5.9036155
species	5.5070233	5.3989553	4.8226953
think	5.987338	4.7011294	5.3317013
bed	5.0583763	3.0725105	3.4625928
wind	4.548384	4.7011623	4.3612976
bless	8.466676	4.399173	6.42676
destroy	3.1936402	6.799768	5.1905527
author	5.870722	4.535443	5.283042
sustain	5.412185	5.0106325	6.052206
black	3.731463	5.0856624	4.116132
event	6.3850727	5.7367454	6.8162327
liberty	7.993865	6.100174	7.6132207
negro	3.8053691	5.1898503	4.3336167
little	4.3247895	3.8202758	3.2225165
fortune	6.4138517	5.1410227	6.1807795
touch	5.57006	4.2568536	4.326811
kill	3.6797917	6.5372086	4.7648797
feature	5.6019926	3.85079	5.2565002
happiness	8.286865	4.7905827	6.1251936
assume	4.1076026	4.866455	4.958707
notion	5.524001	4.272042	4.992236
purchase	6.872532	4.489001	5.7672205
faithful	6.7440715	4.2555776	6.404561
soldier	4.5181623	5.7902503	5.9346504
father	5.42607	4.8774285	5.828608
narrow	2.9158058	4.5017977	3.590502
great	4.9795713	5.3247275	5.904509
tear	3.2934303	4.567818	2.6770718
honorable	6.1574154	5.419784	6.3638425
previous	4.384542	4.3961926	4.4600005
good	7.0208893	4.4654946	6.446053
domestic	4.708131	3.7574697	4.1056466
glory	7.5656853	5.5233536	7.176825
lay	4.793753	4.6184893	4.4227867
occasion	5.0006943	5.4030113	5.2440057
guard	4.941323	5.3456564	6.286701
whole	5.2380333	4.6213245	5.628028
mouth	5.2520857	4.7573133	4.7159467
receive	6.4001274	4.9997077	5.409529
take	4.6656785	5.2076087	4.9855113
simple	6.2648153	4.358371	5.7581453
error	2.1846776	5.4144626	3.8708868
wisdom	6.92694	4.661984	7.0522223
rock	5.225416	5.0753527	5.5026197
decide	5.4534707	5.003261	6.156602
exclaim	6.024881	6.2057214	5.7627373
assure	7.6038895	5.260705	6.3930216
sign	4.960621	3.9902923	4.492759
preserve	5.9517727	4.041006	5.7529373
commerce	6.5286837	5.333364	6.9116273
plant	5.122622	4.07267	4.784624
walk	6.0732613	4.414614	4.5817146
difference	4.9453225	4.552352	5.0557837
hang	4.1529245	4.542839	4.200353
following	7.278454	3.7548237	5.894018
employ	4.8259063	4.823306	5.5480347
