deal	5.1225605	5.12679	5.555457
study	6.689212	4.296564	6.5607195
afford	6.497029	4.900119	5.8064685
service	6.5788546	4.9822345	6.2212343
height	5.3764153	5.2833295	5.857627
prospect	7.443083	5.3023615	6.4563413
pleasant	7.5902386	4.0885286	4.9866214
shade	4.3745165	3.8304255	3.3697793
listen	5.453826	5.5981236	4.90137
mighty	6.2419186	5.564542	7.1047316
country	5.44969	4.2442484	5.642011
title	7.4129996	4.410578	6.7736835
choose	5.3243895	4.340114	4.8410525
village	6.302738	4.875786	5.7751045
acquire	7.679416	5.739306	8.037484
rank	5.711573	5.2749753	5.907951
bow	5.797762	4.027882	4.9167438
doctor	4.8725266	4.1643867	5.1315103
talent	7.8292646	5.8563175	7.7176957
source	6.3393984	4.8010955	5.725749
lead	4.932948	5.830505	5.279772
question	5.174521	4.1465244	5.432394
publish	5.645774	4.9286904	5.5041237
interest	6.524227	5.1571684	6.113817
serve	5.465311	4.025879	4.7168026
divine	7.4193125	4.4315677	7.0961266
put	4.699583	4.6771135	4.2067733
shadow	4.322826	3.2431457	3.5946968
practical	6.1969643	4.397065	6.311246
surface	4.7006783	3.0117724	3.9024243
account	5.6967688	4.654483	5.6612115
loss	3.3940659	5.47207	3.6662812
indian	4.8774014	5.1209373	5.209803
vine	6.9307346	3.7681315	5.759525
certain	5.182125	5.306853	5.880539
sin	2.973925	5.6305127	4.595586
necessity	4.202918	5.043039	5.184063
lose	4.331424	5.2687035	4.4837484
private	4.1025796	4.1077137	4.4983916
gentleman	6.473257	4.461238	5.8892455
daughter	5.9929695	4.515144	5.622297
drive	3.1883285	6.6452365	4.5186768
strange	4.2750616	5.587733	4.299762
journey	6.240013	4.250974	4.556286
uncle	6.6952105	4.2163115	5.9957514
species	5.3708744	5.295174	5.0378056
think	5.5667486	4.658035	4.9466734
bed	5.1103415	2.899773	3.306211
wind	4.479185	4.939146	4.3352876
bless	8.535715	4.3408356	6.377256
destroy	3.1366265	6.721751	5.1463895
author	5.8720407	4.5326977	5.279467
sustain	5.2955017	5.041846	5.827263
black	3.8021426	4.9949274	4.105132
event	6.279031	5.731398	6.830052
liberty	7.815272	5.8147573	7.5258317
negro	3.9179626	5.2006297	4.305084
little	4.3540363	4.018828	3.2399087
fortune	6.503683	5.1521683	6.1761637
touch	5.348268	4.448821	4.165368
kill	3.8113627	6.5257506	4.8666844
feature	5.5765715	3.6724863	5.2104206
happiness	8.1632	4.6891336	6.0297585
assume	4.0999804	4.94528	4.8287897
notion	5.747954	4.175278	5.141933
purchase	6.9156256	4.4728737	5.811531
faithful	6.591073	4.1256957	5.954075
soldier	4.35248	5.7691607	5.623718
father	5.964778	5.0887437	6.1992207
narrow	3.0223732	4.3392324	3.659121
great	5.2591057	5.5741177	6.027874
tear	3.1899347	4.729368	2.62057
honorable	6.2264786	5.4142747	6.484852
previous	4.6157494	4.4633226	4.530674
good	7.0973945	4.32588	6.377338
domestic	4.7801023	3.2568097	3.8341587
glory	7.380003	5.59368	7.0978327
lay	4.7706623	4.4868035	4.5015674
occasion	5.455523	5.34532	5.4022474
guard	4.751523	5.198045	5.926799
whole	5.2474275	4.58477	5.7164555
mouth	4.8558655	4.6888413	4.58931
receive	6.7103796	4.918409	5.65006
take	4.5967765	5.514328	5.0783067
simple	6.3550553	4.247382	5.6696286
error	2.20385	5.568362	3.8139281
wisdom	6.9270673	4.889375	7.1677194
rock	5.1456413	4.977941	5.461366
decide	5.266984	5.0725794	6.097345
exclaim	5.935192	6.279971	5.730498
assure	7.5189815	5.3492155	6.48298
sign	5.0178547	3.9128935	4.5334454
preserve	5.6923976	4.1020937	5.660455
commerce	6.4285727	5.1537113	6.9102783
plant	4.9363437	4.263857	4.8737335
walk	5.998151	4.531302	4.4873743
difference	4.8615155	4.4306293	4.881244
hang	4.524721	4.634507	4.4445133
following	7.1451607	3.7382421	5.742064
employ	4.8882565	4.9576044	5.5888977
