deal	4.8301935	5.332889	5.5751324
study	6.6451626	4.4949865	6.610382
afford	6.7849827	4.6135535	5.9884977
service	6.712474	4.6070786	6.2349834
height	5.1462193	5.354503	5.823906
prospect	7.6217623	5.2737303	6.529607
pleasant	7.382621	4.0658092	4.7594924
shade	4.6894608	3.6365228	3.3986468
listen	5.3165846	5.34709	4.730291
mighty	6.3142705	5.636796	7.0418596
country	5.7151165	4.3348045	5.943402
title	7.337985	4.5609555	6.9393616
choose	5.613995	4.2132435	5.0125146
village	6.218028	4.756613	5.737906
acquire	7.658626	5.7322087	7.951475
rank	5.636482	5.329274	5.8313584
bow	5.7260675	4.277311	4.7832394
doctor	4.830024	4.221507	5.146527
talent	7.9616675	5.684943	7.742482
source	6.096673	5.0579686	5.8432817
lead	5.056048	5.57971	5.1973796
question	4.966524	4.3613453	5.3062143
publish	5.3824544	5.213746	5.446466
interest	6.7661176	4.9427814	6.0006714
serve	5.5279517	3.7206466	4.685009
divine	7.464823	4.4910083	7.1535754
put	5.075924	4.406019	4.298231
shadow	4.472542	3.2860584	3.778741
practical	6.278462	4.3529053	6.261715
surface	4.7227764	3.020129	3.947136
account	5.6550207	4.7086587	5.813706
loss	3.3624954	5.48904	3.6713226
indian	5.0786924	5.275255	5.4359574
vine	6.879078	3.8548794	5.4335656
certain	5.2232666	5.2825246	5.7382026
sin	2.9279032	5.3567133	4.498521
necessity	4.2812304	5.2047205	5.5159492
lose	4.2015224	5.3450913	4.618473
private	4.1247473	4.3420177	4.6716976
gentleman	6.315749	4.3849897	5.546128
daughter	5.7901487	4.735855	5.690416
drive	2.9367821	6.626155	4.413425
strange	4.1960382	5.643205	4.266334
journey	6.2574253	4.074729	4.5927486
uncle	6.7487154	3.9971144	6.1408024
species	5.565146	5.308488	5.1020727
think	5.7461333	4.6259155	4.8813705
bed	4.887353	3.0462713	3.2782087
wind	4.4994373	4.849471	4.48428
bless	8.382633	4.2857485	6.2747464
destroy	3.3314967	6.616956	5.1652393
author	5.7146845	4.7467017	5.15025
sustain	5.4020643	5.1128693	5.9028606
black	3.749426	4.9890385	3.8353453
event	6.5702534	5.627396	6.8990297
liberty	7.6686144	6.085933	7.8156586
negro	3.6523829	5.426493	4.1283116
little	4.4495077	4.0479856	3.340716
fortune	6.4748673	5.1978283	6.1865892
touch	5.5863695	4.251594	4.330647
kill	3.5050576	6.4795747	4.716755
feature	5.7314115	3.928866	5.540327
happiness	8.29586	4.806432	6.0707636
assume	4.1310797	5.097151	4.9577837
notion	5.425569	4.255478	5.027425
purchase	6.757572	4.53904	5.8725076
faithful	6.7296324	4.1055193	6.2084646
soldier	4.440656	5.73631	5.779118
father	5.980866	4.976055	6.2187777
narrow	3.0386405	4.3384457	3.485323
great	4.98988	5.7889767	6.003123
tear	3.3850493	4.9518275	2.7274818
honorable	6.0761814	5.336164	6.257593
previous	4.49955	4.5248566	4.5933013
good	6.7150917	4.4603806	6.236927
domestic	4.798446	3.3187518	4.080337
glory	7.336175	5.4213457	7.006345
lay	4.736648	4.6046743	4.3701773
occasion	5.2793493	5.295752	5.3869524
guard	4.9959383	5.157362	6.135291
whole	5.4151735	4.660686	5.5638895
mouth	4.902901	4.780707	4.648831
receive	6.6224327	4.8840327	5.652902
take	4.7295446	5.259837	5.2102003
simple	6.4163976	4.141049	5.728441
error	2.4784932	5.4486747	4.001235
wisdom	7.176003	4.695675	7.1969714
rock	4.9525757	5.0036206	5.2984657
decide	5.3853292	5.0001655	6.0931954
exclaim	5.7008967	6.227164	5.3956614
assure	7.440809	5.2658553	6.2817035
sign	4.8935328	4.01557	4.559023
preserve	5.7392316	3.949387	5.6964803
commerce	6.310428	5.112481	6.794244
plant	5.0210605	4.266828	4.714918
walk	5.833336	4.392363	4.258791
difference	4.8168626	4.6151705	5.0761557
hang	4.4515953	4.527323	4.2516313
following	7.287245	3.5148363	5.7214704
employ	4.9853954	4.8548694	5.6283026
