deal	5.1753173	5.3079133	5.818698
study	6.7556477	4.3373346	6.4892445
afford	6.598839	4.768881	5.7430773
service	6.4108195	4.960978	6.2906857
height	5.1965632	5.275052	5.8221908
prospect	7.4950924	5.1836557	6.462554
pleasant	7.459135	4.2473354	4.9909596
shade	4.299684	3.6555572	3.1836848
listen	5.35556	5.473714	4.8463974
mighty	6.285573	5.6535454	7.1984034
country	5.4627004	4.388565	5.8061924
title	7.2303114	4.4082255	6.646517
choose	5.651526	4.3754654	4.9748683
village	6.2907515	4.7148247	5.6189613
acquire	7.755716	5.725478	8.047392
rank	5.7114067	5.38225	5.831494
bow	5.858101	4.278517	4.8687725
doctor	4.8289433	4.26523	5.0472045
talent	7.990099	5.909877	7.7523847
source	6.2823215	4.78458	5.6726108
lead	5.0131984	5.713734	5.076425
question	5.1562963	4.3101187	5.4349704
publish	5.4404936	5.015353	5.3993473
interest	6.873661	5.1424155	6.393572
serve	5.3911657	4.065976	4.685919
divine	7.4138474	4.557959	7.2068906
put	4.975786	4.386823	4.213606
shadow	4.103725	3.462187	3.7756567
practical	6.0822606	4.3537016	6.279648
surface	4.514239	3.055012	4.018479
account	5.7857914	4.7093773	5.801114
loss	3.2764974	5.339012	3.7049088
indian	4.83739	5.050155	5.168414
vine	6.9531884	3.7691345	5.578743
certain	5.2949514	5.3971515	5.9974008
sin	2.8486793	5.297317	4.504738
necessity	4.307598	5.225312	5.492665
lose	4.35315	5.3608975	4.664963
private	4.028118	4.197966	4.5103226
gentleman	6.3172474	4.439492	5.6278954
daughter	5.7403665	4.4533825	5.4016533
drive	3.1822734	6.74896	4.224929
strange	4.292893	5.849979	4.407921
journey	6.227675	4.0648065	4.724174
uncle	6.6403375	3.9972003	5.7966332
species	5.4069166	5.281703	4.975573
think	5.6674385	4.749648	5.0021186
bed	5.1169763	3.016716	3.3741877
wind	4.6258907	4.962547	4.4793696
bless	8.485273	4.3540044	6.471767
destroy	3.219716	6.7087874	5.132034
author	5.907981	4.4061213	5.097845
sustain	5.34066	5.165537	6.053798
black	3.8746016	4.975491	4.0552173
event	6.676888	5.6246657	7.0038176
liberty	7.8342395	5.9700046	7.6862907
negro	3.7399743	5.1552334	4.1784334
little	4.476283	4.1622314	3.2267768
fortune	6.5092797	5.1301017	6.201707
touch	5.4452124	4.299404	4.2757144
kill	3.8304193	6.4587326	4.862484
feature	5.569267	3.7529058	5.1483603
happiness	8.31447	4.7473035	6.1959243
assume	4.004623	4.9375706	4.925777
notion	5.473588	4.1342635	4.9841857
purchase	6.904619	4.5702977	5.8775063
faithful	6.768746	4.0184526	6.02605
soldier	4.632783	5.834226	5.837655
father	5.7126193	4.831637	5.73337
narrow	3.13376	4.374045	3.8174267
great	5.6804614	5.585413	6.603306
tear	3.1132364	4.8594065	2.4891672
honorable	6.1049476	5.410856	6.3059063
previous	4.39536	4.6002855	4.6413655
good	7.0463705	4.417353	6.3554206
domestic	4.9268665	3.2984524	4.0202317
glory	7.368498	5.3567457	7.1478233
lay	4.9001927	4.398113	4.52931
occasion	5.259121	5.2849693	5.392624
guard	4.985212	5.0965934	6.0916147
whole	5.456955	4.6631083	5.728936
mouth	5.2219577	4.7150326	4.777532
receive	6.4975457	5.0830226	5.3948393
take	4.594145	5.391489	5.08049
simple	6.484625	4.23057	5.6777635
error	2.2907228	5.4344263	3.815778
wisdom	7.0848603	4.690292	7.195864
rock	5.0131044	4.9607067	5.30912
decide	5.2854004	5.253583	6.2681794
exclaim	5.8307757	6.450327	5.5839987
assure	7.6340504	5.246567	6.340501
sign	5.171148	3.788435	4.611414
preserve	5.9227414	4.0170655	5.787629
commerce	6.494089	4.994815	6.8440742
plant	5.0897036	4.487777	4.992277
walk	6.1533346	4.4287033	4.482623
difference	4.847939	4.4392014	5.0435805
hang	4.3995028	4.565053	4.061797
following	7.5287147	3.678871	5.9084287
employ	5.07911	4.9523177	5.634893
