deal	5.3966494	5.0413704	5.613707
study	6.6940765	4.361416	6.609393
afford	6.699667	4.6842546	6.0226164
service	6.5870533	4.682853	6.1771655
height	5.1983533	5.5401235	5.9647245
prospect	7.5835238	5.368317	6.6959257
pleasant	7.4094195	4.0540676	4.8257284
shade	4.4504423	3.6179228	3.2918844
listen	5.3772564	5.406594	4.8307548
mighty	6.224241	5.546483	7.039093
country	5.457958	4.3496485	5.7555904
title	7.3762712	4.627885	6.9042664
choose	5.365045	4.523151	4.9851823
village	6.392499	4.784051	5.6871986
acquire	7.8237543	5.7889786	8.113216
rank	5.8817353	5.269966	5.919918
bow	5.9102125	4.065328	5.029129
doctor	5.0703635	3.9428077	5.1196446
talent	8.007959	5.8280873	7.723465
source	6.4340553	4.9502816	5.9428387
lead	5.0201616	5.843407	5.35418
question	5.183902	4.0517273	5.4185953
publish	5.456236	4.9168553	5.323278
interest	6.5073323	5.0833836	5.954298
serve	5.4940176	3.8315547	4.582019
divine	7.4889383	4.134912	7.009096
put	5.1036897	4.5197787	4.516407
shadow	4.31734	3.3011026	3.7687025
practical	6.151511	4.3247533	6.1788225
surface	4.827805	3.082226	4.091509
account	5.595499	4.741149	5.6387925
loss	3.6515913	5.438138	3.9433565
indian	5.3582964	5.0615487	5.4642696
vine	7.054492	3.914462	5.6873364
certain	5.2531033	5.3152986	5.827432
sin	3.050951	5.1602244	4.4946527
necessity	4.421901	5.1682744	5.605965
lose	4.35123	5.4300127	4.7559915
private	4.0923696	4.298309	4.5567
gentleman	6.2864046	4.565033	5.660672
daughter	5.767572	4.692775	5.6150455
drive	3.0500093	6.6381073	4.5235567
strange	4.1251698	5.5334435	3.9512262
journey	6.2710843	4.2227397	4.7249246
uncle	7.0129046	4.1183877	6.189419
species	5.2446957	5.148942	4.7391286
think	5.693001	4.7848186	4.907182
bed	4.9774294	3.1192462	3.4714649
wind	4.600707	4.767511	4.365266
bless	8.623533	3.9985785	6.4164333
destroy	3.2323914	6.735998	5.181592
author	5.8285675	4.407277	5.169648
sustain	5.444538	5.0473423	6.0499625
black	3.7042375	4.732409	3.8853161
event	6.65688	5.555588	6.764312
liberty	7.7548704	5.9631987	7.6741476
negro	3.7962804	5.2129335	4.253846
little	4.5160217	3.78034	3.2306921
fortune	6.5842905	5.233973	6.2596817
touch	5.472822	4.365218	4.372992
kill	3.810131	6.549443	4.9244957
feature	5.374598	3.7545762	5.1339903
happiness	8.105051	4.921951	6.287214
assume	4.0264864	5.0295334	4.983064
notion	5.604629	4.177223	4.992236
purchase	6.8456445	4.5062	5.84797
faithful	6.8593864	4.2097235	6.2729445
soldier	4.6489305	5.781464	5.700424
father	6.0144863	4.921818	6.2736025
narrow	3.1910112	4.4993496	3.7474022
great	5.5043077	5.186586	5.878377
tear	3.1253529	4.8958244	2.8371167
honorable	6.1355524	5.2387495	6.212246
previous	4.5037475	4.624881	4.6367393
good	7.1796904	4.060674	6.2830095
domestic	4.720152	3.3750875	3.89822
glory	7.5078564	5.4057965	7.079895
lay	4.658533	4.477161	4.470234
occasion	5.190182	5.1799116	5.2476907
guard	5.2440042	4.917245	6.2355123
whole	5.235549	4.551635	5.520234
mouth	5.1964617	4.7183514	4.75282
receive	6.5440063	4.8894377	5.46256
take	5.055328	5.144775	5.244975
simple	6.423615	4.2155085	5.7211657
error	2.278149	5.3960056	3.7156253
wisdom	7.1305103	4.7033134	7.112018
rock	5.009808	5.083045	5.5283523
decide	5.176178	5.153756	6.0965023
exclaim	5.7879	5.972438	5.5171776
assure	7.6493645	5.2514486	6.388832
sign	5.171297	4.0137806	4.5634074
preserve	6.083614	4.018005	5.835073
commerce	6.426635	4.9994545	6.6432447
plant	4.956434	4.326475	4.7979274
walk	5.9671392	4.2991076	4.2385926
difference	4.7443666	4.5389295	4.9887843
hang	4.3971515	4.3453836	4.2283034
following	7.2027073	3.7413979	5.8588295
employ	4.8727584	4.6646986	5.328969
