deal	5.115631	5.2642546	5.7696505
study	6.5931025	4.428047	6.379099
afford	6.5212	4.890585	5.925273
service	6.433549	4.7471914	6.055745
height	5.227484	5.2378793	5.771553
prospect	7.372453	5.358082	6.436732
pleasant	7.525187	4.155262	4.978158
shade	4.355672	3.8605714	3.2746851
listen	5.520844	5.420591	4.983876
mighty	6.37753	5.6032715	7.2373195
country	5.487967	4.418295	5.830839
title	7.339409	4.395791	6.749116
choose	5.416892	4.3877225	4.9250264
village	6.243617	4.7443438	5.798518
acquire	7.797464	5.6147413	7.9226227
rank	5.9055443	5.222204	5.884713
bow	5.732316	4.3255715	4.9054866
doctor	4.878672	4.1741533	5.1539536
talent	7.9834757	5.855583	7.6074014
source	6.0429883	4.86144	5.7477264
lead	4.8691688	5.7339125	5.2817335
question	5.1429973	4.4555607	5.494657
publish	5.382611	4.990658	5.5353
interest	6.771786	4.8174033	6.131246
serve	5.334442	4.0243373	4.7795525
divine	7.553547	4.4303803	7.1719985
put	4.834886	4.744432	4.3130503
shadow	4.2509747	3.382055	3.5377278
practical	6.102173	4.3799877	6.210125
surface	4.62685	2.940713	3.952077
account	5.652933	4.612667	5.7076373
loss	3.3554692	5.4182115	3.8279407
indian	5.1921835	5.0882215	5.3765173
vine	6.8714895	3.6472464	5.457871
certain	5.245796	5.195824	5.8719606
sin	2.9991133	5.2167587	4.455211
necessity	4.2715	5.1904774	5.3938384
lose	4.1399884	5.276903	4.391288
private	4.1731224	4.242944	4.564934
gentleman	6.350619	4.747639	5.7802453
daughter	5.7730064	4.63121	5.6811666
drive	2.9197657	6.8355265	4.5279174
strange	4.3495398	5.54523	4.3791366
journey	6.2149715	4.091546	4.7521844
uncle	6.6403947	4.004507	5.958446
species	5.638415	5.199362	4.969999
think	5.8182907	4.6681376	5.136228
bed	5.0840063	3.064633	3.3777852
wind	4.559783	4.8803835	4.4013443
bless	8.611936	4.3205137	6.5455685
destroy	3.186823	6.750985	5.238055
author	5.6950006	4.564541	5.104314
sustain	5.3118644	5.114195	5.9695983
black	3.7451859	4.8600574	3.935802
event	6.494289	5.554624	6.9608603
liberty	7.7537575	5.94235	7.690632
negro	3.694181	5.4422283	4.4023857
little	4.286341	3.9983485	3.1726637
fortune	6.497796	5.1160045	6.3095403
touch	5.616937	4.4334893	4.568761
kill	3.9879808	6.5258265	4.9742613
feature	5.581984	3.9020102	5.244246
happiness	8.204086	4.9034986	6.072077
assume	4.171961	5.069419	4.9021983
notion	5.569764	3.9612978	4.915825
purchase	6.9265156	4.3917227	5.977976
faithful	6.748411	4.0962467	6.226273
soldier	4.6122108	5.9320483	5.977018
father	5.7185435	5.18882	6.1641173
narrow	2.9158661	4.2783203	3.51616
great	5.353093	5.428102	6.1742697
tear	2.984658	4.909544	2.5242727
honorable	6.1243973	5.472777	6.278266
previous	4.444014	4.6206336	4.588708
good	7.1647825	4.2382936	6.449048
domestic	4.652421	3.597269	4.0843616
glory	7.5362835	5.396982	7.182478
lay	4.675095	4.5594387	4.300922
occasion	5.1957617	5.3064675	5.3793507
guard	4.853262	5.1484723	6.180359
whole	5.191537	4.786173	5.5792623
mouth	5.149687	4.756184	4.831282
receive	6.585888	4.7698913	5.459792
take	4.4385757	5.5213885	5.291238
simple	6.5624533	3.975596	5.7466974
error	2.1845937	5.5915213	3.9701512
wisdom	7.192759	4.4756727	7.1429663
rock	4.9772973	4.9294844	5.3635244
decide	5.2204494	5.3271055	6.1701813
exclaim	5.892501	6.3690944	5.715992
assure	7.5593348	5.1860538	6.3305902
sign	5.014665	3.8357916	4.344276
preserve	5.898881	3.9606638	5.7280726
commerce	6.5133476	5.2000065	6.7949586
plant	5.0564394	4.1511917	4.877636
walk	6.0441017	4.420492	4.366297
difference	4.827428	4.485599	4.837603
hang	4.404446	4.4985294	4.2757916
following	7.088068	3.7088702	5.690581
employ	4.757896	4.786694	5.537081
