deal	4.9474163	5.4032702	5.8281245
study	6.8351994	4.349821	6.589283
afford	6.5566177	4.659491	5.8937387
service	6.63846	4.560717	6.197551
height	5.25692	5.323398	5.8670216
prospect	7.6130285	5.1304774	6.442943
pleasant	7.5277367	4.0361643	4.997056
shade	4.4134827	3.5084605	3.3278184
listen	5.1654053	5.3803573	4.53066
mighty	6.125173	5.5006557	7.1470695
country	5.5931664	4.2910156	5.7259107
title	7.6801796	4.6411285	7.1238117
choose	5.2816696	4.253465	4.7788057
village	6.548072	4.816783	5.839538
acquire	7.8309984	5.930861	8.112686
rank	5.6226473	5.303445	5.835949
bow	5.7503138	4.0775466	5.0321474
doctor	5.141435	4.134716	5.2499313
talent	8.032918	5.90151	7.69046
source	6.112705	4.8460894	5.75622
lead	5.005328	5.616038	5.199937
question	4.9762907	4.227771	5.3589144
publish	5.5984564	5.197419	5.5028744
interest	6.696043	5.0905433	6.1123686
serve	5.577414	3.8319035	4.701778
divine	7.4553356	4.294768	7.0274024
put	4.9788327	4.3001795	4.0677876
shadow	4.2791204	3.2669544	3.8596358
practical	6.135174	4.3059444	6.135417
surface	4.8483763	3.1345556	4.1545696
account	5.5736337	4.573791	5.4970703
loss	3.316979	5.26769	3.7016022
indian	5.1054206	5.2739067	5.3173494
vine	6.897955	3.8687034	5.6826806
certain	5.205968	5.2479367	5.837676
sin	2.9754426	5.3625875	4.3602295
necessity	4.391257	5.132863	5.4532795
lose	4.178383	5.35095	4.604526
private	4.131885	4.294224	4.5417414
gentleman	6.326642	4.4539776	5.741362
daughter	5.916729	4.592903	5.5270348
drive	2.9553266	6.78048	4.430514
strange	4.2068505	5.6187844	4.187891
journey	6.2771826	4.035259	4.5712123
uncle	7.1955853	4.007983	5.7597876
species	5.451298	5.1386504	4.8960557
think	5.6482134	4.86424	5.117355
bed	4.8441916	3.1427407	3.243822
wind	4.603086	4.9731917	4.495982
bless	8.293213	4.2330875	6.288208
destroy	3.192799	6.632324	5.0329194
author	5.781663	4.5912685	5.3145256
sustain	5.5443873	4.9438004	5.9335914
black	3.6407557	5.312627	4.1431146
event	6.57199	5.646358	6.867114
liberty	7.6213064	5.9161825	7.5843635
negro	3.9816427	5.3589454	4.545891
little	4.155861	4.0354657	2.9721482
fortune	6.5564613	5.078059	6.126593
touch	5.6558957	4.3897223	4.3871017
kill	3.998141	6.561979	4.819446
feature	5.543076	3.7552822	5.1199465
happiness	8.297053	4.825359	6.1695495
assume	4.09489	4.9348073	4.9386106
notion	5.659245	4.2005806	4.996196
purchase	7.019952	4.4927826	5.7549205
faithful	6.552772	4.052633	6.124401
soldier	4.676351	5.7163105	5.9243345
father	6.229596	4.7736063	6.0486417
narrow	3.0145884	4.4698563	3.7721977
great	5.2954054	5.4652424	6.0447564
tear	3.1444798	4.8192525	2.72028
honorable	6.048607	5.549932	6.2741966
previous	4.5627604	4.409599	4.6210394
good	6.904231	4.3127117	6.2361336
domestic	4.983193	3.173608	4.040301
glory	7.3801346	5.402967	6.8748507
lay	4.6285744	4.421714	4.307558
occasion	5.3782334	5.098173	5.323687
guard	4.9273696	5.038479	6.3238583
whole	5.5610027	4.4002643	5.6195498
mouth	5.011888	4.6455197	4.6694174
receive	6.6144524	5.0099716	5.600627
take	4.839209	5.2128687	5.042969
simple	6.44357	4.227932	5.6421723
error	2.0786116	5.598048	3.9197674
wisdom	7.0318236	4.5928903	7.010394
rock	5.011283	5.130802	5.464619
decide	5.2264094	5.202539	6.103992
exclaim	5.7624135	6.3084693	5.735549
assure	7.49133	5.241109	6.300621
sign	5.1909723	3.9016714	4.6004834
preserve	5.95708	3.875681	5.6500406
commerce	6.5365157	5.1756716	6.89454
plant	4.9683623	4.252407	4.8047748
walk	5.810525	4.297669	4.3093987
difference	4.910361	4.3199224	4.9246984
hang	4.1800337	4.4653044	4.1145954
following	7.067151	3.7145128	5.9213533
employ	5.125574	4.7712646	5.4664545
