deal	5.006489	5.4672203	5.7484717
study	6.753918	4.390537	6.7135406
afford	6.6709175	5.0077686	5.966349
service	6.524371	4.77151	6.1383457
height	5.0558767	5.3972893	5.8202662
prospect	7.6719074	5.4658465	6.6010942
pleasant	7.6047716	4.148794	5.008524
shade	4.193432	3.7329843	3.2326512
listen	5.305379	5.376047	4.702185
mighty	6.0800476	5.706234	7.2024164
country	5.5098295	4.4051924	5.674566
title	7.3811064	4.149454	6.529347
choose	5.546813	4.265646	4.9462585
village	6.452905	4.748373	5.754546
acquire	7.7247295	5.7645154	7.994518
rank	5.865908	5.221974	5.9890842
bow	5.9650836	4.08678	4.9425297
doctor	5.0003095	4.1005955	5.0076094
talent	7.845029	5.9955926	7.7797294
source	6.4336705	4.977619	5.865614
lead	4.8889656	5.5866976	5.187303
question	4.9565	4.166156	5.436315
publish	5.500366	4.992021	5.5170975
interest	6.5319347	5.256759	6.1427016
serve	5.334159	3.9877121	4.7643414
divine	7.5054107	4.249942	7.025096
put	4.9793973	4.804064	4.347344
shadow	4.0677004	3.3029895	3.575877
practical	6.075458	4.3454328	6.2301197
surface	4.637313	2.9719462	3.933227
account	5.6747956	4.5627	5.6426024
loss	3.3466144	5.4110866	3.7734666
indian	4.86841	5.0910306	5.316917
vine	7.017254	3.6587381	5.4154787
certain	5.222218	5.2262263	5.8041654
sin	2.983609	5.4274254	4.6010528
necessity	4.2393794	5.188669	5.4358134
lose	4.1840067	5.2506256	4.4961004
private	4.048606	4.132059	4.4922843
gentleman	6.2601643	4.483039	5.614618
daughter	5.7736273	4.5299435	5.616219
drive	3.2991996	6.7056065	4.685108
strange	4.3241076	5.5820403	4.2405787
journey	6.3962274	4.204568	4.7967286
uncle	6.8746696	4.0062966	6.204379
species	5.4022827	5.25857	4.8101153
think	6.003542	4.710138	5.154728
bed	5.1470256	2.9841816	3.2912805
wind	4.592006	4.854804	4.444355
bless	8.601945	4.2038374	6.482228
destroy	3.1194208	6.7332582	5.0388947
author	5.900961	4.5501275	5.180952
sustain	5.38439	5.1003227	5.8964534
black	3.70724	4.838905	3.6458433
event	6.4177375	5.7067924	6.7276773
liberty	7.904045	6.146714	7.724882
negro	3.5970058	5.302023	4.084011
little	4.1893306	3.8419356	3.0091085
fortune	6.6085873	5.2716637	6.373569
touch	5.5037785	4.3816366	4.481941
kill	3.8355365	6.649171	4.7638783
feature	5.5347233	3.774228	5.1999617
happiness	8.241936	4.907534	6.129296
assume	4.0622196	4.8826103	4.7486577
notion	5.56999	4.030023	4.9420457
purchase	6.764895	4.5819654	5.84693
faithful	6.75266	4.089541	6.07647
soldier	4.630558	5.537426	5.7559237
father	5.815535	5.2381644	6.2804832
narrow	2.9356558	4.5806336	3.6685214
great	4.9978223	5.5409656	6.022921
tear	3.2673306	4.592457	2.8056242
honorable	6.1379333	5.3772793	6.365426
previous	4.267037	4.455292	4.500645
good	7.1442347	4.3302827	6.5755816
domestic	4.606334	3.2798445	3.933428
glory	7.354825	5.3713784	6.9533014
lay	4.6669335	4.613336	4.361946
occasion	5.1471033	5.1506114	5.271275
guard	4.962841	5.074069	6.1285267
whole	5.0790157	4.7231865	5.544156
mouth	5.176846	4.6474433	4.8238034
receive	6.6204066	4.758594	5.5400405
take	4.8273516	5.3660607	5.3078613
simple	6.598802	4.323779	5.689326
error	2.2540498	5.3225875	3.8716996
wisdom	6.912565	4.735031	7.1185303
rock	5.0023627	5.240886	5.6092534
decide	5.133785	5.0353975	6.111928
exclaim	5.9333787	6.3266234	5.8256097
assure	7.7422	5.3258786	6.3419137
sign	5.090849	3.7689247	4.4977374
preserve	5.955387	4.052412	5.652234
commerce	6.442595	5.1730323	6.8805976
plant	5.134142	4.4049053	4.8893704
walk	5.7897396	4.3866825	4.1443233
difference	4.578915	4.4167547	4.7226033
hang	4.2496314	4.463328	4.0591116
following	7.16525	3.6538825	5.5951347
employ	4.809667	4.750447	5.599932
