deal	5.132428	5.3488607	5.6904764
study	6.5086565	4.5891933	6.4898386
afford	6.3801246	4.647346	5.58337
service	6.5449	4.8074436	6.0279903
height	5.236035	5.261726	5.721944
prospect	7.363838	5.23023	6.2740917
pleasant	7.4557676	4.0932984	4.819262
shade	4.406052	3.6164708	3.1791072
listen	5.3050084	5.46781	4.8473454
mighty	6.447356	5.5955334	7.146098
country	5.648549	4.368988	5.724533
title	7.2268677	4.3312674	7.005238
choose	5.5113754	4.4447823	5.1652703
village	6.1030073	4.8555427	5.789666
acquire	7.816394	5.90686	8.20493
rank	6.109908	5.07433	5.8768687
bow	5.9533052	4.231175	4.9462223
doctor	4.879661	4.3198895	5.1683087
talent	8.062677	5.9777193	7.82961
source	5.991212	4.610777	5.3581576
lead	5.102443	5.7092443	5.392464
question	4.919563	4.2308407	5.2210617
publish	5.493414	4.8676243	5.4102244
interest	6.402067	4.8139577	5.872132
serve	5.472852	3.8688078	4.679329
divine	7.6429553	4.5138454	7.1601934
put	4.854659	4.5085473	4.1237664
shadow	4.3965797	3.1357434	3.8372536
practical	5.977493	4.4206343	6.094145
surface	4.7778664	3.0601225	4.0061717
account	5.6987734	4.5452347	5.689621
loss	3.5603871	5.4755487	3.9251323
indian	4.7365456	5.2726235	5.4525013
vine	7.1429815	3.6051154	5.558367
certain	5.3488626	5.409481	6.1184425
sin	2.7672162	5.408718	4.492181
necessity	4.361672	5.1722417	5.4918513
lose	4.063556	5.233446	4.472958
private	4.061205	4.4110765	4.450453
gentleman	6.366453	4.390473	5.7092986
daughter	5.8885756	4.430884	5.638543
drive	3.4193115	6.7139664	4.6998167
strange	4.3824797	5.5600038	4.2728777
journey	5.9914165	4.201479	4.680824
uncle	6.6844864	4.183525	5.9511313
species	5.507268	5.343855	4.9427595
think	5.8137746	4.6663384	5.0427856
bed	4.7037773	3.1118624	3.071783
wind	4.979026	4.7609468	4.4007535
bless	8.565607	4.3088636	6.550348
destroy	3.2696514	6.6174316	5.1485085
author	5.9037933	4.430582	5.3797746
sustain	5.451408	5.0849743	6.0339375
black	3.6394267	5.0723834	4.1936073
event	6.6613884	5.5253863	6.8496556
liberty	7.777875	5.9770255	7.600116
negro	3.68965	5.3407164	4.30745
little	4.550985	4.047715	3.394569
fortune	6.8698907	5.1466203	6.488781
touch	5.6219773	4.257579	4.4417977
kill	3.7550604	6.585113	4.936741
feature	5.4724593	3.865172	5.186101
happiness	8.114225	4.7512875	5.971237
assume	4.1906157	4.99586	5.0402594
notion	5.50883	4.269633	5.146232
purchase	6.678895	4.335097	5.827425
faithful	6.915368	3.9461417	6.0933228
soldier	5.1083307	5.739058	5.990636
father	5.84146	5.072162	6.1093926
narrow	3.1105766	4.3656273	3.6854765
great	5.3315372	5.4425044	6.1198688
tear	3.1416912	5.000798	2.6313448
honorable	6.113895	5.410121	6.3049197
previous	4.2478995	4.5312796	4.473464
good	7.3132114	4.271618	6.489087
domestic	4.694172	3.337372	3.8406162
glory	7.377245	5.473759	7.087163
lay	4.744471	4.4284253	4.442384
occasion	4.927947	5.2667055	5.1220374
guard	5.011387	5.007456	6.1292768
whole	5.5875225	4.6172094	5.7358904
mouth	4.9220634	4.759605	4.633119
receive	6.745755	4.886785	5.3783607
take	4.700582	5.2845592	5.1342044
simple	6.4460077	4.104585	5.6747017
error	2.3871832	5.4092975	3.969306
wisdom	7.0580626	4.7768455	7.1091104
rock	5.039296	4.793247	5.3565154
decide	5.143016	5.076167	6.1002293
exclaim	6.061802	6.2086506	5.650713
assure	7.666877	5.1192555	6.3448925
sign	4.851669	3.901001	4.5089607
preserve	5.851571	3.8369672	5.643446
commerce	6.4198365	4.955059	6.675498
plant	5.1025543	4.181348	4.852995
walk	6.0370913	4.3325047	4.430398
difference	4.8115935	4.374159	4.849424
hang	4.5327353	4.370023	4.2958226
following	7.327861	3.6330793	5.905007
employ	4.962011	4.8386273	5.4545465
