deal	4.8730593	5.26555	5.65037
study	6.4930205	4.4154663	6.379464
afford	6.8297563	4.889018	5.9337435
service	6.3938637	4.83381	6.162978
height	5.362654	5.3112736	5.7645288
prospect	7.661228	5.4507656	6.5015755
pleasant	7.627097	4.227197	4.968555
shade	4.453128	3.8866851	3.5070677
listen	5.1742845	5.300607	4.764424
mighty	6.159506	5.6512804	7.061284
country	5.4756937	4.413336	5.7467604
title	7.4726343	4.4585676	6.853897
choose	5.5597754	4.121171	4.8914247
village	6.2690954	4.880332	5.8386855
acquire	7.7559457	5.594418	7.928165
rank	5.7773995	5.3358846	5.9501796
bow	5.8295393	4.0033083	4.641813
doctor	4.7707925	4.2215014	5.16174
talent	7.879686	5.973116	7.6925373
source	6.454734	4.835936	5.710158
lead	5.044987	5.6451273	5.43065
question	4.955691	4.520404	5.442038
publish	5.715129	5.0511417	5.593732
interest	6.5086775	5.1205263	6.142564
serve	5.4528713	3.8760443	4.7069454
divine	7.4373813	4.4456215	7.066839
put	5.169516	4.7507834	4.39431
shadow	4.256683	3.382085	3.791142
practical	6.0645533	4.4046946	6.219614
surface	4.7861805	3.13794	3.9727027
account	5.839283	4.5486507	5.868017
loss	3.5356698	5.4680057	3.8220167
indian	4.9911094	5.0022593	5.414992
vine	6.9375463	3.8013723	5.7246175
certain	5.3398104	5.2565093	6.072747
sin	2.8880389	5.3721056	4.556035
necessity	4.495281	5.09886	5.517625
lose	4.3350854	5.354823	4.665439
private	4.023169	4.1088734	4.4458933
gentleman	6.360457	4.358417	5.72036
daughter	5.964885	4.57528	5.720393
drive	3.167783	6.840713	4.573671
strange	4.4071913	5.7975664	4.4342294
journey	6.0517073	4.1019444	4.60304
uncle	6.548231	3.6630602	5.7232227
species	5.3041673	5.179063	4.8350873
think	5.714864	4.6578627	4.88478
bed	4.9316792	3.1823487	3.3367214
wind	4.431675	4.8287916	4.2441807
bless	8.596551	4.421261	6.5635843
destroy	3.2384539	6.600647	5.217405
author	5.923255	4.372735	5.1965885
sustain	5.530535	5.108371	5.955037
black	3.784616	4.946789	4.0300097
event	6.51643	5.670371	6.8453197
liberty	7.7690067	6.014331	7.533147
negro	3.9075692	5.2093773	4.2304544
little	4.5287385	4.031422	3.2294865
fortune	6.4755726	5.011452	6.1443543
touch	5.606529	4.3064895	4.29126
kill	3.6954162	6.60435	4.844901
feature	5.5037913	3.8554265	5.2879076
happiness	8.306469	4.810589	6.328883
assume	4.2262077	4.900529	5.0574884
notion	5.5307407	4.127863	5.012398
purchase	6.752261	4.4120426	5.7667627
faithful	6.714327	4.108872	6.135021
soldier	4.6688	5.954606	5.8893585
father	5.8716183	5.133608	6.062125
narrow	3.40464	4.4778404	3.9187932
great	5.1771398	5.828025	6.2321005
tear	3.1007175	4.9078517	2.5100813
honorable	6.233308	5.386694	6.26443
previous	4.4520493	4.5742073	4.5614843
good	7.0965548	4.215604	6.356293
domestic	4.988035	3.6317315	4.280818
glory	7.264885	5.6082993	6.994893
lay	4.478447	4.4521275	4.348962
occasion	5.2313776	5.3734574	5.4686146
guard	4.772001	5.1044016	6.055167
whole	5.5902486	4.591536	5.693401
mouth	4.9891148	4.5125303	4.600998
receive	6.486595	4.9504185	5.3217072
take	4.9291697	5.39732	5.285786
simple	6.6242695	4.2014627	5.769414
error	2.3956141	5.465001	3.9666426
wisdom	7.0354514	4.720114	7.29803
rock	4.9832664	5.0063524	5.402667
decide	5.263664	5.2347164	6.2880797
exclaim	6.040573	6.3169317	5.726562
assure	7.68803	5.1279554	6.3356185
sign	4.984128	3.9467	4.624386
preserve	5.974725	3.733921	5.7968917
commerce	6.4161644	5.1667204	6.902021
plant	4.9398417	4.25104	4.85113
walk	6.0447636	4.4384537	4.4381733
difference	4.948136	4.4617796	5.180711
hang	4.2493334	4.660019	4.228816
following	7.3380995	3.723283	5.975214
employ	4.7738304	4.651809	5.3707495
