deal	5.0561385	5.0583224	5.4485865
study	6.5794663	4.348496	6.4271755
afford	6.47725	4.706358	5.716551
service	6.467904	4.780917	6.0100894
height	5.2523947	5.2445335	5.807419
prospect	7.4968596	5.319644	6.440338
pleasant	7.5055084	4.177495	4.989169
shade	4.2705913	3.7360995	3.2109368
listen	5.3193913	5.49298	4.8740673
mighty	6.2694855	5.4118505	7.105089
country	5.5434947	4.472452	5.701842
title	7.268861	4.4149995	6.7224917
choose	5.571406	4.2149467	5.118251
village	6.297415	4.724946	5.705971
acquire	7.837427	5.6092114	8.051646
rank	5.746234	5.2394996	5.7495365
bow	5.6933746	4.297491	4.950205
doctor	4.640338	4.2712593	5.0571632
talent	8.194135	5.6661286	7.834943
source	6.2768345	4.8427353	5.556472
lead	4.970492	5.889986	5.257195
question	4.9940767	4.475665	5.471578
publish	5.541288	4.934597	5.4610934
interest	6.4394035	5.0690975	6.03195
serve	5.4536505	3.91148	4.5007954
divine	7.557216	4.485849	7.1070127
put	4.962146	4.6971836	4.367818
shadow	4.4050264	3.298469	3.8541512
practical	5.9905777	4.3338532	6.2177467
surface	4.7054973	2.9556484	3.939075
account	5.5101643	4.631484	5.5247917
loss	3.1590714	5.542655	3.6156867
indian	4.73603	5.15406	5.400776
vine	6.9080687	3.797618	5.522189
certain	5.331003	5.189712	5.9055686
sin	2.8468876	5.4637084	4.5070496
necessity	4.300304	5.1777577	5.3594766
lose	4.4218106	5.5187297	4.667225
private	4.0077553	4.263156	4.3942194
gentleman	6.2700586	4.2176647	5.46768
daughter	5.826977	4.4829607	5.438097
drive	3.3147929	6.9084926	4.565678
strange	4.3389764	5.5472336	4.3423796
journey	6.2859645	4.1864986	4.7536554
uncle	6.7577877	4.138303	5.877639
species	5.5049467	5.1374574	5.013356
think	5.676812	4.6632895	4.949016
bed	4.861139	2.963516	3.1984043
wind	4.80154	4.988679	4.5677123
bless	8.611227	4.261036	6.5148935
destroy	3.2802176	6.7165084	5.2231956
author	5.7676096	4.3957667	5.144783
sustain	5.482274	5.091527	5.99839
black	4.137996	4.9264317	4.1290336
event	6.4795504	5.589236	6.7879553
liberty	7.7904716	5.9473567	7.750622
negro	3.714088	5.279799	4.314385
little	4.506556	3.9292598	3.3360815
fortune	6.6306596	4.9753647	6.014533
touch	5.2573457	4.434502	4.2995825
kill	3.5839396	6.6558366	4.747489
feature	5.4265275	3.8790812	5.358173
happiness	8.178162	5.0434995	6.09428
assume	3.989026	4.964753	4.6804457
notion	5.454215	4.260789	4.9636226
purchase	6.7667284	4.395301	5.762453
faithful	6.727969	4.151889	6.135208
soldier	4.4894896	5.867606	5.7593193
father	5.6982284	5.047367	5.9752064
narrow	3.0137603	4.527882	3.644177
great	5.3227153	5.636419	6.0064054
tear	2.9755857	4.8207045	2.4080865
honorable	6.070267	5.6238084	6.36131
previous	4.291802	4.6928115	4.5043306
good	7.2438927	4.150483	6.4983883
domestic	4.5206695	3.6502783	4.1322966
glory	7.552779	5.512332	7.0974913
lay	4.8652334	4.127927	4.3719945
occasion	4.9716916	5.424249	5.1503367
guard	4.9414682	5.1417894	6.1400847
whole	5.342911	4.819162	5.667455
mouth	5.0538664	4.7302284	4.827321
receive	6.525666	4.8962054	5.30949
take	4.641425	5.6778755	5.1458635
simple	6.394521	4.1806183	5.675936
error	2.3446078	5.524254	4.057065
wisdom	7.2495136	4.685049	7.1506877
rock	5.2551537	4.7298203	5.472788
decide	5.490213	5.192084	6.4230814
exclaim	5.95158	6.161177	5.57933
assure	7.68658	5.2056723	6.32927
sign	4.9595637	3.7617252	4.5197163
preserve	6.0904636	3.995261	5.7907267
commerce	6.471252	5.1120553	6.927351
plant	4.95881	4.0821514	4.6920567
walk	6.0075455	4.427676	4.3216066
difference	4.6718135	4.415803	4.7198687
hang	4.5457788	4.3264475	4.2259364
following	7.138177	3.8971617	5.8378496
employ	5.081225	4.8201666	5.6872463
