deal	5.007451	5.4346995	5.7584534
study	6.590677	4.419339	6.5140133
afford	6.535881	4.9660788	5.8242207
service	6.572462	4.6236596	6.084756
height	5.1633086	5.308412	5.613371
prospect	7.4142118	5.324138	6.4655643
pleasant	7.478146	3.9702885	4.862757
shade	4.4682074	3.7626996	3.3123946
listen	5.2916403	5.370802	4.826229
mighty	6.3428793	5.4669714	7.1664224
country	5.7914505	4.204138	5.696243
title	7.394431	4.5939083	6.93225
choose	5.5058694	4.283722	4.93749
village	6.319478	4.8878956	5.771625
acquire	7.515045	5.7769723	7.9034157
rank	5.8947167	5.2362924	5.9045515
bow	5.7858963	4.137773	4.862827
doctor	4.953704	4.232787	5.104418
talent	8.057079	6.0622697	7.858323
source	6.3320713	4.751478	5.573258
lead	5.0785217	5.872707	5.3753195
question	4.8062143	4.138791	5.0313053
publish	5.5373974	5.0453815	5.5191245
interest	6.4894094	4.9601965	5.9574633
serve	5.34515	3.8781486	4.5162024
divine	7.414256	4.2513723	6.940302
put	5.0200925	4.7525797	4.498898
shadow	4.3318963	3.1832278	3.6781664
practical	5.977186	4.404297	6.245886
surface	4.848085	2.8866856	3.9536967
account	5.6488295	4.666589	5.7104464
loss	3.536147	5.433779	3.8897774
indian	5.007435	5.2152195	5.375187
vine	6.932931	3.7037587	5.631281
certain	5.0948358	5.275692	5.7603264
sin	3.0513453	5.311989	4.425188
necessity	4.3576946	5.201146	5.539034
lose	4.539809	5.3454714	4.592079
private	4.248273	4.3331323	4.5513673
gentleman	6.4072328	4.565514	5.8448877
daughter	6.0776405	4.6770663	5.817201
drive	3.1182227	6.989632	4.701066
strange	4.17529	5.5793204	4.290753
journey	6.150017	3.9863803	4.5467777
uncle	6.894883	4.2715645	6.064799
species	5.632883	5.2563	5.085187
think	5.594433	4.873761	5.0086184
bed	5.157909	3.0283728	3.3764267
wind	4.421176	4.8397202	4.3434553
bless	8.383699	4.181615	6.301712
destroy	3.1625695	6.732896	5.1933513
author	5.9402885	4.571965	5.1991305
sustain	5.258768	5.159548	5.865854
black	4.3021836	4.7924495	4.364939
event	6.6480937	5.646173	7.037948
liberty	7.7630205	5.784905	7.6502113
negro	3.9372098	5.215069	4.5910635
little	4.7108054	4.0172806	3.370606
fortune	6.6257625	5.0774927	6.1777744
touch	5.4770265	4.4370413	4.3686852
kill	3.8117423	6.697156	5.1454024
feature	5.577651	3.7999444	5.280888
happiness	8.405067	4.700699	6.214429
assume	4.0352716	4.9865274	4.8552647
notion	5.469857	4.2397003	4.8985567
purchase	6.860853	4.463969	5.8204107
faithful	6.902915	4.0800805	6.282864
soldier	4.5791163	5.7427273	5.7510185
father	5.974165	4.9722805	6.034065
narrow	3.294929	4.450485	3.660696
great	5.0321207	5.556603	6.003088
tear	3.1391551	4.6914287	2.5963323
honorable	6.0411677	5.4567056	6.339515
previous	4.377628	4.6114373	4.483165
good	6.9862356	4.4043493	6.39956
domestic	4.93913	3.579836	4.118066
glory	7.461364	5.3215365	7.0452743
lay	4.4126444	4.4539614	4.3157053
occasion	5.1198006	5.4321814	5.3251414
guard	4.853645	5.2065425	5.9515724
whole	5.4657793	4.5613365	5.7464504
mouth	5.1884828	4.6579814	4.6968217
receive	6.49235	4.740961	5.3119297
take	4.658055	5.3972526	5.214111
simple	6.4682097	4.0597367	5.669327
error	2.3934908	5.5391293	3.9777842
wisdom	7.179349	4.6544085	7.172628
rock	5.0201187	4.796699	5.3127685
decide	4.929758	5.265494	6.0278673
exclaim	5.879754	6.2512345	5.58118
assure	7.5412436	5.145991	6.355303
sign	5.078896	3.7792735	4.412156
preserve	5.8166113	3.9292464	5.681437
commerce	6.4184556	5.232003	6.9146414
plant	5.0379543	4.1170382	4.8785176
walk	6.153896	4.3559957	4.326518
difference	4.887711	4.522954	5.0043917
hang	4.3345056	4.6607103	4.2016644
following	7.307185	3.5641975	5.86265
employ	4.794876	4.931153	5.4012003
