deal	4.974551	5.45552	5.670116
study	6.755995	4.458005	6.7401304
afford	6.5920334	4.724211	5.866108
service	6.6093817	4.6355343	6.223979
height	5.4156046	5.343712	5.774875
prospect	7.5625186	5.221673	6.4726114
pleasant	7.513366	4.0667124	4.803691
shade	4.3993745	3.803278	3.4931786
listen	5.2813754	5.275146	4.692449
mighty	6.3213224	5.5891895	7.1260033
country	5.642642	4.2991734	5.742822
title	7.3629923	4.4106607	6.7533474
choose	5.4668293	4.3744206	4.8669643
village	6.082837	4.826112	5.73888
acquire	7.8556037	5.7705193	8.002302
rank	5.9197445	5.4912543	6.062289
bow	5.888033	4.2498274	4.954249
doctor	4.8017926	3.9684503	5.0723553
talent	7.8825326	5.9726353	7.728581
source	6.2954307	4.874438	5.8654265
lead	5.1450596	5.8204226	5.5234094
question	5.037823	4.3237867	5.366197
publish	5.6072054	5.182992	5.5683846
interest	6.523308	5.0444384	5.9118867
serve	5.2987175	3.909824	4.6459107
divine	7.520028	4.4750752	7.1855507
put	4.801224	4.453953	4.0798903
shadow	4.2356715	3.4128492	3.7987502
practical	6.1317096	4.482174	6.3064184
surface	4.6288404	3.070249	3.8673503
account	5.4958158	4.5305934	5.4687014
loss	3.5516295	5.3700495	3.9027972
indian	4.8771935	5.2225237	5.287556
vine	6.9122887	3.8849452	5.479373
certain	5.2780485	5.2989435	5.730853
sin	2.9469318	5.5354447	4.7474422
necessity	4.2141285	5.2045946	5.43929
lose	4.1550894	5.132175	4.3480005
private	4.3877115	4.243181	4.5691924
gentleman	6.515984	4.440067	5.6243505
daughter	5.731838	4.576439	5.5786276
drive	2.965299	6.8069916	4.3806906
strange	4.318722	5.551738	4.1215396
journey	6.1602135	3.9471788	4.5247602
uncle	6.7608	3.803538	5.913106
species	5.390662	5.090299	4.7444243
think	5.7516575	4.683359	5.1582737
bed	4.987287	3.0939002	3.4774077
wind	4.5430536	4.8016872	4.314477
bless	8.506763	4.3161874	6.505122
destroy	3.1711257	6.668264	5.0960627
author	5.7950144	4.4822693	5.214232
sustain	5.4240046	5.03812	5.9939184
black	3.7293332	4.799088	3.8295043
event	6.6781826	5.478139	6.9028654
liberty	7.9545465	5.745694	7.743451
negro	3.9808521	5.2884645	4.4557896
little	4.3262453	3.822054	3.18828
fortune	6.629118	4.936888	6.178129
touch	5.6101513	4.314352	4.3859925
kill	3.7295842	6.512416	4.863203
feature	5.2743216	3.874514	5.2039013
happiness	8.36582	4.9247437	6.3785534
assume	4.007482	5.108814	5.052833
notion	5.3230085	4.3456554	5.010437
purchase	7.015643	4.531425	5.922651
faithful	6.80608	4.1300883	6.2200737
soldier	4.7128334	5.71275	5.7700973
father	5.8745713	4.8906293	6.0030093
narrow	3.1906457	4.3883033	3.6853337
great	5.4057503	5.450783	5.9816594
tear	3.0053353	4.796874	2.7073245
honorable	6.1846447	5.3079276	6.3382072
previous	4.434305	4.5634956	4.4739003
good	7.0632834	4.296754	6.2739387
domestic	4.7809315	3.6193728	4.07371
glory	7.3350763	5.533504	7.135414
lay	4.605893	4.477498	4.4826183
occasion	5.1743255	5.297137	5.068356
guard	4.8425107	5.182701	6.2109137
whole	5.2538934	4.636595	5.6135674
mouth	5.206867	4.633396	4.7292347
receive	6.6091533	4.777336	5.403741
take	4.728849	5.2593403	5.2902327
simple	6.5770454	4.1186953	5.7929373
error	2.2383885	5.4667325	3.9908528
wisdom	7.005817	4.708971	7.1786585
rock	5.0808	5.0159044	5.400182
decide	5.1261845	5.080289	6.0388165
exclaim	5.89515	6.3899474	5.6848936
assure	7.4667826	5.317461	6.35016
sign	4.9071126	3.9987407	4.405942
preserve	5.918671	3.9309602	5.713623
commerce	6.3349133	5.2819433	6.7384987
plant	5.2496996	4.186725	4.9641685
walk	6.141457	4.4014735	4.4191794
difference	4.98784	4.687621	5.198265
hang	4.3496547	4.3728623	4.135542
following	7.077289	3.6152816	5.634371
employ	4.910841	4.97846	5.638704
