deal	5.0936813	5.464155	5.760228
study	6.851997	4.547002	6.690897
afford	6.648984	5.013096	6.0842934
service	6.6411886	4.743215	6.21783
height	5.1441407	5.2458773	5.6580577
prospect	7.513059	5.321587	6.438556
pleasant	7.3524323	4.2553434	4.867587
shade	4.3251357	3.6324425	3.219078
listen	5.080199	5.215233	4.5578823
mighty	6.331927	5.570174	7.2585998
country	5.6658287	4.1147976	5.7599945
title	7.8110123	4.3224316	6.9986253
choose	5.3342896	4.247038	4.68626
village	6.3808374	4.6589212	5.669546
acquire	7.7360606	5.732248	8.086064
rank	6.0360084	5.1163864	5.9536314
bow	5.798994	4.271234	5.0064716
doctor	4.86257	4.0187907	5.152408
talent	8.160563	5.8477573	7.762253
source	6.138547	4.7810707	5.607743
lead	4.9450116	5.9284606	5.4975486
question	4.9014564	4.3122587	5.192867
publish	5.676422	4.985701	5.5875793
interest	6.634757	4.863744	5.8545713
serve	5.417495	4.0935526	4.673348
divine	7.5048685	4.5464745	7.204205
put	5.0708203	4.71819	4.406196
shadow	4.291612	3.3662705	3.7489383
practical	5.95979	4.3946395	6.0952563
surface	4.775533	2.9197454	3.952702
account	5.527928	4.5968256	5.7101793
loss	3.2073417	5.5117517	3.6940138
indian	4.472881	5.1942835	5.107961
vine	7.0413475	3.6934369	5.578531
certain	5.1088924	5.4451466	5.822545
sin	2.9078171	5.409404	4.3764133
necessity	4.1560354	5.3225384	5.3451567
lose	4.1336055	5.2784333	4.5128374
private	3.8280127	4.4342804	4.560988
gentleman	6.218174	4.3054543	5.519496
daughter	6.0105143	4.1269474	5.5036154
drive	3.1961725	6.891479	4.604372
strange	4.302199	5.542738	4.2600784
journey	6.131501	4.1114225	4.5895767
uncle	6.740864	3.8285637	5.711008
species	5.513768	5.064561	4.906246
think	5.789793	4.752999	5.0105762
bed	4.8996854	3.066584	3.38655
wind	4.8189473	4.9063983	4.566455
bless	8.171466	4.287049	6.2166176
destroy	3.1396894	6.8091526	5.0874286
author	5.9195466	4.4435644	5.2632747
sustain	5.2561154	5.2616296	5.9198422
black	3.7263923	4.5454955	3.7904165
event	6.2240486	5.8332424	6.812629
liberty	7.893136	6.090803	7.8256397
negro	3.6581178	5.200738	4.294165
little	4.411994	4.0675282	3.2833984
fortune	6.6476483	5.171776	6.2293305
touch	5.434219	4.4068956	4.449791
kill	3.7190661	6.685801	4.99759
feature	5.585924	3.5814683	5.215994
happiness	8.125601	4.901548	5.9601755
assume	4.1596146	4.9829097	4.8439713
notion	5.598348	4.178752	5.023508
purchase	6.711914	4.656906	5.820962
faithful	6.710215	4.2810736	6.320241
soldier	4.6787186	5.866666	5.915508
father	5.897616	4.8492527	5.914063
narrow	3.0782871	4.6394434	3.8288426
great	5.16553	5.692846	6.2364435
tear	3.1654296	4.779326	2.6652765
honorable	6.021098	5.696859	6.4240127
previous	4.584032	4.380708	4.4981494
good	6.808989	4.5889297	6.520524
domestic	4.4580865	3.6148963	4.0400925
glory	7.456278	5.4575334	7.0573263
lay	4.5204644	4.436225	4.5186152
occasion	5.086136	5.3250165	5.2628484
guard	5.0806704	5.4110427	6.391596
whole	5.333545	4.652153	5.609481
mouth	5.149894	4.5441446	4.8099556
receive	6.6308155	4.7628894	5.4935393
take	5.099374	5.443168	5.5064507
simple	6.3272214	4.221874	5.6820717
error	2.3588543	5.3452096	3.9291227
wisdom	6.989193	4.810902	6.9605336
rock	5.095126	4.797802	5.408542
decide	5.2241063	5.2320223	5.995948
exclaim	5.9912457	6.25402	5.600622
assure	7.506203	5.345359	6.3951554
sign	5.103797	3.8456082	4.5119553
preserve	5.6495466	3.9653068	5.6243615
commerce	6.355405	5.1849966	6.9217305
plant	5.335978	3.9770994	4.9625216
walk	5.967618	4.6947303	4.4119143
difference	4.5525646	4.6132727	4.855394
hang	4.3976007	4.576755	4.233549
following	7.064644	3.8780355	5.7731185
employ	4.825722	4.8345375	5.4695315
