deal	5.028961	5.323215	5.623521
study	6.695492	4.4439306	6.6247807
afford	6.612525	4.740939	5.846425
service	6.44466	4.708065	6.0911164
height	5.2510386	5.325031	5.8294306
prospect	7.318657	5.2739654	6.380292
pleasant	7.470472	4.118723	4.945014
shade	4.3708043	3.7096941	3.2807508
listen	5.137501	5.4372888	4.6356025
mighty	6.2364445	5.563601	7.1523776
country	5.6737623	4.2577925	5.803032
title	7.601503	4.573936	6.9789543
choose	5.483343	4.2877526	4.9869404
village	6.3612785	4.7557583	5.717709
acquire	7.92194	6.0942717	8.22057
rank	5.9175243	5.237427	5.9963093
bow	5.866406	4.149285	4.944705
doctor	5.0884547	4.040335	5.107948
talent	8.035297	6.051132	7.9221964
source	6.4091873	4.599102	5.7213945
lead	5.184721	5.669518	5.27877
question	4.9745564	4.0516963	5.1834536
publish	5.61167	5.1297393	5.6521997
interest	6.2875166	5.107298	5.825734
serve	5.277411	3.9400556	4.5566654
divine	7.3790073	4.3497767	7.072872
put	4.8581448	4.495337	4.0453057
shadow	4.24635	3.3829296	3.6147308
practical	6.06863	4.386923	6.1945744
surface	4.762567	3.0977595	4.012858
account	5.822541	4.6874237	5.7536707
loss	3.5757046	5.4002213	3.8362927
indian	4.9851184	5.214487	5.31012
vine	6.846647	3.718615	5.663457
certain	5.2573414	5.2132545	5.8769717
sin	2.9408007	5.354617	4.390293
necessity	4.1239996	5.312524	5.4093266
lose	4.7594438	5.316058	4.731168
private	4.2171893	4.396737	4.7149515
gentleman	6.2756753	4.296277	5.7353945
daughter	5.9756603	4.6317005	5.6588364
drive	3.1866136	6.6998186	4.46318
strange	4.2552433	5.5340514	4.2669945
journey	6.181123	4.327478	4.583651
uncle	6.596037	3.8168511	5.9102826
species	5.6256943	5.196224	5.090933
think	5.7726912	4.705124	5.047384
bed	4.8541613	3.1572342	3.2842798
wind	4.9025435	4.871014	4.5003138
bless	8.490031	4.307629	6.441229
destroy	3.3934455	6.622676	5.28249
author	5.7908726	4.4795036	5.1371136
sustain	5.295637	5.039572	5.8365417
black	3.613197	4.7748156	3.7636697
event	6.358295	5.5312576	6.774404
liberty	8.006408	5.911115	7.938176
negro	3.607955	5.259058	4.2555976
little	4.3681536	3.7596364	3.1642437
fortune	6.5427976	5.1152887	6.1789455
touch	5.6617146	4.499546	4.365647
kill	3.9891944	6.4526715	5.0583525
feature	5.5199037	3.7619665	5.189166
happiness	8.470505	4.6651983	6.2600145
assume	4.0979033	4.9682283	4.804711
notion	5.7036915	4.3300843	4.9275417
purchase	6.80363	4.716548	5.9442377
faithful	6.7739334	4.1939774	6.113266
soldier	4.5086775	5.884579	5.8603244
father	5.6336346	4.9951544	5.846657
narrow	3.140592	4.5689607	3.8862987
great	5.100256	5.435991	6.072838
tear	2.778008	4.8224382	2.630684
honorable	5.8805904	5.4193287	6.296786
previous	4.425637	4.570217	4.5495405
good	7.202423	4.3167477	6.4744873
domestic	4.760196	3.3193471	3.929173
glory	7.3296795	5.4430847	6.961276
lay	4.715218	4.5825233	4.546558
occasion	5.082229	5.233422	5.296271
guard	5.0718513	5.3155665	6.1982136
whole	5.2417054	4.535321	5.4415846
mouth	5.0507517	4.751712	4.7265816
receive	6.686163	4.8473682	5.4766207
take	4.7522864	4.957728	4.993002
simple	6.5634885	4.205336	5.672998
error	2.294937	5.45101	3.7504606
wisdom	7.047081	4.7164063	7.1115317
rock	5.1494246	5.1370053	5.562294
decide	5.209778	5.071395	6.0918727
exclaim	5.74164	6.302962	5.6567073
assure	7.695084	5.2393565	6.4588375
sign	5.0314145	3.9415917	4.590354
preserve	6.1221905	3.8768387	5.90685
commerce	6.39762	5.0729365	6.7881966
plant	4.8503537	4.101073	4.817514
walk	6.0252905	4.4612265	4.241193
difference	4.910519	4.3677707	4.973158
hang	4.5445995	4.5917873	4.359181
following	7.1936398	3.6136398	5.609553
employ	4.8064127	4.8234076	5.43779
