deal	4.9065714	5.356315	5.6610446
study	6.6967607	4.3759365	6.571494
afford	6.5574956	4.796821	5.8921385
service	6.5027614	4.699695	6.112643
height	5.2876616	5.292523	5.860107
prospect	7.4692564	5.2991543	6.451689
pleasant	7.415098	4.1037893	4.869249
shade	4.416469	3.5842662	3.256392
listen	5.2214403	5.4661264	4.7357883
mighty	6.302767	5.4904537	7.0945144
country	5.4207935	4.4526796	5.819355
title	7.2991815	4.4077997	6.7300115
choose	5.569592	4.477221	5.135072
village	6.3124576	4.722459	5.735196
acquire	7.737031	5.664809	8.022329
rank	5.922829	5.3008785	5.982505
bow	5.7830195	4.131649	4.84553
doctor	5.033541	4.111481	5.162577
talent	8.048899	5.8305264	7.74889
source	6.248781	4.8807154	5.779016
lead	4.9295754	5.5921326	5.244668
question	4.930502	4.415583	5.4224243
publish	5.6580486	4.9976125	5.5244684
interest	6.4350176	5.206907	6.026083
serve	5.346724	4.01804	4.826276
divine	7.4264326	4.3392906	7.029637
put	4.897411	4.6660643	4.2843003
shadow	4.201791	3.2652483	3.6377404
practical	6.010952	4.3694525	6.2563906
surface	4.675618	3.0476263	3.987429
account	5.7998943	4.5512013	5.757296
loss	3.4542468	5.3242307	3.7778375
indian	4.85111	5.2988048	5.3530607
vine	6.9605675	3.7115712	5.602557
certain	5.3527527	5.3308034	5.9283695
sin	2.9670725	5.180371	4.442957
necessity	4.268293	5.226512	5.36086
lose	4.154957	5.1329947	4.393446
private	4.0433087	4.3856506	4.5249767
gentleman	6.3457236	4.4823627	5.612837
daughter	5.7873793	4.5202146	5.6102448
drive	2.859114	6.777912	4.40111
strange	4.117289	5.713097	4.1891108
journey	6.2913294	4.0980234	4.643669
uncle	6.6377068	3.9455714	5.8225565
species	5.642794	5.2667565	5.074543
think	5.7925825	4.80384	5.0384436
bed	4.982489	3.1413999	3.408506
wind	4.6972337	4.8239417	4.496005
bless	8.264976	4.166543	6.3348274
destroy	3.1936355	6.610808	5.122471
author	5.930135	4.54422	5.2720304
sustain	5.410421	4.9646544	5.9331255
black	3.8951292	5.0394616	4.0587106
event	6.468639	5.639137	6.684757
liberty	7.97785	5.890031	7.6993017
negro	3.8131192	5.357032	4.4042163
little	4.256277	4.082139	3.3091824
fortune	6.7080374	5.024309	6.3246574
touch	5.545229	4.3876276	4.35371
kill	3.7000127	6.563062	4.9644623
feature	5.6144805	3.8338144	5.248225
happiness	8.376848	4.7454853	6.129751
assume	4.1590757	4.968728	4.9641366
notion	5.6350803	4.118412	4.928772
purchase	6.779726	4.475419	5.8087454
faithful	6.768999	4.173676	6.307468
soldier	4.608639	5.9843483	5.952122
father	5.5432487	4.9792933	5.974489
narrow	3.0590153	4.386551	3.6972399
great	5.234574	5.405632	6.0794277
tear	3.0998764	4.6806526	2.5194743
honorable	6.1410913	5.524163	6.3691196
previous	4.44934	4.5581875	4.546359
good	7.0690002	4.409318	6.5292416
domestic	4.7396355	3.5167878	4.128499
glory	7.4572425	5.4006925	7.0611744
lay	4.6948175	4.5608077	4.4714265
occasion	5.18422	5.1837564	5.2085505
guard	5.024048	5.0961695	6.158068
whole	5.4012203	4.6597304	5.62861
mouth	5.0709286	4.7056937	4.76324
receive	6.647691	4.867392	5.382853
take	4.7301707	5.1786346	5.1278267
simple	6.458031	4.222002	5.7367363
error	2.3343008	5.349739	3.9018004
wisdom	7.0463476	4.6289487	7.129303
rock	5.1075554	4.9945073	5.473525
decide	5.116091	5.097764	6.101274
exclaim	5.626398	6.3092937	5.5625124
assure	7.7188168	5.192931	6.390146
sign	5.2096415	3.9329047	4.6539702
preserve	5.97007	3.9142554	5.705901
commerce	6.375649	5.1708875	6.7652006
plant	5.0065837	4.273735	4.923659
walk	6.023487	4.286089	4.333464
difference	4.821775	4.4182487	4.859196
hang	4.413273	4.363797	4.168274
following	7.2608767	3.7316232	5.837841
employ	5.127115	4.9107404	5.6500134
