deal	4.924881	5.3830905	5.7251453
study	6.5823765	4.4542437	6.487917
afford	6.684165	4.687126	5.8786955
service	6.5269284	4.6565747	6.0959296
height	5.378686	5.22925	5.7861495
prospect	7.635257	5.286364	6.4344673
pleasant	7.523927	3.9863043	4.89462
shade	4.4501896	3.7141619	3.339446
listen	5.24328	5.5884614	4.743696
mighty	6.279392	5.479398	7.1980453
country	5.774048	4.24353	5.8096075
title	7.3409214	4.46749	6.763279
choose	5.494958	4.3380885	4.9775195
village	6.295649	4.852715	5.7621837
acquire	7.7009273	5.7538614	7.9628286
rank	6.012911	5.2447715	5.9931135
bow	5.940986	4.0626106	4.9902716
doctor	5.048986	4.2671313	5.17658
talent	8.059843	5.86123	7.7998443
source	6.3884354	4.907176	5.897866
lead	5.000486	5.6633763	5.306895
question	5.186928	4.357512	5.4870505
publish	5.4406605	5.0910172	5.520245
interest	6.25915	5.0544596	5.818159
serve	5.37634	3.974989	4.642611
divine	7.547078	4.411174	7.2392035
put	4.956758	4.714073	4.4193745
shadow	4.3500504	3.210591	3.6022048
practical	6.0852838	4.501194	6.275535
surface	4.6457276	2.9554892	3.9206145
account	5.643155	4.625004	5.7383547
loss	3.434163	5.430517	3.7172036
indian	4.8823977	5.282296	5.295609
vine	7.118422	3.682605	5.7030163
certain	5.309005	5.201218	5.7715764
sin	2.8576062	5.3537884	4.3826423
necessity	4.2611713	5.1197233	5.41296
lose	4.157334	5.382594	4.472778
private	4.2255607	4.191477	4.5434427
gentleman	6.4326982	4.402776	5.641565
daughter	5.96801	4.5071964	5.697455
drive	3.1186638	6.741254	4.594414
strange	4.312932	5.6528096	4.297088
journey	6.1240916	4.0345383	4.5533433
uncle	6.7447796	4.1553545	5.834989
species	5.445357	5.2365794	5.011933
think	5.8755665	4.7065177	5.1216674
bed	5.0876055	3.203209	3.5059638
wind	4.4553723	4.8592305	4.3385215
bless	8.551178	4.26244	6.3968906
destroy	3.2099972	6.8145885	5.272967
author	5.7620497	4.6063437	5.217448
sustain	5.4435315	5.0666094	5.9798007
black	3.8848917	4.867496	4.0039625
event	6.4113073	5.8134327	6.8540554
liberty	7.9102516	5.81904	7.813924
negro	3.8829837	5.3181386	4.4841566
little	4.3784933	4.120117	3.2205539
fortune	6.6910543	5.0414424	6.234437
touch	5.4347973	4.37639	4.3633566
kill	3.6970625	6.7216387	4.976537
feature	5.558139	3.824348	5.313342
happiness	8.228975	4.788278	6.0937066
assume	4.1577206	4.9462852	4.944767
notion	5.520943	4.2756543	5.055511
purchase	6.8744607	4.475028	5.8177443
faithful	6.7643538	4.168314	6.332742
soldier	4.6517763	5.839042	5.943259
father	5.864792	5.0050316	5.996247
narrow	3.0613732	4.3943205	3.6155136
great	5.3002777	5.499348	6.2420206
tear	3.1826143	4.6933002	2.6807609
honorable	6.1321516	5.398348	6.3168316
previous	4.554727	4.6487575	4.64838
good	7.113057	4.3512926	6.4297957
domestic	4.8764076	3.4162023	4.1779094
glory	7.487809	5.487313	7.1323075
lay	4.6323733	4.439284	4.4170156
occasion	5.2523403	5.297529	5.3540263
guard	5.1786084	5.252688	6.3402653
whole	5.423978	4.592968	5.6717043
mouth	5.0563183	4.877537	4.883927
receive	6.6421585	4.8768973	5.5087113
take	4.670583	5.327514	5.135141
simple	6.5080576	4.2015934	5.646371
error	2.360596	5.5533834	4.0189333
wisdom	7.0383234	4.6696587	7.085066
rock	5.0173607	4.928213	5.439183
decide	5.218172	5.1656504	6.1221876
exclaim	5.905303	6.2675877	5.654663
assure	7.587094	5.125788	6.328661
sign	5.080262	4.0189385	4.540062
preserve	5.9287853	3.9124906	5.688004
commerce	6.340724	5.1664515	6.810498
plant	5.277954	4.1595926	4.935682
walk	6.050434	4.4391594	4.352014
difference	5.011617	4.444749	5.0657773
hang	4.410038	4.554385	4.1632295
following	7.4014874	3.5947363	5.851874
employ	4.9743433	4.923451	5.5344067
