deal	4.9087334	5.4743037	5.706679
study	6.6093864	4.476727	6.667619
afford	6.5394163	4.672497	5.80249
service	6.467957	4.7602725	6.2019043
height	5.222984	5.337889	5.794901
prospect	7.6676903	5.1837425	6.420511
pleasant	7.429461	4.1649647	4.86137
shade	4.437477	3.7179575	3.3301926
listen	5.3967705	5.362645	4.7589884
mighty	6.2695694	5.5337415	7.258551
country	5.586209	4.20955	5.7096767
title	7.440379	4.4667716	6.919504
choose	5.3945503	4.360217	4.8510084
village	6.3617926	4.677887	5.673853
acquire	7.7607117	5.7713475	8.021846
rank	5.8897743	5.2177362	5.9594107
bow	5.670939	4.1043777	4.8595853
doctor	5.092124	4.0513225	5.247022
talent	8.071739	5.9600444	7.8046255
source	6.250763	4.890096	5.7464867
lead	4.918811	5.7565427	5.278192
question	4.9722176	4.2934275	5.293413
publish	5.423328	5.099468	5.4914474
interest	6.584832	5.178084	6.0083046
serve	5.400221	4.0065937	4.7372746
divine	7.470792	4.2477407	7.090665
put	5.040186	4.612171	4.3622503
shadow	4.3109264	3.368583	3.761495
practical	6.143645	4.4021173	6.2672687
surface	4.7226267	3.0409086	4.0594444
account	5.6816263	4.5646114	5.62335
loss	3.2999663	5.4343557	3.643558
indian	5.02832	5.121321	5.3649297
vine	7.1853848	3.6629274	5.656067
certain	5.327172	5.325507	5.8855815
sin	3.0460322	5.370486	4.5331607
necessity	4.353924	5.1900992	5.4567113
lose	4.1991477	5.284849	4.4837103
private	4.095927	4.278078	4.513508
gentleman	6.4550757	4.3862867	5.70471
daughter	5.757443	4.493913	5.540109
drive	2.879159	6.6445284	4.36462
strange	4.2669024	5.6683397	4.2754083
journey	6.208703	4.077177	4.635236
uncle	6.896363	3.9457836	6.0195174
species	5.6244674	5.217984	5.0562043
think	5.6775923	4.6928854	5.099183
bed	4.972016	3.0597389	3.4183617
wind	4.456902	4.8364325	4.3267174
bless	8.509298	4.133769	6.3266153
destroy	3.2540774	6.719354	5.16118
author	5.8566017	4.5227747	5.305239
sustain	5.459133	5.0652113	5.9722853
black	3.723393	4.8679957	3.8008385
event	6.5510592	5.599939	6.711029
liberty	7.750574	5.9327016	7.539597
negro	3.776787	5.242794	4.3144064
little	4.3220377	4.1699686	3.3514512
fortune	6.5845385	5.213998	6.257265
touch	5.435848	4.326693	4.360231
kill	3.8864787	6.499966	4.917232
feature	5.485586	3.6365857	5.181332
happiness	8.392305	4.7885227	6.160998
assume	4.081458	5.036538	4.911625
notion	5.603078	4.2536182	5.0000143
purchase	6.8687897	4.591507	5.9481325
faithful	6.6619534	4.108193	6.157897
soldier	4.625451	5.785631	5.8708305
father	5.849698	5.081718	6.1333256
narrow	3.2588496	4.460031	3.8639646
great	5.0841813	5.480391	5.981711
tear	2.9395509	4.8180757	2.6110065
honorable	5.9799767	5.5698557	6.337963
previous	4.4034443	4.564952	4.513695
good	6.853703	4.3389225	6.2809
domestic	4.8677816	3.4253724	4.071946
glory	7.5534616	5.4059496	7.092496
lay	4.519475	4.4864187	4.4600396
occasion	5.2156935	5.1686316	5.285737
guard	5.0074635	5.181415	6.1199217
whole	5.421008	4.52995	5.6359115
mouth	5.1502934	4.6449413	4.7776127
receive	6.503331	4.8488812	5.405179
take	4.7707896	5.446477	5.174521
simple	6.448805	4.137755	5.6801696
error	2.253036	5.5036006	3.8046837
wisdom	7.054103	4.774971	7.197736
rock	5.0493627	5.048433	5.470727
decide	5.278842	5.1681843	6.099679
exclaim	5.8131385	6.301832	5.670738
assure	7.57481	5.2940135	6.373347
sign	5.067795	3.9714055	4.525269
preserve	5.879264	3.8959668	5.6370354
commerce	6.5082884	5.1940665	6.919371
plant	5.128195	4.244294	4.9187603
walk	5.950721	4.350567	4.299976
difference	4.7781153	4.5594125	4.9792547
hang	4.484948	4.52671	4.2891145
following	7.2706556	3.7262354	5.881565
employ	5.03925	4.98313	5.626991
