deal	4.9411197	5.2397676	5.762967
study	6.75323	4.4271317	6.609497
afford	6.571924	4.809481	5.9039354
service	6.5590215	4.734838	6.219301
height	5.146095	5.405768	5.8692093
prospect	7.4085264	5.341018	6.4920044
pleasant	7.4394445	4.063376	4.9014664
shade	4.4002757	3.7368388	3.3312905
listen	5.337451	5.489478	4.8333793
mighty	6.1661444	5.585152	7.1014752
country	5.5756254	4.350602	5.8035226
title	7.4588003	4.523403	6.8374357
choose	5.481783	4.2197857	4.7934413
village	6.393771	4.752009	5.788471
acquire	7.6174	5.8259788	7.9817953
rank	5.8125486	5.269079	5.903124
bow	5.863769	4.0461326	4.8399343
doctor	4.86199	4.2016163	5.0634413
talent	8.002995	5.9101295	7.738621
source	6.261072	4.8649535	5.7933764
lead	4.9636116	5.773553	5.2825146
question	4.928668	4.342802	5.4441824
publish	5.5134006	5.1881056	5.4929476
interest	6.6413875	5.029671	6.154312
serve	5.450619	3.9145017	4.77278
divine	7.475119	4.441261	7.164342
put	4.8914156	4.763694	4.3277345
shadow	4.2857475	3.3235505	3.6822748
practical	6.212353	4.4629693	6.3715296
surface	4.6808662	3.0480425	3.962584
account	5.6697245	4.5412865	5.6161523
loss	3.4283538	5.3809433	3.77307
indian	5.022918	5.136387	5.311379
vine	7.055563	3.6924024	5.572177
certain	5.256918	5.222953	5.7567177
sin	2.8467548	5.385331	4.5085816
necessity	4.3303437	5.1668463	5.385513
lose	4.264994	5.3309627	4.528463
private	4.0366917	4.247268	4.471181
gentleman	6.3710814	4.4986567	5.7632675
daughter	5.8795347	4.4611154	5.551792
drive	3.0168447	6.6679063	4.3320465
strange	4.3018765	5.660121	4.222856
journey	6.2114034	4.11588	4.672153
uncle	6.7406425	4.1268373	6.096035
species	5.5234337	5.281095	5.0456586
think	5.646659	4.717211	4.8805327
bed	5.0351095	3.0947046	3.382368
wind	4.5881567	4.8207636	4.360797
bless	8.438878	4.205303	6.4270344
destroy	3.1600473	6.6661296	5.1614356
author	5.8082075	4.4850783	5.1917944
sustain	5.4571815	5.028666	5.974547
black	3.8335385	4.886308	4.0872808
event	6.486367	5.648863	6.7934694
liberty	7.8386774	6.0184226	7.7518244
negro	3.7712526	5.3509274	4.4317975
little	4.3460317	3.9514236	3.1692505
fortune	6.5789514	5.091726	6.2879705
touch	5.343424	4.3715	4.278774
kill	3.896204	6.5106144	5.014326
feature	5.59468	3.7459588	5.2597785
happiness	8.350866	4.8066387	6.2210093
assume	4.057424	4.9617167	4.907785
notion	5.491786	4.174577	4.912099
purchase	6.77867	4.50192	5.807711
faithful	6.78674	4.0332394	6.1597867
soldier	4.735952	5.807091	5.849653
father	5.691617	5.0795746	6.079276
narrow	3.0142386	4.479298	3.6707654
great	5.192419	5.6013346	6.2197127
tear	3.2894912	4.7959	2.727276
honorable	6.169246	5.4286475	6.313699
previous	4.559934	4.537672	4.585615
good	6.991274	4.2279425	6.4176536
domestic	4.800963	3.3331585	4.0362663
glory	7.4157352	5.4752	7.1105447
lay	4.6361413	4.530482	4.5399976
occasion	5.282958	5.296557	5.3352504
guard	4.998168	5.1735253	6.124925
whole	5.294147	4.5071454	5.5525064
mouth	5.0086355	4.7854395	4.7196293
receive	6.483188	4.9625187	5.375863
take	4.6629195	5.446597	5.1801834
simple	6.352616	4.2331457	5.645005
error	2.3596387	5.590772	3.9668522
wisdom	7.0672946	4.7488384	7.12373
rock	4.8872504	5.0335445	5.3970623
decide	5.11366	5.13829	6.0543838
exclaim	5.670341	6.2280445	5.5797353
assure	7.685149	5.113023	6.3991632
sign	5.030555	3.907885	4.482117
preserve	5.8390026	3.9176745	5.6360984
commerce	6.4613876	5.056482	6.839547
plant	5.087581	4.237146	4.928141
walk	5.97495	4.43295	4.476056
difference	4.8255205	4.5311666	4.9519396
hang	4.3886333	4.493414	4.1805544
following	7.211708	3.6283062	5.7535725
employ	4.98188	4.8168335	5.4877157
