deal	4.9475794	5.353698	5.689477
study	6.7584457	4.4358573	6.521198
afford	6.4261427	4.606493	5.6913323
service	6.494982	4.639973	6.026743
height	5.305386	5.3555264	5.8251553
prospect	7.471013	5.296643	6.4413476
pleasant	7.5188265	4.1485443	4.947586
shade	4.2935753	3.699946	3.2694752
listen	5.377902	5.487138	4.7405043
mighty	6.1937246	5.540221	7.1248875
country	5.536536	4.4074035	5.863493
title	7.2110233	4.2556295	6.7450557
choose	5.4641724	4.448428	4.895715
village	6.0899487	4.976201	5.8220243
acquire	7.70704	5.7404733	7.9925637
rank	6.033901	5.1912675	6.0251503
bow	5.8344975	4.13025	4.912014
doctor	4.94128	4.3634186	5.284417
talent	7.9064407	5.9589863	7.7548985
source	6.378191	4.866895	5.7393465
lead	4.9509735	5.7519507	5.2402325
question	5.2425857	4.1768217	5.375955
publish	5.5889645	4.9175525	5.451526
interest	6.594722	5.110982	6.085127
serve	5.367265	3.9814768	4.7201214
divine	7.517301	4.4096837	7.1538935
put	4.9139953	4.4271	4.2894073
shadow	4.2333636	3.240766	3.6264243
practical	6.1692452	4.4536324	6.236396
surface	4.6687245	3.0356457	3.9701428
account	5.577939	4.5934153	5.619339
loss	3.4659457	5.3191895	3.7463672
indian	4.8370094	5.1115623	5.3283596
vine	7.089429	3.6658564	5.643199
certain	5.108601	5.2022605	5.8068867
sin	2.7980688	5.499417	4.5410385
necessity	4.2436457	5.300008	5.474263
lose	4.241668	5.293727	4.337619
private	4.0751176	4.281682	4.5165877
gentleman	6.26865	4.4619136	5.665918
daughter	5.8656893	4.555542	5.7095075
drive	3.0580475	6.77238	4.534799
strange	4.2348228	5.644279	4.2248664
journey	6.324251	4.1954765	4.6678786
uncle	6.5324264	4.1684484	5.938298
species	5.565816	5.293282	5.0598073
think	5.865215	4.8785067	5.158211
bed	5.040763	3.1311452	3.4413795
wind	4.5788484	4.8591638	4.3855047
bless	8.467496	4.299898	6.3781757
destroy	3.1392713	6.6456923	5.0623245
author	5.8524847	4.4344344	5.182736
sustain	5.390892	5.100119	5.905539
black	3.9303966	5.041183	4.1892624
event	6.5898566	5.6784782	6.935033
liberty	7.7625837	5.9298244	7.618453
negro	3.8539155	5.3879986	4.4797907
little	4.456776	3.9231086	3.3225179
fortune	6.4300575	5.148717	6.160295
touch	5.4729123	4.28955	4.34212
kill	3.7715805	6.543727	4.967555
feature	5.580759	3.8510058	5.3980308
happiness	8.205277	4.7834096	6.0630407
assume	4.102271	4.8714986	4.803484
notion	5.5433745	4.084981	4.9133677
purchase	6.6811533	4.516501	5.820142
faithful	6.7534523	4.143099	6.2297935
soldier	4.6626816	5.815308	5.817525
father	5.689848	4.912194	6.125119
narrow	3.1383648	4.4913874	3.689993
great	5.2937026	5.446768	6.000852
tear	3.172789	4.894887	2.7316585
honorable	6.180969	5.3528147	6.442935
previous	4.4686923	4.5390224	4.507563
good	7.0031085	4.332013	6.4853554
domestic	4.8493567	3.4708118	4.187336
glory	7.310896	5.493186	7.0764084
lay	4.660445	4.41449	4.3864346
occasion	5.1837845	5.297113	5.29524
guard	4.9266586	5.1786675	6.1748075
whole	5.4057894	4.6401443	5.6875887
mouth	5.0537853	4.8235235	4.74144
receive	6.6155457	4.845817	5.487354
take	4.523408	5.246515	5.171898
simple	6.470576	4.2038503	5.6849155
error	2.291051	5.4781566	3.9183867
wisdom	7.022396	4.8497124	7.154742
rock	4.9930854	5.0166936	5.435561
decide	5.3337226	5.212451	6.210311
exclaim	5.7449017	6.1639724	5.6421084
assure	7.6940656	5.1120286	6.3513613
sign	4.912309	3.9077635	4.528616
preserve	5.9157863	3.8570035	5.6897526
commerce	6.3579307	5.125064	6.9191456
plant	5.208308	4.165196	4.9459496
walk	6.0652676	4.316929	4.3261995
difference	4.9439635	4.4767227	5.034096
hang	4.4265013	4.389094	4.2510624
following	7.3281507	3.6010857	5.883956
employ	4.868091	4.962162	5.563151
