deal	5.174426	5.415648	5.8740673
study	6.806999	4.3185773	6.583235
afford	6.651886	4.8402085	5.9656
service	6.4971366	4.816205	6.224213
height	5.3609805	5.3708067	5.8776593
prospect	7.4247494	5.358554	6.440936
pleasant	7.477167	4.023585	4.837471
shade	4.4632525	3.7070389	3.4324338
listen	5.411407	5.480256	4.810175
mighty	6.392075	5.6729164	7.310834
country	5.527337	4.2524886	5.7511253
title	7.4211426	4.5283546	6.8585167
choose	5.5804024	4.3012347	4.9873624
village	6.229268	4.834654	5.752797
acquire	7.8091335	5.7819304	8.032642
rank	5.8992667	5.232964	5.864605
bow	5.764939	4.1418853	4.8587847
doctor	4.936442	4.2734795	5.2442627
talent	7.960829	5.9308414	7.8083706
source	6.485103	4.7276764	5.7405753
lead	5.0817723	5.5917573	5.239853
question	5.184355	4.2293715	5.320057
publish	5.481472	4.9975023	5.4383674
interest	6.506608	5.138323	6.0880656
serve	5.486376	3.9903488	4.7989736
divine	7.5258417	4.554045	7.23347
put	4.993288	4.6905794	4.293981
shadow	4.329077	3.3246017	3.737332
practical	6.113434	4.373227	6.3039403
surface	4.730232	2.9640775	4.0662775
account	5.6641693	4.6979346	5.761377
loss	3.4716403	5.441415	3.8253632
indian	4.9467845	5.2556977	5.3343706
vine	6.949482	3.753472	5.738277
certain	5.2622805	5.314676	5.817555
sin	2.9767299	5.3990264	4.5513973
necessity	4.4144025	5.25541	5.528219
lose	4.3039517	5.215049	4.434124
private	4.125396	4.277245	4.5899014
gentleman	6.517766	4.3600316	5.7798023
daughter	5.9134417	4.414341	5.648768
drive	3.1247678	6.749267	4.49982
strange	4.3482175	5.6920247	4.254649
journey	6.240017	4.0853257	4.619483
uncle	6.7624273	4.217861	6.0067596
species	5.492899	5.1836724	5.0741673
think	5.888457	4.8058987	5.0977144
bed	4.990783	2.9737039	3.328571
wind	4.6530166	4.75488	4.356452
bless	8.414654	4.251924	6.38909
destroy	3.3963833	6.606483	5.153777
author	5.741705	4.4906874	5.153163
sustain	5.452048	5.0458236	6.046983
black	3.558377	4.824936	3.8957915
event	6.470574	5.6696577	6.786233
liberty	7.730945	5.976891	7.6228833
negro	3.6683888	5.232327	4.213925
little	4.4149137	3.9974637	3.2335324
fortune	6.5944147	5.2003655	6.39287
touch	5.528329	4.3858695	4.3857408
kill	3.9502463	6.5312595	4.9671926
feature	5.561124	3.8836374	5.401217
happiness	8.376583	4.7708073	6.326955
assume	4.131968	4.9233236	4.926601
notion	5.5437584	4.3516097	5.0535226
purchase	6.891076	4.633644	5.864846
faithful	6.6590858	4.1732817	6.157654
soldier	4.5888658	5.868725	5.7909713
father	5.945545	5.081223	6.1434746
narrow	3.1565301	4.355646	3.6755085
great	5.2302046	5.6513214	6.184958
tear	3.141503	4.833124	2.7133107
honorable	5.9544554	5.3466864	6.2275844
previous	4.513585	4.6246185	4.6288867
good	7.0826573	4.4476686	6.4520197
domestic	4.647776	3.1557715	3.8189473
glory	7.3587055	5.4980407	7.074827
lay	4.7652683	4.5797205	4.474906
occasion	5.1738014	5.220121	5.334038
guard	5.0128713	5.195563	6.212896
whole	5.4881344	4.333427	5.507104
mouth	5.005978	4.8640857	4.71836
receive	6.5046	5.073939	5.480061
take	4.8723297	5.307357	5.112115
simple	6.446413	4.1476183	5.601038
error	2.0687168	5.5543637	3.8961368
wisdom	7.1423607	4.6026025	7.1455793
rock	5.0923505	5.0156107	5.398913
decide	5.1771774	5.098165	5.9852
exclaim	5.930605	6.3623548	5.6816993
assure	7.5921435	5.100246	6.299596
sign	4.754579	4.0750613	4.512311
preserve	6.0149307	3.9362974	5.7653613
commerce	6.3633623	4.9697895	6.7919884
plant	5.0759277	4.238474	4.918856
walk	6.1917725	4.3826666	4.4020014
difference	4.7968	4.5884376	5.0783362
hang	4.3903017	4.53732	4.2381716
following	7.079609	3.6955144	5.736123
employ	4.8080735	4.80163	5.5044703
