deal	4.928174	5.221789	5.4885445
study	6.7303	4.3975086	6.5688567
afford	6.729183	4.8641233	5.994442
service	6.512816	4.731589	6.2121453
height	5.377885	5.3248634	5.836839
prospect	7.469375	5.3850064	6.5179844
pleasant	7.477333	4.168598	4.838819
shade	4.330316	3.749895	3.356378
listen	5.3526745	5.4002843	4.669376
mighty	6.3291454	5.462186	7.088012
country	5.6238275	4.3711033	5.9023085
title	7.4343905	4.3343163	6.8796673
choose	5.4387507	4.4665737	4.9810863
village	6.299115	4.740555	5.735379
acquire	7.7268333	5.599272	7.9156446
rank	5.9297824	5.2199807	5.9819264
bow	5.961491	4.1496487	4.919718
doctor	4.9312034	4.167494	5.0532403
talent	7.8452024	5.9337745	7.684061
source	6.4586716	4.8400974	5.866178
lead	4.8744326	5.746661	5.2332087
question	5.0839486	4.0847073	5.2326856
publish	5.550815	5.0030284	5.4933777
interest	6.6196423	5.018858	5.904363
serve	5.5470295	3.8272672	4.6394176
divine	7.496596	4.515782	7.2914996
put	5.015044	4.5866446	4.37383
shadow	4.2608266	3.2811918	3.7152894
practical	6.0535502	4.4300947	6.2142515
surface	4.8264565	2.896377	4.011074
account	5.613004	4.5922656	5.6515737
loss	3.4675963	5.4318585	3.7006297
indian	4.8500977	5.1840696	5.2514825
vine	6.9134116	3.7495456	5.7890224
certain	5.182871	5.2788773	5.869378
sin	2.7723424	5.450334	4.4390616
necessity	4.36364	5.241698	5.463575
lose	4.3139777	5.328083	4.607376
private	4.007615	4.1942496	4.360495
gentleman	6.295457	4.5210805	5.6997337
daughter	5.9811354	4.4530926	5.6862493
drive	3.1468446	6.7646985	4.615716
strange	4.3887534	5.611401	4.3032103
journey	6.135027	4.0373006	4.540336
uncle	6.7323065	3.9788792	5.805242
species	5.583494	5.261626	5.046562
think	5.846078	4.6742244	5.1381035
bed	4.9401236	3.0109735	3.3736322
wind	4.6907663	4.7270503	4.346932
bless	8.441277	4.3791633	6.4282556
destroy	3.2073889	6.736565	5.242157
author	5.913525	4.428311	5.2534266
sustain	5.463477	5.0380845	5.939317
black	3.8773417	4.8197284	4.0350266
event	6.3538437	5.650354	6.710538
liberty	7.854504	5.9793577	7.636698
negro	3.575848	5.4096766	4.1788883
little	4.3942943	3.934471	3.151175
fortune	6.522156	4.9639277	6.1340857
touch	5.482838	4.3433275	4.2588882
kill	3.72991	6.472411	4.8881807
feature	5.5227814	3.8082561	5.195495
happiness	8.230704	4.9529786	6.0731378
assume	4.146694	4.9424605	4.973744
notion	5.635312	4.1447544	4.90415
purchase	6.83939	4.435425	5.8522425
faithful	6.7080245	4.196168	6.228901
soldier	4.628402	5.7454762	5.7064195
father	5.8530183	4.989293	6.1971283
narrow	3.0130348	4.394179	3.616982
great	5.2902865	5.3543563	6.1394796
tear	3.170444	4.8243456	2.7294717
honorable	6.076705	5.4308662	6.243409
previous	4.6816063	4.51263	4.71064
good	6.878667	4.237463	6.2298985
domestic	4.7785068	3.5566094	4.0129385
glory	7.3953037	5.530736	7.0732985
lay	4.5800962	4.5667014	4.390299
occasion	5.170284	5.2526164	5.36872
guard	4.91817	5.032831	6.0400863
whole	5.27446	4.5289187	5.5251994
mouth	5.0514827	4.6989627	4.6418624
receive	6.7908697	4.8374286	5.5846996
take	4.7204795	5.311888	5.3472238
simple	6.5357127	4.0291977	5.686295
error	2.314602	5.5406613	3.9409456
wisdom	6.934045	4.730358	7.068782
rock	5.1460605	4.978485	5.4624085
decide	5.228702	5.038327	6.06675
exclaim	5.960004	6.304483	5.6748424
assure	7.6606603	5.255893	6.39281
sign	5.163468	4.014924	4.6675363
preserve	5.868255	4.0523334	5.7249184
commerce	6.3390493	5.160409	6.768452
plant	4.8819046	4.2072554	4.888153
walk	6.000172	4.4353514	4.361493
difference	4.852244	4.6795278	5.054106
hang	4.4792957	4.419468	4.217303
following	7.3585315	3.6898856	5.870516
employ	4.874423	4.8662868	5.4012375
