deal	5.166437	5.3521748	5.7425256
study	6.604495	4.391163	6.6437206
afford	6.6764507	4.8294115	5.809758
service	6.4841948	4.810606	6.1557612
height	5.332836	5.308372	5.8705244
prospect	7.5350313	5.2716613	6.535636
pleasant	7.4418306	4.05704	4.8443885
shade	4.4182444	3.7077997	3.3975601
listen	5.4248567	5.525481	4.841136
mighty	6.3010364	5.5072746	7.1301794
country	5.7455144	4.44507	5.9807987
title	7.5309978	4.2593756	6.7358637
choose	5.4358277	4.390107	5.0451174
village	6.3790627	4.822564	5.785228
acquire	7.863777	5.7169952	8.059929
rank	6.0882974	5.311503	6.0326595
bow	5.818083	4.094775	4.906559
doctor	4.979945	4.18988	5.2276235
talent	7.915635	5.891238	7.77464
source	6.485902	4.565525	5.6617217
lead	4.9576316	5.7852817	5.2608633
question	5.1182027	4.235099	5.3927007
publish	5.4929314	4.9326606	5.3898582
interest	6.4934697	5.2720847	6.2475247
serve	5.331213	3.9805856	4.621818
divine	7.4899073	4.367752	7.084221
put	4.818995	4.6268616	4.220337
shadow	4.2395678	3.3384306	3.7113693
practical	6.032442	4.3897734	6.2432175
surface	4.750985	2.9406323	3.9773242
account	5.5563	4.741399	5.6775928
loss	3.3582013	5.535072	3.7358918
indian	4.9267426	5.105491	5.193222
vine	7.156445	3.6731572	5.815616
certain	5.1224995	5.2276125	5.7863383
sin	2.9029202	5.420706	4.53404
necessity	4.140923	5.2435174	5.3564734
lose	4.050584	5.36078	4.467424
private	4.0431814	4.2735662	4.4850655
gentleman	6.4321747	4.3861084	5.6565456
daughter	5.9848933	4.41957	5.6306295
drive	3.1107442	6.7483315	4.497054
strange	4.256256	5.622431	4.258566
journey	6.169814	4.1400156	4.6375647
uncle	6.6011324	3.9724693	5.8826647
species	5.557459	5.3468513	4.9698167
think	5.8156686	4.680579	4.985745
bed	5.0575695	3.0569272	3.3574948
wind	4.6874022	4.824959	4.3572593
bless	8.409603	4.1624823	6.337344
destroy	3.2462304	6.670469	5.1603107
author	5.8079863	4.4703064	5.155664
sustain	5.3755193	5.131867	5.9843397
black	3.7167969	5.018586	3.8796768
event	6.4510326	5.651332	6.812841
liberty	7.800603	6.089704	7.703817
negro	3.73731	5.4242363	4.326033
little	4.192946	4.0714307	3.1279464
fortune	6.6512117	5.069983	6.221167
touch	5.462824	4.420247	4.324878
kill	3.798031	6.518165	4.870718
feature	5.696601	3.7093806	5.35821
happiness	8.384436	4.7678204	6.2019796
assume	4.15215	4.9577055	4.8876376
notion	5.505532	4.253051	4.888507
purchase	6.843329	4.3602057	5.7447834
faithful	6.663066	4.276907	6.2452364
soldier	4.7188244	5.9101343	5.897121
father	5.840234	4.9775953	6.15653
narrow	3.1295316	4.4893937	3.7506638
great	5.0818872	5.6255693	6.1684947
tear	3.213822	4.6091037	2.675767
honorable	6.1862073	5.4562345	6.3751936
previous	4.483176	4.52907	4.566222
good	7.1017294	4.3012214	6.4529123
domestic	4.605627	3.5792146	4.0252905
glory	7.441221	5.5519295	7.148477
lay	4.553365	4.5392547	4.3920746
occasion	5.1202393	5.265383	5.1932297
guard	4.854449	5.2821727	6.187334
whole	5.437358	4.5923038	5.733021
mouth	5.1647596	4.74095	4.8523297
receive	6.797336	4.838468	5.4224925
take	4.6632404	5.393731	5.2090898
simple	6.3770194	4.129712	5.584342
error	2.158586	5.5409713	3.963077
wisdom	7.0317326	4.5569115	7.0207195
rock	4.899067	5.012106	5.362008
decide	5.1840124	5.1158156	6.152497
exclaim	5.872999	6.20169	5.692787
assure	7.6440125	5.234431	6.3006516
sign	5.0834107	4.0187635	4.579428
preserve	5.8047514	3.9709702	5.6348543
commerce	6.38383	5.1301985	6.8015375
plant	5.2690907	3.998858	4.9948096
walk	6.044015	4.428733	4.408101
difference	4.6400914	4.481422	4.8748064
hang	4.4504724	4.4902725	4.202902
following	7.0916076	3.7158244	5.8367414
employ	4.7128873	4.87774	5.5057726
