deal	4.953994	5.1413755	5.533728
study	6.716261	4.4127173	6.601263
afford	6.607876	4.785649	5.9345093
service	6.3749094	4.780141	6.128418
height	5.3517914	5.298093	5.7907863
prospect	7.5712566	5.339764	6.4545164
pleasant	7.3749847	4.072795	4.8583775
shade	4.4495354	3.7155073	3.3544264
listen	5.353175	5.446133	4.7479353
mighty	6.3933716	5.506372	7.2115393
country	5.6067505	4.2644243	5.6900463
title	7.4273176	4.4325414	6.864506
choose	5.486922	4.2928348	4.987254
village	6.260456	4.813852	5.7363663
acquire	7.8275666	5.80914	8.033739
rank	5.9978023	5.205965	5.9727335
bow	5.9163036	4.167342	4.9372106
doctor	4.827315	4.194818	5.0649543
talent	7.9582777	5.8439054	7.7165546
source	6.1995115	4.791232	5.6998196
lead	5.025036	5.744281	5.343049
question	5.1667933	4.212031	5.2563014
publish	5.622804	5.00447	5.550208
interest	6.689068	5.1004095	6.0424023
serve	5.4111896	3.9329376	4.7285347
divine	7.4208136	4.431387	7.082959
put	4.876277	4.7267237	4.267698
shadow	4.196726	3.2850194	3.7784095
practical	6.144396	4.348908	6.2818007
surface	4.6935725	3.0187347	3.9763775
account	5.6434355	4.576656	5.6319838
loss	3.4090736	5.3832803	3.6914349
indian	4.9564056	5.1456394	5.248215
vine	7.1409745	3.72732	5.66367
certain	5.2036085	5.3306403	5.818469
sin	2.945366	5.447879	4.5530415
necessity	4.276771	5.195758	5.5078654
lose	4.161686	5.246005	4.46611
private	4.2307673	4.302195	4.5114226
gentleman	6.373783	4.455288	5.615899
daughter	5.7864943	4.5857882	5.6387153
drive	3.2347703	6.7845683	4.5619717
strange	4.30239	5.661273	4.291957
journey	6.2800083	4.0978894	4.619732
uncle	6.5384274	3.945313	5.687371
species	5.5218053	5.2912664	4.896235
think	5.8967276	4.749711	5.1539707
bed	4.9766603	3.0328689	3.4842691
wind	4.581549	4.72651	4.3343906
bless	8.481941	4.311543	6.4337406
destroy	3.2486145	6.7196627	5.1618576
author	5.8049154	4.489331	5.1157455
sustain	5.455297	5.0561433	5.8695855
black	3.7632139	5.0405226	4.0461693
event	6.60258	5.6383867	6.803236
liberty	7.778289	5.966468	7.640664
negro	3.7840552	5.3836513	4.3366704
little	4.2711215	3.8520126	3.3337784
fortune	6.4320617	5.105607	6.076282
touch	5.4943967	4.395658	4.295304
kill	3.957624	6.629061	4.946187
feature	5.5409627	3.7538579	5.2675667
happiness	8.24351	4.7884374	6.041672
assume	4.065731	4.9136086	4.8344717
notion	5.475174	4.2092323	4.8968987
purchase	6.7651587	4.640521	5.794448
faithful	6.7052255	4.0805845	6.183322
soldier	4.671905	5.793069	5.88204
father	5.751935	5.112586	6.0248265
narrow	3.0960665	4.467349	3.8581285
great	5.2161236	5.4909377	6.1036677
tear	3.0822601	4.807152	2.6554618
honorable	6.0517163	5.483717	6.3397694
previous	4.51208	4.5276737	4.5913153
good	7.0561085	4.3500004	6.3792763
domestic	4.753084	3.5311508	4.0630035
glory	7.4599147	5.4104805	7.0514627
lay	4.7001047	4.450219	4.5225782
occasion	5.205522	5.294856	5.2103233
guard	4.866312	5.2768583	6.204708
whole	5.4805083	4.584411	5.6867537
mouth	5.1328707	4.6663723	4.766108
receive	6.627674	4.838184	5.391629
take	4.7551823	5.344599	5.3554955
simple	6.3978667	4.1766663	5.759988
error	2.2412844	5.4530845	3.9110732
wisdom	7.04031	4.7017827	7.1965733
rock	4.979318	4.961034	5.4020786
decide	5.2539296	5.0428114	6.088294
exclaim	5.86417	6.2877126	5.654003
assure	7.613226	5.1625752	6.319795
sign	5.0507283	3.875104	4.5394864
preserve	5.890539	4.015826	5.618244
commerce	6.420937	5.1426334	6.7959156
plant	5.182294	4.1946154	4.9353595
walk	6.113032	4.409871	4.3375287
difference	4.873888	4.4912887	5.0310783
hang	4.3285294	4.4396744	4.2087283
following	7.245388	3.7445269	5.9324226
employ	4.889829	4.8571777	5.4714594
