deal	4.9229593	5.2956553	5.521599
study	6.7882824	4.301646	6.5693603
afford	6.5567408	4.749234	5.870072
service	6.5001283	4.762529	6.1808715
height	5.4191465	5.290116	5.896351
prospect	7.659815	5.304394	6.5745773
pleasant	7.55693	4.1679406	4.9517236
shade	4.423057	3.7349	3.4292512
listen	5.339828	5.403909	4.7537637
mighty	6.256988	5.578008	7.0685654
country	5.572052	4.2704086	5.5872517
title	7.3998075	4.3598795	6.838153
choose	5.518336	4.424659	5.0980697
village	6.270152	4.7563763	5.6974506
acquire	7.7193117	5.6779356	7.9228635
rank	5.8374896	5.2601657	5.865878
bow	5.762659	4.099251	4.8407054
doctor	4.940627	4.133328	4.973961
talent	7.9679766	5.982277	7.7259436
source	6.3801336	4.837255	5.723926
lead	4.900051	5.6734953	5.316875
question	4.9586334	4.1274495	5.2631783
publish	5.562379	5.068916	5.6093082
interest	6.653414	5.006713	6.0855484
serve	5.408552	3.9365277	4.7696347
divine	7.42055	4.438508	7.164479
put	5.093596	4.5454206	4.3817616
shadow	4.2012925	3.297683	3.7709792
practical	6.0699396	4.295098	6.228636
surface	4.744059	3.055768	4.0272584
account	5.62545	4.4604907	5.6770153
loss	3.408955	5.301271	3.7414606
indian	4.9379992	5.0648003	5.356267
vine	6.964833	3.888119	5.7680297
certain	5.2051196	5.3080873	5.824437
sin	2.980568	5.4254394	4.5793858
necessity	4.219371	5.254844	5.3962913
lose	4.2492685	5.4289856	4.599245
private	4.1394224	4.255677	4.6262746
gentleman	6.418116	4.585494	5.71783
daughter	5.8681326	4.5725737	5.619615
drive	3.0107198	6.5986295	4.4392977
strange	4.2183466	5.6057243	4.19821
journey	6.249523	4.103269	4.766561
uncle	7.034871	3.915094	5.982927
species	5.5137463	5.2444844	5.0144606
think	5.794783	4.626916	5.0748725
bed	5.054997	3.019475	3.281363
wind	4.5458016	4.8368974	4.236187
bless	8.412358	4.2778454	6.367185
destroy	3.171881	6.7528934	5.182315
author	5.8701487	4.6552744	5.285744
sustain	5.4299417	5.017938	5.9427423
black	3.751417	4.808575	3.969054
event	6.5254636	5.6473284	6.885104
liberty	7.70612	5.952882	7.491482
negro	3.7632904	5.310818	4.4145217
little	4.3208237	3.9027066	3.117688
fortune	6.5646996	5.128644	6.19681
touch	5.5380507	4.2933908	4.342312
kill	3.7423718	6.462749	4.9389586
feature	5.516433	3.761697	5.2970643
happiness	8.408476	4.743016	6.1368284
assume	4.2105765	4.891076	4.8850756
notion	5.502338	4.167473	4.7965794
purchase	6.8463573	4.4398413	5.84764
faithful	6.763238	4.0656934	6.204382
soldier	4.638897	5.837667	5.8556223
father	5.8878736	5.128607	6.0003324
narrow	3.248079	4.4129915	3.742698
great	4.9271374	5.6081886	6.0257277
tear	3.092081	4.762943	2.6286173
honorable	6.0290985	5.340295	6.24733
previous	4.451062	4.5718374	4.6133537
good	7.04074	4.208518	6.4292994
domestic	4.672407	3.4537907	3.95895
glory	7.401079	5.485713	6.993869
lay	4.6055975	4.5648623	4.3834925
occasion	5.147508	5.232868	5.271093
guard	4.8806376	5.22199	6.063564
whole	5.29278	4.7017612	5.5908823
mouth	5.177719	4.634739	4.8087664
receive	6.5798965	4.8496027	5.4049726
take	4.678105	5.333388	5.0895095
simple	6.448825	4.0979586	5.627185
error	2.3620138	5.494587	3.936768
wisdom	7.063375	4.7533274	7.1928687
rock	5.0250363	4.952318	5.3464627
decide	5.2233744	5.012168	6.022364
exclaim	5.785045	6.3655796	5.6396794
assure	7.6581316	5.22397	6.4106774
sign	5.0655403	3.920361	4.526131
preserve	5.9154387	3.9495907	5.6995325
commerce	6.2599564	5.1589975	6.7340574
plant	5.151552	4.193338	5.0055413
walk	6.0967646	4.514581	4.464836
difference	4.6424646	4.4149218	4.866704
hang	4.342609	4.4629097	4.1717887
following	7.3369584	3.7704005	6.0584326
employ	4.7816176	4.848578	5.4245954
