deal	4.7535276	5.442374	5.673454
study	6.7465863	4.318966	6.5632787
afford	6.7413435	4.7103524	5.915656
service	6.6174097	4.758468	6.2220716
height	5.3195276	5.2393312	5.7397738
prospect	7.4625835	5.2871017	6.4828076
pleasant	7.4892416	4.0963297	4.91095
shade	4.374848	3.6712074	3.2611299
listen	5.3198237	5.353592	4.7703705
mighty	6.1941433	5.692908	7.236905
country	5.6297364	4.4224873	5.878132
title	7.5292397	4.247742	6.8019924
choose	5.6615477	4.195528	5.01086
village	6.279674	4.7032685	5.6808224
acquire	7.667029	5.7459927	7.988638
rank	5.7604985	5.2253885	5.9396663
bow	5.9180365	4.0224214	4.8676105
doctor	4.7906027	4.1485605	5.0760636
talent	8.039192	5.93994	7.872879
source	6.363907	4.6523185	5.61737
lead	4.9026127	5.6805816	5.2102313
question	5.1170516	4.321607	5.541012
publish	5.5010967	5.061006	5.5439253
interest	6.656577	4.9678125	6.139535
serve	5.3353624	3.994689	4.652992
divine	7.5584593	4.395046	7.162026
put	4.880176	4.7339396	4.3378
shadow	4.426784	3.28596	3.7848172
practical	6.1147346	4.369022	6.193979
surface	4.6666484	2.9109871	3.9832282
account	5.6773853	4.5360293	5.6784062
loss	3.4848619	5.3987293	3.7762997
indian	5.067814	5.0343723	5.248731
vine	6.8129864	3.7110488	5.5206585
certain	5.268835	5.2659597	5.8661814
sin	2.939361	5.375878	4.5149794
necessity	4.482607	5.1307364	5.5498705
lose	4.2105846	5.214768	4.4672484
private	4.1280913	4.4480114	4.6043744
gentleman	6.2450776	4.4319572	5.729411
daughter	5.662079	4.5028763	5.529266
drive	3.0216367	6.698159	4.403813
strange	4.22952	5.586277	4.2424912
journey	6.36289	4.066779	4.6457734
uncle	6.9667087	3.8072438	5.8876925
species	5.442466	5.3257074	4.941265
think	5.787286	4.627545	5.040917
bed	5.01338	3.0033386	3.299639
wind	4.477646	4.7590895	4.2229676
bless	8.357218	4.187648	6.279582
destroy	3.1824505	6.7309074	5.1974826
author	5.880496	4.326067	5.1534567
sustain	5.4703875	5.121336	6.054984
black	3.6225197	4.75786	3.8461049
event	6.377522	5.635906	6.862349
liberty	7.9882593	6.1949744	7.8136644
negro	3.6768892	5.2905736	4.299057
little	4.4386907	3.908814	3.2365932
fortune	6.684949	5.109981	6.312931
touch	5.538904	4.280076	4.3958783
kill	3.6861615	6.57598	4.773521
feature	5.5273	3.812249	5.318695
happiness	8.387191	4.7070513	6.179366
assume	4.2098613	4.9798746	5.0435696
notion	5.5881023	4.125656	4.937616
purchase	6.9319077	4.600045	5.9403005
faithful	6.7218795	4.1718097	6.28246
soldier	4.5927424	5.8539014	5.8494577
father	5.699667	4.9177394	6.039624
narrow	3.0345356	4.5016766	3.760491
great	5.218281	5.5940633	6.1454554
tear	3.2244415	4.7156277	2.7056017
honorable	6.2161293	5.4414997	6.3470407
previous	4.5472307	4.54276	4.578835
good	6.8267756	4.376843	6.3069906
domestic	4.788352	3.4867969	4.0545278
glory	7.460891	5.5523834	7.064328
lay	4.7586184	4.5541387	4.5111294
occasion	5.207059	5.231457	5.3001256
guard	4.911166	5.180129	6.1627817
whole	5.336717	4.5669503	5.618998
mouth	5.039317	4.640944	4.7451677
receive	6.528859	5.0025053	5.504565
take	4.562694	5.429106	5.1393933
simple	6.4868793	4.194236	5.700041
error	2.346756	5.4154778	3.8436525
wisdom	6.928583	4.7291803	7.0633574
rock	5.1395397	4.977395	5.4551086
decide	5.339324	5.2018824	6.2610254
exclaim	5.7647605	6.2951713	5.5829296
assure	7.6353893	5.065375	6.278081
sign	5.131277	3.947018	4.5762835
preserve	5.8694906	3.9179454	5.6699176
commerce	6.222013	5.189342	6.8335423
plant	5.121687	4.1791773	4.895312
walk	6.0329585	4.3146677	4.3175673
difference	4.698001	4.591571	4.8176494
hang	4.468015	4.501998	4.330633
following	7.2536974	3.7453914	5.850626
employ	4.9506407	4.901588	5.506658
