deal	5.2420006	5.447297	5.906949
study	6.7256308	4.4270997	6.563636
afford	6.5059156	4.6932645	5.812114
service	6.5094404	4.7683687	6.166749
height	5.304056	5.3146567	5.849712
prospect	7.5146313	5.3246913	6.4148273
pleasant	7.52535	4.1476283	4.9151373
shade	4.393885	3.879497	3.3694344
listen	5.255548	5.457447	4.732275
mighty	6.2176557	5.6280584	7.1438336
country	5.585128	4.4219313	5.8288593
title	7.309659	4.275454	6.7387013
choose	5.592578	4.356555	4.9447074
village	6.233194	4.761641	5.6614113
acquire	7.6682076	5.7486777	7.9669433
rank	5.8922415	5.2642226	6.0119486
bow	5.76909	4.2641516	4.8144565
doctor	4.868796	4.1978855	5.065769
talent	7.8986144	5.8970423	7.694707
source	6.341333	4.843075	5.810605
lead	5.026738	5.7366104	5.356027
question	5.0606017	4.0934396	5.364104
publish	5.4486866	5.0628066	5.488558
interest	6.5787888	5.173522	6.0993166
serve	5.256774	3.9708107	4.708086
divine	7.616646	4.398532	7.133808
put	4.92091	4.660593	4.331059
shadow	4.2850394	3.4059744	3.7562382
practical	6.046679	4.3495116	6.222063
surface	4.7773967	2.8741941	3.9606385
account	5.6343994	4.607646	5.670248
loss	3.4935515	5.5034676	3.866096
indian	5.0791225	5.1768823	5.3758707
vine	7.2533903	3.6655188	5.728968
certain	5.3231044	5.272279	5.897686
sin	2.8856134	5.5171084	4.527338
necessity	4.2751083	5.200627	5.419912
lose	4.321446	5.332666	4.4938474
private	4.099941	4.284965	4.5519686
gentleman	6.2647104	4.327568	5.5448394
daughter	5.8163943	4.5091515	5.611441
drive	3.1060386	6.8372927	4.4307957
strange	4.217839	5.7932935	4.233624
journey	6.31106	4.0931273	4.757379
uncle	6.6104226	3.8226552	5.756423
species	5.556785	5.3646374	5.05018
think	5.794741	4.7705917	5.1006794
bed	4.864922	3.0552223	3.334919
wind	4.761046	4.8181295	4.4150205
bless	8.451378	4.291204	6.422655
destroy	3.2777052	6.7667923	5.2578683
author	5.943077	4.5244846	5.366514
sustain	5.6620817	5.0706754	6.187254
black	3.7523906	4.7073846	3.9860778
event	6.5437164	5.6752844	6.9456344
liberty	7.951151	6.0289288	7.7679324
negro	3.6428628	5.1305566	4.200165
little	4.3548613	3.9490736	3.1965148
fortune	6.659863	5.182867	6.3959904
touch	5.3963943	4.3160653	4.3543077
kill	3.7774873	6.6268983	4.902065
feature	5.4633045	3.8142862	5.1904917
happiness	8.435874	4.8846526	6.1854563
assume	4.3013396	5.0053625	5.065958
notion	5.464307	4.167177	4.9305286
purchase	6.725282	4.590216	5.809847
faithful	6.7502766	4.1618886	6.2236423
soldier	4.54972	5.8609667	5.8912706
father	5.6652446	5.023364	6.1320734
narrow	3.1558566	4.5719333	3.7665339
great	5.404855	5.628845	6.327914
tear	3.1241875	4.6615763	2.5275395
honorable	6.1033273	5.4397926	6.3469553
previous	4.5192804	4.5939875	4.675961
good	7.042362	4.399194	6.5059547
domestic	4.768912	3.514701	4.116938
glory	7.3878665	5.5466623	7.098811
lay	4.700448	4.6311016	4.6117196
occasion	5.1273518	5.245904	5.2477674
guard	4.841171	5.292904	6.201995
whole	5.3792467	4.5840816	5.6544094
mouth	4.883507	4.5584126	4.5735908
receive	6.447644	4.7801976	5.376846
take	4.6402106	5.563358	5.2910705
simple	6.4580994	4.274192	5.6890135
error	2.299643	5.4852486	3.9631839
wisdom	6.870098	4.7263174	7.0886273
rock	5.032906	5.028176	5.516547
decide	5.263527	4.927517	6.0583
exclaim	5.782687	6.3054667	5.635198
assure	7.71348	5.16794	6.364039
sign	5.14241	3.8789449	4.6391582
preserve	5.958022	4.0562077	5.8225007
commerce	6.4415135	5.2825933	6.91464
plant	5.2548285	4.2488585	4.9895167
walk	6.1747894	4.5224276	4.450169
difference	4.9280453	4.643813	5.115986
hang	4.311028	4.43954	4.147533
following	7.186906	3.6523168	5.7300863
employ	4.695921	4.8453627	5.468127
