deal	5.0060363	5.2777185	5.7427936
study	6.676277	4.4637	6.5812054
afford	6.511673	4.8480353	5.8114624
service	6.4304705	4.7434697	6.129121
height	5.3116655	5.2555075	5.7492466
prospect	7.4918885	5.309973	6.449256
pleasant	7.414557	4.0948496	4.8795757
shade	4.4661355	3.793219	3.4338837
listen	5.3740554	5.4670434	4.808186
mighty	6.4051676	5.6361303	7.2767487
country	5.6737604	4.4031153	5.8799343
title	7.353256	4.405901	6.842032
choose	5.4591193	4.301596	4.9352436
village	6.340289	4.670183	5.7261653
acquire	7.559933	5.6757984	7.9677463
rank	5.924465	5.2507486	5.9888344
bow	5.828729	4.0186462	4.8234005
doctor	5.0807247	4.0161686	5.042923
talent	7.890456	5.900574	7.6586733
source	6.2476625	4.708935	5.658532
lead	4.932466	5.7459774	5.2901034
question	5.0627346	4.4638844	5.4604087
publish	5.520718	5.1744647	5.5750437
interest	6.59573	5.0879984	6.075895
serve	5.421748	3.9949613	4.8039265
divine	7.4797964	4.43187	7.096297
put	4.990268	4.6500077	4.3887544
shadow	4.271175	3.2606575	3.7036505
practical	6.155493	4.4080915	6.2785883
surface	4.5398135	2.8985038	3.8683393
account	5.5797567	4.662118	5.639007
loss	3.4720623	5.2076435	3.67836
indian	4.914782	5.1329074	5.4168386
vine	6.9952116	3.6556451	5.630481
certain	5.260133	5.2960544	5.897394
sin	2.9240222	5.3503056	4.465189
necessity	4.2386327	5.185548	5.491144
lose	4.0873837	5.3438563	4.5002112
private	4.0487604	4.321879	4.533043
gentleman	6.3701982	4.293258	5.6318145
daughter	5.911312	4.51968	5.5171976
drive	2.9416041	6.763335	4.4886456
strange	4.312763	5.8504333	4.3931813
journey	6.2866545	4.1808057	4.711078
uncle	6.5101476	4.0383105	5.7929306
species	5.494872	5.315459	5.055029
think	5.774105	4.803973	5.0393243
bed	5.0378695	3.0543146	3.3099537
wind	4.6245265	4.9090295	4.3838954
bless	8.393057	4.1823807	6.3706193
destroy	3.27026	6.7006755	5.219177
author	5.7610345	4.5440273	5.205596
sustain	5.4822426	4.986949	6.0357623
black	3.6883538	4.8645945	3.8857348
event	6.506469	5.78767	6.93282
liberty	7.8235197	5.972895	7.5785055
negro	3.8497214	5.3922253	4.475276
little	4.1732273	4.073869	3.193131
fortune	6.578207	5.169513	6.2831078
touch	5.4615154	4.3549967	4.331169
kill	3.7653677	6.5476236	4.8382215
feature	5.6526365	3.8066733	5.2973876
happiness	8.34642	4.7288785	6.1351805
assume	4.0413055	4.9008503	4.8630824
notion	5.635366	4.107272	4.895459
purchase	6.848165	4.5552206	5.843545
faithful	6.7280793	4.1721797	6.214921
soldier	4.7245293	5.7700157	5.9238534
father	5.7470427	5.057243	6.0770407
narrow	3.1914814	4.4125843	3.7946324
great	5.360348	5.5364685	6.205183
tear	3.1465578	4.776701	2.6489785
honorable	6.139145	5.49691	6.305978
previous	4.582176	4.531885	4.5668654
good	6.948057	4.395875	6.4203725
domestic	4.846917	3.560323	4.0490475
glory	7.5401216	5.3953648	7.1507645
lay	4.848926	4.473653	4.474784
occasion	5.205344	5.251826	5.327599
guard	5.019414	5.2606883	6.2426424
whole	5.4317346	4.583879	5.72958
mouth	5.078865	4.569336	4.6941776
receive	6.548291	4.934532	5.364169
take	4.7288322	5.56254	5.2718334
simple	6.5077176	4.1945753	5.6657863
error	2.1682568	5.556169	3.928761
wisdom	7.143629	4.675965	7.175567
rock	5.0406075	4.907947	5.35001
decide	5.146825	5.306503	6.0644026
exclaim	5.837471	6.2727547	5.5988827
assure	7.5630865	5.1620307	6.281827
sign	5.0376873	3.97575	4.5249686
preserve	5.8344374	3.8027654	5.6298914
commerce	6.44474	5.220355	6.9375234
plant	5.037645	4.365542	4.949711
walk	6.069835	4.2912736	4.3877106
difference	4.951135	4.5348744	5.075228
hang	4.47125	4.543191	4.2863083
following	7.3064904	3.7493901	5.830596
employ	4.948624	4.926976	5.6357465
