deal	5.086135	5.115769	5.5523434
study	6.621333	4.4676833	6.6132183
afford	6.4278803	4.7493176	5.7019024
service	6.471513	4.7745476	6.1422844
height	5.3315525	5.2815223	5.747999
prospect	7.284422	5.244663	6.301342
pleasant	7.5055914	4.0985036	4.984966
shade	4.4961896	3.7111983	3.396021
listen	5.288245	5.4477625	4.7295723
mighty	6.325914	5.5426064	7.2396917
country	5.8114376	4.2998705	5.9554095
title	7.384121	4.41464	6.7756143
choose	5.5271497	4.3504963	5.015947
village	6.473018	4.734939	5.779045
acquire	7.806406	5.8405266	7.9628935
rank	5.8339863	5.234308	5.881254
bow	5.746971	4.1310234	4.9200206
doctor	4.871911	4.1742344	5.130741
talent	7.971077	5.8436627	7.695173
source	6.4020033	4.801631	5.697881
lead	4.941948	5.6954136	5.242637
question	4.985021	4.3037934	5.3177447
publish	5.6293883	5.071748	5.5522623
interest	6.505374	5.1742415	6.0574327
serve	5.358027	4.0432363	4.705271
divine	7.454109	4.330547	7.102878
put	4.8501644	4.6634693	4.2345195
shadow	4.397977	3.3323517	3.8156629
practical	6.1345997	4.363704	6.2244606
surface	4.8152966	2.9525366	4.0987387
account	5.5843697	4.555189	5.619996
loss	3.503194	5.429766	3.8084617
indian	4.9793944	5.1904984	5.304274
vine	7.2860174	3.5782435	5.698522
certain	5.2224455	5.335394	5.975049
sin	2.889965	5.399698	4.416819
necessity	4.1379433	5.173107	5.377707
lose	4.313307	5.2908764	4.5005517
private	4.027585	4.3598657	4.562369
gentleman	6.434698	4.514118	5.846576
daughter	5.885848	4.5558734	5.607465
drive	3.1895266	6.6635847	4.586801
strange	4.250838	5.5986247	4.264291
journey	6.2169414	4.146901	4.6768084
uncle	6.7676616	4.1502247	6.0208545
species	5.516674	5.1894727	5.0082035
think	5.6543636	4.7801476	5.033377
bed	4.9334726	3.0857434	3.3873873
wind	4.710981	4.739125	4.4609027
bless	8.671807	4.1594896	6.4572973
destroy	3.3801386	6.696658	5.198908
author	5.819015	4.487691	5.2006946
sustain	5.4290504	5.0860333	5.9790707
black	3.5025563	4.88908	3.8024704
event	6.468841	5.7131395	6.9240255
liberty	7.823477	6.0477095	7.846633
negro	3.5084937	5.344454	4.2790823
little	4.2466874	3.9464412	3.1671715
fortune	6.6659665	5.1845093	6.2261295
touch	5.524702	4.322283	4.369519
kill	3.8386173	6.59364	4.885343
feature	5.7068863	3.7934685	5.362551
happiness	8.3876705	4.871071	6.2285304
assume	4.2915196	4.9741735	4.941972
notion	5.537857	4.160081	4.8868794
purchase	6.771287	4.702669	5.9098053
faithful	6.868656	4.129057	6.2981033
soldier	4.777637	5.8359714	6.0016246
father	5.8657684	5.099907	6.1900396
narrow	3.1946068	4.4367275	3.8175397
great	5.0782785	5.3224072	6.05929
tear	3.0352373	4.868802	2.5608335
honorable	6.08379	5.4826717	6.375496
previous	4.5614314	4.587393	4.6470785
good	6.9434223	4.2226973	6.4142647
domestic	4.780694	3.597512	4.1654854
glory	7.4573812	5.495881	7.0902
lay	4.688121	4.456563	4.482537
occasion	5.0777617	5.28004	5.2507896
guard	4.9407086	5.2227483	6.1440463
whole	5.3757567	4.590137	5.779442
mouth	5.209426	4.64713	4.7219496
receive	6.496841	4.778743	5.4480124
take	4.6854863	5.31666	5.2142467
simple	6.46961	4.174575	5.731764
error	2.5441918	5.341781	3.8830185
wisdom	7.067382	4.6875854	6.999024
rock	5.0329723	5.0220323	5.473632
decide	5.2980475	5.2108436	6.1872644
exclaim	5.8937235	6.1967506	5.529275
assure	7.6138535	5.168685	6.3069673
sign	4.886505	3.8288345	4.515908
preserve	5.978242	3.9710722	5.6839046
commerce	6.5258055	5.097115	6.858052
plant	5.1583323	4.1592546	4.788079
walk	6.061755	4.334693	4.361754
difference	4.7256193	4.4788427	4.7468615
hang	4.342692	4.500621	4.2490473
following	7.2877526	3.657011	5.8596478
employ	5.0141697	4.9180975	5.5922694
