deal	4.997871	5.1874795	5.589086
study	6.7592897	4.408374	6.6277437
afford	6.651849	4.7294292	5.9665346
service	6.6479983	4.7120657	6.1589932
height	5.2716866	5.260754	5.862461
prospect	7.6263485	5.263373	6.477025
pleasant	7.646365	4.0693674	4.90328
shade	4.483092	3.6723092	3.264241
listen	5.312928	5.357695	4.7692614
mighty	6.196302	5.467	7.0902905
country	5.5973454	4.4610004	5.8089848
title	7.4194493	4.4677854	6.8555827
choose	5.4387965	4.4444957	5.135788
village	6.283038	4.8344374	5.766435
acquire	7.777377	5.625754	8.04722
rank	5.8060484	5.253989	5.842602
bow	5.8778267	4.1028867	4.9466486
doctor	4.8846335	4.0085635	5.0469823
talent	7.9265614	5.936013	7.786138
source	6.355097	4.8938265	5.8152637
lead	4.9911175	5.7597423	5.3890457
question	5.2558618	4.2418866	5.393632
publish	5.5055437	5.121662	5.4816923
interest	6.672844	5.044256	6.052397
serve	5.455974	3.9388683	4.680555
divine	7.4622087	4.448247	7.1041117
put	4.9542403	4.6628704	4.385228
shadow	4.471902	3.2667806	3.765636
practical	6.2048073	4.327874	6.336412
surface	4.766215	2.8668964	3.9909625
account	5.641206	4.5421195	5.686331
loss	3.514773	5.235589	3.6827574
indian	5.025223	5.083734	5.285714
vine	7.1331015	3.742853	5.6692567
certain	5.275723	5.3380656	5.792666
sin	2.8480024	5.4387803	4.5418987
necessity	4.208654	5.1063066	5.3218894
lose	4.3690877	5.334663	4.673384
private	4.1041274	4.301223	4.491864
gentleman	6.5685987	4.3533955	5.749812
daughter	5.875309	4.523202	5.6810694
drive	3.167049	6.652359	4.5020185
strange	4.390267	5.64797	4.282295
journey	6.2618937	4.047618	4.6028566
uncle	6.70391	3.9177494	5.9472733
species	5.613544	5.361385	5.156798
think	5.6626396	4.5752945	4.957361
bed	4.976736	3.151954	3.45639
wind	4.8196015	4.6765537	4.412957
bless	8.5985155	4.2745304	6.4541078
destroy	3.3187165	6.71393	5.276146
author	5.8814063	4.5624914	5.255779
sustain	5.472771	5.061201	6.0438576
black	3.717349	5.054988	3.9089413
event	6.5293884	5.5994463	6.6895022
liberty	7.9663873	5.845297	7.677225
negro	3.8162866	5.4484625	4.2848268
little	4.5713916	4.008658	3.248404
fortune	6.552482	5.0977077	6.172697
touch	5.4831896	4.249008	4.2969275
kill	3.6318133	6.6444826	4.954694
feature	5.5290494	3.7881913	5.324067
happiness	8.420679	4.7834463	6.255267
assume	4.1620746	4.9935327	4.9163227
notion	5.48104	4.1471567	4.8733683
purchase	6.8446794	4.5153537	5.883594
faithful	6.976994	4.078413	6.3264685
soldier	4.578549	5.8142347	5.754396
father	5.799222	5.033642	6.1295843
narrow	3.1236458	4.4869	3.658462
great	5.3280582	5.347477	5.897399
tear	3.0020661	4.872654	2.5459898
honorable	6.206885	5.43784	6.383463
previous	4.4109235	4.553023	4.496127
good	7.0648394	4.1507263	6.4439917
domestic	4.8714547	3.3960564	4.0820103
glory	7.418869	5.499144	7.030364
lay	4.660249	4.5265956	4.396944
occasion	5.186356	5.178767	5.3103523
guard	5.0256996	5.1487575	6.181055
whole	5.3858643	4.698507	5.55394
mouth	4.9896154	4.805095	4.9032145
receive	6.649017	4.8325086	5.38264
take	4.6861515	5.295749	5.167068
simple	6.55823	4.074318	5.7147713
error	2.4056833	5.484854	3.9754517
wisdom	6.9478793	4.734016	7.1155663
rock	5.0493183	4.841648	5.43425
decide	5.2314596	5.0988965	6.0998654
exclaim	5.7646875	6.343339	5.6567297
assure	7.646106	5.1945567	6.323551
sign	5.0117593	4.0275145	4.56881
preserve	6.0095415	3.8921418	5.801237
commerce	6.361758	5.2202277	6.7961335
plant	5.142423	4.22079	4.902095
walk	6.1254845	4.3810873	4.4081526
difference	4.649717	4.4940667	4.752787
hang	4.5632305	4.3972645	4.2131357
following	7.3692703	3.6049242	5.8534775
employ	4.8991723	4.9545565	5.5629244
