deal	5.0061803	5.412692	5.653183
study	6.6360345	4.5135603	6.579689
afford	6.4787254	4.924109	5.9769135
service	6.5462103	4.7557178	6.154115
height	5.236203	5.2844825	5.8247347
prospect	7.5682716	5.3303757	6.5347805
pleasant	7.483919	4.13632	4.8788247
shade	4.454456	3.7724156	3.4091687
listen	5.2900815	5.5079885	4.785519
mighty	6.315682	5.5896215	7.145468
country	5.673149	4.3017817	5.7638144
title	7.2659388	4.421733	6.794606
choose	5.615306	4.4079165	5.15692
village	6.3216615	4.868198	5.7229815
acquire	7.724285	5.7504945	7.9268994
rank	5.813	5.327653	5.9023905
bow	5.7555075	4.162325	4.965632
doctor	4.8638296	4.132752	5.0304255
talent	8.082035	5.8728704	7.7932234
source	6.1218944	4.7354617	5.639442
lead	4.765527	5.766378	5.20635
question	5.2025986	4.2435193	5.385784
publish	5.529295	5.1274695	5.5822434
interest	6.5935473	5.210871	6.1397104
serve	5.3517466	4.059822	4.643425
divine	7.4352007	4.3492446	7.1023684
put	4.9542217	4.6158876	4.346151
shadow	4.342857	3.298598	3.7614257
practical	6.119771	4.393219	6.2279677
surface	4.82202	2.8911421	4.0512857
account	5.6160817	4.5076838	5.6528115
loss	3.488678	5.3094435	3.8421004
indian	5.01532	5.0690985	5.3117347
vine	7.0867147	3.5859563	5.605614
certain	5.0909414	5.304908	5.80657
sin	3.048389	5.3634143	4.5398207
necessity	4.2777557	5.0744867	5.4016337
lose	4.1431837	5.313504	4.508898
private	4.152537	4.305605	4.535612
gentleman	6.252283	4.5741844	5.6711607
daughter	5.805256	4.6931624	5.7045574
drive	3.027422	6.728342	4.5291004
strange	4.2165346	5.674338	4.2530694
journey	6.2848873	4.146399	4.668373
uncle	6.567855	4.0746713	5.8867526
species	5.593596	5.265768	5.034195
think	5.599409	4.71442	4.888575
bed	5.0292172	3.0956361	3.3371692
wind	4.657184	4.7452846	4.3723264
bless	8.428585	4.2627525	6.4209704
destroy	3.2198067	6.754731	5.198706
author	5.720152	4.4904065	5.1627274
sustain	5.4459977	5.0061817	6.039916
black	3.7949164	5.147978	4.1509047
event	6.486492	5.6998615	6.829711
liberty	7.9660397	6.0056367	7.832471
negro	3.743901	5.4542737	4.4221945
little	4.2042494	4.012246	3.149257
fortune	6.5728226	5.19193	6.16472
touch	5.6310463	4.241046	4.417883
kill	3.8433318	6.4894867	4.901143
feature	5.640389	3.818926	5.28653
happiness	8.365262	4.874078	6.250645
assume	4.112996	4.8953123	4.858329
notion	5.4965467	4.1952505	4.824688
purchase	6.735908	4.5111494	5.769015
faithful	6.7722807	4.146947	6.1993365
soldier	4.618715	5.780013	5.759962
father	5.6731076	4.9251275	5.9643126
narrow	3.0206866	4.4080057	3.5921285
great	5.0914774	5.4219675	6.0417213
tear	3.050816	4.7953286	2.6045802
honorable	6.1069984	5.4610043	6.405159
previous	4.416971	4.531078	4.5484576
good	7.08879	4.4178085	6.5316925
domestic	4.7991233	3.5452018	4.170619
glory	7.4337044	5.5216346	7.019649
lay	4.773559	4.423915	4.400355
occasion	5.0472817	5.2195745	5.212833
guard	4.95174	5.2670093	6.1295376
whole	5.460487	4.6433163	5.643488
mouth	5.108795	4.647529	4.7241497
receive	6.438795	4.9067717	5.437712
take	4.841331	5.3487325	5.338364
simple	6.41609	4.1445775	5.7223444
error	2.2360382	5.4172854	3.8516593
wisdom	7.0566206	4.751743	7.1449575
rock	5.093624	4.9226704	5.459674
decide	5.3283043	5.21848	6.225349
exclaim	5.8871145	6.3235393	5.684167
assure	7.627182	5.2298336	6.3713694
sign	5.0117245	3.8305633	4.601878
preserve	6.0067625	3.9407308	5.791078
commerce	6.428383	5.1985703	6.864741
plant	4.97092	4.241585	4.881459
walk	6.0059505	4.4539843	4.3544483
difference	4.752633	4.3994555	4.8544464
hang	4.3780384	4.505726	4.27743
following	7.463162	3.5433166	5.8741035
employ	4.9376235	4.9936676	5.5426106
