deal	4.986177	5.1746364	5.448719
study	6.5578327	4.404669	6.4666395
afford	6.609024	4.7946544	5.9224777
service	6.358605	4.7358994	6.1499925
height	5.3020225	5.2937045	5.8351645
prospect	7.516517	5.2509627	6.50283
pleasant	7.520312	4.180273	4.9975867
shade	4.461377	3.7409935	3.394814
listen	5.3492665	5.394573	4.7232776
mighty	6.2940254	5.6239977	7.166508
country	5.6500444	4.3749943	5.7247257
title	7.543002	4.372715	6.941971
choose	5.5930233	4.425352	5.105031
village	6.2594194	4.682721	5.6445374
acquire	7.804638	5.6475477	7.9649205
rank	5.9659095	5.3150773	6.029148
bow	5.9153237	4.1746497	4.948059
doctor	4.9659834	4.051943	5.0554004
talent	8.008883	5.8603344	7.818256
source	6.215822	4.6818457	5.5776787
lead	5.0653853	5.633328	5.1767015
question	5.0172024	4.311107	5.2018695
publish	5.5372214	5.1042213	5.5255427
interest	6.4149923	5.1966968	5.9862924
serve	5.3865256	3.9628472	4.6861467
divine	7.4173007	4.445986	7.1427765
put	4.958851	4.572792	4.334603
shadow	4.2641983	3.3399203	3.720836
practical	6.096339	4.339513	6.2724776
surface	4.7069197	2.909268	3.8916814
account	5.719053	4.6533732	5.766525
loss	3.4577413	5.3508134	3.792388
indian	4.9569955	5.1281695	5.384672
vine	7.0685415	3.6496964	5.8251753
certain	5.2327466	5.390224	5.9806256
sin	2.884704	5.307791	4.398921
necessity	4.149306	5.1943564	5.449408
lose	4.458998	5.235463	4.705524
private	4.1585274	4.3147655	4.484316
gentleman	6.415475	4.4435897	5.737539
daughter	5.885212	4.459211	5.481885
drive	3.047874	6.656369	4.333787
strange	4.215431	5.7099743	4.2462068
journey	6.205646	4.016824	4.5860214
uncle	6.752865	3.760805	5.8262067
species	5.48057	5.272303	4.9663234
think	5.8748364	4.827928	5.1578913
bed	4.953798	3.0136657	3.1880722
wind	4.6971226	4.799921	4.441765
bless	8.448128	4.2291136	6.496198
destroy	3.3022308	6.854123	5.3358235
author	5.772141	4.4856052	5.266281
sustain	5.4861693	5.0802026	6.0668144
black	3.92977	4.85881	3.8958178
event	6.4884596	5.6885495	6.8748264
liberty	7.8983727	6.0304823	7.7582264
negro	3.7688775	5.3047047	4.2533736
little	4.1861935	3.960959	3.1536155
fortune	6.647866	5.089465	6.2602305
touch	5.459564	4.3716855	4.3285947
kill	3.8506336	6.519081	4.932914
feature	5.510548	3.7758815	5.2442203
happiness	8.456087	4.764898	6.29741
assume	4.2036166	4.9376016	4.9393244
notion	5.603943	4.1776643	4.93281
purchase	6.79926	4.620594	5.8246655
faithful	6.643404	4.168252	6.1717606
soldier	4.5612383	5.8524904	5.775489
father	5.750301	4.9771376	6.0410085
narrow	3.1535852	4.434396	3.71492
great	5.0012655	5.196749	5.8366566
tear	3.0484328	4.843517	2.608148
honorable	6.16241	5.524488	6.3252378
previous	4.372023	4.527876	4.466408
good	6.9948397	4.261314	6.346874
domestic	4.686095	3.5100923	4.05247
glory	7.5871267	5.512712	7.145654
lay	4.676941	4.508047	4.4940076
occasion	5.1236973	5.233826	5.156289
guard	5.0037026	5.305194	6.2141123
whole	5.2933598	4.503379	5.572061
mouth	5.0446362	4.664419	4.703489
receive	6.537855	4.878554	5.3800464
take	4.7689314	5.3941193	5.236527
simple	6.450406	4.070474	5.65958
error	2.286865	5.396238	3.9126966
wisdom	7.0271807	4.672013	7.1698027
rock	5.0157557	5.0228148	5.3845787
decide	5.227681	5.2310114	6.1139336
exclaim	5.7474484	6.3852267	5.7345796
assure	7.6141453	5.2070284	6.4324837
sign	5.152719	3.938538	4.560111
preserve	6.0356436	4.025698	5.7971764
commerce	6.408492	5.212927	6.8738422
plant	5.1936455	4.1295996	4.8753343
walk	6.1391954	4.448026	4.367843
difference	4.8363523	4.3962584	4.9162965
hang	4.538676	4.4733796	4.3735127
following	7.036376	3.7381783	5.729237
employ	4.7791963	4.827768	5.452863
