deal	5.085288	5.314984	5.677297
study	6.771778	4.3647823	6.5961084
afford	6.686034	4.723182	5.824584
service	6.7106133	4.7522755	6.2939425
height	5.3039703	5.38365	5.9169626
prospect	7.438697	5.290186	6.4359927
pleasant	7.5343065	4.090207	4.9218745
shade	4.3880334	3.7330527	3.2755327
listen	5.4371443	5.391977	4.734664
mighty	6.270896	5.547986	7.089072
country	5.7296066	4.190366	5.7873383
title	7.3879666	4.3645115	6.8099966
choose	5.470482	4.3704605	5.0231285
village	6.250247	4.7618923	5.7068996
acquire	7.748806	5.5981846	7.9823585
rank	5.8450522	5.2780423	5.921239
bow	5.668206	4.1449122	4.8803234
doctor	4.9361167	4.1153893	5.219557
talent	7.9738827	5.756257	7.684273
source	6.3437324	4.837589	5.736825
lead	4.998404	5.768829	5.2339377
question	5.0820274	4.309109	5.409975
publish	5.3584323	5.0876594	5.412832
interest	6.523135	5.1026783	5.9975796
serve	5.477297	3.9928951	4.7618856
divine	7.4336762	4.445872	7.164446
put	4.9427204	4.68929	4.3266068
shadow	4.2789936	3.2564132	3.7614589
practical	6.244948	4.354927	6.2643003
surface	4.6858015	2.936303	3.9062643
account	5.6678696	4.558976	5.699731
loss	3.330192	5.3897586	3.7578938
indian	4.8989058	5.214974	5.268925
vine	7.073295	3.6314049	5.564011
certain	5.205449	5.1929855	5.8056192
sin	2.8730497	5.4059415	4.509295
necessity	4.29142	5.127653	5.4657593
lose	4.2830462	5.2703176	4.4797273
private	4.2448606	4.274634	4.553742
gentleman	6.420512	4.3557105	5.6686144
daughter	5.7965207	4.5585766	5.5291467
drive	3.0349655	6.798952	4.4916325
strange	4.2541533	5.6037135	4.2793083
journey	6.3073173	3.9979162	4.595455
uncle	7.126093	3.6586041	5.7845907
species	5.5573797	5.2482514	5.115243
think	5.648468	4.6866393	5.0155787
bed	5.089528	3.1153238	3.4098458
wind	4.539903	4.8742185	4.348985
bless	8.402278	4.3423247	6.3856473
destroy	3.1808853	6.6704063	5.166067
author	5.8481236	4.4660997	5.2063274
sustain	5.3481913	4.987848	5.9293475
black	3.7915485	4.9565115	3.9966497
event	6.5467076	5.5849595	6.936875
liberty	7.8471136	5.887377	7.7740173
negro	3.7527642	5.4018645	4.385574
little	4.482954	4.006648	3.2929761
fortune	6.6134853	5.0065985	6.2441454
touch	5.379047	4.3162274	4.2074018
kill	3.81346	6.5024986	4.9163036
feature	5.506835	3.8329794	5.345871
happiness	8.399673	4.909468	6.3256807
assume	4.141169	4.9706955	4.953948
notion	5.4159193	4.1202965	4.8462596
purchase	6.708494	4.624901	5.7468185
faithful	6.8847494	4.1620827	6.3424344
soldier	4.651143	5.8078637	5.898803
father	5.759018	5.1190033	5.9433174
narrow	2.970704	4.4365234	3.6132987
great	5.4807973	5.4580536	6.145381
tear	3.165409	4.8831453	2.5767465
honorable	6.1589613	5.4397182	6.3917418
previous	4.4023085	4.608842	4.5443673
good	6.9696145	4.231525	6.33515
domestic	4.884144	3.4334798	4.163317
glory	7.4974785	5.436146	7.1318274
lay	4.493242	4.587077	4.324718
occasion	5.235602	5.2003837	5.2323847
guard	4.8448815	5.2266893	6.149074
whole	5.345271	4.5726566	5.5772877
mouth	5.0680294	4.762645	4.7587056
receive	6.618398	5.035271	5.4577994
take	4.765058	5.427501	5.1107817
simple	6.528349	4.2766848	5.7567205
error	2.3393445	5.5095778	4.0614862
wisdom	6.9809923	4.7994595	7.090104
rock	5.0989256	4.948133	5.4541874
decide	5.209723	5.0319996	6.046181
exclaim	5.7679768	6.345748	5.612699
assure	7.437596	5.198914	6.220807
sign	5.083954	4.0319843	4.612915
preserve	6.022141	3.8367198	5.7772064
commerce	6.4501867	5.1041584	6.7849827
plant	5.1032305	4.2828655	4.889046
walk	6.011073	4.4074154	4.4488206
difference	4.7252493	4.5538726	4.9196467
hang	4.3596854	4.503995	4.219879
following	7.1914387	3.7483144	5.823352
employ	4.8110332	4.950842	5.439443
