deal	4.967471	5.5450845	5.7327757
study	6.7470207	4.389346	6.660944
afford	6.721656	4.6272635	5.877402
service	6.473302	4.632302	6.08964
height	5.2455807	5.235942	5.781723
prospect	7.5358076	5.2502813	6.415208
pleasant	7.4189425	4.0550966	4.853577
shade	4.4219522	3.6930645	3.3822331
listen	5.3100257	5.4551506	4.7437844
mighty	6.2828097	5.4805217	7.0758934
country	5.648964	4.1817865	5.5895433
title	7.581025	4.225412	6.6832147
choose	5.531171	4.33874	5.0131054
village	6.2513237	4.838621	5.768385
acquire	7.6958246	5.70162	7.9697256
rank	5.918297	5.2055736	5.905446
bow	5.825572	4.1951637	5.0223465
doctor	5.038746	4.053536	5.05021
talent	7.9431577	5.9596095	7.70303
source	6.4594717	4.843729	5.8424573
lead	4.834548	5.6119394	5.181641
question	5.199643	4.3246474	5.4953375
publish	5.5003943	5.162175	5.4649973
interest	6.5487003	5.142126	6.152233
serve	5.4189935	3.916974	4.6748347
divine	7.5164447	4.312149	7.10194
put	4.905879	4.603054	4.320631
shadow	4.2653394	3.26939	3.7454143
practical	6.128672	4.3996954	6.263914
surface	4.73139	3.014077	4.0763907
account	5.677866	4.4830813	5.6581345
loss	3.4693522	5.30611	3.8153944
indian	4.971643	5.2065945	5.2923155
vine	7.097455	3.6560793	5.8395205
certain	5.244481	5.2316914	5.905257
sin	2.7437558	5.4574146	4.4401593
necessity	4.277833	5.1391163	5.4404936
lose	4.2624793	5.2911906	4.484499
private	4.093618	4.103926	4.517982
gentleman	6.2579865	4.3890333	5.5539765
daughter	5.843248	4.7485504	5.6437974
drive	3.0589037	6.6812763	4.5056186
strange	4.2629867	5.5422587	4.088118
journey	6.2524366	4.0365787	4.6311693
uncle	6.624118	3.945949	5.7658796
species	5.7012105	5.219957	5.040422
think	5.8723464	4.436473	4.8608484
bed	4.9339495	3.1785398	3.3393812
wind	4.79128	4.5947022	4.3135905
bless	8.400681	4.3850164	6.41317
destroy	3.317801	6.6285157	5.2176213
author	5.7605443	4.648086	5.248059
sustain	5.4610357	4.9607925	6.0069885
black	3.8501759	4.8595347	4.0631385
event	6.3608017	5.630023	6.751016
liberty	7.754361	5.9912887	7.6310525
negro	3.5184007	5.2801867	4.217949
little	4.2845154	4.0710382	3.2557197
fortune	6.4089174	5.159073	6.2126436
touch	5.5971146	4.2978888	4.424486
kill	3.876543	6.5677032	4.975492
feature	5.649645	3.7339973	5.21009
happiness	8.330761	4.740071	6.230978
assume	4.0228286	4.9664197	4.862845
notion	5.5164027	4.219184	4.8895564
purchase	6.7875795	4.3773637	5.663596
faithful	6.6483555	4.1681213	6.2500515
soldier	4.6354384	5.8864074	5.8612885
father	5.69423	5.0737686	5.9978557
narrow	3.0970926	4.4572735	3.660563
great	5.1985826	5.6119275	6.104071
tear	3.1101413	4.7040453	2.6793773
honorable	6.0916653	5.470984	6.3081217
previous	4.5129476	4.507382	4.5324116
good	7.006188	4.3895707	6.4797316
domestic	4.7558436	3.4742815	3.9615204
glory	7.410487	5.4853477	7.031877
lay	4.604068	4.418438	4.230695
occasion	5.15195	5.2388144	5.2192564
guard	4.9240303	5.2521243	6.196059
whole	5.485483	4.6109943	5.7224493
mouth	5.1185822	4.699982	4.8003974
receive	6.669135	4.746249	5.4147134
take	4.663601	5.293963	5.15259
simple	6.4011273	4.2226086	5.600993
error	2.239184	5.6885595	4.0659704
wisdom	6.9673204	4.8077917	7.1624465
rock	5.0966706	4.9332066	5.4406104
decide	5.315182	5.2347493	6.3079934
exclaim	5.917875	6.2057867	5.5868044
assure	7.6814947	5.113631	6.384491
sign	5.1029053	4.005887	4.6563993
preserve	5.887392	4.0147943	5.7778473
commerce	6.449808	5.1916556	6.7971907
plant	5.131913	4.283607	4.981951
walk	6.1631265	4.299414	4.4776273
difference	4.858295	4.4589767	4.970308
hang	4.4764686	4.3887444	4.169653
following	7.2346396	3.796092	5.9302106
employ	4.8494706	4.90218	5.4234047
