deal	5.034853	5.3333416	5.7522798
study	6.68298	4.376257	6.620289
afford	6.5119486	4.8488493	5.8391895
service	6.5305395	4.7899384	6.1902647
height	5.398288	5.3752017	5.903558
prospect	7.627499	5.309895	6.5547843
pleasant	7.518692	4.0932817	4.8728023
shade	4.3633776	3.806344	3.4035764
listen	5.293338	5.4163213	4.7243114
mighty	6.3167706	5.5816054	7.2078915
country	5.5155964	4.320453	5.78901
title	7.3619986	4.3969274	6.897194
choose	5.493481	4.2590575	4.995279
village	6.1771703	4.932873	5.867484
acquire	7.686862	5.762544	7.963539
rank	5.821527	5.2616863	5.8796835
bow	5.6509466	4.003	4.785378
doctor	5.0288706	4.096854	5.1832066
talent	8.098367	5.92364	7.8299055
source	6.269422	4.9648957	5.69925
lead	4.9422417	5.791737	5.3032627
question	5.0689692	4.1535263	5.4173512
publish	5.6328363	5.0360017	5.5787377
interest	6.6575656	5.126338	6.0813284
serve	5.3995495	4.042536	4.6221557
divine	7.4142714	4.4311323	7.0760956
put	4.9114966	4.5272665	4.2065496
shadow	4.280809	3.3304622	3.7503958
practical	6.079236	4.4087195	6.2554436
surface	4.871902	2.9930172	4.0592384
account	5.597044	4.651368	5.689049
loss	3.3819594	5.4401703	3.7713132
indian	4.785059	5.229204	5.393262
vine	7.086983	3.7460985	5.6253858
certain	5.207392	5.242836	5.800317
sin	2.9504693	5.3877163	4.4977965
necessity	4.244405	5.2186894	5.438864
lose	4.2338886	5.257463	4.5095544
private	4.032379	4.2585664	4.520778
gentleman	6.516131	4.2947173	5.739248
daughter	5.9025345	4.6178455	5.5924997
drive	2.8805475	6.7009974	4.2879453
strange	4.151909	5.6314244	4.2526836
journey	6.284723	4.066743	4.58063
uncle	6.642785	3.9564793	5.8837595
species	5.53004	5.3008113	5.0202217
think	5.8661375	4.6905527	5.0786552
bed	5.131359	3.071148	3.420711
wind	4.6437235	4.690284	4.3378134
bless	8.448477	4.252065	6.3923764
destroy	3.2241812	6.662037	5.1521606
author	5.8290977	4.5170364	5.286638
sustain	5.3946843	5.016646	5.9322815
black	3.5821142	4.9894166	4.0691533
event	6.6115093	5.623019	6.861069
liberty	7.746516	5.9742126	7.6161194
negro	3.822043	5.2017393	4.520384
little	4.2622943	3.8978283	3.1715007
fortune	6.5968685	5.215751	6.206248
touch	5.5150433	4.3636107	4.346114
kill	3.553621	6.569672	4.8217263
feature	5.4743524	3.852693	5.276719
happiness	8.378733	4.947762	6.206071
assume	4.2379975	4.990015	5.0043263
notion	5.5784225	4.2492833	4.9413433
purchase	6.844834	4.4584513	5.8390145
faithful	6.7246113	4.1833525	6.316836
soldier	4.5768843	5.9135294	5.8779035
father	5.872062	4.9911904	6.1691365
narrow	3.1341224	4.471694	3.792028
great	5.142312	5.4336886	6.006795
tear	3.1443863	4.837392	2.7074902
honorable	6.064474	5.4428477	6.301491
previous	4.45126	4.5926085	4.60795
good	7.0176477	4.3906054	6.412155
domestic	4.7107334	3.6174948	4.1130557
glory	7.3753576	5.4316087	6.97383
lay	4.72735	4.332241	4.561354
occasion	5.150358	5.333416	5.3018265
guard	5.0242515	5.137686	6.2134404
whole	5.483899	4.5136766	5.685347
mouth	4.9986362	4.6746783	4.7420626
receive	6.530717	4.88017	5.431063
take	4.5335345	5.2018247	5.1413245
simple	6.51184	4.247496	5.7327285
error	2.2170491	5.5766544	3.8903322
wisdom	7.1065435	4.754892	7.169383
rock	5.1141934	4.9566455	5.4543715
decide	5.150304	5.1109457	6.0607715
exclaim	5.914474	6.326536	5.6811104
assure	7.69849	5.144696	6.3632517
sign	4.8112736	3.8413575	4.3696103
preserve	5.8785734	3.9970355	5.7182903
commerce	6.3915873	5.139728	6.8819475
plant	5.2460475	4.110955	4.876469
walk	6.067623	4.276808	4.2646694
difference	4.7595854	4.4977193	4.9793105
hang	4.441306	4.353465	4.22534
following	7.229056	3.7363946	5.9068093
employ	4.932007	4.872789	5.5799503
