deal	4.9263477	5.338216	5.7097936
study	6.7496963	4.523526	6.63366
afford	6.4147167	4.7666116	5.643723
service	6.564761	4.737643	6.1806026
height	5.2709866	5.3938155	5.7981052
prospect	7.5069456	5.3243012	6.443864
pleasant	7.479431	4.0993977	4.9904184
shade	4.4052267	3.7287955	3.270266
listen	5.124802	5.46453	4.6446996
mighty	6.21377	5.67408	7.1916485
country	5.753396	4.2747617	5.8966203
title	7.5409513	4.2628517	6.83973
choose	5.4787703	4.1936903	5.04437
village	6.4313574	4.7476196	5.7707396
acquire	7.8333607	5.741664	8.09938
rank	5.9251337	5.2767763	5.9354863
bow	5.7791133	4.0532713	5.018124
doctor	4.86178	4.239662	5.1573176
talent	8.020793	5.8687577	7.758151
source	6.356475	4.7843084	5.603404
lead	4.973923	5.8196683	5.254009
question	4.966954	4.2064524	5.3763423
publish	5.4888077	5.009305	5.4453187
interest	6.332949	5.112474	5.9839516
serve	5.34384	3.9604044	4.640346
divine	7.4289174	4.4938817	7.142443
put	4.873954	4.656207	4.2954
shadow	4.2718406	3.319418	3.7109494
practical	6.047381	4.358343	6.138856
surface	4.824869	2.9380453	4.10617
account	5.6128025	4.6331224	5.5397277
loss	3.3881333	5.263592	3.710084
indian	5.0835614	5.211203	5.369539
vine	7.1270885	3.6866603	5.7437677
certain	5.3023524	5.317331	5.909407
sin	2.792808	5.567067	4.5200515
necessity	4.225935	5.147879	5.417014
lose	4.3617387	5.1720905	4.5172744
private	4.139803	4.2190814	4.499392
gentleman	6.2921333	4.44781	5.676934
daughter	5.8523836	4.5040016	5.5273137
drive	3.0743465	6.6740274	4.4945087
strange	4.3419113	5.6250243	4.298468
journey	6.1747932	4.071192	4.6302767
uncle	6.9225745	4.0673285	6.018863
species	5.362244	5.3430943	5.010574
think	5.8203344	4.7412453	5.0297823
bed	4.982058	3.0797544	3.3297935
wind	4.597932	4.8034153	4.359803
bless	8.330824	4.230902	6.3382545
destroy	3.1729167	6.698545	5.1137624
author	5.908078	4.502141	5.3243413
sustain	5.469302	5.00327	6.052245
black	3.833323	4.864524	3.971234
event	6.4454985	5.645438	6.697691
liberty	7.8899136	5.919724	7.6132216
negro	3.7472672	5.394414	4.3613663
little	4.2638545	3.9359071	3.0886202
fortune	6.6983957	5.129957	6.3006034
touch	5.3879604	4.3123055	4.323045
kill	3.7650604	6.651821	4.9697022
feature	5.5704565	3.8636465	5.317028
happiness	8.311557	4.841399	6.184507
assume	4.169984	4.8577147	4.983095
notion	5.460885	4.253944	4.946743
purchase	6.8370566	4.610304	5.830578
faithful	6.7636557	4.0537205	6.142074
soldier	4.7339206	5.695593	5.860382
father	5.7051544	4.97478	6.0679674
narrow	3.167994	4.360767	3.6119328
great	5.093106	5.533491	6.0636635
tear	3.1451573	4.7267966	2.7230382
honorable	6.1387644	5.3871264	6.33602
previous	4.4754605	4.5652485	4.445573
good	7.1768603	4.3242426	6.41178
domestic	4.827755	3.3837843	3.9593205
glory	7.4111032	5.435438	7.013323
lay	4.6536765	4.5778427	4.5318675
occasion	5.2372026	5.291945	5.285687
guard	4.8884997	5.191932	6.140709
whole	5.3471546	4.506012	5.6295614
mouth	5.205369	4.810876	4.8155003
receive	6.5692296	4.913477	5.417192
take	4.77773	5.3869357	5.2328053
simple	6.442131	4.1560397	5.7173915
error	2.1353943	5.477434	3.8544314
wisdom	6.9324474	4.7800674	6.9841676
rock	5.070054	4.973083	5.5239034
decide	5.21276	5.203098	6.124453
exclaim	5.7194586	6.295472	5.67275
assure	7.58136	5.184083	6.3545656
sign	5.1394844	3.8362515	4.558963
preserve	5.8911366	3.8954973	5.747784
commerce	6.45837	5.138189	6.841693
plant	5.1099753	4.228344	5.0088224
walk	5.872429	4.3127503	4.2343163
difference	4.7385416	4.699059	4.9087
hang	4.399006	4.4793134	4.1731277
following	7.11283	3.7030408	5.802132
employ	4.9282317	4.9344554	5.541105
