deal	5.012955	5.45105	5.7238245
study	6.6882954	4.327323	6.5541086
afford	6.6444783	4.710332	5.833783
service	6.409956	4.555972	6.002165
height	5.2880096	5.3327217	5.7925587
prospect	7.561015	5.29471	6.5476074
pleasant	7.509722	4.1435432	4.943668
shade	4.3693314	3.8047073	3.3945358
listen	5.376867	5.461834	4.7504945
mighty	6.2507854	5.6461425	7.2075205
country	5.4999924	4.359505	5.7939334
title	7.379221	4.3004537	6.801775
choose	5.3905525	4.2975793	4.949505
village	6.02139	4.7925763	5.635922
acquire	7.6250043	5.744376	7.933757
rank	6.003559	5.2508245	5.9048986
bow	5.719337	4.146142	4.795477
doctor	4.8290997	4.2345986	5.0717444
talent	8.022017	5.9013896	7.7705965
source	6.38252	4.7416754	5.7914414
lead	5.0077906	5.6494617	5.247821
question	5.3255196	4.065529	5.3384767
publish	5.6210084	5.031303	5.552209
interest	6.499581	4.9095907	5.8775005
serve	5.4615054	3.9975727	4.5996914
divine	7.602464	4.3641825	7.1545734
put	5.0382795	4.4716835	4.2113028
shadow	4.3398237	3.260615	3.6892576
practical	6.0917645	4.398344	6.258941
surface	4.721405	3.0274255	4.001939
account	5.5544806	4.7070317	5.6800237
loss	3.3502152	5.236622	3.6313357
indian	4.8576164	5.080567	5.27192
vine	6.9502125	3.948862	5.8703423
certain	5.4297075	5.2995467	5.9780836
sin	2.8315732	5.329145	4.432556
necessity	4.297178	5.1097407	5.439167
lose	4.244	5.182587	4.4285727
private	4.150615	4.191122	4.451866
gentleman	6.2317305	4.5192003	5.711109
daughter	5.7013855	4.578097	5.6049175
drive	3.0269017	6.671603	4.468665
strange	4.157271	5.6596146	4.2249775
journey	6.3027725	4.1576405	4.7219887
uncle	6.6402917	3.8847766	5.866476
species	5.501526	5.2425604	5.0038295
think	5.6561418	4.5955424	4.962443
bed	4.74871	3.0661552	3.236559
wind	4.740771	4.8120294	4.4739437
bless	8.400705	4.3381033	6.42591
destroy	3.1351912	6.7203264	5.145942
author	5.8208137	4.5204067	5.265662
sustain	5.357718	4.9585266	5.9161954
black	3.8067374	4.7987	4.0607004
event	6.5166545	5.6081533	6.8408184
liberty	7.8655825	6.0527143	7.782281
negro	3.6969895	5.2201934	4.2414684
little	4.3324704	3.7929118	3.138361
fortune	6.6333704	5.1192155	6.2242165
touch	5.6771736	4.2612076	4.3864865
kill	3.7807832	6.5738425	4.875391
feature	5.4939137	3.780091	5.32699
happiness	8.352811	4.786854	6.2025948
assume	4.171394	4.950103	4.9101453
notion	5.606552	4.2086706	4.9715466
purchase	6.7085896	4.511771	5.8208036
faithful	6.800187	3.994336	6.196802
soldier	4.702692	5.7970457	5.763508
father	5.544488	4.8582573	5.9299617
narrow	3.004977	4.4767027	3.656639
great	5.2823524	5.660672	6.1108217
tear	3.1116252	4.753847	2.691054
honorable	6.051681	5.429328	6.2597475
previous	4.3860016	4.5018682	4.509328
good	7.076146	4.4336376	6.51021
domestic	4.832518	3.3859084	3.9587512
glory	7.429131	5.5283856	7.1036806
lay	4.733094	4.6719284	4.5931163
occasion	5.2511563	5.1854906	5.253338
guard	5.1473556	5.1970005	6.179368
whole	5.5648975	4.610099	5.677844
mouth	4.9761467	4.549683	4.7017517
receive	6.7601204	4.781302	5.491305
take	4.8385468	5.171185	5.1264086
simple	6.452	4.1409035	5.642355
error	2.0898151	5.5338674	3.8055062
wisdom	7.0600333	4.7690153	7.1651554
rock	5.0137854	4.9622808	5.454094
decide	5.304476	5.074003	6.165659
exclaim	5.7373905	6.2974997	5.541786
assure	7.6914067	5.1801143	6.373916
sign	5.076271	3.9229052	4.5505457
preserve	5.980236	3.9034815	5.7432284
commerce	6.568269	5.171745	6.9476867
plant	4.965089	4.325926	4.934981
walk	6.1212306	4.4218946	4.3482456
difference	4.861489	4.407263	4.8890314
hang	4.379105	4.49393	4.2520647
following	7.3203373	3.7932954	5.8679886
employ	5.0062966	4.7526674	5.495964
