deal	5.053843	5.2435703	5.6912146
study	6.74459	4.368086	6.5652046
afford	6.5090756	4.6695247	5.7212644
service	6.509344	4.8422947	6.223966
height	5.2785573	5.175311	5.7731524
prospect	7.44507	5.228112	6.4250712
pleasant	7.541442	4.084733	4.9116397
shade	4.3956566	3.786227	3.3652854
listen	5.276866	5.387973	4.7066455
mighty	6.254866	5.472778	7.0175815
country	5.7757816	4.293104	5.8762307
title	7.505502	4.4878025	7.0780067
choose	5.525696	4.4029503	4.945151
village	6.3048606	4.8649526	5.767756
acquire	7.64956	5.64346	7.9491606
rank	5.8789854	5.1866145	5.9413276
bow	5.7797422	4.14651	4.7975926
doctor	4.902478	4.1822166	5.155464
talent	7.9165897	5.896398	7.7759924
source	6.283075	4.90086	5.769944
lead	5.0529985	5.7701163	5.2893295
question	5.066065	4.179084	5.239312
publish	5.5494304	5.0337467	5.5683975
interest	6.7382383	5.180351	6.0601683
serve	5.42074	3.904138	4.6227303
divine	7.4468145	4.4676766	7.197638
put	4.8303504	4.61568	4.2402506
shadow	4.2595835	3.3530831	3.6878245
practical	6.13732	4.313544	6.243187
surface	4.685676	3.0084484	3.9010067
account	5.665398	4.716053	5.7646594
loss	3.3337255	5.3348722	3.679659
indian	4.81715	5.253357	5.336384
vine	7.1921387	3.720149	5.8002462
certain	5.2112494	5.281394	5.8870263
sin	2.8881392	5.3671927	4.46139
necessity	4.271669	5.1666684	5.424656
lose	4.114686	5.3099303	4.4243345
private	4.098398	4.2446885	4.499482
gentleman	6.2895675	4.317772	5.5627847
daughter	5.8699293	4.565803	5.553535
drive	3.0916378	6.788552	4.5038314
strange	4.299093	5.682861	4.35553
journey	6.2954617	3.99699	4.6702065
uncle	6.880137	4.0654564	5.809191
species	5.505464	5.172644	4.9466734
think	5.9032373	4.717971	5.1257343
bed	4.9702806	3.0067575	3.352237
wind	4.612746	4.7905054	4.4041915
bless	8.420009	4.2832885	6.3794265
destroy	3.1228945	6.769206	5.226907
author	5.758155	4.5510516	5.1411295
sustain	5.3749824	5.023527	5.9244776
black	3.7808862	4.9858046	4.089557
event	6.49759	5.6571813	6.8738575
liberty	7.9164066	5.9270425	7.7167478
negro	3.7069664	5.3446875	4.2810016
little	4.5224214	3.941123	3.249699
fortune	6.457589	5.0691032	6.1539135
touch	5.567841	4.3583922	4.3419905
kill	3.89734	6.543994	4.9421387
feature	5.6133695	3.8694196	5.3456683
happiness	8.31422	4.8217883	6.1458783
assume	4.1890254	5.0029516	4.9879823
notion	5.588759	4.174567	4.9370975
purchase	6.6748223	4.608132	5.7399864
faithful	6.8615003	4.0828395	6.2697597
soldier	4.593686	5.8282127	5.9206557
father	5.884374	5.025363	6.101075
narrow	3.0583143	4.3572135	3.5938883
great	5.17529	5.4390955	6.0469503
tear	3.0881276	4.8237715	2.5897908
honorable	6.077381	5.4283037	6.3146195
previous	4.378583	4.5153275	4.4901266
good	6.903177	4.21841	6.281581
domestic	4.8664618	3.4553158	4.101309
glory	7.4489884	5.409348	7.1287355
lay	4.553757	4.345459	4.2882643
occasion	5.088725	5.1941276	5.220212
guard	4.946713	5.0152345	6.095566
whole	5.2268376	4.632134	5.59777
mouth	5.0603437	4.7577157	4.811076
receive	6.613119	4.805158	5.3734202
take	4.65167	5.372898	5.17733
simple	6.3988056	4.1687613	5.5858197
error	2.2142515	5.4462304	3.8928504
wisdom	7.0036626	4.7455926	7.1310506
rock	4.9969206	4.9406824	5.3590546
decide	5.153497	5.2165647	6.1679416
exclaim	5.8941336	6.326928	5.6511583
assure	7.5887775	5.1933303	6.2843013
sign	5.135431	3.976925	4.708591
preserve	5.9952307	3.8725486	5.6988926
commerce	6.3587103	5.197982	6.84046
plant	5.17328	4.082667	4.8771725
walk	6.0939026	4.3661294	4.407502
difference	4.8957605	4.45175	4.9953713
hang	4.470899	4.40776	4.2300262
following	7.180851	3.8241181	5.790639
employ	4.8664494	4.9257517	5.495034
