deal	5.061732	5.2392015	5.7352166
study	6.82039	4.3504343	6.587855
afford	6.52287	4.757996	5.93301
service	6.461587	4.7750316	6.2140474
height	5.3077674	5.320059	5.8771257
prospect	7.5590906	5.458319	6.5572224
pleasant	7.3794546	4.1114006	4.896359
shade	4.3541555	3.7650857	3.2898974
listen	5.4232874	5.4258285	4.7891192
mighty	6.144603	5.5827937	7.045685
country	5.5387716	4.3428655	5.805303
title	7.4331837	4.287347	6.767498
choose	5.6793404	4.3499155	4.999126
village	6.255558	4.799945	5.693699
acquire	7.633059	5.710615	7.9715033
rank	5.7592134	5.2435484	5.821933
bow	5.8743987	4.2128143	4.908167
doctor	4.9919467	4.1117916	5.0953126
talent	7.967589	5.906531	7.750853
source	6.2267537	4.751752	5.773012
lead	4.939542	5.63859	5.155327
question	5.282414	4.310254	5.4897904
publish	5.454452	5.1632366	5.510101
interest	6.549524	5.117697	6.029253
serve	5.2174034	3.9197388	4.6583023
divine	7.516254	4.4970474	7.1370606
put	4.9807343	4.6400285	4.2824106
shadow	4.2483997	3.3048	3.6547732
practical	6.006631	4.4353333	6.254053
surface	4.701352	2.9646752	3.976144
account	5.7540293	4.5653014	5.642557
loss	3.3431633	5.3821945	3.762557
indian	4.874928	5.302912	5.180613
vine	7.150718	3.7334304	5.7176456
certain	5.419222	5.198707	5.870966
sin	2.8497167	5.4094057	4.4597034
necessity	4.3538413	5.054874	5.3879356
lose	4.123456	5.286051	4.4988265
private	4.026957	4.201648	4.5526705
gentleman	6.3238163	4.2978673	5.6390085
daughter	5.744245	4.6222053	5.547932
drive	3.078559	6.719802	4.4752584
strange	4.2690077	5.7221303	4.2720747
journey	6.316353	4.1201005	4.6847973
uncle	6.7173643	4.0833573	5.9684286
species	5.6715446	5.121674	5.0693207
think	5.7148304	4.769381	4.9578633
bed	4.838652	3.1429667	3.2888918
wind	4.721935	4.8988404	4.391019
bless	8.448622	4.4059353	6.455633
destroy	3.2794154	6.6486053	5.192926
author	5.8535366	4.4958215	5.1581893
sustain	5.5110016	5.0759435	6.015534
black	3.8518817	4.9282556	4.093449
event	6.4568067	5.706913	6.7860103
liberty	7.916408	5.77213	7.778919
negro	3.8451307	5.266647	4.257923
little	4.3493013	4.081408	3.14357
fortune	6.555794	5.079072	6.250703
touch	5.469664	4.350971	4.338491
kill	3.664855	6.59591	4.893148
feature	5.550992	3.8513646	5.3383765
happiness	8.322049	4.665722	6.1991024
assume	4.1270423	4.933832	4.94424
notion	5.519618	4.206954	4.9191146
purchase	6.9084992	4.5186205	5.904324
faithful	6.669491	4.248106	6.2376776
soldier	4.62548	5.7814517	5.8124375
father	5.747552	5.0804467	6.042779
narrow	3.0224886	4.470332	3.7224584
great	5.2683597	5.4166007	6.114525
tear	3.1852915	4.7908134	2.616024
honorable	6.0776186	5.5312552	6.38566
previous	4.4922304	4.5229425	4.505519
good	6.87655	4.453066	6.3765755
domestic	4.74711	3.4255126	4.0928974
glory	7.325526	5.4658394	7.0691013
lay	4.8027606	4.55758	4.439652
occasion	5.1597977	5.217562	5.257576
guard	4.977874	5.223524	6.0859175
whole	5.4677505	4.562513	5.665109
mouth	5.0919724	4.687123	4.731138
receive	6.6352167	4.721691	5.4442234
take	4.7038975	5.2697735	5.148039
simple	6.417227	4.1533427	5.7170014
error	2.1046326	5.5698485	3.799169
wisdom	6.9674263	4.766013	7.128626
rock	4.9846034	5.0872774	5.534722
decide	5.3663917	5.226541	6.185235
exclaim	5.8019495	6.375533	5.676288
assure	7.574312	5.2086153	6.3107557
sign	5.112849	3.8073564	4.5977693
preserve	5.981283	3.7858825	5.757481
commerce	6.386815	5.1172905	6.7991138
plant	5.2465525	4.248324	4.916767
walk	6.0269732	4.464759	4.3034983
difference	4.796056	4.5409417	4.9928393
hang	4.4252853	4.6325326	4.249081
following	7.2747097	3.6920817	5.8951764
employ	4.9141026	4.9202075	5.604273
