deal	5.013859	5.353717	5.728716
study	6.630847	4.342773	6.536664
afford	6.6638355	4.695257	5.901208
service	6.646147	4.627366	6.243611
height	5.279254	5.2278705	5.7225304
prospect	7.621562	5.1995625	6.573537
pleasant	7.533268	4.066814	4.930897
shade	4.4475584	3.7868059	3.4064755
listen	5.356458	5.464517	4.768416
mighty	6.267631	5.6326056	7.2351704
country	5.7443824	4.3187685	5.8384523
title	7.399399	4.4438286	6.869342
choose	5.4760127	4.227836	4.9345016
village	6.215519	4.758684	5.749473
acquire	7.582155	5.78312	7.811892
rank	5.83461	5.273685	5.875149
bow	5.881699	4.0228086	4.9628043
doctor	4.91017	4.168258	5.14879
talent	8.013463	5.8174634	7.6484804
source	6.2897253	4.7670007	5.769204
lead	5.027322	5.753424	5.2221394
question	4.7874603	4.271221	5.2679377
publish	5.467529	5.147683	5.5063314
interest	6.4058166	5.0602355	5.967513
serve	5.5298166	4.015036	4.813321
divine	7.4193068	4.4616117	7.0697966
put	5.145026	4.441455	4.3406067
shadow	4.172841	3.3013792	3.7014704
practical	6.081517	4.471488	6.2309294
surface	4.59047	3.0460827	3.8602376
account	5.6806984	4.623431	5.645796
loss	3.5639782	5.284766	3.862295
indian	4.9579782	5.3630443	5.3208323
vine	6.9200697	3.7955294	5.576508
certain	5.234278	5.2340674	5.8595114
sin	2.9352057	5.40781	4.5108
necessity	4.3477244	5.127001	5.4405704
lose	4.3762975	5.179528	4.4776073
private	3.9037843	4.3971643	4.580694
gentleman	6.3884363	4.4839077	5.784789
daughter	6.110362	4.5848627	5.7486587
drive	3.0304015	6.690385	4.4569116
strange	4.293044	5.6634793	4.2467875
journey	6.304205	4.153855	4.7295814
uncle	6.7943363	4.1464763	6.0160794
species	5.518331	5.1415343	4.889638
think	5.6310267	4.7532873	5.0391703
bed	4.7935963	3.159343	3.2200067
wind	4.6079583	4.84723	4.36867
bless	8.5459	4.346618	6.4437637
destroy	3.2485332	6.640255	5.1554947
author	5.7863836	4.558936	5.273812
sustain	5.4541693	5.0181713	5.9641495
black	3.9538891	5.057502	4.280613
event	6.4875493	5.7779965	6.9221554
liberty	7.8725686	5.985952	7.808836
negro	3.8319538	5.4175572	4.5403857
little	4.548638	3.9396412	3.324831
fortune	6.533902	5.1718564	6.360893
touch	5.556119	4.3864307	4.323251
kill	3.7040672	6.540751	4.8057857
feature	5.592288	3.7884314	5.3026505
happiness	8.277333	4.7894964	6.153178
assume	4.139623	4.8853116	4.8223333
notion	5.505555	4.199253	4.8888097
purchase	6.7459183	4.509135	5.8462505
faithful	6.790395	4.1330996	6.2194724
soldier	4.6248083	5.8694677	5.826923
father	5.8531475	4.925274	6.1308947
narrow	3.1081798	4.4095097	3.6735852
great	5.1798573	5.499558	6.11677
tear	3.1940815	4.707306	2.686152
honorable	6.0720377	5.558915	6.448006
previous	4.3354692	4.5994806	4.51435
good	7.033642	4.4317775	6.5405135
domestic	4.7737036	3.5737078	4.1311016
glory	7.5199327	5.565086	7.183161
lay	4.618816	4.515563	4.418167
occasion	5.2443433	5.243259	5.3648295
guard	4.828043	5.2160053	6.0023413
whole	5.4850817	4.6270933	5.8314123
mouth	5.03963	4.7423563	4.743446
receive	6.647811	4.86667	5.543118
take	4.7944365	5.170592	5.3503532
simple	6.610323	4.0879817	5.756958
error	2.2503114	5.6179633	3.806156
wisdom	7.0043097	4.7231026	7.1600266
rock	4.94135	4.91904	5.3068438
decide	5.219726	5.1717668	6.164421
exclaim	5.6617785	6.3185363	5.665758
assure	7.601946	5.1303735	6.3089523
sign	5.0710025	3.8945816	4.597163
preserve	5.893892	4.0599313	5.7078104
commerce	6.28913	5.2865605	6.801805
plant	5.0310225	4.192783	4.753077
walk	5.971537	4.4294815	4.3352323
difference	4.8127117	4.2846375	4.9019403
hang	4.4876094	4.4664445	4.392173
following	7.25495	3.762838	5.8878794
employ	4.830791	4.911078	5.52092
