deal	4.9295616	5.3500133	5.7388005
study	6.7007475	4.372305	6.5901318
afford	6.647119	4.986155	5.9683647
service	6.4083242	4.7776437	6.119621
height	5.3505764	5.2806683	5.811073
prospect	7.6180563	5.35125	6.485596
pleasant	7.3883047	4.132729	4.829606
shade	4.2983956	3.8120475	3.3741422
listen	5.3750935	5.28678	4.7113833
mighty	6.275051	5.5423255	7.116838
country	5.633953	4.352614	5.789938
title	7.4691367	4.3569474	6.7230606
choose	5.503089	4.231065	4.9639106
village	6.3439913	4.86027	5.7778597
acquire	7.6376934	5.671457	7.901387
rank	5.90355	5.3738723	5.974143
bow	6.0135403	4.224101	5.1085653
doctor	4.9066696	4.116201	5.129005
talent	7.9152527	5.881274	7.735418
source	6.4256334	4.859588	5.8893423
lead	5.0446634	5.7341003	5.328226
question	5.2509212	4.400042	5.4478703
publish	5.456092	5.118556	5.4341516
interest	6.4315624	5.0044117	5.990469
serve	5.3588085	3.9259832	4.6695595
divine	7.4716253	4.4221787	7.1421127
put	4.9230614	4.585896	4.2816596
shadow	4.2610807	3.4030716	3.7196276
practical	5.9520464	4.468217	6.227488
surface	4.60467	2.9764137	3.9088376
account	5.7170625	4.5470533	5.657176
loss	3.2520661	5.5228515	3.641149
indian	4.750469	5.1178555	5.2773457
vine	7.140682	3.6213412	5.628756
certain	5.23522	5.237464	5.803171
sin	2.9111931	5.4053516	4.597673
necessity	4.348406	5.112832	5.462079
lose	4.2302027	5.299532	4.368368
private	3.9032102	4.336322	4.4040833
gentleman	6.3289495	4.4080653	5.603937
daughter	5.9171505	4.5226307	5.6402235
drive	3.103221	6.7555876	4.544105
strange	4.1972733	5.587841	4.242987
journey	6.0533595	4.0946918	4.548429
uncle	6.647728	4.0451803	5.915885
species	5.537357	5.1013417	5.060455
think	5.6745625	4.7448106	4.9689984
bed	5.1465607	3.1173532	3.4197161
wind	4.6031804	4.805475	4.3568377
bless	8.436065	4.256842	6.3429537
destroy	3.1736262	6.698245	5.0728455
author	5.832917	4.5201225	5.2205997
sustain	5.414158	5.171019	6.034871
black	3.9403563	4.798748	4.0469537
event	6.3008757	5.6968346	6.6841455
liberty	7.9775667	6.059397	7.673724
negro	3.8129065	5.323104	4.352249
little	4.2826757	4.0180445	3.3669584
fortune	6.4641614	5.2429156	6.2846055
touch	5.4560204	4.2959137	4.286924
kill	3.8743436	6.4833655	4.915157
feature	5.5235195	3.6306639	5.218406
happiness	8.250599	4.737371	6.1054654
assume	4.147661	4.8486004	4.791381
notion	5.6853313	4.259058	5.052003
purchase	6.814837	4.471349	5.827282
faithful	6.663833	4.1552525	6.0951395
soldier	4.5510345	5.8700905	5.794127
father	5.911333	5.0991096	6.251318
narrow	2.9803262	4.6501117	3.6985068
great	5.1869607	5.4936852	6.07823
tear	3.2506328	4.76402	2.7554264
honorable	6.0501294	5.3846645	6.3167396
previous	4.5008035	4.5492487	4.5592437
good	6.747646	4.23886	6.3112035
domestic	4.7099977	3.5077162	4.022357
glory	7.4625845	5.465682	7.1250706
lay	4.59525	4.6317134	4.352792
occasion	5.238845	5.1952915	5.302658
guard	4.9796867	5.283817	6.14538
whole	5.4108286	4.4890313	5.5298977
mouth	5.068138	4.59587	4.7609644
receive	6.7675858	4.8976707	5.5546713
take	4.6450686	5.372657	5.1526732
simple	6.4452963	4.2741385	5.7025585
error	2.205545	5.5255775	3.9530234
wisdom	6.8361764	4.6423693	7.1028275
rock	5.036322	5.014286	5.439644
decide	5.2215157	5.1934996	6.1648173
exclaim	5.7537227	6.269049	5.6719437
assure	7.618525	5.161074	6.296071
sign	5.1899624	3.892343	4.5951605
preserve	5.9194098	3.8511047	5.5602045
commerce	6.5392637	5.090146	6.921137
plant	5.2256527	4.221282	4.996537
walk	6.1462445	4.5745487	4.5104833
difference	4.694703	4.6033983	4.9357038
hang	4.5045414	4.585287	4.3326597
following	7.328791	3.5695937	5.767665
employ	4.786414	4.868998	5.474126
