deal	5.034777	5.296546	5.676097
study	6.6404476	4.2684994	6.409095
afford	6.660477	4.811679	5.9314184
service	6.466902	4.7083693	6.0886106
height	5.235267	5.430706	5.8193226
prospect	7.57539	5.319344	6.4485116
pleasant	7.483239	4.1430254	4.9725547
shade	4.4604692	3.6733294	3.3772664
listen	5.2895317	5.4006495	4.701087
mighty	6.2175465	5.591938	7.209274
country	5.7730093	4.305485	5.8887277
title	7.401506	4.3890924	6.8792095
choose	5.503351	4.2855268	5.046877
village	6.305687	4.81073	5.79125
acquire	7.805519	5.714552	8.028871
rank	5.9881787	5.245469	5.995537
bow	5.8563423	4.1710258	4.9428673
doctor	4.970373	3.9961762	5.001418
talent	8.013313	5.919933	7.7887726
source	6.328731	4.6087313	5.63624
lead	4.788223	5.8566766	5.2208824
question	4.9488635	4.2456846	5.3276825
publish	5.6312838	5.0165234	5.6050205
interest	6.412248	5.154392	5.8549137
serve	5.453715	4.0622187	4.80241
divine	7.365117	4.367254	7.010877
put	4.849518	4.707561	4.371153
shadow	4.285404	3.3355494	3.8239338
practical	6.0771704	4.3502603	6.2235537
surface	4.7706447	2.9190562	3.924973
account	5.6281433	4.613489	5.695819
loss	3.4864843	5.3298063	3.7850447
indian	4.8786173	5.2247343	5.2849426
vine	7.09519	3.7412672	5.559457
certain	5.227156	5.4367857	5.9255075
sin	2.8755975	5.446621	4.417294
necessity	4.2336326	5.1981754	5.4486146
lose	4.3386197	5.337808	4.555141
private	4.0540075	4.325442	4.577117
gentleman	6.4403257	4.473334	5.889319
daughter	5.9267716	4.398294	5.656336
drive	2.8260038	6.8053656	4.4089937
strange	4.3589654	5.6209927	4.2836814
journey	6.2515206	4.0903816	4.6502547
uncle	6.89194	3.9499404	6.102791
species	5.4651747	5.245018	4.968781
think	5.8170333	4.7301373	5.090695
bed	5.0743093	2.938087	3.3361268
wind	4.719289	4.714836	4.372008
bless	8.468656	4.3186145	6.395071
destroy	3.2857976	6.729315	5.2681594
author	5.8779306	4.443259	5.2677717
sustain	5.338924	5.063549	5.950034
black	3.7872486	4.9388576	4.12114
event	6.4331203	5.565241	6.755353
liberty	7.9157467	6.0711536	7.811736
negro	3.6801896	5.361967	4.4264107
little	4.40556	3.904016	3.277764
fortune	6.6765447	5.100813	6.376378
touch	5.442252	4.2874603	4.2820616
kill	3.7260404	6.652844	4.9447
feature	5.580301	3.8384163	5.29095
happiness	8.422153	4.8360863	6.1978416
assume	4.1683807	4.897917	4.9487734
notion	5.546118	4.2238374	4.959957
purchase	6.734086	4.6000404	5.8984556
faithful	6.744662	4.1413393	6.262287
soldier	4.7306757	5.825809	5.905974
father	5.8638163	4.908196	6.1130147
narrow	3.172802	4.4265385	3.745598
great	5.219999	5.5421104	5.981655
tear	3.1758273	4.8263493	2.6772208
honorable	6.090507	5.4573374	6.301671
previous	4.3929954	4.522991	4.494092
good	6.992449	4.2127833	6.4554315
domestic	4.8518095	3.5326142	4.126192
glory	7.4860387	5.5163302	7.2003446
lay	4.682066	4.6242294	4.496333
occasion	5.090345	5.3287582	5.2412744
guard	4.9319654	5.200738	6.1085367
whole	5.49733	4.566819	5.687842
mouth	5.2208734	4.486243	4.74029
receive	6.655338	4.9886494	5.5240154
take	4.5945644	5.315199	5.161597
simple	6.5049105	4.133614	5.7172465
error	2.2884486	5.3892345	3.82127
wisdom	7.082395	4.714038	7.230213
rock	5.0870066	5.03313	5.526475
decide	5.1998506	5.05014	6.108436
exclaim	5.7749467	6.2457366	5.580835
assure	7.62896	5.2444487	6.3352556
sign	5.042308	3.8905818	4.5673704
preserve	5.9107003	3.9037516	5.660374
commerce	6.3807945	5.1515756	6.8133035
plant	5.244564	4.2173862	4.9052205
walk	5.997457	4.2999024	4.4295106
difference	4.772023	4.5301547	4.893395
hang	4.307363	4.509156	4.262631
following	7.231345	3.7328024	5.893035
employ	4.9285483	4.9054637	5.460347
