deal	4.948483	5.4359474	5.712864
study	6.5492525	4.3876023	6.4297523
afford	6.5312953	4.743595	5.85238
service	6.591176	4.680785	6.118779
height	5.2305574	5.3490934	5.7259903
prospect	7.4970713	5.3537936	6.4653196
pleasant	7.467113	4.1251535	4.899162
shade	4.3116264	3.7084432	3.2702415
listen	5.3802567	5.368905	4.7975154
mighty	6.2814093	5.603234	7.212722
country	5.7651243	4.437336	6.012949
title	7.443698	4.3188815	6.8702145
choose	5.591797	4.4337387	5.040307
village	6.3637676	4.7914896	5.7948813
acquire	7.7108335	5.8467007	8.033463
rank	6.017496	5.2728863	6.021141
bow	5.7163243	4.118378	4.817261
doctor	4.927323	4.1536765	5.104823
talent	8.004581	5.9989114	7.84282
source	6.2377863	4.7641444	5.6907
lead	4.974229	5.772394	5.2474055
question	5.2475314	4.2602816	5.4750223
publish	5.5905085	5.0757084	5.5884013
interest	6.6169043	5.012727	6.0108995
serve	5.3336353	3.896411	4.5458097
divine	7.4084587	4.3730474	7.0698624
put	4.9199986	4.6478705	4.398193
shadow	4.328476	3.1980488	3.696693
practical	6.132864	4.454911	6.284849
surface	4.7504973	2.995529	3.9476807
account	5.5628443	4.657525	5.650158
loss	3.4405208	5.490129	3.7678282
indian	5.0408764	5.18075	5.3503904
vine	7.1730304	3.7669857	5.7751093
certain	5.3090363	5.309976	5.8871665
sin	2.9687982	5.3952913	4.517148
necessity	4.271436	5.1664634	5.4140306
lose	4.3990593	5.3093953	4.480951
private	4.041454	4.2649403	4.617083
gentleman	6.3430486	4.493185	5.7446265
daughter	5.911511	4.5778575	5.6922183
drive	3.1023688	6.5718946	4.4226665
strange	4.3196826	5.6247234	4.262441
journey	6.213387	3.9799213	4.5761495
uncle	6.8325515	3.8706088	5.8422318
species	5.6012053	5.2875414	5.124503
think	5.8005943	4.7093663	4.9440913
bed	5.106123	3.0244038	3.3780122
wind	4.6079807	4.7663083	4.3038497
bless	8.454926	4.375596	6.4254885
destroy	3.3634195	6.702355	5.259308
author	5.810167	4.505476	5.207856
sustain	5.4595556	5.0784993	6.019778
black	3.694296	4.937235	4.071466
event	6.520126	5.5809608	6.8275366
liberty	7.8494186	5.9242134	7.6290226
negro	3.7230988	5.324287	4.4216733
little	4.4501476	4.0533237	3.309459
fortune	6.607026	5.1012745	6.334385
touch	5.434217	4.348505	4.2860394
kill	3.8087773	6.693098	5.0073586
feature	5.537477	3.80836	5.2541943
happiness	8.309359	4.7856226	6.2154074
assume	4.172709	4.920367	5.011821
notion	5.663933	4.209508	4.9528546
purchase	6.7599134	4.5534973	5.843789
faithful	6.7903304	4.0072765	6.1723804
soldier	4.6831346	5.882928	5.89137
father	5.7507854	4.8988914	5.952651
narrow	3.1234648	4.623353	3.6985173
great	5.1654124	5.648322	6.276589
tear	3.1443846	4.7621026	2.5450137
honorable	6.056332	5.5289426	6.414463
previous	4.4692383	4.4918184	4.5436563
good	6.980705	4.398204	6.409397
domestic	4.8264756	3.487385	4.2339444
glory	7.551052	5.496665	7.1346645
lay	4.717746	4.507089	4.394073
occasion	5.1764297	5.284032	5.276334
guard	5.0311594	5.101924	6.0888667
whole	5.440239	4.5411615	5.657278
mouth	5.076344	4.701001	4.8020277
receive	6.515607	4.735478	5.3556833
take	4.8692994	5.3113203	5.233712
simple	6.351844	4.1462817	5.6063824
error	2.368819	5.469738	3.9904797
wisdom	7.027771	4.7922873	7.177715
rock	5.0170636	4.973705	5.37285
decide	5.341915	5.2193027	6.224865
exclaim	5.8082323	6.408209	5.7328324
assure	7.6001496	5.3302217	6.3685813
sign	5.1413956	3.9085317	4.5288086
preserve	6.004815	3.9629006	5.7148504
commerce	6.4350204	5.184141	6.9588876
plant	5.204091	4.1197424	4.929722
walk	6.0985413	4.3426633	4.390348
difference	4.8002963	4.601403	4.9462786
hang	4.4398575	4.3995833	4.184073
following	7.1107607	3.7256598	5.793828
employ	4.8910904	4.8609204	5.5504146
