deal	5.029655	5.108798	5.737883
study	6.663336	4.43006	6.5803666
afford	6.463218	4.7020884	5.735732
service	6.461319	4.899648	6.162364
height	5.1466255	5.3204746	5.7941136
prospect	7.4371376	5.374179	6.3460164
pleasant	7.4054785	4.1123486	4.833615
shade	4.308946	3.7684336	3.3359246
listen	5.366241	5.300107	4.80829
mighty	6.187331	5.5316877	7.2057285
country	5.5709906	4.4719877	5.8237743
title	7.526273	4.3336787	6.9557066
choose	5.4876757	4.383573	4.96911
village	6.306281	4.828446	5.76856
acquire	7.7723393	5.6664014	8.040701
rank	5.973541	5.299557	5.9676085
bow	5.8009386	4.153927	5.028397
doctor	5.0002255	4.1196485	5.2154813
talent	7.9583206	5.880702	7.6532464
source	6.4265814	4.809826	5.691093
lead	4.85123	5.878874	5.318139
question	5.2961397	4.347417	5.5697026
publish	5.5292516	5.0671005	5.5137587
interest	6.516074	4.903947	6.1072803
serve	5.358317	4.0135965	4.6529784
divine	7.582201	4.3440666	7.0334344
put	4.971276	4.673453	4.25971
shadow	4.229969	3.3248038	3.7668757
practical	6.0193048	4.397854	6.263706
surface	4.702179	2.982435	4.029496
account	5.6113276	4.6348596	5.7240944
loss	3.5423756	5.4392195	3.8724127
indian	4.9623365	5.233232	5.435377
vine	6.8700013	3.6292825	5.4902215
certain	5.216354	5.252147	5.7806854
sin	2.7896056	5.371932	4.404395
necessity	4.2457476	5.147471	5.4548006
lose	4.3184643	5.2121882	4.388027
private	4.205521	4.228962	4.530893
gentleman	6.2862415	4.543242	5.6787853
daughter	5.8145227	4.6206427	5.663255
drive	3.0069017	6.7604623	4.452546
strange	4.292188	5.608913	4.2893414
journey	6.201399	4.1571803	4.697285
uncle	6.6591253	4.049759	5.8790307
species	5.4969435	5.2120004	5.0558195
think	5.8192406	4.684864	5.0567136
bed	4.9929476	3.0707195	3.383896
wind	4.6513624	4.758238	4.4427743
bless	8.5494175	4.2784843	6.3363323
destroy	3.208302	6.638365	5.016299
author	5.829347	4.531795	5.2092233
sustain	5.38163	5.139618	5.98542
black	3.8188324	4.8617544	4.0293016
event	6.5083423	5.641651	6.826001
liberty	7.9915037	6.0334644	7.682185
negro	3.6764748	5.364629	4.294976
little	4.471425	3.915055	3.2861488
fortune	6.624688	5.125554	6.2774177
touch	5.428669	4.2860594	4.4175096
kill	3.8791666	6.5209174	4.9534507
feature	5.5496387	3.7685614	5.2917247
happiness	8.424497	4.9280457	6.289185
assume	4.208583	4.899479	4.9759326
notion	5.6674457	4.180115	5.1096506
purchase	6.904723	4.56332	5.932684
faithful	6.6652713	4.062674	6.145288
soldier	4.6976147	5.8365455	5.949342
father	5.7889357	4.998327	6.127013
narrow	3.0491548	4.488913	3.717766
great	5.192673	5.3250637	5.9450912
tear	3.131294	4.779477	2.6113484
honorable	6.038984	5.5860868	6.3597746
previous	4.4913507	4.5043893	4.5919037
good	6.9574437	4.3663864	6.3559227
domestic	4.6531587	3.5354788	3.92553
glory	7.4607286	5.538922	7.136978
lay	4.5955596	4.339946	4.344462
occasion	5.1603274	5.270922	5.2124357
guard	4.860073	5.2013807	6.2282066
whole	5.3021765	4.6385264	5.4311275
mouth	5.209815	4.641216	4.8222337
receive	6.623932	4.882025	5.434934
take	4.7903934	5.489897	5.233601
simple	6.428141	4.197868	5.720254
error	2.1517832	5.4647775	3.8494482
wisdom	6.98684	4.637306	7.132489
rock	4.9918675	4.9679084	5.3795595
decide	5.335244	5.116762	6.103206
exclaim	5.8565836	6.2361665	5.589969
assure	7.611601	5.198422	6.2570553
sign	5.0920568	3.859041	4.4487867
preserve	5.8702974	3.8830445	5.5965414
commerce	6.2132835	5.1441765	6.748932
plant	4.970733	4.2084236	4.819222
walk	6.034027	4.389014	4.3565493
difference	4.7540584	4.4994636	4.84688
hang	4.4635463	4.426706	4.226967
following	7.0734015	3.7711942	5.801901
employ	4.7729406	4.8258753	5.3785024
