deal	4.98485	5.24865	5.7097096
study	6.6033106	4.4710636	6.6012516
afford	6.4625683	4.8399634	5.825614
service	6.450223	4.7011895	6.113044
height	5.4018307	5.205558	5.7495947
prospect	7.395693	5.2713656	6.4552326
pleasant	7.4234495	4.1006293	4.885294
shade	4.2384496	3.7119074	3.228397
listen	5.432012	5.4272766	4.8064327
mighty	6.3212023	5.514933	7.266
country	5.6061254	4.1843905	5.7539544
title	7.450079	4.34078	6.8120966
choose	5.5300255	4.223828	4.8571973
village	6.2595487	4.7854757	5.6878138
acquire	7.704006	5.6597724	7.907946
rank	5.9498405	5.19244	5.944524
bow	5.884518	4.2521353	4.964865
doctor	5.079579	4.2237825	5.1825795
talent	7.994996	5.89921	7.7472796
source	6.2797117	4.8347216	5.7334733
lead	4.823171	5.681052	5.132677
question	5.091179	4.4112587	5.4940987
publish	5.535923	5.1044197	5.6003838
interest	6.747852	5.0267906	6.0875263
serve	5.4471135	4.060342	4.753647
divine	7.5086403	4.341988	7.0821185
put	4.7949543	4.625072	4.2963758
shadow	4.168047	3.3375251	3.6323166
practical	6.057333	4.380008	6.2136908
surface	4.811235	2.9333255	3.9120884
account	5.7669883	4.5848575	5.714357
loss	3.3236291	5.387723	3.6118608
indian	4.955229	5.0739646	5.3030086
vine	6.9816294	3.5653367	5.6136327
certain	5.483871	5.2326674	5.9139447
sin	3.0008364	5.4120235	4.6451044
necessity	4.133986	5.3038216	5.4925685
lose	4.4391165	5.3588696	4.5376816
private	4.0878143	4.315502	4.562063
gentleman	6.4518533	4.471922	5.777046
daughter	5.816765	4.4843397	5.5397763
drive	2.9898841	6.760984	4.40951
strange	4.535065	5.6102614	4.3196735
journey	6.231509	4.1666236	4.6924624
uncle	6.78394	3.915767	5.867969
species	5.7174644	5.2129016	5.0798984
think	5.716977	4.565377	4.911393
bed	4.888063	2.9387069	3.22221
wind	4.726471	4.7966995	4.414913
bless	8.483795	4.3380547	6.450678
destroy	3.2770913	6.696707	5.173447
author	5.8512235	4.592912	5.2953453
sustain	5.365808	5.1356926	5.9662952
black	3.9572754	4.8322587	3.8390357
event	6.545003	5.663448	6.8838534
liberty	7.987274	6.0021524	7.8768444
negro	3.8019323	5.2162013	4.317278
little	4.2839847	3.9947848	3.229769
fortune	6.5894256	5.0565853	6.2969866
touch	5.6591873	4.3403654	4.448086
kill	3.7643633	6.4404664	4.842608
feature	5.611864	3.6131968	5.270061
happiness	8.39977	4.6244392	6.155074
assume	4.1690083	4.889404	4.8319225
notion	5.625923	4.2453322	4.942376
purchase	6.7349167	4.4712486	5.7645426
faithful	6.752654	4.049201	6.2608886
soldier	4.6090975	5.820382	5.855543
father	5.7059507	4.9813943	5.9283943
narrow	3.0870724	4.495405	3.655691
great	5.037088	5.646825	6.196309
tear	3.1414557	4.818133	2.5633342
honorable	6.083396	5.538647	6.3829684
previous	4.545821	4.5771422	4.5940037
good	7.032957	4.38714	6.439425
domestic	4.7261205	3.4201193	4.0357494
glory	7.3353786	5.485367	7.057394
lay	4.692687	4.603491	4.5820622
occasion	5.1287465	5.3993645	5.3202896
guard	4.9686055	5.2892065	6.176768
whole	5.429973	4.632511	5.7721643
mouth	5.126776	4.7061586	4.7538753
receive	6.6022725	5.0310893	5.518231
take	4.651767	5.505289	5.3280354
simple	6.416026	4.183316	5.6356316
error	2.126524	5.367583	3.7794886
wisdom	6.958808	4.6785803	7.10008
rock	5.13163	5.0420713	5.485814
decide	5.1497145	5.183655	6.165992
exclaim	5.778449	6.3631406	5.619627
assure	7.5506253	5.2202644	6.2907724
sign	5.2374597	4.0887165	4.693453
preserve	6.0857744	3.9751925	5.8030787
commerce	6.3679247	5.1933055	6.898929
plant	5.2608023	4.09289	4.912767
walk	5.837102	4.4688234	4.341963
difference	4.65659	4.646773	4.9929256
hang	4.323539	4.433749	4.194895
following	7.220309	3.9455733	5.8503976
employ	4.8174458	4.8746033	5.557639
