deal	5.0832195	5.204945	5.2270584
study	6.9580555	4.3145533	6.095244
afford	6.5603113	4.3932805	5.6456857
service	6.3557987	4.83362	6.0886364
height	5.6461005	4.548949	5.5253396
prospect	7.2350397	5.1597114	6.448244
pleasant	7.3800235	3.7365065	4.5336475
shade	5.6542077	3.4625597	4.412805
listen	5.712621	4.78916	4.7056003
mighty	5.7650557	5.349536	6.157904
country	6.173328	4.868025	6.189905
title	6.761303	4.185596	6.09695
choose	5.843599	4.2836003	5.4240255
village	5.7135935	4.1646314	4.860831
acquire	7.0470324	4.9172645	6.7472725
rank	5.8884544	5.7279463	6.4140444
bow	5.7215805	4.0776043	5.0697484
doctor	4.6105413	4.804692	4.8679504
talent	7.4606	5.6495495	7.192322
source	6.341787	4.5145154	5.784687
lead	5.4692645	5.3471613	5.46365
question	5.369654	4.8719153	5.840807
publish	6.50185	4.732143	6.6031084
interest	6.537063	5.165422	6.3645763
serve	5.6338186	4.564031	5.1110744
divine	6.3655252	4.9929514	6.258088
put	5.1100917	4.319851	4.5501385
shadow	5.1693916	3.5905993	4.3985524
practical	6.326507	4.2227373	6.2153206
surface	5.5433483	3.2954276	4.4911194
account	5.505513	5.0243754	5.444133
loss	4.3045278	4.9207463	4.181175
indian	5.2071347	4.684689	5.312638
vine	5.978942	4.045214	4.704255
certain	5.6397586	4.773104	5.566458
sin	3.386987	5.1334553	4.181559
necessity	5.2016068	5.3374805	5.7029333
lose	5.1057415	4.720857	4.605568
private	5.559247	4.973836	5.7148623
gentleman	6.4920354	4.8257294	5.7990937
daughter	6.5935144	4.743917	5.4918423
drive	4.0116353	5.9753613	4.9563456
strange	4.9887586	5.098569	4.5935345
journey	6.2741375	3.9478626	4.6794677
uncle	5.726449	5.0881014	5.518653
species	5.6985464	4.0152946	5.2042317
think	5.6695867	4.752076	4.972511
bed	5.1364865	3.5282001	3.8893216
wind	4.618959	5.09876	4.881288
bless	6.7395687	3.9890485	5.1745515
destroy	3.467769	5.4360433	4.394992
author	6.099204	4.9429955	5.912514
sustain	5.8687053	4.888718	6.046769
black	4.1854086	3.9997907	4.053273
event	6.075438	5.348361	6.4455123
liberty	6.263853	5.194794	6.507188
negro	5.168294	5.0545926	4.823084
little	6.062899	4.1184044	4.595767
fortune	6.503055	5.4186864	6.2902317
touch	5.6971436	4.453141	4.5995054
kill	3.6565855	6.07664	4.3945465
feature	6.4258337	4.465635	5.9205923
happiness	7.226077	4.850893	6.067584
assume	5.439921	4.6126504	5.514082
notion	4.8363476	5.327668	5.4095917
purchase	6.222099	4.8501854	5.9278255
faithful	6.085185	5.019718	6.2061567
soldier	5.5039654	5.444145	6.2697153
father	5.819233	4.469064	5.3048444
narrow	3.9283109	4.185993	4.1626177
great	6.3443236	5.001437	6.2735853
tear	4.125019	4.7928495	3.618676
honorable	6.092787	5.3882003	6.5127683
previous	5.3703156	4.6102004	5.172724
good	6.3645377	4.638378	5.346838
domestic	6.058	3.9249444	5.1662884
glory	7.464832	5.3299313	6.9784946
lay	5.423253	4.0028567	4.6217256
occasion	5.7693357	5.1967845	5.7260375
guard	5.2439547	5.475189	6.2750783
whole	6.1073637	4.4186525	5.607409
mouth	5.018513	4.77158	4.4357247
receive	6.5221705	4.7005353	5.8992667
take	5.5077295	4.363301	4.792567
simple	6.8623514	3.9664757	5.494218
error	3.6135576	5.298729	4.784631
wisdom	7.532325	4.1780553	6.6642294
rock	5.1482544	4.4359736	5.0310864
decide	5.479101	5.078055	5.822266
exclaim	5.732767	5.7943172	5.312209
assure	6.5286255	5.1673594	5.9978695
sign	5.4880075	4.8710527	5.293033
preserve	6.369076	4.0513697	5.6484222
commerce	6.511672	4.4031878	6.336147
plant	5.4488792	4.11035	4.974405
walk	5.7234597	4.272868	4.439244
difference	5.4682612	3.9242208	4.97926
hang	4.484297	4.449661	3.9879804
following	6.615224	4.3036366	5.5517454
employ	5.9553466	4.440309	5.684194
