deal	5.0390887	5.1367903	5.1516123
study	7.0022655	4.238575	6.08358
afford	6.6458383	4.5129733	5.6895876
service	6.3505893	4.8477116	6.047483
height	5.811746	4.5530825	5.5926585
prospect	7.223632	5.1679525	6.486871
pleasant	7.282628	3.6537046	4.4248857
shade	5.6656404	3.5009615	4.425657
listen	5.674859	4.8847995	4.835541
mighty	5.670253	5.364238	6.0971665
country	6.1839457	4.904012	6.1622276
title	6.848825	4.1615405	6.1172547
choose	5.78997	4.318014	5.3980865
village	5.777846	4.1748753	4.8702464
acquire	7.083998	4.8515806	6.714881
rank	5.857999	5.6842995	6.373754
bow	5.801592	4.1022673	5.0806456
doctor	4.723988	4.869827	4.8570895
talent	7.5287075	5.636017	7.173196
source	6.412894	4.4804735	5.7086315
lead	5.4837513	5.366739	5.467008
question	5.3990808	4.9513845	5.8611507
publish	6.503189	4.7151613	6.5892563
interest	6.531958	5.170893	6.3971744
serve	5.6771154	4.5654845	5.1373553
divine	6.441741	4.8801475	6.254068
put	5.117695	4.3623123	4.5421305
shadow	5.071999	3.5903878	4.3410535
practical	6.4795766	4.2411475	6.3100643
surface	5.5462766	3.2935152	4.4892435
account	5.485704	5.061997	5.423759
loss	4.409258	4.9810195	4.289021
indian	5.188659	4.661622	5.2456264
vine	5.8738647	3.8796368	4.692461
certain	5.591728	4.7758	5.483472
sin	3.6187673	5.112444	4.2973413
necessity	5.3360476	5.350876	5.7597175
lose	5.1828294	4.7341623	4.6465306
private	5.5110703	5.013786	5.7477245
gentleman	6.5329666	4.9103236	5.843295
daughter	6.6926866	4.6651025	5.5546737
drive	4.006716	6.0021334	4.9363804
strange	4.990877	5.06904	4.540365
journey	6.3311567	3.9862645	4.7778144
uncle	5.69908	5.052928	5.43244
species	5.680472	4.0320077	5.1293163
think	5.7038803	4.708024	4.9577255
bed	5.077208	3.5762138	3.872972
wind	4.676402	5.0919566	4.8764215
bless	6.665853	4.0141654	5.2013354
destroy	3.6301794	5.484984	4.4602246
author	6.165533	4.8999166	5.8678894
sustain	5.859178	4.994627	6.117925
black	4.208117	4.0549707	4.0433903
event	6.0736217	5.4201374	6.4982357
liberty	6.22334	5.2036448	6.4537616
negro	5.1880484	5.1188955	4.8315697
little	6.093424	4.143238	4.6010165
fortune	6.4935913	5.357302	6.301145
touch	5.588871	4.541255	4.62519
kill	3.698448	6.040029	4.3928385
feature	6.5320106	4.4866486	5.9462123
happiness	7.222146	4.74712	6.0769534
assume	5.4218993	4.68481	5.5216928
notion	4.8730297	5.197	5.326013
purchase	6.210369	4.778519	5.9108663
faithful	6.174682	4.9455686	6.241931
soldier	5.422926	5.552522	6.2056494
father	5.930214	4.4903536	5.401801
narrow	3.9542162	4.0674734	4.0926414
great	6.3493223	5.0090594	6.2335587
tear	4.121159	4.8265266	3.7058551
honorable	6.128003	5.3798394	6.566448
previous	5.5286155	4.631608	5.256552
good	6.4274316	4.60124	5.315322
domestic	6.0465975	4.0668945	5.264495
glory	7.5414815	5.249531	6.9648685
lay	5.3816566	4.017165	4.6262355
occasion	5.747501	5.285692	5.6900935
guard	5.1994205	5.6201468	6.218121
whole	6.0982666	4.4283466	5.5861673
mouth	5.1773186	4.722508	4.472835
receive	6.4549284	4.7097178	5.8804817
take	5.520812	4.4163523	4.7720475
simple	6.920824	4.0052633	5.4818316
error	3.6448936	5.3486032	4.769812
wisdom	7.666976	4.120283	6.7605667
rock	5.2275324	4.4655375	5.0582614
decide	5.5421934	5.180845	5.8423095
exclaim	5.8304114	5.781448	5.3489265
assure	6.616707	5.211144	6.0622187
sign	5.5523667	4.8466005	5.2581844
preserve	6.4271502	4.256745	5.7577076
commerce	6.4064283	4.5253115	6.3581867
plant	5.5250845	4.110025	4.997322
walk	5.781701	4.2768583	4.4507723
difference	5.411531	3.9419978	4.8555346
hang	4.4240437	4.484937	3.9754276
following	6.64116	4.3069367	5.625903
employ	5.9242864	4.448097	5.65292
