deal	5.1860237	5.1675186	5.231328
study	6.926387	4.2595444	6.02396
afford	6.600006	4.415537	5.6085806
service	6.2242055	4.8215837	5.9703774
height	5.6764245	4.6193104	5.598261
prospect	7.1939516	5.168729	6.353667
pleasant	7.2656245	3.6826894	4.4835234
shade	5.6502347	3.5196042	4.4835315
listen	5.7397246	4.7722178	4.737857
mighty	5.697897	5.3791976	6.2330484
country	6.126412	4.8872128	6.171308
title	6.750996	4.1732783	6.0891094
choose	5.754108	4.2504554	5.2811337
village	5.701333	4.120136	4.7821465
acquire	7.036166	4.8548975	6.742273
rank	5.8842793	5.6968465	6.372742
bow	5.8258953	4.102672	5.0624433
doctor	4.706933	4.803258	4.8783536
talent	7.433188	5.627095	7.191415
source	6.405175	4.4152436	5.7853327
lead	5.4429774	5.3931932	5.5078125
question	5.3626885	4.950728	5.8368983
publish	6.553333	4.7668715	6.602378
interest	6.471345	5.1680884	6.337874
serve	5.533784	4.5165625	5.014526
divine	6.4388824	4.899972	6.2544236
put	5.121516	4.3587956	4.575199
shadow	5.0243073	3.627639	4.344497
practical	6.342823	4.266253	6.2594395
surface	5.613705	3.3457184	4.6280913
account	5.381379	5.037875	5.3658977
loss	4.3415666	4.8532033	4.191688
indian	5.133178	4.633478	5.2073097
vine	5.925964	3.9368966	4.641567
certain	5.5960608	4.7433066	5.4554353
sin	3.6293054	5.0901384	4.249628
necessity	5.253496	5.3289785	5.7941766
lose	5.0858183	4.6915107	4.6034255
private	5.4710445	5.040383	5.661287
gentleman	6.585284	4.854399	5.8880177
daughter	6.6638465	4.6501284	5.512082
drive	4.0152364	6.047485	5.016152
strange	4.8937607	5.103529	4.5272527
journey	6.1797466	3.910564	4.667486
uncle	5.7004547	5.061458	5.5249686
species	5.7570605	4.128437	5.21143
think	5.6337976	4.6948733	4.9447556
bed	5.1582794	3.587266	3.8776925
wind	4.6708765	5.057109	4.8731275
bless	6.7819014	3.9310389	5.194845
destroy	3.5021834	5.430422	4.4381833
author	6.138959	4.907405	5.8827667
sustain	5.771578	4.897249	6.001556
black	4.185334	3.9747465	4.062034
event	6.058332	5.4326987	6.5479794
liberty	6.1885114	5.1973825	6.5293036
negro	5.201955	5.0829244	4.8806067
little	6.045984	4.1622643	4.604924
fortune	6.502066	5.3603587	6.290183
touch	5.6682763	4.4892845	4.6314154
kill	3.6921496	6.04286	4.456513
feature	6.507249	4.4475245	5.9294834
happiness	7.097745	4.7739844	5.978146
assume	5.41495	4.6071897	5.483834
notion	4.807866	5.2813835	5.402318
purchase	6.171996	4.8318048	5.877144
faithful	6.191311	4.994124	6.231797
soldier	5.3849926	5.4459767	6.1660137
father	5.873062	4.4183445	5.3045607
narrow	3.998398	4.1783376	4.1618614
great	6.3383937	5.0096884	6.2883883
tear	4.1199536	4.761256	3.6211143
honorable	6.0962563	5.3277044	6.5428953
previous	5.456727	4.6409764	5.2293873
good	6.3793664	4.6170187	5.33043
domestic	6.082706	3.9779756	5.23065
glory	7.510579	5.3024006	7.022825
lay	5.4101357	4.041887	4.6635337
occasion	5.813498	5.27081	5.759241
guard	5.3567743	5.5167456	6.273471
whole	6.094162	4.4360976	5.631131
mouth	5.1040716	4.7261925	4.478627
receive	6.440882	4.701792	5.852935
take	5.5093436	4.382346	4.7908306
simple	6.8564777	4.0062766	5.4973593
error	3.6166785	5.300948	4.7558355
wisdom	7.5872054	4.192966	6.6869164
rock	5.238469	4.462085	5.049492
decide	5.6024575	5.088856	5.8203855
exclaim	5.8737884	5.7873516	5.4327292
assure	6.6232996	5.2002254	6.1256685
sign	5.510869	4.8047338	5.3100686
preserve	6.3318567	4.1044674	5.6313095
commerce	6.39977	4.5211945	6.4178104
plant	5.515015	4.1726317	5.0264945
walk	5.83039	4.3148837	4.536229
difference	5.43378	3.9297268	4.928865
hang	4.465167	4.4755197	3.9452477
following	6.4951982	4.3147635	5.576092
employ	5.8568506	4.4499097	5.6445713
