deal	5.0589857	5.103063	5.184785
study	6.9482093	4.3041697	6.0684967
afford	6.621658	4.452383	5.6356997
service	6.324509	4.8669367	6.1025734
height	5.6181283	4.6581173	5.5930195
prospect	7.131614	5.15771	6.4182568
pleasant	7.325946	3.6649933	4.5673766
shade	5.6443863	3.5308173	4.428241
listen	5.6943183	4.866386	4.804459
mighty	5.6313496	5.3908644	6.0892487
country	6.157668	4.9167953	6.165933
title	6.6869297	4.2161474	6.0240026
choose	5.758549	4.260564	5.376184
village	5.6960077	4.0672445	4.812916
acquire	7.051857	4.888063	6.7030926
rank	5.9145565	5.7108808	6.4234896
bow	5.7747293	4.134081	5.103114
doctor	4.750046	4.80999	4.80061
talent	7.403236	5.7200003	7.185808
source	6.3894434	4.5427575	5.7342415
lead	5.51779	5.329494	5.5060177
question	5.386445	4.883948	5.7935643
publish	6.4551787	4.782504	6.566783
interest	6.5464773	5.1452417	6.370194
serve	5.628845	4.5691695	5.0902476
divine	6.377347	4.976962	6.264769
put	5.1219373	4.317376	4.5128865
shadow	5.0862722	3.6538222	4.3840785
practical	6.2664266	4.1462264	6.1319704
surface	5.522009	3.2273242	4.4437532
account	5.4321632	5.017289	5.3865395
loss	4.350473	4.7674756	4.20558
indian	5.272186	4.6784406	5.3007464
vine	6.0107236	3.9425611	4.75706
certain	5.686716	4.7203436	5.5225153
sin	3.5885043	5.0849876	4.2728777
necessity	5.319001	5.319559	5.7548165
lose	5.109249	4.6767006	4.5888
private	5.5538564	4.972866	5.721733
gentleman	6.513241	4.848769	5.806072
daughter	6.6461415	4.6369567	5.519561
drive	4.0449963	5.9734926	4.9630475
strange	4.9809947	5.0673447	4.5441127
journey	6.1736555	3.9162054	4.6394286
uncle	5.9083195	5.105557	5.5407147
species	5.722866	4.0580792	5.127917
think	5.6099033	4.719912	4.9187407
bed	5.196791	3.491984	3.9326475
wind	4.658594	4.9921217	4.870608
bless	6.7283583	3.9891832	5.2006497
destroy	3.6064916	5.4941	4.5259933
author	6.0617857	4.9651637	5.809963
sustain	5.867182	4.8869324	6.070122
black	4.168316	4.0271926	4.0835533
event	6.043236	5.454945	6.472935
liberty	6.2649593	5.181588	6.4902163
negro	5.076967	5.1553407	4.7305045
little	6.1034226	4.1087694	4.5888944
fortune	6.49103	5.4336166	6.3377423
touch	5.614919	4.4676404	4.5350156
kill	3.6631072	6.072096	4.407914
feature	6.4216733	4.4310517	5.798071
happiness	7.1446085	4.841237	6.0764337
assume	5.3458076	4.572666	5.475486
notion	4.8224406	5.343573	5.377517
purchase	6.2017164	4.843143	5.831267
faithful	6.2044835	4.929309	6.301217
soldier	5.4709325	5.416972	6.215763
father	5.9321575	4.4478693	5.3270426
narrow	4.030282	4.187811	4.2409396
great	6.3048525	4.984549	6.2295675
tear	4.087189	4.738204	3.5963607
honorable	6.094941	5.361993	6.5683436
previous	5.546745	4.539739	5.2083216
good	6.432826	4.6081924	5.352403
domestic	6.103096	3.9971027	5.2304115
glory	7.4730873	5.3122897	6.985001
lay	5.46062	3.9371343	4.6180925
occasion	5.818473	5.232978	5.746295
guard	5.408927	5.558675	6.316325
whole	6.08334	4.3663135	5.5549903
mouth	5.2041225	4.769764	4.6051097
receive	6.4406104	4.7218666	5.8478074
take	5.5239277	4.390427	4.798781
simple	6.911247	3.9737637	5.4475646
error	3.713625	5.3228593	4.8097014
wisdom	7.4585667	4.1220536	6.630205
rock	5.225718	4.450933	5.0704117
decide	5.513832	5.0727243	5.788421
exclaim	5.867606	5.8298225	5.3598948
assure	6.5542636	5.1779213	5.970328
sign	5.477885	4.831823	5.2354736
preserve	6.4290414	4.044277	5.665141
commerce	6.41792	4.4448123	6.331327
plant	5.473514	4.1654716	4.989723
walk	5.839746	4.3345437	4.5168037
difference	5.506778	3.9574754	4.9318056
hang	4.4790697	4.443521	4.0263567
following	6.562507	4.2804694	5.589836
employ	5.929858	4.4695683	5.6662107
