deal	5.060349	5.065653	5.161088
study	6.912579	4.285493	6.0467644
afford	6.6369224	4.534092	5.742298
service	6.380657	4.8096657	6.0610285
height	5.701578	4.637625	5.636159
prospect	7.158841	5.2042446	6.440918
pleasant	7.317544	3.7267962	4.5144176
shade	5.701724	3.5346029	4.4971137
listen	5.732298	4.8298774	4.762064
mighty	5.7401524	5.400071	6.149791
country	6.206503	4.8945007	6.201936
title	6.7306814	4.121731	6.09867
choose	5.778733	4.350323	5.362752
village	5.658105	4.1512184	4.782642
acquire	7.0237207	4.886232	6.7000504
rank	6.033411	5.77232	6.5401173
bow	5.8898997	4.115348	5.2203994
doctor	4.6263237	4.8735642	4.8361983
talent	7.528444	5.633808	7.2108555
source	6.4160156	4.4489207	5.769718
lead	5.502568	5.421421	5.544642
question	5.3903856	4.89734	5.8199544
publish	6.538423	4.6536446	6.5522966
interest	6.5011787	5.1711917	6.3941183
serve	5.6016154	4.5591416	5.027054
divine	6.4363127	4.942192	6.242972
put	5.1789284	4.3458047	4.586615
shadow	5.063101	3.6513915	4.3828855
practical	6.3176074	4.252946	6.1982956
surface	5.6036177	3.2724366	4.530271
account	5.4451423	5.062688	5.4109187
loss	4.3439345	4.961762	4.2802734
indian	5.2011776	4.666122	5.221542
vine	5.990738	3.9306548	4.7316437
certain	5.6204977	4.750601	5.531194
sin	3.6631286	5.1256995	4.349144
necessity	5.293148	5.3277035	5.75913
lose	5.123247	4.652298	4.6335874
private	5.5237465	4.956844	5.703725
gentleman	6.530978	4.8625307	5.8457465
daughter	6.7124662	4.7188888	5.622743
drive	3.9632032	6.016092	4.975527
strange	4.8881636	5.094414	4.529848
journey	6.1697307	3.9791849	4.6875024
uncle	5.862278	5.1244903	5.5593667
species	5.694041	4.068759	5.154315
think	5.63661	4.7256737	4.949615
bed	5.1890225	3.5468698	3.9306886
wind	4.6140594	4.962379	4.9127765
bless	6.809768	3.9824026	5.236595
destroy	3.5139132	5.544956	4.4952245
author	6.0996227	4.910222	5.82818
sustain	5.89126	4.9403715	6.1594024
black	4.1595798	4.064127	4.0771866
event	6.0997925	5.426168	6.467844
liberty	6.2878146	5.1585417	6.5329933
negro	5.2791686	5.1348042	4.840198
little	6.038842	4.1375813	4.5963793
fortune	6.4930835	5.438022	6.3005185
touch	5.7212954	4.413631	4.617385
kill	3.6726048	6.1772375	4.4975386
feature	6.450913	4.4088035	5.8286533
happiness	7.106267	4.847007	6.0211954
assume	5.367078	4.5890775	5.4901657
notion	4.7829504	5.361568	5.3614
purchase	6.2001905	4.729993	5.8757043
faithful	6.238033	4.908101	6.2916822
soldier	5.5258875	5.3826966	6.198003
father	5.91248	4.50508	5.3826847
narrow	4.081232	4.108896	4.2769527
great	6.3264775	5.0299535	6.2501965
tear	4.1668096	4.7657504	3.6764228
honorable	6.0798025	5.410383	6.526185
previous	5.4471507	4.59709	5.2039437
good	6.393215	4.619734	5.360781
domestic	6.1058946	3.9330006	5.25697
glory	7.513781	5.3049097	6.9543047
lay	5.4083695	4.0252943	4.623566
occasion	5.8433905	5.29002	5.742265
guard	5.3834686	5.496571	6.292126
whole	6.098175	4.415512	5.612546
mouth	5.1782656	4.755998	4.532074
receive	6.4600964	4.6797686	5.892244
take	5.5209546	4.382717	4.8054576
simple	6.8413687	3.9951496	5.4624014
error	3.7192225	5.4340343	4.873512
wisdom	7.4767976	4.2010837	6.631789
rock	5.1573415	4.460097	5.0165663
decide	5.484539	5.130569	5.8168383
exclaim	5.842631	5.808233	5.3852353
assure	6.569303	5.212434	6.0434
sign	5.4183826	4.8370566	5.2851906
preserve	6.3628445	4.1542397	5.6835175
commerce	6.503507	4.4842434	6.4328327
plant	5.493433	4.158877	4.9984603
walk	5.808097	4.3264813	4.5167074
difference	5.3540587	3.9191706	4.880376
hang	4.47729	4.532969	4.093644
following	6.566335	4.3513365	5.627967
employ	5.851802	4.4420834	5.6152816
