deal	5.0782304	5.099555	5.107793
study	6.9681273	4.2554193	5.983816
afford	6.6488447	4.4216413	5.6512756
service	6.3222623	4.831549	6.0369587
height	5.7384176	4.6010776	5.5609665
prospect	7.2090387	5.2124414	6.4620028
pleasant	7.372466	3.620949	4.469832
shade	5.63745	3.4508014	4.4147744
listen	5.7712364	4.851286	4.836065
mighty	5.692362	5.3089294	6.149522
country	6.102446	4.9170628	6.1417727
title	6.8205743	4.1294107	6.1495957
choose	5.781532	4.3036833	5.3644733
village	5.711875	4.165178	4.8191586
acquire	7.074538	4.948695	6.772634
rank	5.8269954	5.7367954	6.384284
bow	5.86537	4.068934	5.0759106
doctor	4.6561484	4.789233	4.7941837
talent	7.399736	5.6319227	7.146349
source	6.4789753	4.4840484	5.805659
lead	5.5264463	5.3379016	5.535419
question	5.4388742	4.865099	5.8593626
publish	6.526931	4.7317314	6.539321
interest	6.4992123	5.130504	6.3113294
serve	5.7029247	4.430136	5.0124583
divine	6.439769	5.024733	6.2274494
put	5.131365	4.322133	4.5525603
shadow	5.062971	3.5418682	4.3433743
practical	6.3690567	4.255412	6.242615
surface	5.60098	3.2208571	4.457844
account	5.4589257	5.0373173	5.3797126
loss	4.494841	4.966797	4.2745314
indian	5.1826305	4.7217503	5.277406
vine	5.915038	4.0527334	4.667512
certain	5.6651077	4.7517233	5.5305243
sin	3.5757027	5.070306	4.2505193
necessity	5.25113	5.3231764	5.7610626
lose	5.133752	4.7453127	4.6442976
private	5.5228615	4.990935	5.710623
gentleman	6.569126	4.867363	5.8608313
daughter	6.6900644	4.683413	5.5622344
drive	4.0168934	6.0469337	4.998562
strange	4.9594183	5.099449	4.5254602
journey	6.3016005	3.992088	4.7507524
uncle	5.6421494	5.0973997	5.4308443
species	5.723871	3.9524457	5.120757
think	5.6528544	4.7074847	4.9216123
bed	5.158937	3.5603065	3.9398909
wind	4.6637807	4.995748	4.869962
bless	6.780568	4.0074434	5.226943
destroy	3.5239108	5.43237	4.424225
author	6.124502	4.9217668	5.8412433
sustain	5.8473587	4.9145384	6.069169
black	4.178323	3.98976	4.0579
event	6.0410585	5.3536625	6.4525747
liberty	6.18974	5.185462	6.4569883
negro	5.1230383	5.119134	4.812625
little	6.0817046	4.0936556	4.566127
fortune	6.465871	5.415743	6.284094
touch	5.669218	4.4782057	4.588165
kill	3.761425	6.029703	4.4645395
feature	6.4457645	4.4872575	5.8560205
happiness	7.091859	4.84852	6.017111
assume	5.3989553	4.645255	5.52351
notion	4.7582955	5.4075475	5.410256
purchase	6.200508	4.7210956	5.8110313
faithful	6.0617123	4.9733033	6.200215
soldier	5.495095	5.489368	6.197414
father	5.907849	4.4296594	5.310483
narrow	3.993162	4.0590205	4.083002
great	6.3176675	4.9673533	6.2164917
tear	4.1463604	4.818918	3.6478763
honorable	6.0098033	5.403228	6.450802
previous	5.5659466	4.6408086	5.2909546
good	6.374448	4.615568	5.3085413
domestic	6.05238	3.9957273	5.1980762
glory	7.471995	5.3116417	6.96266
lay	5.441061	3.9805791	4.621364
occasion	5.836428	5.2576222	5.7590446
guard	5.2807117	5.462788	6.2658563
whole	6.067883	4.4212055	5.54057
mouth	5.1361322	4.6985507	4.440795
receive	6.5016046	4.7420845	5.8915234
take	5.510512	4.3801584	4.8033257
simple	6.8892827	3.9657516	5.460608
error	3.6851137	5.2911544	4.8038135
wisdom	7.4555855	4.2249975	6.617511
rock	5.283502	4.3768315	5.048215
decide	5.599212	5.087084	5.830656
exclaim	5.8321004	5.818822	5.426243
assure	6.5175877	5.186125	5.9921255
sign	5.5190177	4.825082	5.335353
preserve	6.3878374	4.077391	5.7179832
commerce	6.452813	4.4726562	6.3673778
plant	5.4610624	4.142311	4.9841523
walk	5.787378	4.242027	4.50177
difference	5.442716	3.9589114	4.9948864
hang	4.5034485	4.321548	3.8973649
following	6.60313	4.2997546	5.6032495
employ	6.000463	4.395062	5.675603
