deal	5.01512	5.197286	5.206093
study	6.8767414	4.212943	6.003406
afford	6.5600095	4.412915	5.5864835
service	6.29429	4.849431	6.0535192
height	5.671785	4.677532	5.617648
prospect	7.157136	5.307002	6.4347334
pleasant	7.3329086	3.7491846	4.5699005
shade	5.607874	3.559258	4.424143
listen	5.714218	4.8316655	4.7886343
mighty	5.754388	5.4484015	6.160361
country	6.1649003	4.920247	6.2032537
title	6.708852	4.2069025	6.0917754
choose	5.75314	4.306027	5.3635006
village	5.7932057	4.1542273	4.9017067
acquire	7.041128	4.8999867	6.6957335
rank	5.9522862	5.7305117	6.420907
bow	5.7546325	4.0699315	5.0217013
doctor	4.666046	4.8959785	4.855025
talent	7.4819927	5.6286592	7.173257
source	6.312304	4.4457493	5.663587
lead	5.5429	5.3029966	5.5240498
question	5.365372	4.8894944	5.8195825
publish	6.4906178	4.6882176	6.590807
interest	6.508838	5.1434145	6.3549423
serve	5.6075625	4.5593176	5.071745
divine	6.4299355	4.947411	6.2087812
put	5.1415625	4.262789	4.536132
shadow	5.067619	3.5901127	4.31188
practical	6.4037604	4.232841	6.289687
surface	5.516066	3.2879925	4.492308
account	5.4451227	5.076119	5.458367
loss	4.3856335	4.9538107	4.2283483
indian	5.2307744	4.641618	5.2337046
vine	5.892445	4.0129333	4.6798477
certain	5.609262	4.761019	5.482909
sin	3.623991	5.094002	4.3674965
necessity	5.287855	5.234893	5.7412267
lose	5.146553	4.739919	4.6493063
private	5.4561152	5.0347357	5.6967707
gentleman	6.581594	4.8246326	5.8596444
daughter	6.737915	4.7437415	5.5952854
drive	4.0287895	5.9579625	4.9971337
strange	4.9444895	5.042808	4.5208488
journey	6.206263	3.9475088	4.691743
uncle	5.694947	5.072011	5.4725327
species	5.6686296	4.0761003	5.19417
think	5.667826	4.698263	4.964136
bed	5.093368	3.622729	3.9040365
wind	4.576773	5.0622954	4.8825455
bless	6.7575164	3.9694707	5.192876
destroy	3.519129	5.497061	4.4804
author	6.1066446	4.8458486	5.816527
sustain	5.852286	4.9299555	6.0701456
black	4.2264957	4.024224	4.042028
event	6.0131574	5.390295	6.4471254
liberty	6.2812195	5.1390457	6.4774566
negro	5.2227445	5.1983666	4.8282905
little	6.0344386	4.1170635	4.5748925
fortune	6.460055	5.4282827	6.292655
touch	5.636336	4.4992676	4.570414
kill	3.713585	6.0723	4.4657354
feature	6.4011736	4.4447813	5.836709
happiness	7.130378	4.8157415	5.993685
assume	5.4862323	4.6880827	5.5918336
notion	4.759759	5.2654543	5.297505
purchase	6.2256894	4.826224	5.9039016
faithful	6.141958	4.9943695	6.2799544
soldier	5.4536214	5.5417166	6.249281
father	5.9053164	4.46703	5.4070153
narrow	3.919291	4.179352	4.1402717
great	6.3404593	4.9736032	6.238695
tear	4.0825596	4.8146443	3.604626
honorable	6.1356735	5.414416	6.5983515
previous	5.4865904	4.5775948	5.253072
good	6.3677635	4.617678	5.326788
domestic	6.0145006	4.003769	5.2288647
glory	7.5634747	5.333861	6.978998
lay	5.418447	3.9960694	4.634646
occasion	5.816865	5.2480373	5.765226
guard	5.2549696	5.5688877	6.244492
whole	6.0916147	4.437243	5.6135488
mouth	5.1317625	4.8309913	4.5456185
receive	6.462001	4.7088466	5.891729
take	5.52681	4.3515368	4.7807374
simple	6.8447857	3.991651	5.472309
error	3.6625888	5.3818426	4.820661
wisdom	7.5186424	4.15399	6.748151
rock	5.1955857	4.4124455	4.9942827
decide	5.560845	5.0131125	5.8202186
exclaim	5.82523	5.771245	5.357725
assure	6.5425754	5.179215	6.0242057
sign	5.588135	4.837848	5.306679
preserve	6.392272	4.084911	5.7115297
commerce	6.529631	4.459382	6.4919376
plant	5.427383	4.2576466	4.964568
walk	5.769002	4.311103	4.4941893
difference	5.415785	3.90972	4.874169
hang	4.4541087	4.408769	3.9757652
following	6.620595	4.2842402	5.600957
employ	5.8809237	4.471876	5.671333
