deal	5.0966806	5.143284	5.192971
study	6.845063	4.2388754	6.006213
afford	6.6443715	4.4179907	5.650924
service	6.239502	4.7728314	6.0356617
height	5.64717	4.5507646	5.503324
prospect	7.1818275	5.1305127	6.3577466
pleasant	7.361154	3.6713345	4.500438
shade	5.636566	3.4811993	4.417244
listen	5.7283697	4.879693	4.787895
mighty	5.75186	5.360548	6.0863943
country	6.163113	4.858877	6.1256776
title	6.786908	4.174238	6.071644
choose	5.758739	4.2797337	5.35524
village	5.8450856	4.113362	4.853836
acquire	7.017813	4.851752	6.736986
rank	5.760575	5.796674	6.4050827
bow	5.826246	4.1249332	5.1286216
doctor	4.7719193	4.7816925	4.8373594
talent	7.461015	5.682536	7.236507
source	6.3939977	4.4193635	5.7810373
lead	5.482517	5.3794947	5.495648
question	5.4558644	4.887463	5.8298893
publish	6.3841176	4.7232976	6.4379206
interest	6.5045996	5.170989	6.3697796
serve	5.615312	4.4944963	5.0746613
divine	6.434204	4.9235134	6.1822476
put	5.1249437	4.3470445	4.5487514
shadow	5.070652	3.5769644	4.367642
practical	6.380607	4.2312965	6.2825522
surface	5.6508026	3.3116584	4.546041
account	5.542092	5.0012674	5.4349203
loss	4.432375	4.9172764	4.26772
indian	5.2150784	4.722164	5.270281
vine	5.9644046	4.0478554	4.8232155
certain	5.6545877	4.751814	5.53651
sin	3.5392587	5.079941	4.281898
necessity	5.2698736	5.297726	5.7477617
lose	5.1096625	4.722664	4.6231728
private	5.4851246	5.0692363	5.7983875
gentleman	6.546402	4.832363	5.8269334
daughter	6.615686	4.775089	5.578618
drive	4.0857573	5.993264	4.9823136
strange	4.936988	5.0505953	4.52363
journey	6.261949	3.826773	4.667202
uncle	5.6882105	5.0832443	5.482869
species	5.7812123	4.086753	5.1770334
think	5.6424212	4.725259	4.960165
bed	5.1990085	3.5491614	3.9107468
wind	4.624477	5.052464	4.8900123
bless	6.6801314	3.991739	5.1252646
destroy	3.5226204	5.529153	4.5107846
author	6.1070957	4.870278	5.823418
sustain	5.882859	4.8765826	6.0845566
black	4.2829156	4.046247	4.134034
event	6.049757	5.3917403	6.3908243
liberty	6.243769	5.1783123	6.4935837
negro	5.071975	5.0841074	4.7319427
little	6.072076	4.120502	4.6099
fortune	6.4551883	5.449194	6.3034186
touch	5.674577	4.4178824	4.6253815
kill	3.7162073	6.091196	4.479755
feature	6.4018817	4.505614	5.8509965
happiness	7.0776706	4.855121	6.0134516
assume	5.339572	4.6879544	5.5564785
notion	4.7710085	5.2737465	5.311147
purchase	6.105203	4.8811817	5.835719
faithful	6.1210027	4.948875	6.3546677
soldier	5.410668	5.459431	6.214787
father	5.878981	4.4698772	5.3556905
narrow	4.0229964	4.061567	4.1000614
great	6.3394775	5.0130415	6.2535467
tear	4.120371	4.745305	3.622511
honorable	6.022765	5.3815093	6.488235
previous	5.4706497	4.5574336	5.183442
good	6.4041424	4.611467	5.329421
domestic	6.077679	3.9585032	5.2634125
glory	7.536867	5.264077	6.88894
lay	5.4428678	3.964622	4.5586047
occasion	5.8116107	5.2800355	5.7187214
guard	5.2565546	5.5947795	6.3486276
whole	6.1277227	4.4321747	5.607661
mouth	5.236766	4.7412415	4.5122333
receive	6.4482107	4.713649	5.832271
take	5.5107684	4.390754	4.765177
simple	6.914478	4.0083084	5.523347
error	3.5967855	5.363373	4.815722
wisdom	7.5544996	4.139804	6.6377125
rock	5.1969347	4.424871	4.986055
decide	5.5214925	5.1677966	5.9157133
exclaim	5.806403	5.891859	5.418755
assure	6.571695	5.146818	5.9935503
sign	5.5369496	4.919982	5.4164147
preserve	6.4253135	4.114449	5.7060986
commerce	6.415027	4.4935665	6.299176
plant	5.4819417	4.245666	5.026727
walk	5.8079624	4.2676754	4.505477
difference	5.473373	3.9393442	4.975118
hang	4.451708	4.5058703	3.9729226
following	6.6154737	4.31254	5.625568
employ	5.926558	4.477959	5.728191
