deal	5.021279	5.1178374	5.212783
study	6.920575	4.318615	6.0820065
afford	6.5679607	4.443544	5.586142
service	6.310094	4.829834	6.085223
height	5.6651883	4.6705823	5.579773
prospect	7.299532	5.1820784	6.441311
pleasant	7.323515	3.652662	4.5649076
shade	5.6246204	3.4943342	4.394787
listen	5.7505	4.7699556	4.7590427
mighty	5.760898	5.32993	6.152191
country	6.125994	4.891149	6.1727834
title	6.6906676	4.1808434	6.0700254
choose	5.754006	4.2527866	5.3940887
village	5.7481446	4.071987	4.8703747
acquire	7.012189	4.8538885	6.6601086
rank	5.940877	5.7279506	6.4294543
bow	5.790734	4.082951	5.155924
doctor	4.6132555	4.853289	4.8563747
talent	7.4204164	5.653578	7.1970363
source	6.464127	4.465495	5.7380805
lead	5.468691	5.3987975	5.509216
question	5.4126596	4.9016724	5.851807
publish	6.374636	4.7510204	6.514698
interest	6.5086102	5.124731	6.3628774
serve	5.6131196	4.524449	5.065478
divine	6.389785	4.9097667	6.211685
put	5.1485367	4.3611217	4.5910597
shadow	5.0473285	3.6218457	4.3364916
practical	6.357369	4.260106	6.2271366
surface	5.5233736	3.3324246	4.558457
account	5.393311	5.027092	5.3885474
loss	4.3743386	4.9504833	4.2724957
indian	5.117674	4.7110705	5.202753
vine	5.9296236	3.9527383	4.6479864
certain	5.6437597	4.7678223	5.496574
sin	3.5609787	5.130987	4.326716
necessity	5.234325	5.403364	5.751162
lose	5.1212273	4.7019024	4.607635
private	5.5851793	5.023024	5.7700443
gentleman	6.583765	4.8644385	5.8563414
daughter	6.666241	4.751917	5.584856
drive	4.042572	6.024522	5.017537
strange	4.94018	5.11423	4.549347
journey	6.348146	3.8672786	4.719858
uncle	5.7173886	5.085951	5.5115366
species	5.668605	4.105349	5.1514235
think	5.610099	4.7219195	4.96593
bed	5.1145463	3.5645962	3.9516747
wind	4.608534	5.095936	4.915704
bless	6.7005954	3.9692492	5.231072
destroy	3.4162612	5.5413365	4.5009437
author	6.0346875	5.0106153	5.847724
sustain	5.8074927	4.93966	6.0967994
black	4.2145243	3.9856436	4.0803475
event	6.000853	5.459935	6.498104
liberty	6.2342105	5.177008	6.4962444
negro	5.210283	5.1277146	4.8365803
little	6.0720105	4.1809244	4.6144266
fortune	6.4804835	5.478518	6.348242
touch	5.629019	4.454467	4.611506
kill	3.5229545	6.1459026	4.498539
feature	6.47402	4.4855576	5.8823647
happiness	7.100524	4.881795	6.037829
assume	5.4214115	4.5783634	5.5313263
notion	4.7913	5.3202276	5.3210664
purchase	6.2242136	4.84402	5.870343
faithful	6.1596293	4.947345	6.2764735
soldier	5.496011	5.451688	6.238336
father	5.9176145	4.486794	5.410022
narrow	4.05461	4.1530285	4.2335477
great	6.2938986	5.0062547	6.262863
tear	4.145848	4.7929487	3.6842067
honorable	6.082565	5.4353285	6.613563
previous	5.438908	4.5780973	5.189211
good	6.3467345	4.641301	5.3557787
domestic	6.077774	4.0901093	5.298495
glory	7.535991	5.335339	7.0008445
lay	5.3804345	4.001487	4.6879478
occasion	5.8393493	5.275703	5.705186
guard	5.342014	5.588712	6.293148
whole	6.0328155	4.425069	5.574217
mouth	5.1498613	4.7302084	4.473542
receive	6.4238954	4.6966276	5.8910084
take	5.485817	4.4210935	4.8152475
simple	6.8081923	3.9715624	5.474298
error	3.605768	5.3409553	4.772202
wisdom	7.4302464	4.207527	6.654846
rock	5.1934624	4.459737	5.099916
decide	5.513851	5.1554995	5.8908815
exclaim	5.822552	5.782058	5.4240007
assure	6.584344	5.1333036	6.028838
sign	5.449512	4.8497214	5.2806067
preserve	6.251802	4.1142035	5.6770697
commerce	6.42206	4.4476213	6.3387375
plant	5.4072313	4.257303	4.94996
walk	5.777403	4.3119655	4.5053587
difference	5.4681435	3.9581397	4.934119
hang	4.439993	4.4526834	3.981332
following	6.4408064	4.3402123	5.5716553
employ	5.895769	4.453291	5.683017
