deal	5.1024218	5.039497	5.1889057
study	6.8819523	4.255816	6.0413656
afford	6.645527	4.462672	5.658104
service	6.3049808	4.8699317	6.110039
height	5.694418	4.5965447	5.5851583
prospect	7.1160874	5.1841817	6.3999825
pleasant	7.3744307	3.740504	4.550846
shade	5.7059073	3.5222902	4.555445
listen	5.7321978	4.8067446	4.7704105
mighty	5.7299976	5.353758	6.1352873
country	6.144467	4.907211	6.1983814
title	6.7039313	4.1677184	6.0381956
choose	5.745847	4.2851458	5.3346024
village	5.739276	4.139626	4.862804
acquire	7.0925303	4.8464074	6.7733774
rank	5.9179773	5.724798	6.4086485
bow	5.7318726	4.0377207	5.00847
doctor	4.740063	4.800858	4.9110413
talent	7.4550047	5.6017795	7.142687
source	6.3408494	4.4612446	5.6981063
lead	5.4449577	5.390313	5.5318365
question	5.4030614	4.874539	5.813905
publish	6.46803	4.7580276	6.6449738
interest	6.5173855	5.172037	6.3663974
serve	5.603363	4.501943	5.0272837
divine	6.398314	4.9395914	6.2644114
put	5.095565	4.376227	4.5947824
shadow	5.093932	3.6543014	4.4304667
practical	6.4213185	4.25556	6.3523874
surface	5.6003523	3.349772	4.542363
account	5.4065566	5.0293097	5.396524
loss	4.434155	4.9076734	4.2559667
indian	5.2283864	4.6302767	5.3044877
vine	5.8678164	4.1365457	4.746723
certain	5.6653767	4.723789	5.491591
sin	3.5624838	5.12079	4.3513193
necessity	5.235202	5.3464994	5.763927
lose	5.1501327	4.631814	4.6417246
private	5.4635572	5.1045766	5.7619543
gentleman	6.558102	4.828952	5.833005
daughter	6.686763	4.715475	5.6308517
drive	3.97119	6.0590563	5.0261
strange	4.955447	5.120619	4.540279
journey	6.30118	3.8691993	4.733356
uncle	5.684297	5.03148	5.4354086
species	5.8136616	4.1191087	5.250262
think	5.6286383	4.701239	4.9373703
bed	5.2016516	3.5206006	3.9226007
wind	4.5920854	5.0366783	4.8642225
bless	6.723029	3.9825766	5.218617
destroy	3.490357	5.5370584	4.540409
author	6.1054864	4.925946	5.877453
sustain	5.875404	4.9110374	6.0637083
black	4.290354	4.01089	4.157067
event	6.119124	5.4103174	6.462714
liberty	6.2283535	5.1527185	6.475878
negro	5.308458	5.148871	5.0429907
little	6.0971255	4.1237297	4.6276383
fortune	6.4464393	5.4665785	6.289152
touch	5.6234293	4.4490924	4.6009574
kill	3.678256	5.993622	4.528529
feature	6.4717975	4.4829025	5.878153
happiness	7.1133075	4.8939514	6.033682
assume	5.46161	4.6184177	5.5701284
notion	4.8229694	5.276005	5.3469043
purchase	6.228831	4.7658224	5.915204
faithful	6.053937	5.0509043	6.21723
soldier	5.3323183	5.4765606	6.2215366
father	5.895835	4.4698544	5.3897457
narrow	3.996507	4.123249	4.1530457
great	6.31775	4.9873886	6.258131
tear	4.144765	4.790808	3.6707997
honorable	5.9910455	5.4652853	6.5158043
previous	5.463536	4.6094546	5.226831
good	6.3854027	4.5913725	5.340399
domestic	6.0672812	4.0375285	5.2547703
glory	7.3808203	5.348967	6.929486
lay	5.3883057	4.0325923	4.6584277
occasion	5.8039265	5.2739296	5.6960716
guard	5.276093	5.570927	6.3192115
whole	6.117021	4.424662	5.623546
mouth	5.0988574	4.7201376	4.468763
receive	6.4310546	4.7030025	5.8437138
take	5.4935503	4.3966417	4.8239255
simple	6.8370075	3.9810662	5.504959
error	3.6323254	5.3575077	4.804551
wisdom	7.4576464	4.1805215	6.6689396
rock	5.2335386	4.5177684	5.0532794
decide	5.5867434	5.043516	5.839781
exclaim	5.948746	5.8211145	5.492097
assure	6.5685263	5.2844663	6.083262
sign	5.471019	4.8201203	5.2858086
preserve	6.374906	4.195679	5.6964526
commerce	6.462278	4.444904	6.3489747
plant	5.4673486	4.1755085	4.9933977
walk	5.7882366	4.3250217	4.497827
difference	5.513215	3.9223843	5.015041
hang	4.455289	4.4231005	3.9258168
following	6.535794	4.318126	5.6261625
employ	5.900847	4.480373	5.6955404
