deal	5.06192	5.202089	5.2003374
study	6.8361983	4.3458543	5.9933615
afford	6.681164	4.476742	5.72298
service	6.2879753	4.8275104	6.045769
height	5.6701074	4.544313	5.547078
prospect	7.1127834	5.146934	6.368501
pleasant	7.359481	3.6649694	4.53556
shade	5.655011	3.5130448	4.4130044
listen	5.7095475	4.862661	4.7718163
mighty	5.73654	5.3979564	6.159711
country	6.1436973	4.8829737	6.180196
title	6.753662	4.1098347	6.0700846
choose	5.729399	4.273973	5.381139
village	5.711576	4.0756736	4.8095355
acquire	7.090355	4.878704	6.7892942
rank	5.8886414	5.729446	6.3873672
bow	5.7436075	4.113852	5.0387053
doctor	4.706755	4.8393335	4.876079
talent	7.437995	5.6846433	7.1772804
source	6.448898	4.5228624	5.7824783
lead	5.485932	5.3693123	5.4947753
question	5.3863344	4.9281588	5.8180866
publish	6.4210815	4.7723794	6.51932
interest	6.4974656	5.128155	6.3445816
serve	5.6527743	4.5351357	5.09887
divine	6.369609	4.9984884	6.176269
put	5.125763	4.362807	4.5655303
shadow	5.0675445	3.6134105	4.3196
practical	6.4213696	4.296092	6.294828
surface	5.524292	3.2185395	4.475016
account	5.4233494	5.024666	5.386367
loss	4.3578854	4.9575777	4.240084
indian	5.202311	4.6558876	5.299117
vine	6.0187373	3.895203	4.7676625
certain	5.637643	4.789333	5.544167
sin	3.4238603	5.16542	4.2091665
necessity	5.264078	5.2974896	5.7416596
lose	5.1824827	4.649127	4.6130037
private	5.450809	5.018442	5.6606736
gentleman	6.538931	4.8288217	5.814565
daughter	6.6831427	4.647515	5.550582
drive	4.0393186	5.912032	4.891259
strange	4.9993496	5.023861	4.5655937
journey	6.258305	3.9867868	4.686939
uncle	5.644826	4.993211	5.3905783
species	5.721889	4.097213	5.2435064
think	5.6499386	4.747324	4.942307
bed	5.130606	3.5067527	3.914036
wind	4.606873	4.982742	4.8161554
bless	6.7401543	3.9849424	5.21669
destroy	3.5710685	5.541471	4.54253
author	6.0638976	4.9848623	5.872841
sustain	5.8893437	4.9434257	6.1240573
black	4.234262	4.00661	4.0461974
event	6.051295	5.381817	6.4726768
liberty	6.1731567	5.1977406	6.46833
negro	5.165204	5.189311	4.8499146
little	6.0949545	4.1131587	4.6297565
fortune	6.4411316	5.513827	6.299602
touch	5.606755	4.531337	4.623121
kill	3.7217913	6.0708904	4.4730797
feature	6.4441996	4.4469814	5.8280964
happiness	7.106311	4.8693705	5.9924116
assume	5.4107366	4.569196	5.467403
notion	4.815733	5.275435	5.2995787
purchase	6.209296	4.827931	5.912105
faithful	6.155737	4.8935733	6.2716017
soldier	5.448447	5.484174	6.2269154
father	5.9011283	4.438321	5.3506975
narrow	3.9783444	4.0822425	4.1678276
great	6.288116	4.9873686	6.222658
tear	4.178237	4.7309756	3.6353035
honorable	6.0376015	5.455696	6.565827
previous	5.418259	4.4726605	5.149177
good	6.401863	4.6240115	5.328894
domestic	6.1143007	3.9633994	5.2534018
glory	7.375018	5.3364906	6.9116364
lay	5.404759	4.0238566	4.620388
occasion	5.7414503	5.305255	5.7561064
guard	5.285168	5.570246	6.309689
whole	6.0660815	4.4200225	5.575818
mouth	5.131789	4.72001	4.5288243
receive	6.4674344	4.6562467	5.8229527
take	5.501132	4.3975053	4.7969437
simple	6.8600717	4.027806	5.521116
error	3.5697682	5.3468704	4.8223257
wisdom	7.514073	4.153653	6.646676
rock	5.1314673	4.4877853	5.0308475
decide	5.5687675	5.1021633	5.8417463
exclaim	5.8549156	5.7628427	5.3903637
assure	6.608728	5.1754932	6.002415
sign	5.5170293	4.7971153	5.299469
preserve	6.3795342	4.128384	5.7183757
commerce	6.421937	4.414232	6.280201
plant	5.4724464	4.094255	4.962073
walk	5.7718725	4.354986	4.4869514
difference	5.411811	3.8990476	4.850668
hang	4.508315	4.4710975	4.0204453
following	6.5449986	4.298211	5.653118
employ	5.921489	4.501802	5.708771
