deal	5.0967107	5.1131215	5.2476625
study	6.943341	4.2642946	6.0474825
afford	6.605577	4.446697	5.6679163
service	6.404282	4.8301373	6.110871
height	5.704092	4.5623465	5.6058836
prospect	7.1646094	5.252104	6.430886
pleasant	7.3207903	3.6203978	4.5248127
shade	5.61461	3.4998827	4.392756
listen	5.7050138	4.8286614	4.7843914
mighty	5.7027864	5.464712	6.1891866
country	6.172889	4.879663	6.176508
title	6.646255	4.2460027	5.9690027
choose	5.761973	4.2590594	5.3595705
village	5.72771	4.1903553	4.862497
acquire	7.1335945	4.909093	6.805696
rank	5.940095	5.715785	6.41874
bow	5.762067	4.083454	5.079591
doctor	4.7199717	4.7834067	4.835261
talent	7.48203	5.640036	7.169157
source	6.3664985	4.455797	5.7353272
lead	5.485459	5.425252	5.5321016
question	5.426379	4.861582	5.834117
publish	6.4323707	4.730683	6.512884
interest	6.5458922	5.1592984	6.3827157
serve	5.6528945	4.5998554	5.1149693
divine	6.459464	4.9688444	6.3574905
put	5.103429	4.342774	4.5412216
shadow	5.0893173	3.6283517	4.386997
practical	6.351393	4.2557263	6.2429867
surface	5.6221027	3.3084197	4.570785
account	5.451407	5.028246	5.410752
loss	4.458434	4.9263463	4.3400087
indian	5.232671	4.7334356	5.311199
vine	5.914065	3.9931629	4.840512
certain	5.6088552	4.7354684	5.4937186
sin	3.5710795	5.125883	4.3089085
necessity	5.195144	5.260967	5.6917434
lose	5.21234	4.7422957	4.689891
private	5.561228	5.0844574	5.7402673
gentleman	6.5234776	4.8781385	5.8261747
daughter	6.6787777	4.777358	5.641029
drive	4.0739765	6.0448074	5.017768
strange	4.967161	5.087432	4.57899
journey	6.3091974	3.9614687	4.692786
uncle	5.7893143	5.082787	5.553565
species	5.631614	4.086386	5.1857767
think	5.6526117	4.7171044	4.9658413
bed	5.262333	3.5399895	3.9814284
wind	4.56578	5.014683	4.8328133
bless	6.7373004	3.9610548	5.2516985
destroy	3.6482766	5.5493097	4.571178
author	6.078041	4.9174423	5.8293667
sustain	5.868664	4.9116187	6.134545
black	4.263991	4.0064783	4.1467505
event	6.1003656	5.42227	6.472846
liberty	6.2421684	5.1510935	6.5031853
negro	5.230102	5.089496	4.868392
little	6.082972	4.176414	4.630175
fortune	6.5197644	5.436384	6.317565
touch	5.6625896	4.4424925	4.5885262
kill	3.6883032	6.085887	4.4687805
feature	6.4439135	4.5076	5.893426
happiness	7.1761036	4.88447	6.0627728
assume	5.4248853	4.6224008	5.4971647
notion	4.8335447	5.3370867	5.3672023
purchase	6.1539397	4.8652472	5.86985
faithful	6.2114754	5.0113387	6.333794
soldier	5.505052	5.502163	6.24836
father	5.8904114	4.497024	5.4274364
narrow	4.008121	4.2019563	4.226268
great	6.3146696	4.9996986	6.27142
tear	4.0748806	4.830237	3.6976924
honorable	6.1316705	5.460515	6.5972853
previous	5.43614	4.5866404	5.2557864
good	6.386589	4.610999	5.371286
domestic	6.145961	4.046757	5.2640476
glory	7.483136	5.4047313	6.998627
lay	5.383441	4.016861	4.644306
occasion	5.7769213	5.2876883	5.7491503
guard	5.2902393	5.6000047	6.2845325
whole	6.063417	4.4575143	5.6207128
mouth	5.124258	4.760251	4.441328
receive	6.4691153	4.7088003	5.916646
take	5.5139065	4.435737	4.818411
simple	6.857772	3.9917717	5.4996257
error	3.622758	5.386574	4.8123555
wisdom	7.5364265	4.1331778	6.672572
rock	5.1882944	4.486202	5.0944204
decide	5.633553	5.0360017	5.85914
exclaim	5.9071093	5.8187246	5.414192
assure	6.539901	5.16936	6.0271015
sign	5.5017877	4.849498	5.2983575
preserve	6.311836	4.1342015	5.677756
commerce	6.4374075	4.475978	6.320383
plant	5.469945	4.1830835	5.028436
walk	5.787571	4.31627	4.5053453
difference	5.4442954	3.8587158	4.8706336
hang	4.443534	4.52617	3.9952917
following	6.563144	4.279578	5.575536
employ	5.8875194	4.5118456	5.6902537
