deal	5.028732	5.1468086	5.2234216
study	6.918473	4.290225	6.0533147
afford	6.6105633	4.5337424	5.71472
service	6.3240623	4.842276	6.120407
height	5.7945824	4.5102973	5.564335
prospect	7.155633	5.1986766	6.500272
pleasant	7.32946	3.7744613	4.587228
shade	5.6767645	3.530285	4.5039344
listen	5.6577454	4.832215	4.74915
mighty	5.684592	5.3740454	6.134646
country	6.136443	4.8724384	6.158655
title	6.7886367	4.1997128	6.0606284
choose	5.7697883	4.2430544	5.3031282
village	5.729204	4.1483145	4.796859
acquire	7.106168	4.918909	6.777957
rank	5.9195833	5.716591	6.4098663
bow	5.856354	4.0554023	5.081141
doctor	4.7379346	4.8616867	4.8976383
talent	7.532318	5.684678	7.198045
source	6.4136987	4.4893637	5.744407
lead	5.5153046	5.37444	5.5476203
question	5.3965445	4.8984838	5.8313227
publish	6.540934	4.713459	6.5293007
interest	6.4887877	5.2015915	6.3811707
serve	5.5580654	4.5508966	5.078867
divine	6.4477925	4.954417	6.25444
put	5.1549335	4.3267956	4.580508
shadow	5.1334267	3.6530106	4.4351187
practical	6.4258876	4.24986	6.277
surface	5.5290875	3.1937342	4.397973
account	5.462355	5.0410066	5.4337535
loss	4.3743873	4.927142	4.2553086
indian	5.1832404	4.648483	5.2639804
vine	6.006274	3.951285	4.6444798
certain	5.6618366	4.758858	5.5319085
sin	3.5589178	5.045939	4.307445
necessity	5.273401	5.391123	5.8098903
lose	5.137031	4.6780677	4.588134
private	5.45116	5.062503	5.6911526
gentleman	6.5630565	4.834191	5.8722343
daughter	6.6788626	4.707165	5.6296616
drive	3.995019	6.02676	5.004618
strange	4.945589	5.1318846	4.4935665
journey	6.345488	3.9192412	4.7680483
uncle	5.7093782	5.0404754	5.5127273
species	5.7735233	4.0763474	5.2373605
think	5.642337	4.7384586	4.952381
bed	5.1946507	3.5428293	3.95135
wind	4.640011	5.0863824	4.931283
bless	6.7204733	3.9560056	5.173632
destroy	3.5399463	5.539602	4.536035
author	6.109667	4.947022	5.832487
sustain	5.883164	4.8584375	6.068348
black	4.2364297	3.984953	4.001322
event	6.0189433	5.4449	6.518446
liberty	6.226583	5.1138754	6.471466
negro	5.2540817	5.0512624	4.9639473
little	6.065207	4.1377406	4.636476
fortune	6.466962	5.403143	6.285861
touch	5.690794	4.4915204	4.675373
kill	3.7338517	6.0339026	4.42653
feature	6.3918133	4.482998	5.873308
happiness	7.125161	4.868878	6.0593867
assume	5.4353786	4.552015	5.468895
notion	4.816224	5.3784614	5.418075
purchase	6.176915	4.81828	5.927195
faithful	6.183429	5.090314	6.2872214
soldier	5.4062586	5.4685383	6.2278438
father	5.851523	4.454335	5.336973
narrow	3.9273672	4.1349363	4.16221
great	6.305576	4.9928784	6.2406144
tear	4.165117	4.7928505	3.62684
honorable	6.061605	5.3994894	6.653437
previous	5.4980164	4.5523305	5.2344165
good	6.429117	4.6089454	5.3741207
domestic	6.0436687	3.9939203	5.3024893
glory	7.4780407	5.273286	6.964783
lay	5.4248567	3.96477	4.666955
occasion	5.7794642	5.276698	5.73493
guard	5.3533792	5.5878634	6.301549
whole	6.1197557	4.395913	5.6254234
mouth	5.1647825	4.8146825	4.5979843
receive	6.5017366	4.692139	5.874545
take	5.506934	4.380824	4.8062286
simple	6.922869	4.051936	5.611985
error	3.6146705	5.332724	4.831173
wisdom	7.521891	4.2002635	6.6983194
rock	5.1955132	4.413018	4.966964
decide	5.4716086	5.088884	5.795112
exclaim	5.7869835	5.738978	5.316366
assure	6.483492	5.217439	6.0037766
sign	5.5294375	4.8974338	5.3066263
preserve	6.365597	4.1800003	5.705296
commerce	6.36084	4.4445744	6.3693786
plant	5.500247	4.1341176	4.9661207
walk	5.792851	4.2940264	4.48101
difference	5.4771895	3.8672504	4.917835
hang	4.4637575	4.4928775	3.9690912
following	6.559718	4.2993326	5.607643
employ	5.9831367	4.4352694	5.715993
