deal	4.963899	5.168727	5.172796
study	6.9443016	4.263329	6.081097
afford	6.605107	4.467087	5.664768
service	6.3678594	4.827409	6.072223
height	5.7225404	4.59289	5.623938
prospect	7.18866	5.199497	6.458146
pleasant	7.31043	3.6637177	4.4847064
shade	5.606079	3.4105217	4.3411155
listen	5.705549	4.8903446	4.8338723
mighty	5.6931357	5.421088	6.1632338
country	6.199808	4.895721	6.1823215
title	6.808158	4.1627483	6.1575937
choose	5.731926	4.3436203	5.3856153
village	5.697748	4.1290016	4.809477
acquire	7.0699058	4.9149957	6.7601013
rank	5.9852333	5.731786	6.44489
bow	5.7477245	4.09738	5.0496163
doctor	4.730969	4.720787	4.823518
talent	7.460026	5.6635985	7.168579
source	6.372548	4.487175	5.7432737
lead	5.500989	5.3727617	5.5190206
question	5.3885984	4.9278545	5.784256
publish	6.5306873	4.7356014	6.5886703
interest	6.54553	5.1315184	6.3417864
serve	5.657402	4.5271897	5.1119614
divine	6.4056063	4.9346495	6.239917
put	5.166766	4.336292	4.606179
shadow	5.0720787	3.5993638	4.3588
practical	6.3940334	4.260152	6.2723484
surface	5.637931	3.3176534	4.6061277
account	5.488132	5.045305	5.4336286
loss	4.314486	4.915421	4.252197
indian	5.224493	4.669165	5.335464
vine	6.0042458	3.955539	4.7927775
certain	5.629473	4.7791166	5.531151
sin	3.6301513	5.053752	4.297062
necessity	5.2832074	5.3002644	5.763313
lose	5.1065445	4.6887646	4.617428
private	5.5246067	5.0304055	5.678534
gentleman	6.5745616	4.8540936	5.8342867
daughter	6.654148	4.749597	5.6083813
drive	4.048779	6.008051	5.0270205
strange	4.9316087	5.149655	4.561524
journey	6.206726	3.952956	4.6693244
uncle	5.648984	5.0816464	5.493127
species	5.719862	4.025908	5.167125
think	5.6192226	4.766446	4.9496975
bed	5.0964327	3.5645666	3.8474221
wind	4.610162	5.031523	4.860986
bless	6.6886	3.988702	5.1672792
destroy	3.5460863	5.5104074	4.542449
author	6.1947784	4.931357	5.89352
sustain	5.794745	5.0139117	6.1138506
black	4.251295	3.976506	4.0693274
event	6.116603	5.343726	6.467616
liberty	6.2647004	5.148853	6.511254
negro	5.3538427	5.0512404	4.8743715
little	6.064737	4.1612406	4.6329174
fortune	6.4834495	5.4194994	6.336615
touch	5.6358347	4.54153	4.609419
kill	3.616366	6.125216	4.440751
feature	6.4762096	4.4390154	5.8695035
happiness	7.0867944	4.8248253	5.9977922
assume	5.4123673	4.659655	5.5417156
notion	4.8645406	5.3525887	5.414168
purchase	6.224182	4.819728	5.922892
faithful	6.174397	4.8919315	6.151105
soldier	5.469837	5.499823	6.273395
father	5.929788	4.418232	5.3836665
narrow	4.002879	4.1350613	4.131046
great	6.2887893	5.0313983	6.2345953
tear	4.082707	4.7794003	3.6152349
honorable	6.1693044	5.356611	6.5976663
previous	5.5455794	4.5898623	5.2455907
good	6.359607	4.6464825	5.367135
domestic	6.0528293	4.0153165	5.1689596
glory	7.5093393	5.291395	6.946642
lay	5.4145794	3.9921007	4.6395736
occasion	5.830468	5.267252	5.7533755
guard	5.359546	5.5899158	6.3115983
whole	6.1470838	4.424913	5.632469
mouth	5.0940495	4.7346005	4.4765534
receive	6.457272	4.668757	5.8255863
take	5.534414	4.3945985	4.8220406
simple	6.8632374	4.037034	5.5626264
error	3.6094794	5.3068	4.745408
wisdom	7.5544457	4.080571	6.648897
rock	5.191746	4.50941	5.060032
decide	5.528344	5.049732	5.8115473
exclaim	5.9296627	5.8313813	5.4860973
assure	6.609006	5.142602	6.033245
sign	5.5946083	4.7662416	5.256359
preserve	6.424601	4.1350856	5.7299066
commerce	6.367439	4.4521956	6.244252
plant	5.467024	4.1786776	5.029481
walk	5.8038034	4.2874637	4.468691
difference	5.4600625	3.9939456	5.0061893
hang	4.4594975	4.5094395	3.9955227
following	6.6329722	4.3406324	5.611622
employ	5.993467	4.496676	5.7277527
