deal	5.1211834	5.0990677	5.1375594
study	6.9291573	4.253627	6.085125
afford	6.6003046	4.4615855	5.6709843
service	6.296131	4.92292	6.1132154
height	5.735536	4.551602	5.5688148
prospect	7.2729306	5.1638207	6.463873
pleasant	7.350437	3.6904173	4.5327344
shade	5.7070565	3.5072215	4.4667015
listen	5.68781	4.812808	4.749688
mighty	5.6933384	5.3966074	6.111556
country	6.1894464	4.869809	6.167776
title	6.7483845	4.232759	6.1283917
choose	5.757648	4.2764745	5.3403716
village	5.6712976	4.1010184	4.764195
acquire	6.998456	4.9379816	6.7594056
rank	5.9081635	5.770999	6.4091816
bow	5.876176	4.084786	5.1307197
doctor	4.7669864	4.8399763	4.9348636
talent	7.499441	5.6960773	7.2168884
source	6.4092665	4.395889	5.7699733
lead	5.441485	5.3762155	5.501194
question	5.441542	4.9159055	5.8836317
publish	6.4233813	4.758596	6.5584884
interest	6.5634127	5.0846543	6.361334
serve	5.6007595	4.508117	5.0443645
divine	6.4199457	5.0438514	6.275027
put	5.121066	4.367896	4.560289
shadow	5.1145988	3.6993802	4.423625
practical	6.3424263	4.2300825	6.252909
surface	5.6105127	3.2993958	4.544356
account	5.5072546	5.0236416	5.408592
loss	4.4278603	4.9017386	4.202097
indian	5.213743	4.677997	5.249414
vine	5.926991	4.060767	4.6770678
certain	5.615428	4.7405353	5.4830956
sin	3.6450453	5.0917053	4.335209
necessity	5.252316	5.3679667	5.718633
lose	5.1509132	4.6847763	4.6142597
private	5.4628367	5.045625	5.7464867
gentleman	6.563181	4.8812127	5.8837814
daughter	6.6111045	4.7336397	5.5522494
drive	4.0240088	6.044079	5.041885
strange	4.9058547	5.0658665	4.5187635
journey	6.3163285	3.865879	4.661889
uncle	5.801236	5.0030985	5.5048523
species	5.6733637	4.135665	5.1135483
think	5.655918	4.713849	4.947387
bed	5.146906	3.5920517	3.890406
wind	4.6553116	5.0435004	4.9324284
bless	6.699803	4.028864	5.2823052
destroy	3.4896321	5.495481	4.444264
author	6.1728163	4.93799	5.898834
sustain	5.85711	4.930471	6.149412
black	4.1984873	4.0102153	4.1048436
event	6.1300445	5.4328785	6.4840994
liberty	6.2152877	5.224634	6.550947
negro	5.249871	5.068275	4.8976445
little	6.075059	4.169486	4.5996304
fortune	6.486535	5.4684753	6.344579
touch	5.6892967	4.457917	4.649003
kill	3.7131252	5.9775705	4.4483995
feature	6.462763	4.457333	5.846608
happiness	7.0917287	4.8993034	6.101037
assume	5.4273047	4.6888356	5.5411673
notion	4.8577385	5.237355	5.324724
purchase	6.2333636	4.913811	5.9741645
faithful	6.0774384	5.0252924	6.2605886
soldier	5.4268174	5.4766827	6.2330866
father	5.904006	4.4279194	5.3527265
narrow	3.935993	4.109851	4.1666675
great	6.310401	5.003117	6.2283363
tear	4.109274	4.8009405	3.5988617
honorable	6.1021547	5.449769	6.637171
previous	5.4896026	4.58509	5.168291
good	6.379811	4.6183715	5.3638005
domestic	6.205705	3.99845	5.371704
glory	7.524744	5.3106384	7.0520296
lay	5.3912406	4.001059	4.6153927
occasion	5.799697	5.2653446	5.7079506
guard	5.34269	5.58195	6.33585
whole	6.1153507	4.4073796	5.6016064
mouth	5.0835056	4.761034	4.41627
receive	6.4180408	4.713953	5.8512
take	5.5057716	4.3973403	4.800212
simple	6.789336	4.00919	5.488824
error	3.6706843	5.3590417	4.802456
wisdom	7.516984	4.111975	6.6615467
rock	5.141471	4.4411674	4.995147
decide	5.5942693	5.0670757	5.8763456
exclaim	5.871573	5.812216	5.406296
assure	6.622409	5.186713	6.0250626
sign	5.45278	4.8514895	5.227206
preserve	6.2876554	4.1074214	5.6799865
commerce	6.43449	4.420225	6.2745714
plant	5.4829884	4.204776	4.984121
walk	5.821018	4.3119235	4.488642
difference	5.463371	3.9006102	4.8989625
hang	4.38857	4.4399705	4.0176163
following	6.5456934	4.2686043	5.559716
employ	5.9019403	4.490059	5.64253
