deal	5.0434327	5.0717106	5.162419
study	6.869956	4.306728	6.015042
afford	6.6207666	4.4585557	5.6495285
service	6.291861	4.8360777	6.026135
height	5.6721287	4.618268	5.5876474
prospect	7.106925	5.067572	6.2997313
pleasant	7.3222055	3.758364	4.472449
shade	5.5930047	3.465616	4.365819
listen	5.781736	4.863015	4.828574
mighty	5.708474	5.337515	6.1646013
country	6.151605	4.9029474	6.1635733
title	6.675152	4.182922	6.022399
choose	5.789811	4.318157	5.382603
village	5.7282066	4.157905	4.7819304
acquire	6.9903803	4.903602	6.7401133
rank	5.9839625	5.7406306	6.4549904
bow	5.7915673	4.1656356	5.079393
doctor	4.7114735	4.8010573	4.850904
talent	7.396048	5.6774487	7.170022
source	6.386431	4.4508257	5.774361
lead	5.4226317	5.360133	5.4564962
question	5.367993	4.87037	5.76808
publish	6.455863	4.7835937	6.556142
interest	6.5289745	5.1435304	6.3314095
serve	5.5294414	4.5444007	5.020893
divine	6.4452515	4.9968996	6.2907867
put	5.1390295	4.3133683	4.5578976
shadow	5.108485	3.5586493	4.33616
practical	6.3309164	4.149268	6.2002225
surface	5.6416707	3.2618058	4.47995
account	5.3936167	5.0883436	5.3989673
loss	4.4560075	4.842415	4.276374
indian	5.1450243	4.7045226	5.289258
vine	6.0465565	3.9570808	4.7654543
certain	5.610812	4.756643	5.520542
sin	3.5740085	5.117382	4.284081
necessity	5.222776	5.2740054	5.754489
lose	5.1755524	4.653249	4.6450176
private	5.4980183	5.042995	5.6876297
gentleman	6.573288	4.8770523	5.857183
daughter	6.6988506	4.704486	5.529455
drive	3.9991026	5.9822125	4.9757996
strange	4.988485	5.1344175	4.582578
journey	6.224271	3.907739	4.6175613
uncle	5.6561513	5.1147494	5.501133
species	5.6779923	4.1056757	5.183374
think	5.626412	4.729285	4.9464374
bed	5.14417	3.5577474	3.8978562
wind	4.5588126	5.066755	4.8419504
bless	6.763797	4.0186644	5.2406187
destroy	3.5685153	5.441865	4.4925528
author	6.121359	4.955407	5.945155
sustain	5.8490543	4.9718494	6.171096
black	4.2300205	3.9957473	4.0268297
event	6.0410624	5.4035263	6.44116
liberty	6.2977877	5.1962605	6.572056
negro	5.1331773	5.011194	4.747675
little	6.0551815	4.1221833	4.5753746
fortune	6.4594445	5.3870263	6.2392154
touch	5.6954894	4.5179043	4.6769066
kill	3.6815298	6.12022	4.4824457
feature	6.4049106	4.4745026	5.903315
happiness	7.2655735	4.8207693	6.10939
assume	5.4532437	4.6918554	5.5700254
notion	4.796541	5.301607	5.380054
purchase	6.2190247	4.728033	5.811771
faithful	6.118423	4.9343896	6.2468824
soldier	5.475413	5.4367266	6.2163343
father	5.8875604	4.477466	5.323406
narrow	3.881374	4.196686	4.172094
great	6.312144	4.99034	6.217696
tear	4.0947475	4.7853656	3.6286
honorable	6.1498175	5.4275484	6.6095886
previous	5.378597	4.591929	5.1944356
good	6.401753	4.6222363	5.375576
domestic	6.2089205	4.007945	5.2886286
glory	7.5014005	5.366774	6.972414
lay	5.401548	4.0332513	4.63558
occasion	5.7894735	5.2716603	5.719459
guard	5.309826	5.5667105	6.3672247
whole	6.12162	4.4091396	5.595535
mouth	5.0231304	4.736688	4.444712
receive	6.4917784	4.7657027	5.892315
take	5.536463	4.3898673	4.8101034
simple	6.8668737	3.9536524	5.486851
error	3.535967	5.3308563	4.7581315
wisdom	7.552196	4.1443386	6.7027426
rock	5.0904593	4.5300894	4.9846025
decide	5.6358056	5.116085	5.853076
exclaim	5.833179	5.793807	5.438935
assure	6.680656	5.1996126	6.042946
sign	5.4716506	4.8883576	5.302251
preserve	6.3298783	4.1700506	5.67964
commerce	6.4176273	4.416205	6.234977
plant	5.509489	4.1792583	5.0118866
walk	5.814079	4.3434353	4.4768414
difference	5.506388	3.9082575	4.957733
hang	4.436985	4.477028	3.975492
following	6.513359	4.3370914	5.5527096
employ	5.934476	4.4447346	5.6686106
