deal	5.093788	5.139739	5.210974
study	7.0119123	4.2692704	6.0640917
afford	6.630049	4.4875984	5.640256
service	6.289222	4.8221893	6.028203
height	5.746005	4.5824556	5.5987096
prospect	7.1702614	5.2164764	6.425442
pleasant	7.3150034	3.6926556	4.4987235
shade	5.598117	3.446847	4.362214
listen	5.778658	4.813067	4.802048
mighty	5.668406	5.380992	6.1014786
country	6.1802607	4.8875003	6.181237
title	6.8125253	4.134958	6.073175
choose	5.864679	4.279264	5.385382
village	5.7298446	4.1257763	4.822246
acquire	6.9531374	4.85973	6.6843195
rank	5.8973947	5.7288427	6.4344587
bow	5.9008107	4.156738	5.1248603
doctor	4.697007	4.7493443	4.866078
talent	7.3819966	5.618357	7.1268373
source	6.345597	4.440377	5.7080536
lead	5.501813	5.420883	5.5271935
question	5.4385185	4.9242873	5.8175054
publish	6.5649123	4.8143578	6.639931
interest	6.5429974	5.1666493	6.357459
serve	5.5942574	4.5076675	5.0498314
divine	6.538587	4.979119	6.2650743
put	5.14226	4.3630524	4.551971
shadow	5.02035	3.6349144	4.337383
practical	6.408683	4.302036	6.2427044
surface	5.5719423	3.3058295	4.533329
account	5.4583054	5.010641	5.406014
loss	4.3464704	4.8967695	4.186527
indian	5.149453	4.6809435	5.21571
vine	5.9532647	4.078748	4.825108
certain	5.615799	4.7649927	5.479062
sin	3.6402073	5.089318	4.293977
necessity	5.2418733	5.3175535	5.7186613
lose	5.072443	4.7142477	4.5635505
private	5.543224	5.0906763	5.6993866
gentleman	6.483145	4.8574724	5.794001
daughter	6.6920013	4.7293653	5.6298113
drive	3.965792	6.0006495	4.9395533
strange	4.910985	5.09386	4.520961
journey	6.2186065	3.9133363	4.6938167
uncle	5.772423	5.0384912	5.480502
species	5.8082995	4.049766	5.1478996
think	5.6773334	4.72474	4.9610953
bed	5.105647	3.5150826	3.9148037
wind	4.6423044	5.054899	4.84458
bless	6.670188	3.9968941	5.1377997
destroy	3.546095	5.5259733	4.477616
author	6.2277126	4.890707	5.9108925
sustain	5.7979565	5.0257564	6.076117
black	4.196931	4.0182934	4.0247097
event	6.097224	5.366079	6.445961
liberty	6.2470274	5.2127295	6.511041
negro	5.223112	5.1405854	4.8593445
little	6.0455313	4.144709	4.595394
fortune	6.4404225	5.482287	6.330901
touch	5.611912	4.501859	4.5825644
kill	3.8023772	6.048951	4.508502
feature	6.395756	4.428045	5.8429203
happiness	7.1718655	4.8016663	6.0670195
assume	5.438144	4.6261973	5.4735427
notion	4.806908	5.3436637	5.3840976
purchase	6.1710844	4.7965317	5.8803153
faithful	6.121788	4.9063296	6.249446
soldier	5.4082627	5.4597898	6.222458
father	5.909084	4.4560647	5.3733587
narrow	4.0077276	4.1181793	4.179185
great	6.337348	4.9915423	6.260503
tear	4.1451073	4.7813773	3.6835766
honorable	6.0852013	5.432719	6.595331
previous	5.437976	4.5881705	5.1377063
good	6.439548	4.6238346	5.366476
domestic	5.9959173	4.0265284	5.2028065
glory	7.5288944	5.345245	7.038773
lay	5.4028993	3.9949536	4.653234
occasion	5.800974	5.2676787	5.7179413
guard	5.2058644	5.561005	6.228563
whole	6.1035037	4.447061	5.616107
mouth	5.1391344	4.704934	4.513163
receive	6.4664574	4.7249265	5.8726234
take	5.4603014	4.4151735	4.7778807
simple	6.8875775	4.00317	5.488029
error	3.6595962	5.284552	4.820263
wisdom	7.5658503	4.1491895	6.730088
rock	5.231537	4.3702025	4.9795628
decide	5.4607105	5.085321	5.780341
exclaim	5.7849746	5.7248626	5.3436604
assure	6.5531793	5.152799	5.9936457
sign	5.532744	4.8131247	5.288641
preserve	6.314064	4.112203	5.637126
commerce	6.501893	4.4498005	6.310439
plant	5.6254826	4.191248	5.092901
walk	5.795556	4.2507644	4.470969
difference	5.4158096	3.915375	4.86624
hang	4.488519	4.494833	4.0311804
following	6.541432	4.318157	5.6180406
employ	5.917722	4.4843817	5.6729703
