deal	5.010975	5.1236525	5.186393
study	6.921406	4.2905817	6.057203
afford	6.645581	4.4499106	5.6650176
service	6.266384	4.8459873	6.0885534
height	5.725885	4.546202	5.61312
prospect	7.191592	5.1167784	6.4313493
pleasant	7.2993536	3.7067602	4.5050035
shade	5.633064	3.5210369	4.3861413
listen	5.678133	4.8338695	4.715592
mighty	5.7032824	5.426897	6.089484
country	6.167732	4.8997226	6.196139
title	6.732003	4.156412	6.0454817
choose	5.8111887	4.251066	5.3670444
village	5.7393293	4.120417	4.82625
acquire	6.9269943	4.9161887	6.7098885
rank	5.9378495	5.711469	6.4732847
bow	5.791905	4.073709	5.0602145
doctor	4.701194	4.8326716	4.8152385
talent	7.47539	5.6351347	7.1011925
source	6.3525915	4.4714437	5.7489634
lead	5.4694424	5.4065075	5.5458345
question	5.4077787	4.933019	5.832851
publish	6.472525	4.7954354	6.5260825
interest	6.4837694	5.173944	6.3930187
serve	5.5561905	4.5361066	5.08594
divine	6.460655	5.0239587	6.278088
put	5.1326585	4.362695	4.580157
shadow	5.0599456	3.6834378	4.293875
practical	6.3553505	4.3085833	6.256839
surface	5.628736	3.303478	4.499402
account	5.468767	5.0168295	5.4479938
loss	4.380563	4.9674134	4.273702
indian	5.190516	4.680404	5.277607
vine	6.005246	4.0388694	4.8034897
certain	5.6559095	4.757634	5.544322
sin	3.586925	5.1451635	4.293701
necessity	5.2320724	5.370399	5.7686114
lose	5.14118	4.764576	4.643313
private	5.4448643	5.108421	5.728581
gentleman	6.492828	4.855997	5.8235245
daughter	6.6524134	4.710124	5.551607
drive	3.9600735	6.0562544	4.964547
strange	4.906331	5.08318	4.5070963
journey	6.4238005	3.9747462	4.8001704
uncle	5.7637625	5.0474353	5.5288296
species	5.745451	4.1152744	5.2155347
think	5.6348104	4.7604656	4.940942
bed	5.007269	3.5516694	3.8604999
wind	4.585894	5.102008	4.8761454
bless	6.6999674	4.035633	5.241816
destroy	3.5740206	5.542607	4.5478992
author	6.129981	4.9444437	5.9030933
sustain	5.9106183	4.9873366	6.135243
black	4.173547	3.9356265	4.0330215
event	6.118751	5.4485145	6.5374393
liberty	6.1579194	5.1671424	6.453341
negro	5.2286496	5.0736794	4.869741
little	6.0446873	4.1566267	4.640103
fortune	6.485057	5.4929714	6.3544855
touch	5.6564803	4.5355544	4.6058874
kill	3.7298534	6.0552993	4.448803
feature	6.4094877	4.47867	5.845075
happiness	7.1537046	4.850206	6.0302763
assume	5.4414473	4.6479363	5.5562963
notion	4.8351007	5.280931	5.387705
purchase	6.1810718	4.9092913	5.963505
faithful	6.1622796	4.8986154	6.2150416
soldier	5.394818	5.5127363	6.2582684
father	5.8724856	4.4569383	5.3697577
narrow	3.8918374	4.1778407	4.181256
great	6.3256526	5.037112	6.2812467
tear	4.147762	4.8192706	3.6375842
honorable	6.1256733	5.3835173	6.5393977
previous	5.4311047	4.6701283	5.2855825
good	6.386362	4.6408563	5.3674407
domestic	6.0957813	4.032784	5.32673
glory	7.440492	5.4313426	6.974282
lay	5.302851	4.021874	4.6249833
occasion	5.809165	5.324938	5.795975
guard	5.219235	5.6326056	6.2875
whole	6.0848556	4.435932	5.6346188
mouth	5.039351	4.6565804	4.44853
receive	6.4736633	4.6926084	5.8863006
take	5.493007	4.431664	4.8247075
simple	6.774769	3.9504375	5.4413867
error	3.6751106	5.3251214	4.7978516
wisdom	7.5157456	4.0910053	6.6202927
rock	5.1694546	4.446308	5.03671
decide	5.5791426	5.0783987	5.853868
exclaim	5.8868074	5.7378354	5.3571615
assure	6.596187	5.215576	6.0492706
sign	5.460049	4.848411	5.2744355
preserve	6.389025	4.123602	5.7088313
commerce	6.378089	4.6129622	6.3357344
plant	5.4244113	4.2191534	5.026615
walk	5.7405424	4.3495526	4.5124307
difference	5.419709	4.0088143	4.975887
hang	4.5070953	4.4067607	4.002401
following	6.4953713	4.243751	5.5252266
employ	5.930431	4.50048	5.752618
