deal	4.995545	5.131859	5.2214885
study	6.9124985	4.2444835	6.078511
afford	6.6414237	4.428451	5.674591
service	6.352786	4.876747	6.099269
height	5.7664247	4.591972	5.6086955
prospect	7.2277126	5.089396	6.4268327
pleasant	7.29992	3.617061	4.449139
shade	5.535983	3.4506903	4.3730617
listen	5.7513	4.8470716	4.791176
mighty	5.695791	5.3807936	6.115861
country	6.1557693	4.864894	6.1990175
title	6.735093	4.1381526	6.066765
choose	5.7901397	4.2748904	5.363294
village	5.614966	4.0733857	4.758203
acquire	7.1003146	4.876114	6.7179255
rank	5.9646273	5.7286663	6.4411817
bow	5.809282	4.112637	5.0719447
doctor	4.6187797	4.848336	4.8461003
talent	7.3482513	5.6283703	7.085685
source	6.3672495	4.531114	5.767289
lead	5.4310565	5.3975997	5.5112042
question	5.31763	4.952076	5.8175077
publish	6.50509	4.7743325	6.5550895
interest	6.489285	5.137357	6.3339696
serve	5.6177897	4.55338	5.0829363
divine	6.441762	4.8839645	6.206808
put	5.1304216	4.387918	4.5889964
shadow	5.053655	3.560837	4.344011
practical	6.2957745	4.3472843	6.1846094
surface	5.5004916	3.25594	4.516644
account	5.416853	5.04217	5.4264874
loss	4.3848395	4.9258094	4.2758856
indian	5.1651125	4.6223116	5.2750335
vine	5.941391	3.7826703	4.553204
certain	5.5788517	4.773717	5.481049
sin	3.617338	5.1392136	4.3420444
necessity	5.1995306	5.3637614	5.727961
lose	5.097476	4.670231	4.5903583
private	5.4803867	5.0675673	5.7296925
gentleman	6.486115	4.8476973	5.8466034
daughter	6.7082386	4.625307	5.543635
drive	4.0134373	6.0391026	5.0372825
strange	4.9116106	5.028365	4.5414553
journey	6.2014546	4.0846744	4.731334
uncle	5.718687	5.1240983	5.5750113
species	5.845426	4.0864997	5.2836857
think	5.599541	4.716059	4.948498
bed	5.107483	3.5816095	3.911461
wind	4.5354223	5.044836	4.828687
bless	6.7560987	3.919543	5.187751
destroy	3.5932703	5.4934587	4.497305
author	6.141981	4.93681	5.8864565
sustain	5.8520823	4.920424	6.089539
black	4.176327	3.9099047	4.0243335
event	6.0806246	5.445061	6.4964633
liberty	6.2014914	5.169715	6.5255985
negro	5.059824	5.1250067	4.803831
little	6.000156	4.168786	4.6078987
fortune	6.418452	5.398317	6.28268
touch	5.6348743	4.5622478	4.6383524
kill	3.6765542	6.0943727	4.5127077
feature	6.3344145	4.4163885	5.817836
happiness	7.109927	4.725145	5.9839506
assume	5.3478823	4.630665	5.417188
notion	4.8208604	5.3904767	5.3489537
purchase	6.151155	4.8096104	5.885067
faithful	6.177026	5.00908	6.282688
soldier	5.404949	5.5378184	6.213065
father	5.885379	4.44756	5.3641725
narrow	4.0222893	4.258682	4.3076153
great	6.288613	5.0117197	6.260471
tear	4.147326	4.799622	3.6703455
honorable	6.121352	5.4896	6.6350965
previous	5.3920164	4.6486588	5.2073364
good	6.35106	4.5979548	5.344963
domestic	6.0797076	3.9783986	5.2817845
glory	7.5278516	5.336198	6.9915237
lay	5.383518	4.0383816	4.659699
occasion	5.7803926	5.3571625	5.746008
guard	5.3060985	5.587802	6.237615
whole	6.036323	4.3798413	5.579324
mouth	5.1581936	4.786306	4.6004643
receive	6.4982615	4.736404	5.920324
take	5.5051913	4.400306	4.7946076
simple	6.773105	4.0412164	5.466839
error	3.6531403	5.406755	4.804731
wisdom	7.546771	4.132569	6.681799
rock	5.1771946	4.4477606	5.071493
decide	5.439683	5.091986	5.7642393
exclaim	5.8414335	5.7802544	5.3825426
assure	6.611466	5.174076	6.0902257
sign	5.461242	4.8672986	5.2828636
preserve	6.3711247	4.0570254	5.6851306
commerce	6.476427	4.5136623	6.4620614
plant	5.5253925	4.0794344	4.9853992
walk	5.7147093	4.3279014	4.4768343
difference	5.50778	3.942633	4.959696
hang	4.4193325	4.4383917	3.931759
following	6.5250688	4.256667	5.5884733
employ	5.93346	4.4889474	5.724325
