deal	5.108904	5.1896796	5.250388
study	6.8047113	4.306042	6.024753
afford	6.558687	4.462822	5.6805315
service	6.367797	4.874996	6.0894856
height	5.7025905	4.5591793	5.5441213
prospect	7.208356	5.2251673	6.4399776
pleasant	7.341938	3.6697106	4.5173798
shade	5.5165014	3.5599716	4.3257895
listen	5.7004166	4.8236494	4.8031516
mighty	5.720314	5.31565	6.148946
country	6.176881	4.920852	6.2108884
title	6.842029	4.1597714	6.1258297
choose	5.80749	4.3126445	5.337096
village	5.7186847	4.1792436	4.8732796
acquire	6.946826	4.9239	6.7192674
rank	6.00877	5.6973057	6.447108
bow	5.882156	4.0144634	5.0929317
doctor	4.7071	4.822521	4.850585
talent	7.4376454	5.780364	7.24096
source	6.382767	4.566626	5.8195314
lead	5.523866	5.3503094	5.5465927
question	5.464053	4.928333	5.8863792
publish	6.480446	4.735962	6.5519896
interest	6.5088577	5.199004	6.3815613
serve	5.676289	4.549793	5.0827956
divine	6.379243	4.938229	6.1867514
put	5.152236	4.358795	4.6018
shadow	4.9684916	3.6677048	4.270406
practical	6.297041	4.2114964	6.2282343
surface	5.5151544	3.2263455	4.4089947
account	5.484523	5.0235224	5.3938475
loss	4.402663	4.9434967	4.3072863
indian	5.2496176	4.6969814	5.307267
vine	5.96008	3.9846673	4.684782
certain	5.61746	4.7501826	5.4976273
sin	3.5667725	5.061092	4.2685466
necessity	5.2568603	5.279861	5.7205076
lose	5.1781254	4.661697	4.6197405
private	5.4799404	5.047176	5.675579
gentleman	6.5017567	4.868826	5.8736763
daughter	6.6269355	4.7133183	5.580909
drive	3.9849763	5.9513965	4.9819603
strange	4.9670963	5.0485945	4.562631
journey	6.228797	3.994167	4.6843843
uncle	5.701483	5.059416	5.5337563
species	5.775384	4.112259	5.250491
think	5.6771545	4.709802	4.963654
bed	5.1668825	3.5446756	3.8715
wind	4.582903	5.0621204	4.7965426
bless	6.7569165	3.9742527	5.172994
destroy	3.6420307	5.457849	4.539654
author	6.120157	4.959591	5.8950667
sustain	5.8185897	5.017867	6.148179
black	4.291974	3.9357083	4.0617857
event	6.128417	5.390852	6.4972467
liberty	6.2948813	5.1275287	6.4887285
negro	5.2269797	5.118017	4.8185782
little	6.079887	4.1404643	4.6277075
fortune	6.475985	5.4219813	6.28932
touch	5.6870527	4.4883294	4.6339784
kill	3.7385538	6.1077757	4.4751086
feature	6.437056	4.5470057	5.8868127
happiness	7.0905094	4.828804	6.017714
assume	5.472057	4.6238146	5.5699034
notion	4.871634	5.2743263	5.347517
purchase	6.1610394	4.823803	5.9153004
faithful	6.103665	5.027709	6.311261
soldier	5.4051576	5.4604936	6.196314
father	5.907286	4.435462	5.3393
narrow	4.087309	4.1195188	4.1750546
great	6.323955	5.0429363	6.286939
tear	4.2090893	4.7861614	3.6631799
honorable	6.051313	5.435844	6.6069574
previous	5.551033	4.594845	5.2538285
good	6.4222984	4.6403575	5.3698807
domestic	6.0780334	4.1203103	5.3576493
glory	7.5221486	5.3381143	6.991412
lay	5.443382	3.9917166	4.638342
occasion	5.7934837	5.2810106	5.7610836
guard	5.2826653	5.5718317	6.327078
whole	6.0920033	4.4183755	5.6170654
mouth	5.2381897	4.689889	4.5559006
receive	6.4780626	4.7236214	5.8966446
take	5.5367045	4.3629274	4.8070464
simple	6.843495	3.9800718	5.5728197
error	3.6872408	5.326085	4.79104
wisdom	7.4992285	4.15492	6.6473627
rock	5.161867	4.435348	4.9433875
decide	5.563298	5.114765	5.859925
exclaim	5.8622384	5.831203	5.4071636
assure	6.6080756	5.1465693	6.0549374
sign	5.4704485	4.7933483	5.2646494
preserve	6.3717017	4.1249676	5.63637
commerce	6.4063168	4.4536467	6.342097
plant	5.4723816	4.1174717	4.95205
walk	5.7260528	4.3119783	4.4426985
difference	5.4665537	3.967609	5.007304
hang	4.57319	4.463842	4.022031
following	6.574815	4.272172	5.581464
employ	5.9326863	4.4621725	5.687334
