deal	5.0348573	5.113494	5.2346106
study	6.9265475	4.315917	6.0767565
afford	6.5172653	4.4632998	5.648457
service	6.4220476	4.843956	6.0661106
height	5.7615376	4.6103663	5.603358
prospect	7.200717	5.18002	6.4631977
pleasant	7.3162775	3.6385727	4.483062
shade	5.628889	3.472949	4.3732433
listen	5.739988	4.863548	4.7512856
mighty	5.6714654	5.4294443	6.0800323
country	6.1329026	4.921852	6.185149
title	6.801139	4.125619	6.0835333
choose	5.762179	4.222139	5.301158
village	5.676798	4.0974717	4.8088517
acquire	7.0905285	4.925605	6.7187595
rank	5.9600067	5.727317	6.4343076
bow	5.8694067	4.035347	5.096635
doctor	4.643745	4.862376	4.8431826
talent	7.432793	5.7093816	7.1386905
source	6.506706	4.4459953	5.843185
lead	5.50199	5.3813143	5.5323234
question	5.306749	4.9281282	5.827331
publish	6.435423	4.771324	6.574187
interest	6.4867096	5.18148	6.3634324
serve	5.659852	4.502958	5.0464025
divine	6.4210396	4.9672914	6.2685137
put	5.1450214	4.329094	4.55318
shadow	4.997777	3.6498327	4.278863
practical	6.360186	4.2358108	6.2085133
surface	5.5078764	3.2813368	4.464513
account	5.4430413	5.000921	5.3732753
loss	4.477449	4.91646	4.299116
indian	5.2525415	4.6843796	5.2955894
vine	6.0178967	3.9229	4.736334
certain	5.561759	4.7852583	5.5095563
sin	3.578967	5.1462183	4.338908
necessity	5.2462544	5.2561326	5.728587
lose	5.150154	4.691006	4.6263075
private	5.5267253	5.0592575	5.7312527
gentleman	6.555745	4.8573174	5.8695836
daughter	6.788817	4.731195	5.648814
drive	4.0652733	5.963073	4.960909
strange	4.9248095	5.0882735	4.5013986
journey	6.188529	4.0317445	4.66864
uncle	5.6618342	5.2251697	5.5905786
species	5.693599	4.0481267	5.089746
think	5.616171	4.7245865	4.935579
bed	5.078705	3.6399693	3.8724449
wind	4.6089215	5.0309567	4.8523808
bless	6.72271	3.9912298	5.237977
destroy	3.5848331	5.404912	4.3993
author	6.1643553	4.9452057	5.9528675
sustain	5.78224	4.9570074	6.0830092
black	4.2587233	3.978188	4.070047
event	6.0593934	5.488516	6.5019035
liberty	6.2513576	5.162099	6.5128627
negro	5.269783	5.2102447	5.004507
little	6.0797467	4.097709	4.5909867
fortune	6.4741945	5.4488473	6.3379774
touch	5.623815	4.5144386	4.635498
kill	3.6835253	6.0605354	4.442214
feature	6.491622	4.4644275	5.898237
happiness	7.153805	4.8452244	6.0665593
assume	5.409196	4.633048	5.487157
notion	4.7588873	5.344257	5.33249
purchase	6.147314	4.8423433	5.864538
faithful	6.239688	4.9879565	6.3134313
soldier	5.5219426	5.462697	6.2445927
father	5.9580464	4.4433784	5.4080997
narrow	3.9538574	4.091439	4.200046
great	6.3258805	4.9933076	6.2617617
tear	4.1438074	4.7445383	3.6026824
honorable	6.082183	5.3979306	6.5882807
previous	5.4246807	4.569892	5.1785793
good	6.3833237	4.621227	5.347241
domestic	6.0558004	4.100904	5.2921925
glory	7.5846057	5.279694	6.998411
lay	5.371776	3.9868493	4.6031704
occasion	5.795754	5.254699	5.728726
guard	5.287862	5.6312194	6.306369
whole	6.1205764	4.405542	5.59628
mouth	5.1456766	4.7495475	4.50625
receive	6.4100223	4.6588135	5.7810516
take	5.5123343	4.38264	4.794927
simple	6.8063183	3.9804833	5.488381
error	3.5967004	5.3266025	4.8020353
wisdom	7.617076	4.1431913	6.682436
rock	5.1542764	4.4292583	4.9525332
decide	5.502449	5.141289	5.8844767
exclaim	5.8662066	5.7548842	5.366706
assure	6.553235	5.20388	6.0087223
sign	5.4687304	4.855777	5.3060007
preserve	6.4139295	4.136071	5.6963487
commerce	6.306224	4.53267	6.273855
plant	5.4960127	4.1174064	4.971649
walk	5.803448	4.2880297	4.4596744
difference	5.3856444	3.9372544	4.946289
hang	4.471331	4.4621673	4.002995
following	6.5761786	4.3000135	5.6101284
employ	5.9099283	4.469721	5.628527
