deal	5.062792	5.161977	5.193079
study	6.9237432	4.2346373	6.045781
afford	6.616472	4.462851	5.6601977
service	6.296703	4.8195753	6.071307
height	5.6224895	4.5600734	5.5703783
prospect	7.1717596	5.227152	6.429025
pleasant	7.357193	3.724927	4.5769567
shade	5.6163516	3.5193975	4.410939
listen	5.7917614	4.871502	4.7820015
mighty	5.6651154	5.296151	6.0570426
country	6.155171	4.885114	6.165535
title	6.70787	4.092275	6.090892
choose	5.7998824	4.310208	5.406791
village	5.6444387	4.173279	4.808792
acquire	7.061043	4.8196917	6.7129655
rank	5.8746486	5.7257266	6.4104066
bow	5.9003143	4.0367203	5.1273437
doctor	4.687867	4.7605677	4.786415
talent	7.344052	5.689166	7.0803022
source	6.4212894	4.5741844	5.775336
lead	5.455385	5.415155	5.542058
question	5.370864	4.8829083	5.7862396
publish	6.4014273	4.739566	6.526797
interest	6.543186	5.153886	6.390402
serve	5.599371	4.5154157	5.0504303
divine	6.4642744	4.964335	6.241089
put	5.1406236	4.3715672	4.5761843
shadow	5.0639234	3.6411252	4.333411
practical	6.2534046	4.227961	6.1503043
surface	5.591531	3.2845774	4.5248985
account	5.4480877	5.031907	5.4027376
loss	4.421922	4.8436213	4.262175
indian	5.1347666	4.7056932	5.2948804
vine	5.9719086	4.0119205	4.7435427
certain	5.639328	4.7387505	5.5191565
sin	3.5806189	5.1678276	4.2956357
necessity	5.322594	5.2497644	5.72785
lose	5.110825	4.643135	4.6051617
private	5.5240717	5.0254936	5.70873
gentleman	6.5287075	4.836723	5.820793
daughter	6.6094217	4.6884947	5.5392833
drive	4.0426292	6.0280523	5.0294776
strange	4.9354305	5.1216	4.563784
journey	6.252041	4.076107	4.71811
uncle	5.80562	5.047572	5.414218
species	5.7243724	4.055651	5.179075
think	5.6233044	4.702431	4.933342
bed	5.077345	3.5380788	3.8534706
wind	4.6899605	5.034011	4.8577867
bless	6.7921686	3.9173203	5.1883817
destroy	3.5424566	5.4399934	4.5261645
author	6.080764	4.982975	5.857421
sustain	5.963378	4.92505	6.1219587
black	4.2513976	3.885961	4.009132
event	6.0794134	5.4209223	6.510422
liberty	6.294841	5.107519	6.5100536
negro	5.22342	5.0741396	4.7950993
little	6.0274706	4.1776037	4.6099386
fortune	6.5336366	5.3956823	6.304388
touch	5.655032	4.4791193	4.548124
kill	3.590611	6.058161	4.503472
feature	6.4104514	4.48578	5.8898687
happiness	7.2139974	4.7803516	6.0422816
assume	5.4125805	4.6169157	5.5384502
notion	4.8225865	5.3254366	5.431492
purchase	6.126027	4.8229995	5.8036976
faithful	6.0782533	4.957402	6.235804
soldier	5.426124	5.433756	6.2098713
father	5.898056	4.47454	5.3610907
narrow	3.9507134	4.150039	4.181234
great	6.286586	4.9943266	6.2242246
tear	4.144248	4.832052	3.673304
honorable	6.118348	5.369877	6.6147842
previous	5.413245	4.5872345	5.2431965
good	6.415876	4.625456	5.374218
domestic	6.0831003	4.0261426	5.29703
glory	7.5545864	5.281001	6.994092
lay	5.3567967	4.0286474	4.6503296
occasion	5.774828	5.342158	5.7772512
guard	5.230297	5.6006064	6.2242465
whole	6.0662465	4.3828826	5.6099977
mouth	5.16889	4.7121944	4.505868
receive	6.4930243	4.6711807	5.8729477
take	5.499657	4.3876157	4.809379
simple	6.8762155	3.9587703	5.4825726
error	3.668303	5.38659	4.8262954
wisdom	7.615066	4.081306	6.671302
rock	5.2083693	4.374979	5.0013924
decide	5.5328164	5.0768814	5.8185043
exclaim	5.893475	5.7577844	5.3854713
assure	6.6459956	5.1714983	6.0181217
sign	5.515276	4.7892575	5.2314153
preserve	6.3794227	4.028703	5.6427426
commerce	6.378948	4.4957905	6.316684
plant	5.4386716	4.172927	4.930585
walk	5.7941866	4.3266506	4.470314
difference	5.470429	3.8589878	4.9224024
hang	4.4928493	4.427516	4.0547194
following	6.5437207	4.2867446	5.5717955
employ	5.877121	4.4521103	5.673465
