deal	5.1151934	5.1169662	5.188709
study	6.9737296	4.247368	6.070949
afford	6.6391625	4.467614	5.667617
service	6.361138	4.8161883	6.0838633
height	5.7512665	4.5154576	5.61174
prospect	7.1484165	5.1727247	6.4594088
pleasant	7.353732	3.654073	4.510297
shade	5.5850077	3.4840155	4.405746
listen	5.7441278	4.8125224	4.7572303
mighty	5.7505965	5.415991	6.1375527
country	6.1487927	4.912826	6.1532903
title	6.5446444	4.2167244	5.96859
choose	5.730403	4.31237	5.3407335
village	5.710839	4.1707425	4.864662
acquire	7.043229	4.8949637	6.704606
rank	5.801901	5.8346243	6.4194674
bow	5.8704195	4.0830193	5.119575
doctor	4.709515	4.8132744	4.8348694
talent	7.469956	5.641694	7.223457
source	6.4492636	4.4592185	5.7798643
lead	5.512323	5.3796234	5.5497417
question	5.3811393	4.851165	5.743135
publish	6.427738	4.797656	6.5854826
interest	6.5126853	5.1736465	6.3804984
serve	5.6329403	4.5731525	5.0632944
divine	6.371001	5.0127378	6.2569137
put	5.1237316	4.3467464	4.5500097
shadow	5.0671096	3.555918	4.3786697
practical	6.3465242	4.196821	6.281167
surface	5.64432	3.2741947	4.51575
account	5.480991	5.0216393	5.401089
loss	4.25911	4.883676	4.2113414
indian	5.2448096	4.6693816	5.288259
vine	6.108594	3.9346032	4.789955
certain	5.6604233	4.795631	5.5222716
sin	3.4975681	5.2047815	4.2850475
necessity	5.291782	5.313405	5.839342
lose	5.0934987	4.6646757	4.558675
private	5.499411	5.034387	5.7499995
gentleman	6.5520353	4.8459578	5.8143826
daughter	6.685922	4.702179	5.594611
drive	4.004552	6.0514297	5.0166
strange	4.9986844	5.0593057	4.5501657
journey	6.290261	3.8457596	4.670803
uncle	5.779313	5.1194096	5.5759435
species	5.761854	4.0794015	5.1409426
think	5.6993103	4.670123	4.947573
bed	5.222521	3.5726867	3.9227848
wind	4.642856	5.0295963	4.883874
bless	6.6955442	3.9923635	5.169573
destroy	3.5687678	5.5114374	4.523872
author	6.090859	4.928956	5.8237276
sustain	5.8406157	4.885068	6.0540004
black	4.242072	3.9624705	4.078471
event	6.0678787	5.4002357	6.463689
liberty	6.230754	5.18605	6.4834943
negro	5.3134723	5.0874667	4.89512
little	6.097894	4.1283355	4.618384
fortune	6.4410686	5.4281397	6.3238935
touch	5.637521	4.4519043	4.565911
kill	3.667082	6.0911827	4.4329
feature	6.4654884	4.4223447	5.9406548
happiness	7.1230416	4.875192	6.042573
assume	5.4131804	4.661113	5.494055
notion	4.7548294	5.3287163	5.361896
purchase	6.0501237	4.8581963	5.8088236
faithful	6.2150235	4.9935417	6.2923017
soldier	5.4550776	5.4299555	6.230383
father	5.9373255	4.476626	5.397565
narrow	3.969	4.1114335	4.155659
great	6.3444247	5.0025806	6.252575
tear	4.194621	4.8606253	3.7538774
honorable	6.064098	5.4213533	6.5743957
previous	5.5345817	4.585684	5.2362313
good	6.40353	4.611457	5.3317676
domestic	6.05744	4.0340376	5.2881155
glory	7.4840145	5.343884	6.9584227
lay	5.396017	4.01671	4.6332874
occasion	5.8265295	5.278974	5.7392035
guard	5.2317953	5.5064635	6.207726
whole	6.159848	4.426518	5.650215
mouth	5.085207	4.7930174	4.494526
receive	6.446464	4.701415	5.8527746
take	5.519166	4.3815536	4.7971144
simple	6.8802266	4.024397	5.4927826
error	3.5464458	5.3364515	4.7226954
wisdom	7.555623	4.1444416	6.6951866
rock	5.124695	4.5097547	5.041214
decide	5.550496	5.1055655	5.7878146
exclaim	5.8458023	5.838972	5.4545336
assure	6.573058	5.262539	6.0199895
sign	5.3880816	4.928574	5.2190948
preserve	6.333178	4.066546	5.6075983
commerce	6.4208937	4.507171	6.4080987
plant	5.603762	4.1370144	5.02738
walk	5.767042	4.3662744	4.5056777
difference	5.425736	3.9930892	4.961646
hang	4.437252	4.5024395	4.024163
following	6.6352654	4.266124	5.6451063
employ	5.9447427	4.4922786	5.6821795
