deal	5.071595	5.131206	5.1816225
study	6.9344587	4.28531	6.0920253
afford	6.6758385	4.4682145	5.6877356
service	6.353917	4.8975043	6.1077666
height	5.7360673	4.550435	5.5894394
prospect	7.2148356	5.1617928	6.4450426
pleasant	7.2912426	3.635251	4.5118885
shade	5.7113104	3.4781787	4.436548
listen	5.8073163	4.780978	4.7515097
mighty	5.754219	5.381502	6.155834
country	6.15319	4.8864007	6.147754
title	6.7078605	4.289284	6.0841846
choose	5.800176	4.2570624	5.4220915
village	5.6961317	4.1044416	4.8234577
acquire	7.144786	4.911822	6.7932763
rank	5.8856125	5.641634	6.333371
bow	5.8093195	4.078158	5.171096
doctor	4.6608	4.8186655	4.872359
talent	7.4702396	5.675905	7.16022
source	6.423373	4.576184	5.813303
lead	5.456447	5.362696	5.4477944
question	5.4250793	4.931878	5.860655
publish	6.5221267	4.8144307	6.5828085
interest	6.5412183	5.1599092	6.3678303
serve	5.6826625	4.5099363	5.096773
divine	6.443238	4.937247	6.2366185
put	5.168761	4.310696	4.549578
shadow	5.0838814	3.5767143	4.3667293
practical	6.3735666	4.223507	6.2635818
surface	5.4716682	3.4192824	4.5168166
account	5.4769106	4.9788485	5.4277186
loss	4.3849936	4.8746586	4.205189
indian	5.2973866	4.675024	5.3320694
vine	6.0608926	3.9459746	4.7632985
certain	5.6429677	4.7760267	5.5360546
sin	3.5929618	5.133678	4.2896543
necessity	5.249411	5.39808	5.786061
lose	5.17575	4.67706	4.6305857
private	5.5633383	5.04711	5.733132
gentleman	6.5615563	4.858171	5.8292217
daughter	6.6367474	4.730339	5.531041
drive	4.072551	5.9015083	4.9390593
strange	4.9034824	5.1043434	4.5368533
journey	6.310401	3.827689	4.6276107
uncle	5.782866	4.992513	5.468249
species	5.7161508	4.07092	5.1006765
think	5.649894	4.7121515	4.935669
bed	5.163334	3.5127754	3.9138346
wind	4.6168675	5.037466	4.8662086
bless	6.7242484	3.969471	5.163047
destroy	3.5599701	5.4599466	4.490363
author	6.1322227	4.9157844	5.864254
sustain	5.8886356	4.954788	6.0730906
black	4.1280255	3.9849918	4.049571
event	6.145234	5.3529587	6.463552
liberty	6.194149	5.1523666	6.472288
negro	5.2096415	5.1099844	4.830808
little	6.085126	4.1302233	4.6143064
fortune	6.4332104	5.4576044	6.2987013
touch	5.654117	4.520206	4.6106415
kill	3.6723127	6.0916204	4.4582596
feature	6.404293	4.4403186	5.8322444
happiness	7.1198044	4.787297	5.958478
assume	5.3437967	4.5867033	5.4823017
notion	4.8478165	5.309869	5.387002
purchase	6.1807375	4.82872	5.876538
faithful	6.0297575	5.088414	6.187962
soldier	5.4259944	5.4849334	6.195819
father	5.9369445	4.4315743	5.3597593
narrow	3.9305668	4.1447716	4.23247
great	6.3643055	4.9693093	6.270136
tear	4.130478	4.742656	3.5708456
honorable	6.060155	5.3658156	6.477379
previous	5.544367	4.5758586	5.249188
good	6.410826	4.602148	5.3350034
domestic	6.1016045	4.022592	5.240884
glory	7.429571	5.3102536	6.902878
lay	5.4381843	3.9553125	4.6372747
occasion	5.7834225	5.316124	5.7445054
guard	5.348918	5.59349	6.344071
whole	6.1094847	4.391696	5.6022754
mouth	5.1988544	4.6520195	4.4804387
receive	6.474797	4.686392	5.8412137
take	5.51062	4.39296	4.822131
simple	6.9162145	3.9105697	5.5031404
error	3.6123178	5.314863	4.8204713
wisdom	7.5874176	4.111947	6.7448664
rock	5.1796536	4.469283	5.0148616
decide	5.480648	5.124562	5.857738
exclaim	5.809005	5.7426972	5.3020105
assure	6.660077	5.216583	6.007226
sign	5.463974	4.8311224	5.228975
preserve	6.3803806	4.1731377	5.7284365
commerce	6.495377	4.4953628	6.3396225
plant	5.4900527	4.119388	5.03458
walk	5.7875204	4.297709	4.466824
difference	5.4308043	3.9576104	4.9520054
hang	4.4230757	4.372091	3.9097629
following	6.5791945	4.2847953	5.5803394
employ	6.0002837	4.506192	5.7553387
