deal	5.0410066	5.179068	5.2372193
study	6.911888	4.2694454	6.0927424
afford	6.645198	4.4104137	5.656376
service	6.3329782	4.85779	6.0703144
height	5.751284	4.566572	5.586249
prospect	7.2208567	5.211603	6.4166174
pleasant	7.355849	3.704772	4.546699
shade	5.5944824	3.5282693	4.441794
listen	5.730002	4.8397627	4.7545753
mighty	5.7193766	5.3939686	6.145902
country	6.1839914	4.9087596	6.2244215
title	6.798294	4.2492576	6.1517525
choose	5.8467736	4.241959	5.395459
village	5.6642823	4.156374	4.813395
acquire	7.059775	4.895503	6.7540236
rank	5.8959494	5.8165226	6.4667854
bow	5.901017	4.1620145	5.1498656
doctor	4.675222	4.707253	4.746427
talent	7.4324713	5.6970916	7.1171675
source	6.366977	4.49083	5.767995
lead	5.450993	5.43427	5.5286727
question	5.414741	4.8872457	5.841318
publish	6.5328593	4.736813	6.6764708
interest	6.4791155	5.2032814	6.3556304
serve	5.659305	4.598886	5.1003547
divine	6.542025	5.0037384	6.31241
put	5.083066	4.3775077	4.5825596
shadow	5.0610356	3.6874828	4.338183
practical	6.381747	4.2970757	6.279559
surface	5.5884967	3.248713	4.529394
account	5.4557333	5.0390406	5.4040504
loss	4.317136	4.9716043	4.202316
indian	5.168844	4.6527553	5.247999
vine	5.9368153	3.955464	4.716203
certain	5.7050457	4.689552	5.5134177
sin	3.6095846	5.109699	4.313885
necessity	5.280298	5.326426	5.7914476
lose	5.125195	4.7220907	4.623089
private	5.5163436	5.010618	5.7368383
gentleman	6.5402555	4.8813343	5.873266
daughter	6.620364	4.7009373	5.5313554
drive	3.9815142	6.0363517	4.9963474
strange	4.933192	5.1127067	4.550381
journey	6.266894	3.8354797	4.670014
uncle	5.673252	5.10459	5.530256
species	5.721911	4.106351	5.2175274
think	5.6576805	4.7319474	4.977925
bed	5.1793957	3.5668223	3.9154541
wind	4.533564	5.1025248	4.886536
bless	6.6666536	3.9636843	5.226746
destroy	3.5169096	5.5453987	4.5069575
author	6.0792575	4.870612	5.841954
sustain	5.922437	4.910028	6.096992
black	4.166273	3.9308982	4.061962
event	6.1498227	5.429197	6.531657
liberty	6.3112993	5.1336017	6.582857
negro	5.1592827	5.061765	4.8447466
little	6.059378	4.176001	4.6246085
fortune	6.5270176	5.4599485	6.301958
touch	5.6630807	4.5264564	4.6819396
kill	3.638624	6.077586	4.463977
feature	6.4091225	4.45618	5.8659906
happiness	7.0889797	4.821799	6.0108004
assume	5.486252	4.6211553	5.52305
notion	4.7816515	5.3882203	5.3489842
purchase	6.2149363	4.7837358	5.8699536
faithful	6.063633	5.010948	6.28961
soldier	5.474874	5.529814	6.2933803
father	5.8583884	4.4690194	5.3268237
narrow	4.004477	4.1688294	4.2912884
great	6.3135805	4.994676	6.2775946
tear	4.0643682	4.795223	3.6181996
honorable	6.2273364	5.441793	6.6103554
previous	5.4530683	4.5675745	5.211329
good	6.391991	4.6017456	5.3632693
domestic	6.1263666	3.9801118	5.301386
glory	7.5525703	5.330943	7.0082116
lay	5.4097147	4.0148335	4.645393
occasion	5.818862	5.2834806	5.761563
guard	5.3396883	5.6137943	6.3773904
whole	6.094785	4.4558907	5.6260386
mouth	5.020155	4.8346734	4.5283995
receive	6.4772906	4.704804	5.8941326
take	5.50304	4.41597	4.821216
simple	6.821454	4.005279	5.4832973
error	3.65573	5.411771	4.8318324
wisdom	7.567295	4.2320185	6.748769
rock	5.1018686	4.3972435	5.022059
decide	5.5785036	5.095934	5.826838
exclaim	5.821836	5.777435	5.356107
assure	6.5669303	5.1895647	6.0411534
sign	5.4643083	4.899847	5.3095703
preserve	6.3254013	4.1276684	5.67096
commerce	6.431403	4.481973	6.3845453
plant	5.460147	4.2157545	4.976572
walk	5.7562895	4.257123	4.455196
difference	5.475744	3.8584192	4.900923
hang	4.4694095	4.501023	3.9783454
following	6.5626736	4.2947955	5.583824
employ	5.931435	4.4938593	5.663958
