deal	5.1606393	5.17047	5.2692733
study	6.899994	4.330324	6.057291
afford	6.5218453	4.4674845	5.68704
service	6.3697433	4.8236456	6.017124
height	5.662118	4.667429	5.583106
prospect	7.197378	5.190264	6.436165
pleasant	7.313302	3.686698	4.52203
shade	5.647096	3.4771907	4.3777604
listen	5.7225146	4.844546	4.751447
mighty	5.729957	5.321984	6.1021233
country	6.1489844	4.8883953	6.1650577
title	6.7674747	4.158388	6.065153
choose	5.746539	4.2937603	5.303891
village	5.729032	4.0937243	4.826915
acquire	7.102103	4.8872705	6.7239437
rank	5.8770795	5.7464404	6.3943763
bow	5.771696	4.103223	5.05539
doctor	4.6782956	4.786852	4.8429427
talent	7.4578443	5.690942	7.1505566
source	6.532427	4.416891	5.848298
lead	5.493146	5.3961306	5.540581
question	5.396635	4.937017	5.8384485
publish	6.4036856	4.7932625	6.58282
interest	6.521474	5.174513	6.392582
serve	5.627032	4.5330777	5.061879
divine	6.3809357	4.9632006	6.248148
put	5.0915565	4.3666334	4.5745625
shadow	5.1017017	3.5909793	4.345473
practical	6.4166245	4.190428	6.225906
surface	5.5917063	3.2347317	4.503877
account	5.4283943	5.036183	5.420799
loss	4.407194	4.869638	4.2848225
indian	5.220564	4.622729	5.260877
vine	5.8981094	3.8869917	4.5482383
certain	5.663478	4.7649746	5.5335164
sin	3.5335157	5.136754	4.3770394
necessity	5.2195735	5.319965	5.746278
lose	5.1312532	4.682185	4.6127276
private	5.536106	5.0203614	5.749663
gentleman	6.5505247	4.9015036	5.858704
daughter	6.601386	4.667036	5.4691205
drive	3.9578333	5.94939	4.924671
strange	4.960744	5.047042	4.5083456
journey	6.179555	3.9232967	4.6320148
uncle	5.597049	5.186001	5.4541216
species	5.6925607	4.128224	5.211164
think	5.616381	4.7261157	4.9073544
bed	5.156955	3.4816341	3.8619351
wind	4.6303906	5.073495	4.895157
bless	6.6945205	3.8911662	5.1512365
destroy	3.4506874	5.460715	4.4417124
author	6.066946	4.9867125	5.865267
sustain	5.954943	4.87948	6.117194
black	4.134614	4.059907	4.0792513
event	6.0893526	5.46432	6.4967957
liberty	6.161395	5.156044	6.445545
negro	5.0989943	5.0663652	4.842576
little	6.0611057	4.148675	4.607356
fortune	6.5000362	5.474568	6.289173
touch	5.7017183	4.4514656	4.6299176
kill	3.7234683	6.1358876	4.513239
feature	6.4040165	4.489187	5.8397417
happiness	7.120576	4.77628	5.9717913
assume	5.3973923	4.6238723	5.4858336
notion	4.874307	5.312864	5.384515
purchase	6.2437234	4.765681	5.9035234
faithful	6.152875	4.9255137	6.175399
soldier	5.49282	5.4047017	6.190928
father	5.8723197	4.47278	5.3525
narrow	3.9792643	4.143426	4.1997476
great	6.2944126	5.015378	6.2496214
tear	4.0618763	4.7829523	3.58867
honorable	6.039832	5.432243	6.5355268
previous	5.437439	4.570901	5.2303104
good	6.3722425	4.613647	5.341529
domestic	6.1598096	3.9661496	5.279746
glory	7.498058	5.280431	6.967948
lay	5.3876925	4.016882	4.6047726
occasion	5.8567333	5.290012	5.8071623
guard	5.200242	5.5538983	6.1882114
whole	6.1221576	4.4131927	5.616997
mouth	5.182646	4.7810607	4.5524874
receive	6.443824	4.71091	5.8260894
take	5.4851832	4.421132	4.7924776
simple	6.883207	3.9662886	5.4699326
error	3.6493616	5.282129	4.8365197
wisdom	7.4907126	4.1544576	6.6245537
rock	5.169262	4.479296	4.9924726
decide	5.53483	5.0983233	5.8770943
exclaim	5.8344927	5.914632	5.4295626
assure	6.5847564	5.2440157	6.0406876
sign	5.4326324	5.000293	5.3435264
preserve	6.3121843	4.16167	5.6561966
commerce	6.436846	4.4929085	6.35371
plant	5.3690042	4.1003704	4.805631
walk	5.763305	4.357512	4.4775634
difference	5.5171595	3.9173484	4.9766703
hang	4.5181017	4.4980383	4.074214
following	6.5438523	4.23754	5.5519767
employ	5.8735704	4.4860034	5.6748543
