deal	5.0449567	5.158903	5.2558208
study	6.916708	4.2392592	6.025956
afford	6.6383038	4.4199133	5.6459684
service	6.302429	4.827906	6.06949
height	5.622885	4.5799103	5.5321956
prospect	7.192775	5.0755415	6.4121823
pleasant	7.2656784	3.607609	4.439993
shade	5.639364	3.5157342	4.419667
listen	5.6117616	4.8487577	4.7012825
mighty	5.7714744	5.318087	6.1645894
country	6.1317577	4.8934784	6.180482
title	6.8354063	4.078698	6.039656
choose	5.80765	4.22063	5.3388424
village	5.7422247	4.045662	4.810423
acquire	6.984869	4.923849	6.761628
rank	5.9437017	5.7581487	6.467602
bow	5.815305	4.1385827	5.0700026
doctor	4.5825953	4.8703494	4.8027463
talent	7.4386225	5.7459416	7.2337346
source	6.4420085	4.4607625	5.779001
lead	5.4757633	5.4449887	5.5410447
question	5.4268537	4.896177	5.8267803
publish	6.5275946	4.686416	6.5932035
interest	6.4999933	5.1700273	6.399834
serve	5.6052303	4.496066	5.0441713
divine	6.4599204	4.921477	6.3116384
put	5.17428	4.3134193	4.5999966
shadow	5.1068125	3.596268	4.3685713
practical	6.3487725	4.213472	6.2136884
surface	5.534498	3.2579489	4.478214
account	5.457098	4.9843874	5.381505
loss	4.410227	4.900553	4.230812
indian	5.2094507	4.6797857	5.2778563
vine	5.8166986	4.075004	4.704003
certain	5.6831307	4.7058992	5.49773
sin	3.6408784	5.0274343	4.288982
necessity	5.3641133	5.2499127	5.8609486
lose	5.1163692	4.6862407	4.571239
private	5.530395	5.0796533	5.7897577
gentleman	6.5421576	4.876356	5.85428
daughter	6.5360804	4.719163	5.521679
drive	4.0758753	5.9612923	4.9835835
strange	4.9272556	5.0931244	4.548727
journey	6.2900615	3.7855597	4.577308
uncle	5.6886597	5.055145	5.5242653
species	5.6585045	4.0324445	5.111836
think	5.626758	4.7140913	4.9547286
bed	5.130617	3.658198	3.9073203
wind	4.575085	5.009095	4.8017693
bless	6.7444463	3.9412477	5.218945
destroy	3.4407244	5.5076294	4.463148
author	6.130986	4.8843656	5.904018
sustain	5.8515506	4.952813	6.1384883
black	4.3105087	3.97258	4.1371865
event	6.0530934	5.397444	6.4534082
liberty	6.246586	5.158901	6.5301843
negro	5.189719	5.072225	4.8280683
little	6.0646343	4.1359835	4.6107664
fortune	6.484317	5.408476	6.361005
touch	5.6523924	4.5008535	4.63531
kill	3.7225442	6.0561733	4.399946
feature	6.452734	4.4402633	5.9036155
happiness	7.081397	4.802729	6.02633
assume	5.380148	4.682086	5.5524664
notion	4.7725105	5.270778	5.3835907
purchase	6.2077904	4.876048	5.9054737
faithful	6.169712	4.9435053	6.3918214
soldier	5.495925	5.51036	6.275896
father	5.8182855	4.451125	5.316291
narrow	3.980672	4.168086	4.2088733
great	6.2895455	4.992232	6.248474
tear	4.205456	4.7434106	3.6130388
honorable	6.105081	5.3727775	6.616315
previous	5.5137596	4.586033	5.2170625
good	6.383128	4.5782623	5.3234806
domestic	5.9604273	3.9912314	5.211831
glory	7.461448	5.3274007	6.970226
lay	5.4083147	4.00764	4.628268
occasion	5.8118653	5.2741632	5.7163134
guard	5.361722	5.5760436	6.317321
whole	6.0557265	4.4272475	5.618954
mouth	5.053442	4.7792425	4.5149703
receive	6.445843	4.695343	5.8535347
take	5.499772	4.3959985	4.7918367
simple	6.8027353	3.9748468	5.522775
error	3.5661786	5.3180866	4.7526045
wisdom	7.569933	4.141799	6.7825465
rock	5.2640314	4.378279	5.0420685
decide	5.5385847	5.136185	5.785614
exclaim	5.7812443	5.8219957	5.3883057
assure	6.583351	5.092952	6.007595
sign	5.5638137	4.8264647	5.2994847
preserve	6.3921294	4.0984793	5.707959
commerce	6.3097196	4.4881983	6.340071
plant	5.367365	4.1948442	4.930541
walk	5.715265	4.292284	4.4260807
difference	5.356736	3.9637363	4.8919635
hang	4.415207	4.5035977	4.0243278
following	6.502607	4.309812	5.568489
employ	5.9253287	4.512783	5.703437
