deal	5.053339263173351	5.28366033799968	4.9249296750551474
study	5.465760643849462	5.081876665601969	5.100414155452109
afford	5.291435806037356	5.149963080730137	5.055034296545935
service	5.335188295158145	5.287250736523203	5.171746026810917
height	5.080291977396374	5.098977457367094	4.918163853909887
prospect	5.36610615960286	5.203889546119022	5.073242460664733
pleasant	5.544117660487194	4.963937558803663	4.880992624267013
shade	5.266564872796276	4.999501020159437	4.83898596785617
listen	5.086466527911371	5.325577883874944	4.9217873145436455
mighty	5.024709607966628	5.3340083771261595	5.007139500707804
country	5.190898527765497	5.32467816269346	5.141218909840476
title	5.437296979962743	5.272199726054407	5.257719561910201
choose	5.279140450150903	5.202241923951968	5.055430506839991
village	5.287044105229983	5.109118265449106	4.927981467908061
acquire	5.389398095040007	5.217478231021003	5.182519686795048
rank	5.223874202643601	5.373274848967163	5.183382408526498
bow	5.161918855943895	5.185092005214903	4.906136283273706
doctor	4.966959808603924	5.222471606090276	4.774459828273687
talent	5.435455841530841	5.285649399436842	5.230620229008639
source	5.307572016652521	5.236443297392962	5.1391290407660515
lead	5.083716237524971	5.305891106568986	5.019804572841459
question	5.008150902550166	5.339575779172457	5.050085891965898
publish	5.359329565783479	5.25064263080573	5.20897032448476
interest	5.259396685418087	5.340404269754061	5.161317195898683
serve	5.071141993294232	5.234140263562911	4.930028790166809
divine	5.217591869772867	5.283338857538485	5.149420512214104
put	4.907627050460329	5.170881855467225	4.728128162619067
shadow	5.1109230071840255	5.120449605003167	4.876874478848798
practical	5.232913191349682	5.239978501601146	5.167141340739333
surface	5.069537564278956	4.949279124422208	4.757797305684143
account	5.077795401746216	5.297388889747383	4.988771167742258
loss	4.864238028618673	5.473006556817905	4.956099898994904
indian	4.892361252801324	5.38745922483785	4.937989277655048
vine	5.238744444814982	4.917360425631686	4.815553986615969
certain	4.995120000234104	5.33336717516024	5.008182386686039
sin	4.7401428676440425	5.481410406523629	4.934376035257258
necessity	4.88939182155945	5.41444759484084	5.053996086478598
lose	5.0210511362168715	5.368128296069633	4.945284933828818
private	5.138328151301374	5.377023826924214	5.131553407628064
gentleman	5.274210074929414	5.149860608094869	4.9154749760460374
daughter	5.162975465223842	5.317387975741945	4.9603462213363825
drive	4.7581905156009565	5.433160376913386	4.8266862200394325
strange	4.980535937285061	5.319472021091434	4.838997888464677
journey	5.316936771791938	5.163508770739658	4.954594344283718
uncle	5.283994697103655	5.154275349109534	4.8679128555493465
species	5.003763403082615	5.238713590775383	4.915383019781554
think	5.089020971952002	5.295298486360371	4.915554213363738
bed	5.027222748567887	4.995079961322578	4.646859248759539
wind	4.972781008606947	5.195583740579769	4.779101839417184
bless	5.272350574626692	5.198510981998789	4.947352095291517
destroy	4.713352410778078	5.488887281800911	4.934092289129423
author	5.333930561959071	5.304087662865316	5.166575306072647
sustain	4.975362269349712	5.387000800536727	5.102138337686647
black	4.859600009120719	5.1044042773462195	4.641973554086193
event	5.079086787702064	5.455317838343276	5.146332286865944
liberty	5.146912598806127	5.4967335276267715	5.232555219380052
negro	4.819851472152739	5.244874155989517	4.725480600040171
little	5.217618536678116	5.0872819260269635	4.834024181086491
fortune	5.230547169765365	5.378759784780257	5.082566230422356
touch	5.113070912159795	5.21499218664354	4.884244702771197
kill	4.6344708603639155	5.480587393137306	4.7520532787715615
feature	5.1329561509073205	5.143487603873443	4.9268532896281805
happiness	5.288693571172111	5.347328390237174	5.130165366449576
assume	5.061576172177577	5.298554168602562	5.015208697734883
notion	5.077328641595335	5.248918252209169	4.933026055098221
purchase	5.345251329936326	5.072987052939545	4.965749337596421
faithful	5.280068051075025	5.343284194017817	5.148520547005325
soldier	4.877468572209325	5.529824973046175	5.005378556388411
father	5.042675460960415	5.326694416003824	4.93307631053273
narrow	4.9626387708629816	5.0844082543722875	4.819020077794599
great	5.154399915671806	5.31261175856039	5.110335281652734
tear	4.923422363642044	5.285897017773824	4.7862303030884235
honorable	5.225089523570609	5.454439079246755	5.253611539611746
previous	5.079420974074221	5.235285074549918	4.977189236747824
good	5.209609886264492	5.243887324714517	4.969017910076835
domestic	5.295532721475262	5.17264700669159	5.001970360089952
glory	5.376303120289532	5.308072333277406	5.189301845569222
lay	4.987952648547017	5.117423203132059	4.788197322653462
occasion	5.063398997244466	5.361896826903559	5.018330710908997
guard	4.846239373768634	5.441733681794131	4.95646626296015
whole	5.046527251815571	5.222539510370639	4.960043597111266
mouth	4.9562337127955916	5.102029825587996	4.690492860013963
receive	5.253962012234265	5.234750139929245	5.050290834303605
take	4.997054833431531	5.238807012565203	4.855095799551184
simple	5.271300329766246	5.073027448141503	4.966485633981466
error	4.789627623640103	5.511965441071545	5.062141793225011
wisdom	5.175701098688839	5.3912420040249565	5.188742576311998
rock	4.954319611582889	5.129392402634486	4.79002186453178
decide	5.032273611648151	5.402699423631545	5.123892216017882
exclaim	4.916023555771445	5.3340524954505355	4.7960071975484535
assure	5.153353087314877	5.342160407464114	5.025024276185021
sign	5.019147044789638	5.241024293506817	4.944104582956663
preserve	5.170615910887694	5.185788303696056	5.011919665469683
commerce	5.257327558033188	5.242964159665154	5.130571967127804
plant	5.168330650867823	4.952694182085726	4.803230560235703
walk	5.2919520666490865	4.999774614809205	4.800424651156798
difference	5.076884205198807	5.235518912811143	4.986567196653501
hang	4.957067942716094	5.108244378106449	4.708506171249551
following	5.442774506048077	5.05565584350942	5.0595038004541815
employ	5.12534239198436	5.164303902024007	4.988445061691976
