deal	5.086942950319271	4.587050512246952	5.2221265877218
study	5.368767496504801	4.5038111227793	5.382746268003592
afford	5.231997400148078	4.514268466013692	5.310200034680969
service	5.24494788985125	4.572307609505878	5.328238001417516
height	5.099241738858316	4.478699344960664	5.173368329220645
prospect	5.29781461650184	4.550824103618295	5.289189487171605
pleasant	5.469855808374528	4.444364559188501	5.382523268869495
shade	5.265370491845255	4.459044462672638	5.252774021550502
listen	5.135196981139608	4.609200346108395	5.213875229425003
mighty	5.064263569585012	4.607975480677138	5.148687060482308
country	5.136863557747282	4.604995707260348	5.24084788871299
title	5.324019691849205	4.591920855161724	5.373419378337129
choose	5.221691324924681	4.532267969097911	5.2990494616172
village	5.257369127562803	4.493810338702969	5.258266463855204
acquire	5.2898261789988785	4.563455304095431	5.353560805195942
rank	5.174311138264714	4.619961098059044	5.279115619450352
bow	5.1941219187436545	4.534243899139842	5.252688833927777
doctor	5.039974818222381	4.556969253323044	5.182466577441908
talent	5.33214889896297	4.598030658949999	5.3881072251933135
source	5.238211961341127	4.585243953565719	5.269626131099049
lead	5.094741949393983	4.58510774137983	5.211635209810378
question	5.031794385454917	4.607537001962624	5.207216524967958
publish	5.256243892652755	4.576983065016197	5.330536561598505
interest	5.1939344969654995	4.6187662510439065	5.287178292230237
serve	5.083591692927185	4.545770376874721	5.2282647985161415
divine	5.185653779406601	4.604314960151016	5.237199925029767
put	4.995040213491234	4.511604877940256	5.176269124964965
shadow	5.154195992998963	4.513873649615634	5.183871890431847
practical	5.1727726698554655	4.570308519346226	5.294876996588396
surface	5.121349464093829	4.422043351044728	5.183953194471445
account	5.081811003351474	4.592151595943636	5.222532786117026
loss	4.913676005108743	4.673837257617014	5.0967591391966005
indian	4.965758022092375	4.6246679291635475	5.131569136949577
vine	5.225234180370824	4.416210021183157	5.254155720051786
certain	5.022219042077513	4.609419880636754	5.184472878122801
sin	4.841203983227196	4.688858656135197	5.0305694107717045
necessity	4.9236131999527135	4.632769239662498	5.14150140311007
lose	5.053162440341086	4.629518958156845	5.160819124359081
private	5.096781141176516	4.611343972418826	5.252312540680244
gentleman	5.256063819690171	4.511920995120917	5.338450103222523
daughter	5.1527127927095355	4.61113694528705	5.2139452027525115
drive	4.873739475256926	4.637612844199178	5.0521281021590205
strange	5.056950374732082	4.614880287492828	5.147383299654003
journey	5.282186976276876	4.525941384671222	5.274312027102282
uncle	5.268814794663505	4.537165298914884	5.2924618851622185
species	5.024468205957089	4.567606352074023	5.166535463387825
think	5.121388957543915	4.600365287051145	5.219708331584728
bed	5.1013838833749245	4.436696839438514	5.168594377268716
wind	5.053342131025279	4.536851524601105	5.119193036536336
bless	5.250830311668532	4.5668224060743565	5.245160197273664
destroy	4.799498651181786	4.675207606144701	5.027995803706253
author	5.264490743929553	4.618481875423409	5.324717335400446
sustain	4.977065945532005	4.620983278802511	5.160754090436776
black	4.98392944844268	4.488598735555841	5.119993686537233
event	5.066162260206225	4.672454047308533	5.177684040608948
liberty	5.096747240969496	4.689067793974029	5.219072959446381
negro	4.928496277727619	4.549223279984362	5.103472791384984
little	5.226295703303114	4.491826712571486	5.286851020070631
fortune	5.186116134816381	4.6384980561259495	5.255301530663509
touch	5.153404796774283	4.562952859118284	5.231709673551444
kill	4.792915404480519	4.675442991043983	5.010890022455047
feature	5.160276030400457	4.525933812168957	5.232811573561229
happiness	5.2251971871932525	4.638481927425377	5.261964055009048
assume	5.078674395060907	4.579668595903852	5.22752987075106
notion	5.117641172389911	4.5828670139607945	5.249875896408315
purchase	5.265908759333121	4.476758337974355	5.3178033259472635
faithful	5.226372706910751	4.619127074087378	5.2870003831718515
soldier	4.943818383637165	4.6802444708088515	5.122893037435235
father	5.075681100448459	4.612867553905701	5.170719218653864
narrow	5.02878518569729	4.465217277906754	5.149736216003791
great	5.128496683309076	4.594914580192634	5.2459192043410185
tear	5.004478565209178	4.597389651685063	5.106646441120333
honorable	5.158380137244288	4.662856458959333	5.296697080537866
previous	5.0728919418327605	4.544942434472439	5.201576439159762
good	5.194868682172335	4.570950664538983	5.284376917988721
domestic	5.228316149558255	4.536768684240924	5.301589034796088
glory	5.301221041800921	4.616581801650988	5.2790489969555825
lay	5.054632985476692	4.488740344316835	5.171376589593503
occasion	5.0724121167100344	4.611505608554711	5.221002767291334
guard	4.9213441625451235	4.631303439718358	5.108453062569103
whole	5.061668160715208	4.539674946629787	5.191134377828173
mouth	5.06520297303427	4.491035290778225	5.16267277517742
receive	5.202128952385044	4.551754114922915	5.2986063326734385
take	5.044141815292989	4.550074520798758	5.194809748579306
simple	5.2481657939207516	4.492105136793087	5.309723259791687
error	4.85287787944112	4.7019704079386555	5.083991147749383
wisdom	5.149523316775162	4.650036772511051	5.245913173960361
rock	5.042822808857541	4.500705055576062	5.111864179573958
decide	5.04018331946218	4.627552572542169	5.218913124202459
exclaim	5.023203017744552	4.6109468220851335	5.143311740971451
assure	5.162787141561727	4.614036010317438	5.267742940769574
sign	5.069172156413672	4.559468637980299	5.19246784393137
preserve	5.143212412275761	4.5368911980140165	5.257465440981877
commerce	5.179863455993596	4.562732249176063	5.265824594142038
plant	5.173578672530282	4.432264716490123	5.230445388615795
walk	5.296449022184695	4.442109993020092	5.294442084694231
difference	5.080065222100536	4.571318138977735	5.225187973010051
hang	5.055333394336233	4.494594958205356	5.15131043527307
following	5.3546671833998625	4.479004391979194	5.363956811953224
employ	5.106224271027905	4.509510734660599	5.255567870185834
