deal	5.1760345	5.1166553	5.1997094
study	6.934395	4.2667375	6.121955
afford	6.7373443	4.3590198	5.5507145
service	6.4690757	4.9039054	6.115299
height	5.731206	4.6871057	5.5109706
prospect	7.331561	4.9871073	6.517066
pleasant	7.4174824	3.6961017	4.478485
shade	5.6363707	3.6886582	4.6756682
listen	5.872436	4.780036	4.929269
mighty	5.8258324	5.618141	6.280687
country	6.0867662	4.8063946	6.057316
title	6.4341	4.014775	5.646138
choose	5.9435487	4.1014934	5.4286747
village	5.7845783	3.745388	4.70772
acquire	6.9543	4.983467	6.7558603
rank	5.9223423	5.8679533	6.530101
bow	6.0062222	3.9122992	5.2349916
doctor	4.83583	4.676125	4.7252645
talent	7.3206983	5.5777526	7.1536703
source	6.66665	4.099976	5.858341
lead	5.415157	5.316094	5.391564
question	5.5031967	4.962372	5.939709
publish	6.202122	4.61191	6.1236115
interest	6.5720663	5.090025	6.262098
serve	5.6897464	4.5439115	5.1277103
divine	6.8183885	5.136541	6.3798466
put	5.052839	4.220861	4.4679236
shadow	4.8477063	3.695535	4.2260346
practical	6.3826065	4.320988	6.440304
surface	5.4692516	3.3425844	4.5413446
account	5.362256	4.7970867	5.146669
loss	4.2720165	4.6188087	3.9894328
indian	4.8720527	4.591525	5.18574
vine	5.9731436	3.9030335	5.1026435
certain	5.897802	4.611733	5.585497
sin	3.5309098	5.1013656	4.097466
necessity	5.41865	5.1094847	5.7414923
lose	5.138015	4.655664	4.5502505
private	5.6251116	5.1910715	5.853339
gentleman	6.783844	4.8841844	6.0462914
daughter	6.887882	4.749051	5.580639
drive	4.047329	5.781474	5.0679946
strange	4.9556484	4.8759303	4.5215735
journey	6.4734254	3.8537617	4.7554007
uncle	6.0289054	4.7772617	5.4691606
species	5.9820085	4.213381	5.271531
think	5.7851343	4.733812	4.9517045
bed	5.125742	3.4553998	3.7218347
wind	4.53297	4.79352	4.7544103
bless	6.877927	4.023548	5.191174
destroy	3.3352861	5.324686	4.3696747
author	5.962233	4.844083	5.785605
sustain	6.0288477	4.8484645	6.0913544
black	4.361734	3.7246487	4.2175736
event	5.950613	5.263667	6.396729
liberty	6.407404	5.094364	6.508875
negro	5.134086	5.529977	5.161331
little	6.08921	4.0116434	4.4943547
fortune	6.3697224	5.475188	6.2783422
touch	5.878106	4.35651	4.5243473
kill	3.6858864	6.0222034	4.2440743
feature	6.369909	4.552899	5.910724
happiness	7.3052564	4.791172	6.0970144
assume	5.6181793	4.3610015	5.523904
notion	4.8097777	5.396723	5.392892
purchase	5.901977	5.077853	6.0930614
faithful	6.090334	5.033743	6.0924687
soldier	5.6595774	5.5692444	6.375848
father	6.1319494	4.3347106	5.296268
narrow	3.8275454	4.070365	3.9587185
great	6.4015393	4.9209986	6.218625
tear	4.2351584	4.5648847	3.5953784
honorable	6.3328876	5.490675	6.6358757
previous	5.48784	4.577187	5.2817373
good	6.3146296	4.55674	5.145484
domestic	6.3165274	4.180247	5.350956
glory	7.3935094	5.514516	6.980062
lay	5.451002	3.8536723	4.5120764
occasion	5.759723	5.2211	5.586516
guard	5.2127566	5.509598	6.374074
whole	5.9573503	4.4015145	5.5064783
mouth	5.3028817	4.599078	4.5401125
receive	6.5776157	4.602806	5.7871776
take	5.4058065	4.3019795	4.6539907
simple	6.6968403	3.8399355	5.238215
error	3.808487	5.404274	5.0993237
wisdom	7.774002	4.285603	6.926265
rock	5.170063	4.2995877	4.8625417
decide	5.650396	5.1477547	5.9498963
exclaim	6.211352	5.72107	5.4671106
assure	6.6331544	5.0180063	5.987344
sign	5.419482	4.5651817	5.255402
preserve	6.352521	3.990287	5.570536
commerce	6.201941	4.645088	6.34158
plant	5.490908	4.1544733	5.216821
walk	5.6644573	4.278206	4.403473
difference	5.1438746	3.7894692	4.611114
hang	4.6154885	4.339588	4.035102
following	6.6202626	4.089174	5.4054317
employ	5.7441835	4.4909725	5.7313976
