deal	5.3373237	5.0441766	5.33796
study	6.7449384	4.24922	5.847163
afford	6.5376825	4.351173	5.726423
service	6.445353	5.273746	6.327889
height	5.787896	4.598786	5.7329693
prospect	6.9495254	5.444542	6.6191306
pleasant	7.257941	3.841825	4.747156
shade	5.994862	3.438399	4.6252236
listen	5.632549	4.7822857	4.7980366
mighty	5.4923363	5.214658	6.005765
country	6.066954	4.898076	6.1080494
title	6.3635745	4.2448363	5.9675865
choose	5.9497623	4.618512	5.6987705
village	5.6127353	4.0593843	4.799825
acquire	7.0274835	5.036887	6.8992133
rank	5.879019	5.4011	6.2032027
bow	5.676501	4.1121798	4.9026
doctor	4.605073	4.9063277	5.1224422
talent	7.227656	5.3019667	6.8334846
source	6.432247	3.9650824	5.582305
lead	5.3933673	5.3677073	5.354903
question	5.4054875	4.7372966	5.7482862
publish	6.459449	4.3194313	6.3350143
interest	6.4438868	5.100771	6.2761793
serve	5.5509353	4.823475	5.1506357
divine	6.255677	4.844225	6.0556664
put	5.2825394	4.4093423	4.6872516
shadow	5.249793	3.684461	4.444801
practical	6.306862	4.175038	6.0918336
surface	5.6222363	3.2198393	4.5551047
account	5.4764323	5.111884	5.5039845
loss	4.3648405	4.934484	4.237077
indian	5.0902786	4.7448606	5.230019
vine	5.812146	3.6839018	4.7262163
certain	5.597779	4.7795277	5.593271
sin	3.7226841	5.1462693	4.4565897
necessity	5.042711	5.360339	5.6859283
lose	5.0806427	4.867656	4.7204843
private	5.4320235	5.0098906	5.633338
gentleman	6.674687	4.753531	5.821723
daughter	6.7276735	4.7026243	5.836458
drive	4.151945	5.998283	5.263635
strange	4.752181	5.2335987	4.4990015
journey	6.503732	3.9336247	4.9492126
uncle	5.7000103	5.5035334	5.671087
species	5.945766	4.0798793	5.2359233
think	5.532601	4.738139	4.882577
bed	5.192832	3.4884806	3.990368
wind	4.681144	4.9319777	4.65294
bless	6.638672	3.847014	5.132753
destroy	3.5017738	5.620455	4.714979
author	6.063815	4.765463	5.950578
sustain	5.8474874	4.9049306	6.0148582
black	4.5049524	4.020935	4.395832
event	6.198274	5.4051304	6.461465
liberty	6.4047146	5.1041565	6.468189
negro	5.528059	5.070565	5.4653287
little	6.0871305	4.2413406	4.6504846
fortune	6.250193	5.329599	6.159134
touch	5.6660795	4.667282	4.755962
kill	3.7393475	6.181379	4.5712924
feature	6.2794795	4.524205	5.8149858
happiness	7.1450357	4.769486	6.089793
assume	5.41782	4.5105414	5.5968933
notion	4.8652506	5.383033	5.527708
purchase	6.3103533	4.93902	6.147855
faithful	5.6409345	5.5677547	6.182361
soldier	5.256217	5.5205345	6.2363834
father	5.8267155	4.3824096	5.3348656
narrow	3.938534	4.4309034	4.1566424
great	6.4052362	4.9158306	6.2972937
tear	4.272826	4.671478	3.658608
honorable	5.9794765	5.34575	6.427787
previous	5.5417194	4.4967737	5.188476
good	6.377586	4.6357293	5.417464
domestic	6.4093914	4.0811644	5.4121485
glory	7.5053396	5.056359	6.892099
lay	5.31692	4.0314217	4.6032624
occasion	5.633524	5.307536	5.87803
guard	5.357543	5.6495676	6.4860897
whole	6.139193	4.508015	5.702997
mouth	5.3183174	4.7746825	4.572313
receive	6.4575	4.742091	5.797664
take	5.5819755	4.4993696	4.944536
simple	6.735451	4.0810623	5.261192
error	3.6025808	5.32546	4.773239
wisdom	7.4792376	4.0465794	6.5554276
rock	5.580354	4.6072116	5.287369
decide	5.610077	5.0275936	5.650979
exclaim	5.6905417	5.8014584	5.337042
assure	6.459042	5.339152	6.1714296
sign	5.2223425	5.15029	5.316995
preserve	6.630709	4.42623	5.953299
commerce	6.3388076	4.6041427	6.3009987
plant	5.4391246	4.1132264	5.037286
walk	5.9081645	4.4181957	4.653817
difference	5.6381583	4.152023	5.2559814
hang	4.5222797	4.6629505	4.122428
following	6.442139	4.322232	5.5637813
employ	5.8527093	4.7100725	5.7903333
