deal	5.3566723	5.3216944	5.357051
study	6.743797	4.255753	5.9137383
afford	6.6416855	4.616046	5.7207813
service	6.317339	4.8249626	6.024411
height	5.607237	4.6261635	5.4779654
prospect	7.351254	5.553708	6.8104777
pleasant	7.389251	3.8943975	4.755459
shade	6.0020313	3.164796	4.5335402
listen	5.6317225	5.028359	4.862279
mighty	5.8646455	5.5471363	6.206351
country	6.28303	4.9857893	6.271305
title	6.4847045	4.2969565	6.181383
choose	5.876572	4.3483567	5.532058
village	5.936039	4.127706	4.78346
acquire	6.9310274	5.031106	6.643654
rank	5.962049	5.448497	6.3946342
bow	5.9773655	4.3822174	5.443353
doctor	4.6679435	4.8943377	4.6866536
talent	7.3986874	5.6959667	7.03462
source	6.1361995	4.823811	5.9202566
lead	5.4185076	5.351357	5.303106
question	5.204822	5.1242805	5.8800735
publish	6.5540357	4.621607	6.3970833
interest	6.50652	5.2035093	6.3667865
serve	5.7222514	4.5945387	5.039708
divine	6.548609	5.1367755	6.2399535
put	5.1675267	4.237222	4.625823
shadow	5.4340305	3.5522685	4.396246
practical	6.2205844	4.0685697	6.135581
surface	5.5811396	2.9170108	4.2131763
account	5.5671363	5.21783	5.4758596
loss	4.729472	5.01607	4.571348
indian	5.281228	4.6975894	5.3486404
vine	6.2018957	3.9444687	4.4423065
certain	5.5193563	4.9357605	5.479099
sin	3.9006307	5.126535	4.3179235
necessity	5.0709977	5.3435173	5.774859
lose	5.0917597	4.703512	4.479838
private	5.3375363	4.8530836	5.4831543
gentleman	6.451743	5.0188394	5.9944944
daughter	6.6307554	4.5953197	5.5148463
drive	4.0442624	5.8447943	4.942975
strange	4.905299	5.156355	4.5651946
journey	6.232667	3.8459806	4.388189
uncle	5.6681223	4.8903556	5.529647
species	5.746211	4.026148	5.1679783
think	5.5636024	4.8370304	4.987394
bed	5.22161	3.429195	3.7204323
wind	4.7205896	5.0993357	5.0084367
bless	6.688097	3.9570928	5.158174
destroy	3.7102938	5.367831	4.429326
author	6.120226	4.9684544	5.921676
sustain	5.7602673	4.7870216	5.9872613
black	4.5863495	3.9596286	4.3043427
event	6.0398664	5.3692837	6.5074344
liberty	6.268546	5.260938	6.5029893
negro	5.5356054	4.8155675	5.1220737
little	6.030756	4.2116632	4.6545234
fortune	6.3791347	5.5543165	6.477503
touch	5.610655	4.5721426	4.7999697
kill	3.3438637	5.837249	4.2271547
feature	6.4988174	4.358166	5.9157715
happiness	7.089968	5.090396	6.3002224
assume	5.2638497	4.585832	5.516399
notion	4.5692625	5.3677535	5.374004
purchase	6.047501	4.6202106	5.662013
faithful	5.991377	5.0319715	6.450128
soldier	5.3522487	5.3742895	6.2326446
father	5.8785763	4.4223537	5.3249345
narrow	4.071222	4.493367	4.3945737
great	6.409547	5.058876	6.2198
tear	4.270908	4.6963024	3.7592304
honorable	6.050648	5.478836	6.4564195
previous	5.385357	4.378274	4.981926
good	6.3911033	4.68402	5.2613926
domestic	5.9563937	4.004221	5.3763456
glory	7.4449906	5.234313	6.9260464
lay	5.719894	4.031635	4.832788
occasion	5.638656	5.2760897	5.663153
guard	5.3645163	5.3451347	6.2913322
whole	6.1328716	4.3572817	5.5655823
mouth	5.055519	4.7430286	4.2163153
receive	6.5494194	4.6833153	5.7529273
take	5.554381	4.324152	4.841672
simple	6.737796	4.304475	5.4714994
error	3.5430155	5.288378	4.68518
wisdom	7.658451	4.4042144	7.069255
rock	5.6186166	4.2371936	4.913441
decide	5.6261826	4.9552956	5.713767
exclaim	5.822808	5.7483234	5.5042477
assure	6.62845	5.264921	5.9122496
sign	5.3300214	4.92732	5.2491145
preserve	6.3257003	4.2794437	5.6914744
commerce	6.571382	4.690901	6.5076065
plant	5.4164176	4.2491217	4.9245863
walk	5.741499	4.294751	4.44933
difference	5.3649864	3.9236052	5.0930095
hang	4.436103	4.4658804	3.7949247
following	6.8702083	4.2684646	5.6406956
employ	6.153243	4.420932	5.7570467
