deal	4.8134966	5.3959746	5.1950355
study	7.0117345	4.3634114	6.239374
afford	6.5704694	4.4828234	5.5775094
service	6.3145194	4.649534	5.9846478
height	5.483514	4.6804123	5.6791506
prospect	7.283776	5.11504	6.606346
pleasant	7.3019395	3.6668212	4.4163427
shade	5.675449	3.693591	4.557472
listen	6.074489	4.907324	4.958531
mighty	5.5933867	5.548879	6.222747
country	6.082694	4.9933257	6.2048755
title	6.8163204	3.9645958	6.1446943
choose	5.7925076	4.379674	5.4106574
village	5.725567	4.4049683	5.009779
acquire	6.752103	4.6645145	6.413866
rank	5.890176	5.52522	6.1934714
bow	6.1466227	3.7505617	5.0855412
doctor	4.644351	5.1174564	4.9575977
talent	7.318782	5.657467	7.2910542
source	6.545705	4.3833265	5.5744963
lead	5.3570023	5.5696473	5.4784317
question	5.408605	5.1956296	5.9856215
publish	6.717739	4.815631	6.530308
interest	6.541174	5.2635956	6.3118987
serve	5.671412	4.6599045	4.9800224
divine	6.4365363	5.1095705	6.3440266
put	5.0506854	4.3181577	4.428315
shadow	5.0797625	3.555953	4.411278
practical	6.207143	4.078806	6.0660233
surface	6.134525	3.4863267	4.7321653
account	5.3101907	4.8815417	5.3183775
loss	4.500691	5.024571	4.348591
indian	5.169861	4.4066267	5.066323
vine	6.148233	3.9285457	4.6324706
certain	5.6653748	4.753118	5.4608636
sin	3.265409	5.3180885	4.1983
necessity	5.1839156	5.3322244	5.761242
lose	4.9912815	4.79005	4.5922813
private	5.4142942	5.008339	5.4694033
gentleman	6.4556103	4.8699493	5.803538
daughter	6.8848023	4.7561674	5.5974345
drive	4.10758	6.06705	4.9906535
strange	4.9483447	5.0841975	4.4846835
journey	6.0901246	3.6755738	4.6486006
uncle	5.510238	5.219032	5.4569902
species	5.783194	4.023584	5.103841
think	5.629471	4.7872753	5.066882
bed	4.986444	3.6250546	3.812364
wind	4.573923	5.009572	4.724043
bless	6.83895	3.8436625	5.0032444
destroy	3.803214	5.3156404	4.412839
author	6.193402	4.774306	5.8855534
sustain	5.9804325	4.8161583	6.015259
black	4.5008044	4.0106997	4.317306
event	5.860959	5.2512026	6.285021
liberty	6.654116	4.8918424	6.570031
negro	5.067889	4.965874	4.722508
little	5.917666	4.15743	4.512628
fortune	6.653578	5.307401	6.326274
touch	5.8599424	4.419096	4.6532245
kill	3.6518595	5.990913	4.2223425
feature	6.8101473	4.64605	6.0189137
happiness	7.271594	4.904708	6.049298
assume	5.559551	4.5266986	5.4144516
notion	4.5962815	5.0813603	5.0256743
purchase	6.5826635	4.887072	6.201559
faithful	6.3325853	5.096467	6.3350224
soldier	5.407615	5.642341	6.212312
father	6.0692434	4.4388456	5.3240304
narrow	3.8756971	4.0912485	4.168906
great	6.3438354	5.067275	6.4240646
tear	4.224056	4.9288926	3.6154552
honorable	5.805027	5.550165	6.468666
previous	5.469258	4.5189624	5.107572
good	6.315001	4.6449685	5.340069
domestic	5.9650574	3.9054556	5.1419315
glory	7.3281283	5.3297343	6.899199
lay	5.4372344	3.9923298	4.5381174
occasion	5.8539886	5.4656086	5.8929186
guard	5.36357	5.8672876	6.5966415
whole	6.154061	4.4062586	5.525714
mouth	4.948556	5.1178284	4.53459
receive	6.631286	4.6038766	5.797471
take	5.329098	4.2927475	4.7022324
simple	7.0574994	3.9270208	5.504613
error	3.3933034	5.1053395	4.5917497
wisdom	7.8208246	4.1453323	6.896386
rock	5.1227436	4.5643744	4.8002653
decide	5.686271	5.1598444	5.724078
exclaim	5.9287453	5.9007487	5.5727415
assure	6.7498903	5.2395906	6.0260577
sign	5.5045023	4.966696	5.388225
preserve	6.527938	4.012719	5.6941566
commerce	6.3044415	4.7208395	6.4460106
plant	5.6614013	4.4548497	5.244507
walk	5.8521247	4.348842	4.4710646
difference	5.556118	4.1015406	5.1296377
hang	4.4752407	4.3231215	3.9620824
following	6.7277117	4.2407155	5.582299
employ	5.9283977	4.5312705	5.760088
