deal	5.157451	5.1530757	5.172822
study	6.745122	4.314804	6.195664
afford	6.5739636	4.5107694	5.6662283
service	6.321334	4.836879	6.103221
height	5.381996	4.491956	5.189563
prospect	7.099944	5.24251	6.497227
pleasant	7.726837	3.3703866	4.5716825
shade	5.521557	3.512896	4.446182
listen	5.903849	4.551245	4.4627
mighty	5.5850663	5.344836	6.0371823
country	6.238418	4.8160143	6.2333975
title	6.4772425	4.2980165	5.806654
choose	5.9675565	3.8565502	5.1392503
village	5.9056926	3.763929	4.6139674
acquire	6.7945747	4.9982185	6.631166
rank	6.2380447	5.6578174	6.7617874
bow	5.899783	4.075711	4.9174747
doctor	4.710762	4.5661097	4.659103
talent	7.449359	5.5355535	7.0724726
source	6.2990756	4.577809	5.6939354
lead	5.667449	5.357554	5.5233593
question	5.4650316	4.8340864	5.894749
publish	6.6941566	4.8479414	6.632349
interest	6.6241326	5.195483	6.406409
serve	5.8523974	4.283575	4.998191
divine	6.525294	4.834831	6.220748
put	5.17418	4.4464693	4.5796733
shadow	4.918782	3.4697268	4.165446
practical	6.4141116	4.2455883	6.2072506
surface	5.565602	3.396944	4.376737
account	5.516239	4.9923797	5.4896913
loss	4.190884	4.9315443	4.311136
indian	5.3312306	4.5271587	5.2499857
vine	5.91914	4.080366	4.9813247
certain	5.6150966	4.8344555	5.4476757
sin	3.8973098	4.8601174	4.5217123
necessity	5.5611887	5.274425	5.8691635
lose	4.9110923	4.8104057	4.5715146
private	5.5610313	4.8433905	5.7537093
gentleman	6.592566	4.7943215	5.8766594
daughter	6.629254	4.547932	5.4749694
drive	4.0059404	5.859114	4.810069
strange	4.8357472	5.0552897	4.450577
journey	6.702398	3.649023	4.8203115
uncle	5.703313	4.938502	5.6327524
species	5.381149	4.032012	5.005495
think	5.6727004	4.6368165	4.975261
bed	5.1094213	3.6276784	3.9532342
wind	4.640706	5.0404725	4.93273
bless	6.809908	4.072363	5.287748
destroy	3.4670408	5.290227	4.292683
author	6.0298676	5.053067	5.8902307
sustain	5.917498	4.8836756	6.1337295
black	4.4854293	3.7330465	4.148264
event	6.239979	5.359521	6.476955
liberty	6.3634124	5.310582	6.735921
negro	5.153318	5.0886045	5.2316628
little	6.16283	4.1456184	4.625683
fortune	6.216	5.4532075	6.196104
touch	5.837494	4.5064554	4.637515
kill	3.702498	6.0564103	4.6415873
feature	6.401673	4.4194274	5.865331
happiness	7.1457987	4.7879276	6.153672
assume	5.544643	4.591181	5.6178045
notion	4.932311	5.2660284	5.1984453
purchase	5.9398856	4.6793175	5.665495
faithful	6.731414	4.5048957	6.362013
soldier	5.737729	5.4635906	6.492917
father	5.886329	4.2767224	5.2583156
narrow	4.287012	3.82343	4.0852957
great	6.3281264	4.9871597	6.252849
tear	4.256185	5.02698	3.8767385
honorable	6.119737	5.446301	6.5015774
previous	5.8048344	4.7974267	5.4949265
good	6.4495564	4.509223	5.3648767
domestic	6.2929254	3.8074932	5.351835
glory	7.2267194	5.6101975	7.1068907
lay	5.5229745	3.8769627	4.553744
occasion	5.7029333	5.2857604	5.7342396
guard	5.405817	5.610126	6.315937
whole	6.0593605	4.4143453	5.6679416
mouth	5.526351	4.6824136	4.521271
receive	6.6554446	4.715566	5.7876825
take	5.4734926	4.395479	4.7098527
simple	7.176271	3.9903526	5.5701485
error	3.9953856	5.535202	5.047124
wisdom	7.7403426	4.1298466	6.8494635
rock	5.3110723	4.4091215	4.88029
decide	5.820204	4.78556	5.8839364
exclaim	5.907655	5.622134	5.235542
assure	6.626666	5.2015796	6.0840044
sign	5.6911845	4.618629	5.2505474
preserve	6.613138	4.0148363	5.7112293
commerce	6.636852	4.3842697	6.5601463
plant	5.4230537	4.182515	5.0608034
walk	5.625655	4.1165285	4.4041557
difference	5.205426	4.24435	5.066252
hang	4.4968657	4.5779305	3.9870322
following	6.742525	4.118327	5.555187
employ	5.6686773	4.404852	5.619068
