deal	4.803856	5.2201805	5.023069
study	6.970353	4.309363	5.9558315
afford	6.614537	4.639288	5.580427
service	6.520245	5.0223856	6.2648745
height	5.697591	4.57921	5.4064617
prospect	7.031461	5.438598	6.5525746
pleasant	7.2763486	3.684657	4.6465425
shade	5.38584	3.4224546	4.3195157
listen	5.551612	4.964381	4.708768
mighty	5.7332387	5.385516	6.1099567
country	6.2009315	4.9513273	6.1326165
title	7.156933	4.034383	6.2288017
choose	5.734357	4.438726	5.4070387
village	5.806403	4.1507673	4.97751
acquire	7.120702	4.977463	6.988804
rank	6.1025	5.70413	6.50386
bow	6.015187	3.965255	5.028086
doctor	4.37059	4.9686394	4.735536
talent	7.8797755	5.8238916	7.3814383
source	6.1872354	4.728574	5.5965476
lead	5.4460692	5.384259	5.52409
question	5.295051	5.050224	5.9678025
publish	6.878103	4.8790636	6.643476
interest	6.4948945	5.0180445	6.2283077
serve	5.6813006	4.412718	5.1045814
divine	6.5484676	5.216015	6.4095845
put	5.1599436	4.5069594	4.7485776
shadow	4.959023	3.6751342	4.348907
practical	6.104048	4.3438454	6.1671314
surface	5.6403947	3.2236714	4.5468764
account	5.4139843	5.0063243	5.4242067
loss	4.479806	4.977625	4.4597497
indian	5.0770154	4.840314	5.396211
vine	5.680092	4.569145	4.9075003
certain	5.5687213	4.7933197	5.493213
sin	3.9603791	5.0104175	4.5306377
necessity	5.1714845	5.4990177	5.737837
lose	5.2442784	4.765811	4.7708454
private	5.4280577	5.0734696	5.8025875
gentleman	6.6962852	5.0957947	6.066763
daughter	6.792723	4.767793	5.726364
drive	4.0809793	6.0905	5.0202346
strange	5.06063	5.0696397	4.6560116
journey	6.1210613	4.1577435	4.880993
uncle	5.4486933	5.3103595	5.276185
species	5.6051316	3.9959037	5.0166836
think	5.874819	4.786828	5.186178
bed	4.8056183	3.691346	3.9847279
wind	4.5790043	5.1588717	4.9468307
bless	6.8160496	3.9666076	5.2033596
destroy	3.811553	5.5219455	4.621035
author	6.24311	5.06793	5.826675
sustain	5.895378	5.0935526	6.220317
black	4.1331615	3.868864	3.980215
event	6.173017	5.3575153	6.535866
liberty	6.155311	5.4250655	6.5368514
negro	5.2004595	5.6035643	5.0531683
little	5.933781	4.2098703	4.6956625
fortune	6.7224884	5.648988	6.407377
touch	5.488022	4.5979605	4.767734
kill	3.9418375	5.999516	4.5710964
feature	6.585867	4.3719935	6.0662546
happiness	7.3018794	5.0084715	6.1132736
assume	5.482678	4.779629	5.5854044
notion	4.9206734	5.211301	5.3511343
purchase	6.313806	4.9759483	5.976469
faithful	6.483321	4.535221	6.258978
soldier	5.4069843	5.638268	6.2053447
father	6.1366444	4.464831	5.4450874
narrow	3.8020344	4.498369	4.3429303
great	6.345123	4.983388	6.2554064
tear	4.1454268	5.2329526	3.8638191
honorable	6.6789813	5.3436728	7.005327
previous	5.4796968	4.505094	5.452083
good	6.5356493	4.7044516	5.507102
domestic	6.0569158	4.051483	5.3423266
glory	7.6423855	5.3803377	7.052259
lay	5.241788	4.213872	4.6957693
occasion	5.669003	5.2143197	5.591575
guard	5.599776	5.413294	6.3793473
whole	6.2012005	4.3925157	5.6394057
mouth	4.8970213	4.501197	4.291427
receive	6.565212	4.707368	5.872752
take	5.5482516	4.409831	4.812013
simple	6.594342	4.0194445	5.5803485
error	3.4495971	5.3699417	4.690074
wisdom	7.613326	3.9708104	6.6282744
rock	5.3169346	4.3135104	5.1375203
decide	5.601752	4.965015	5.8459954
exclaim	6.2686443	5.87457	5.423443
assure	6.7476397	5.052726	5.899068
sign	5.5514717	4.6568556	5.354639
preserve	6.550884	3.7059443	5.623432
commerce	6.306998	4.4410024	6.264865
plant	5.3590784	4.28109	4.936342
walk	5.766901	4.3771734	4.472923
difference	5.4105206	3.747261	4.8583384
hang	4.5978565	4.3049445	4.0652757
following	6.594896	4.289101	5.5763054
employ	6.0965824	4.686933	5.7696595
