deal	4.9850583	5.227192	5.209853
study	6.999782	4.2596893	6.0801783
afford	6.4966416	4.4639053	5.596474
service	6.445946	4.955214	6.1934843
height	5.9469733	4.1761217	5.5835314
prospect	7.0214343	5.3226576	6.241102
pleasant	7.4832706	3.598675	4.594026
shade	5.442171	3.582313	4.4485173
listen	5.8744936	4.8659844	5.0358944
mighty	5.833516	5.436183	6.338892
country	6.3161016	4.7307534	6.1104136
title	6.929817	4.1837635	6.2293377
choose	6.02934	4.4106064	5.5381255
village	5.9668474	4.1000547	4.93538
acquire	7.1856523	4.9629	6.7443943
rank	6.3958797	5.5620947	6.7056456
bow	5.7451487	3.9406576	5.176979
doctor	5.1318355	4.7693057	5.175677
talent	7.7775126	5.5298767	7.40316
source	6.4469676	4.0118275	5.62486
lead	5.5801253	5.3290844	5.5634117
question	5.4391866	4.9697156	5.802574
publish	6.489795	4.943383	6.8549366
interest	6.522183	5.0343466	6.209571
serve	5.575085	4.695978	5.1081624
divine	6.7335887	4.8146896	6.39897
put	5.185281	4.296775	4.7008963
shadow	5.128177	3.5051856	4.4973183
practical	6.3987303	3.9212782	6.0403748
surface	5.4005833	3.1551645	4.405945
account	5.3862762	5.0590277	5.471364
loss	4.4682326	4.8128424	4.133591
indian	5.2848067	4.4713116	5.132538
vine	5.564542	4.0217037	4.601393
certain	5.8326817	4.7569427	5.532698
sin	3.4891124	4.765662	4.0318184
necessity	5.599632	5.256238	5.826942
lose	5.2774286	4.622017	4.8101273
private	5.5935783	5.0027995	5.8330193
gentleman	6.513758	4.8560853	5.716823
daughter	6.7439327	4.552612	5.6749706
drive	4.00123	5.7716613	4.956166
strange	5.1701283	4.9338093	4.556834
journey	6.3477254	4.209831	4.796845
uncle	5.607382	4.9705253	5.429708
species	5.9300995	4.180118	5.2534175
think	5.747676	4.678871	5.128156
bed	5.0825744	3.533268	3.837162
wind	4.507123	5.221142	4.6790676
bless	6.5691104	4.041417	5.1651435
destroy	3.6729681	5.2107844	4.552948
author	5.9110126	5.0358233	5.8753567
sustain	5.9696794	4.897817	6.080021
black	4.29262	3.938885	4.061107
event	6.068069	5.563239	6.4657116
liberty	6.319922	5.011217	6.4559817
negro	5.2740183	4.5333185	4.701763
little	6.156598	4.0659256	4.6341033
fortune	6.436336	5.242551	6.148924
touch	5.799015	4.3950405	4.712341
kill	3.5698836	6.1820154	4.4369984
feature	6.3294115	4.585814	5.87324
happiness	7.363638	4.903759	6.080065
assume	5.557579	4.315946	5.417718
notion	4.9973254	5.3687334	5.499712
purchase	6.051488	4.7339506	5.596021
faithful	6.1379795	4.915394	6.2157784
soldier	5.8115544	5.2262735	6.2332015
father	5.8971033	4.3941026	5.4071174
narrow	4.240527	4.1661057	4.2714577
great	6.371804	4.915242	6.2294827
tear	4.2896676	4.89487	3.6655512
honorable	6.297063	5.6165714	6.886158
previous	5.4683065	4.3341665	5.0662513
good	6.448088	4.530025	5.2537045
domestic	6.1915345	3.9443104	5.1867404
glory	7.4305944	5.1836576	6.748367
lay	5.473758	4.044118	4.634775
occasion	5.9377966	5.215255	5.8005104
guard	5.3018503	5.446596	6.55751
whole	6.1848383	4.381361	5.663291
mouth	5.571731	4.754884	4.6466904
receive	6.4619603	4.7205176	6.005064
take	5.5357285	4.3094454	4.8626637
simple	6.9460506	3.8565216	5.503556
error	3.7709336	5.157217	4.9511666
wisdom	7.9047427	4.0235753	6.6733017
rock	5.2551174	4.4998255	5.058022
decide	5.492733	5.2760983	5.9473
exclaim	6.1148734	5.5622907	5.3276014
assure	6.6830926	5.0134764	6.090664
sign	5.4976044	4.69569	5.3889866
preserve	6.5235376	4.2996254	5.801944
commerce	6.7616353	4.2835827	6.431311
plant	5.421209	4.259505	4.8907003
walk	5.813784	4.213674	4.3737297
difference	5.4871535	4.1005225	4.9191823
hang	4.402913	4.495382	3.8189368
following	6.584673	4.3433943	5.71798
employ	6.1130075	4.270801	5.6533794
