deal	4.9352703	5.2057076	5.3299932
study	6.7029257	4.2986016	6.01811
afford	6.436494	4.618201	5.8946295
service	6.334232	4.8254833	6.064611
height	5.9279237	4.2286863	5.577171
prospect	7.3658047	4.9537416	6.432022
pleasant	7.412587	3.873821	4.7559814
shade	5.36459	3.5093122	4.3690977
listen	5.73891	4.755913	4.957012
mighty	5.7694454	5.250638	6.2236643
country	6.170596	4.9079742	6.16298
title	6.703609	4.272186	6.2038083
choose	5.665421	4.3086824	5.3682156
village	5.6402106	4.298723	4.748865
acquire	6.9653935	4.899491	6.622595
rank	5.6301246	5.894883	6.5952964
bow	5.800413	4.1891575	5.0587926
doctor	4.577214	4.8409824	4.8668714
talent	7.487227	5.7524652	7.1441946
source	5.963971	4.8425884	5.733015
lead	5.540544	5.433414	5.5658693
question	5.4733806	4.893153	5.7861767
publish	6.352695	4.937713	6.655445
interest	6.713438	5.1166143	6.3956013
serve	5.759809	4.76215	5.3152013
divine	6.423622	5.1369915	6.3921175
put	4.9990005	4.5405526	4.681869
shadow	4.944422	3.7966099	4.4087753
practical	6.497114	4.3868165	6.3056083
surface	5.443622	3.255764	4.482148
account	5.294625	4.981578	5.331677
loss	4.155281	4.795478	4.128591
indian	5.2835674	4.609725	5.4523973
vine	5.60169	4.0231724	4.5760145
certain	5.5875764	4.721574	5.7066507
sin	3.287124	5.224752	4.23804
necessity	5.314945	5.6279936	6.142581
lose	4.9129496	4.8211694	4.69704
private	5.525874	5.189256	5.6530194
gentleman	6.6159406	5.083925	6.1962714
daughter	6.632874	4.6420455	5.6426635
drive	3.9251833	6.392174	5.0582967
strange	4.9799376	4.986098	4.5606446
journey	6.276628	3.8732152	4.853538
uncle	5.8149424	5.054369	5.318028
species	5.840956	4.058109	5.3106117
think	5.567596	4.770611	4.9736423
bed	5.1142983	3.480164	3.7182198
wind	4.57694	5.19868	4.9507666
bless	6.4775014	3.8047242	5.1143775
destroy	3.1878448	5.676027	4.448993
author	6.1501946	4.924885	5.8903713
sustain	6.207045	4.9412956	6.2614346
black	3.996182	4.0474343	3.953894
event	6.256614	5.3741827	6.5832415
liberty	6.1109443	5.1581516	6.5134187
negro	4.911649	5.205606	4.793707
little	6.085813	4.2503457	4.73065
fortune	6.4292374	5.320327	6.389757
touch	5.4966097	4.6562138	4.628081
kill	3.2947116	6.170979	4.3354483
feature	6.2628975	4.447307	5.846407
happiness	6.890047	4.72644	6.001746
assume	5.6099663	4.6007376	5.7263017
notion	4.9931507	5.1614347	5.4466486
purchase	6.152034	4.7579184	5.9496393
faithful	6.173688	5.110475	6.2564745
soldier	5.103348	5.498664	6.201116
father	5.747521	4.4578123	5.3233337
narrow	4.108494	4.196977	4.223949
great	6.445657	5.113967	6.3776855
tear	3.8059192	5.133092	3.7158628
honorable	6.29458	5.367977	6.833317
previous	5.5328403	4.687289	5.4633718
good	6.348556	4.585818	5.4229355
domestic	5.858101	4.3664365	5.2124496
glory	7.474733	5.2933016	6.970808
lay	5.4120817	4.159747	4.762088
occasion	5.8368134	5.1823225	5.851716
guard	5.191035	5.526434	6.005801
whole	6.1560698	4.3777313	5.625715
mouth	4.801872	5.163926	4.67974
receive	6.4903617	4.7005205	5.960227
take	5.458603	4.507771	4.914167
simple	6.942561	4.0239573	5.4947557
error	3.3933475	5.4100704	4.765782
wisdom	7.289549	3.8833156	6.516411
rock	5.23109	4.3749743	5.1424
decide	5.409769	5.0397186	5.4864626
exclaim	5.612962	5.6765485	5.351356
assure	6.4743686	5.214026	6.2001777
sign	5.2954626	4.843436	5.425222
preserve	6.1300697	4.217249	5.5733576
commerce	6.462944	4.5140386	6.480458
plant	5.4036145	4.210584	5.3263283
walk	5.6841164	4.304813	4.591325
difference	5.1601343	3.6460881	4.8046217
hang	4.518951	4.3621607	3.8223588
following	6.62625	4.3348427	5.7167115
employ	6.0667048	4.3926377	5.739374
