deal	5.09425	5.1739254	5.2532105
study	6.901952	4.4012027	6.287615
afford	6.4996877	4.62746	5.459254
service	6.3674617	5.0678525	6.0959516
height	6.1871963	4.5458183	5.9392505
prospect	7.1840925	5.1683483	6.608646
pleasant	7.397764	3.9083357	4.511692
shade	5.4868436	3.6603684	4.275693
listen	5.541643	4.924041	4.7258472
mighty	5.705182	5.1881447	6.058051
country	6.0378947	4.9734917	6.1492844
title	6.606236	4.0160885	5.848348
choose	5.7999487	4.407963	5.335112
village	5.827465	3.9381218	4.850866
acquire	7.230416	4.5700917	6.709241
rank	5.9756217	5.94816	6.4464498
bow	5.6526527	4.359955	4.971239
doctor	4.7428503	5.015577	4.9543486
talent	7.548527	5.6818905	7.234865
source	6.331245	4.627143	5.7309494
lead	5.2899184	5.617005	5.5308967
question	5.3156476	5.1758447	5.96447
publish	6.3914657	4.7321444	6.492415
interest	6.5234327	5.0152287	6.2489614
serve	5.4986787	4.6201744	4.9577374
divine	6.523814	5.048795	6.065181
put	5.0497084	4.534395	4.4792604
shadow	5.02505	3.5185623	4.189668
practical	6.3352866	4.1833634	6.294898
surface	5.6142273	3.2589135	4.3908386
account	5.522674	4.9706755	5.304208
loss	4.255327	5.112973	4.1358767
indian	5.3580847	4.789871	5.3803506
vine	5.8494883	3.957295	4.2986584
certain	5.84774	4.615494	5.429442
sin	3.6949048	5.071122	4.1155186
necessity	5.547513	5.36278	5.7298803
lose	5.0913353	4.6023064	4.571849
private	5.5510263	5.242681	5.8155885
gentleman	6.6803026	5.0705814	5.989607
daughter	6.744913	4.7387643	5.6858783
drive	3.8066027	6.3182387	5.1103306
strange	4.9816647	4.962214	4.559604
journey	6.450076	3.9944048	4.82445
uncle	5.449409	5.0337024	5.6027026
species	5.657618	4.032191	4.9976034
think	5.6667285	4.772031	5.0003963
bed	5.1747174	3.3100436	3.851974
wind	4.701605	5.358036	5.0740905
bless	6.7270007	3.7711473	4.9255514
destroy	3.132441	5.6466017	4.24758
author	5.8354797	5.094369	5.719567
sustain	6.1604776	5.044402	6.1609116
black	4.2240896	4.0017304	3.8988283
event	5.8918147	5.5455914	6.414571
liberty	6.127819	5.2005205	6.476122
negro	5.4342995	5.306184	5.1917515
little	5.9695287	4.2411375	4.6087418
fortune	6.414141	5.6487203	6.3319807
touch	5.4406877	4.637939	4.6688185
kill	3.6741335	6.015408	4.6165595
feature	6.684012	4.432763	6.006725
happiness	6.9773545	4.7446046	5.953161
assume	5.3893538	4.877484	5.3966794
notion	4.693362	5.09549	5.304665
purchase	6.464884	4.789194	6.0499415
faithful	6.2167487	5.0561495	6.1208653
soldier	5.3212547	5.754466	6.2297316
father	5.9570293	4.442106	5.304108
narrow	3.5544772	4.2672014	4.185688
great	6.2852855	5.0565443	6.284982
tear	3.9143589	4.6964355	3.3735614
honorable	6.1977873	5.6704	6.5952806
previous	6.0131617	4.559394	5.3765917
good	6.391607	4.7321224	5.316721
domestic	6.019044	4.2167115	5.327265
glory	7.183899	5.2530527	6.7962685
lay	5.2098155	4.348674	4.5926223
occasion	5.853527	5.229903	5.6002374
guard	5.257507	5.551587	6.257118
whole	6.311183	4.427648	5.7311687
mouth	4.6391897	5.013054	4.499476
receive	6.5780087	4.733103	5.878847
take	5.430368	4.549995	4.797801
simple	6.734256	4.225024	5.3536487
error	3.4714675	5.634756	4.87489
wisdom	7.481432	3.7647889	6.381812
rock	4.8747015	4.5662293	5.0862117
decide	5.5539546	5.2337894	5.820488
exclaim	5.849094	5.7841396	5.449581
assure	6.3525877	5.3314805	5.774991
sign	5.4700766	4.6013355	5.2097287
preserve	6.081743	3.9935477	5.2886
commerce	6.112433	4.300059	6.219392
plant	5.541953	4.2869425	5.0408
walk	5.571582	4.3576593	4.379076
difference	5.473865	3.774211	4.925355
hang	4.31022	4.483757	3.796001
following	6.5996604	4.3493276	5.6519613
employ	5.847485	4.6344366	5.7558208
