deal	4.8047743	5.115231	5.0176754
study	6.8625617	4.399861	6.0031714
afford	6.6946154	4.3151727	5.684219
service	6.386564	4.8999157	5.99408
height	5.8208346	4.505512	5.7709866
prospect	7.1218743	5.3908935	6.613206
pleasant	7.1556935	3.517949	4.1799626
shade	5.816023	3.4016266	4.545411
listen	5.7388296	5.130965	4.8647647
mighty	5.791272	5.469556	6.1798735
country	6.113764	4.905669	6.0881586
title	6.9938946	4.092275	5.9534826
choose	5.7084074	4.357076	5.3738937
village	5.864164	4.0044675	4.718843
acquire	7.006406	4.8910055	6.534049
rank	6.0929465	5.593924	6.5434666
bow	5.6227407	4.183669	5.149967
doctor	4.6642475	4.4056654	4.6462364
talent	7.7099476	5.7327757	7.302661
source	6.5051527	4.2634254	5.658101
lead	5.577222	5.486024	5.4875584
question	5.493408	5.182993	5.9204316
publish	6.5125356	4.422952	6.3622575
interest	6.460479	5.274085	6.215484
serve	5.5808935	4.567469	4.9396205
divine	6.654484	4.719274	6.3080006
put	5.108633	4.3701973	4.639108
shadow	5.2382917	3.6786668	4.586565
practical	6.694532	4.041485	6.2901115
surface	5.5490193	3.0724058	4.2899623
account	5.2598457	4.897342	5.2250266
loss	4.4596615	5.110391	4.2399416
indian	5.127866	4.7489214	5.350024
vine	5.7793994	3.531448	4.1633034
certain	5.6691055	4.6372604	5.4292946
sin	3.4626513	5.209361	4.41455
necessity	5.384556	5.175207	5.693414
lose	5.2627025	4.74759	4.7810707
private	5.425797	5.067757	5.705312
gentleman	6.458482	4.8369327	5.736041
daughter	6.861001	4.7360764	5.807873
drive	4.1177654	6.095586	5.028776
strange	5.2431664	5.163988	4.5973296
journey	6.5805473	4.0318804	4.705594
uncle	5.111331	5.3927674	5.752878
species	5.638417	4.0152044	5.2562428
think	5.6099186	4.774636	4.8843703
bed	5.1332865	3.2481651	3.720806
wind	4.452931	4.7356305	4.7112308
bless	7.0982637	4.0433683	5.296517
destroy	3.7034483	5.4572487	4.609407
author	6.0020905	4.9040084	5.8322883
sustain	5.8862343	4.7888603	6.028122
black	4.2962513	3.9676127	3.9791954
event	5.932233	5.4345803	6.4287567
liberty	6.3431354	5.2191596	6.718213
negro	5.5762024	5.2396746	5.1510286
little	5.991427	4.109881	4.603869
fortune	6.3006654	5.4320574	6.2759724
touch	5.664734	4.2712526	4.4159155
kill	3.5757213	5.7975082	4.329723
feature	7.025603	4.426779	6.12082
happiness	6.941903	4.922574	6.0701814
assume	5.7823277	4.7179136	5.684106
notion	4.6732826	5.3802094	5.217458
purchase	6.3790092	5.1321993	6.1826534
faithful	6.0395813	5.2447624	6.1464834
soldier	5.182762	5.4243217	6.0390987
father	5.8135056	4.6438165	5.399862
narrow	3.870576	4.116114	4.1479187
great	6.400975	5.0528765	6.341239
tear	4.4057245	4.8714657	3.8527951
honorable	6.0270014	5.368799	6.4251847
previous	5.757261	4.621412	5.1642256
good	6.29962	4.6078267	5.258342
domestic	6.141442	3.8367293	5.2435036
glory	7.667042	5.408	7.2102365
lay	5.4205446	3.8919368	4.393202
occasion	5.8130946	5.3606706	5.7975454
guard	5.1814723	5.6941724	6.332251
whole	6.17893	4.332833	5.58593
mouth	4.6180935	4.467039	4.131047
receive	6.562238	4.7435565	5.8468685
take	5.51082	4.5040383	4.8814173
simple	6.646318	3.9874651	5.312441
error	3.61447	5.4407415	5.105972
wisdom	7.4656825	4.2020817	6.718998
rock	5.096395	4.325693	4.7218323
decide	5.4369674	5.307404	5.8112626
exclaim	5.845879	5.87382	5.307408
assure	6.7167234	5.049856	5.861583
sign	5.237298	4.8785934	5.1999464
preserve	6.583393	4.0055056	5.6437883
commerce	6.376118	4.629069	6.383369
plant	5.4521646	3.800074	4.753435
walk	5.9246006	4.4139495	4.5063157
difference	5.403374	3.8444858	4.854522
hang	4.435438	4.3148966	4.0397677
following	6.533459	4.4794564	5.395377
employ	5.9033327	4.615241	5.4997425
