deal	4.8874974	5.334646	4.926357
study	6.749227	4.2686267	5.852366
afford	6.3878527	4.5236225	5.7273793
service	6.468721	5.123748	6.4309626
height	5.582042	4.62243	5.606616
prospect	7.043374	5.0010843	6.305818
pleasant	7.3709445	3.959296	4.701516
shade	5.720274	3.3467355	4.352549
listen	5.7124968	4.826698	4.6538906
mighty	5.8133874	5.3903484	5.816313
country	6.2392707	4.823304	6.1264615
title	6.700838	4.3031893	5.9361672
choose	5.7757006	4.16691	5.5478067
village	5.564748	4.1255918	4.665444
acquire	7.0813847	5.22075	6.6949825
rank	5.8356514	5.7599883	6.518426
bow	5.992607	3.950891	4.886019
doctor	4.724661	4.675606	4.5025187
talent	7.4442825	5.7272825	6.9778137
source	6.3943577	4.6130877	5.900095
lead	5.6603565	5.282566	5.435449
question	5.4785075	5.0724926	5.782962
publish	6.5437007	4.4770646	6.5332375
interest	6.403825	5.1405463	6.2925844
serve	5.644006	4.6892433	5.2615113
divine	6.093919	4.893477	6.20839
put	5.2740154	4.3630342	4.6753616
shadow	5.228586	3.4241037	4.2704043
practical	6.5536504	4.176242	6.3175735
surface	5.6071987	3.2496905	4.5085106
account	5.459441	5.079026	5.5081425
loss	4.4837413	4.705995	4.1108017
indian	5.120434	4.6236796	5.1456747
vine	5.8376765	4.2227893	4.7815943
certain	5.7316003	4.833851	5.71939
sin	3.2464724	5.116869	4.164848
necessity	4.9108677	5.5447397	5.5887356
lose	5.090172	4.700098	4.4604006
private	5.566068	4.844242	5.917664
gentleman	6.4513545	4.7804155	5.5873027
daughter	6.804255	4.8152485	5.6952763
drive	3.951857	5.876316	4.948171
strange	5.0175905	5.1998634	4.6077356
journey	6.248595	4.220141	4.424877
uncle	5.6406493	5.143092	5.4755974
species	5.3843412	4.0853086	5.2906146
think	5.8421583	4.817311	4.9594727
bed	5.185633	3.6705344	4.107226
wind	4.426218	5.0796947	4.7768097
bless	6.8776517	4.138533	5.417007
destroy	3.4778898	5.551128	4.376054
author	6.07406	4.740028	5.8074656
sustain	5.9715276	4.756972	5.96966
black	3.912077	4.2059836	3.8342407
event	6.2126746	5.3308954	6.3194313
liberty	6.356764	5.076613	6.4068036
negro	4.966687	5.19372	4.8856215
little	6.108115	4.190789	4.6768947
fortune	6.472752	5.2416773	5.9598756
touch	5.5522084	4.6040764	4.7623496
kill	3.7707813	6.104086	4.4103966
feature	6.529971	4.5630045	5.958714
happiness	7.1536174	4.835723	5.9692006
assume	5.4067106	4.707946	5.4674916
notion	4.946686	5.2345133	5.329015
purchase	6.0062447	4.9423704	5.67468
faithful	6.1854115	5.0614204	6.397132
soldier	5.685946	5.430718	6.19724
father	6.022313	4.502809	5.325163
narrow	4.106045	4.1582003	4.5031066
great	6.325903	5.02696	6.1482487
tear	4.091388	4.8970866	3.5781994
honorable	6.152389	5.2422996	6.488842
previous	5.2440267	4.7661333	5.342782
good	6.3995504	4.7285676	5.368519
domestic	6.0506983	4.108433	5.46563
glory	7.4450235	5.3027954	6.825474
lay	5.4342017	4.0215187	4.674349
occasion	5.8396416	5.1653724	5.7553225
guard	5.438551	5.41187	6.0518546
whole	6.0595436	4.370953	5.6001596
mouth	4.865286	4.6651344	4.3271956
receive	6.3795033	4.7726316	5.953908
take	5.4922748	4.352931	4.693464
simple	6.7106586	4.089943	5.489119
error	3.5472603	5.035991	4.722952
wisdom	7.5305014	3.7714734	6.4814577
rock	4.915501	4.4899592	5.1548715
decide	5.40998	5.214208	5.6337028
exclaim	5.6957874	5.8194313	5.4623556
assure	6.26715	4.9397306	5.992912
sign	5.1252155	5.2097034	5.3512397
preserve	6.440439	4.0447927	5.728512
commerce	6.4667177	4.366157	6.4162383
plant	5.605955	4.3688774	5.189535
walk	5.5699034	4.656809	4.4843273
difference	5.65033	4.2066517	5.1481624
hang	4.5011435	4.4144764	3.8687377
following	6.711626	4.450256	5.5784397
employ	5.9614315	4.478633	5.8095345
