deal	5.170928	5.252713	5.3522687
study	7.019906	4.5165453	6.2722993
afford	6.6665525	4.2770553	5.7374506
service	6.5281634	4.87973	6.3680763
height	5.5113997	4.7314434	5.6841364
prospect	7.4102592	5.16248	6.5476
pleasant	6.9995403	3.912344	4.637589
shade	5.4584618	3.6746757	4.4603267
listen	5.476957	5.0448275	4.929592
mighty	5.7698827	5.5000496	6.203031
country	6.354989	4.905349	6.2333755
title	7.169164	4.560613	6.441845
choose	5.7358136	4.3961577	5.3196187
village	5.780351	4.010332	4.780302
acquire	7.2585917	4.828962	6.8124313
rank	5.9377522	5.743799	6.6182137
bow	5.5771255	4.126221	5.0478096
doctor	4.516212	4.4111013	4.796454
talent	7.598098	5.71615	7.2300153
source	6.3835573	4.4613376	5.4833145
lead	5.604676	5.5304947	5.7147374
question	5.5329757	4.727801	5.598896
publish	6.2514377	4.98412	6.632709
interest	6.6822567	5.1756663	6.403886
serve	5.804146	4.3940477	5.2042193
divine	6.1284256	5.030314	6.0198445
put	4.9682016	4.5973473	4.5444846
shadow	5.066538	3.8908267	4.5334206
practical	6.195228	4.310873	6.2493477
surface	5.475856	3.3557763	4.5561457
account	5.5403624	5.0992413	5.4953012
loss	4.2340837	4.724754	4.1754704
indian	5.109291	4.6813207	5.0187526
vine	5.713909	4.4345765	4.853859
certain	5.6716313	4.788415	5.545202
sin	3.7180789	5.2436	4.363321
necessity	5.348683	5.4653316	5.800373
lose	5.4170494	4.6688075	4.7144737
private	5.77636	4.850293	5.766111
gentleman	6.804421	5.007023	5.9998875
daughter	6.7501974	4.598888	5.7531075
drive	4.2846227	6.016143	5.176375
strange	5.3368134	5.2195625	4.82173
journey	6.3837605	3.8823962	4.8688703
uncle	5.6648784	5.238926	5.576402
species	5.7121773	4.079217	4.910018
think	5.798919	4.771582	5.082271
bed	4.970192	3.4995122	3.7740664
wind	4.5124297	5.207158	5.0542183
bless	6.7655077	3.8423634	5.2612395
destroy	3.526057	5.4697065	4.4339457
author	5.9173965	5.060906	5.8628664
sustain	5.8897777	4.788903	6.054906
black	4.1928234	3.9972515	4.065529
event	5.9163275	5.548562	6.4351435
liberty	6.2903776	5.2261486	6.4430666
negro	4.9640446	4.8049984	4.2990494
little	5.9434085	4.1897345	4.465403
fortune	6.6686583	5.4031506	6.568881
touch	5.626285	4.4439425	4.652709
kill	3.8223386	5.979374	4.50397
feature	6.5912647	4.5081053	5.911504
happiness	6.959663	4.9126406	5.879448
assume	5.421838	4.798544	5.480449
notion	5.193511	5.4278646	5.480669
purchase	6.3388085	4.6705246	5.922436
faithful	6.3059645	5.0289526	6.7573814
soldier	5.708343	5.2975025	6.4907856
father	6.026496	4.3195953	5.490218
narrow	3.6089144	4.330295	4.203836
great	6.298515	5.0311985	6.2343025
tear	4.184452	4.7180996	3.7921247
honorable	5.958704	5.4101815	6.791394
previous	5.385649	4.7034173	5.2860727
good	6.4224057	4.7899313	5.5071797
domestic	6.023004	3.9693995	5.0994453
glory	7.6625195	5.5238533	7.053282
lay	5.370455	4.0989504	4.5475545
occasion	5.9161696	5.2617497	5.9079957
guard	5.1897807	5.710486	6.458281
whole	6.1061416	4.55561	5.627886
mouth	4.8893614	4.9316335	4.392757
receive	6.3974195	4.7989874	5.868409
take	5.4550405	4.51189	4.8314767
simple	6.999763	4.1090403	5.444725
error	3.5729969	5.3386016	4.8668303
wisdom	7.100464	4.450161	6.4385552
rock	5.000288	4.533641	5.1365843
decide	5.7412004	5.072708	5.73467
exclaim	5.8440657	5.8218737	5.4028
assure	6.7452545	5.297814	6.082712
sign	5.367827	4.818454	5.2274075
preserve	6.4561486	4.07743	5.612415
commerce	6.3240867	4.663159	6.2990546
plant	5.6633425	4.07776	4.902052
walk	5.674694	4.5629416	4.7331862
difference	5.5865145	3.9195952	4.833966
hang	4.728508	4.350043	4.1088495
following	6.499882	4.469733	5.8559594
employ	6.0887537	4.314618	5.5455084
