deal	4.8046246	5.141385	5.2250013
study	6.624646	4.25634	5.873523
afford	6.4342785	4.4178295	5.587919
service	6.311549	4.978036	6.0739603
height	5.824447	4.3571887	5.5899506
prospect	7.3588877	4.975021	6.4163647
pleasant	7.4166026	3.8734362	4.645248
shade	5.6162496	3.6097481	4.383033
listen	5.6645107	4.6368265	4.7546353
mighty	5.472309	5.3419957	6.2235346
country	6.0415034	4.9701004	6.210617
title	6.892185	4.284843	6.08401
choose	5.941712	4.408942	5.494579
village	5.5331216	4.2314763	4.8002367
acquire	7.0659347	4.770546	6.712481
rank	5.710624	5.7720065	6.574859
bow	6.1819477	3.736145	5.411602
doctor	4.6330366	4.6503024	4.9966607
talent	7.234872	5.8199697	7.2158794
source	6.2602987	4.2521014	5.827655
lead	5.4008703	5.4099627	5.6554604
question	5.504079	4.8283362	5.8756437
publish	6.0250697	4.733639	6.677129
interest	6.2939672	5.075783	6.145947
serve	5.7356296	4.4947233	4.9816175
divine	5.8620253	5.1206665	5.8597903
put	5.1645927	4.3418956	4.618852
shadow	4.967093	3.7357879	4.3577433
practical	6.5000944	4.439328	6.5013914
surface	5.5448747	3.1046498	4.433248
account	5.4745464	5.01151	5.425979
loss	4.287178	5.037783	4.3163714
indian	5.2273173	4.755488	5.3618455
vine	5.390879	4.2143483	4.4254227
certain	5.5549436	4.5939827	5.4493437
sin	3.6495647	5.155094	4.3846664
necessity	5.1726646	5.3061914	5.6656985
lose	5.1253824	4.702892	4.625302
private	5.630133	4.8840466	5.7362137
gentleman	6.6091957	4.786819	5.840339
daughter	6.694991	4.7500644	5.859009
drive	4.1922793	5.8578296	5.0576177
strange	4.9665155	4.913208	4.4794674
journey	6.356937	3.7784941	4.673734
uncle	5.9187236	4.980185	5.6153116
species	5.7281466	4.201171	5.352091
think	5.7228928	4.6626763	4.969394
bed	4.9662633	3.6043577	3.8964298
wind	4.5512953	5.2891283	4.9155927
bless	6.644587	4.008562	5.181488
destroy	3.6346576	5.3217454	4.7368503
author	5.988214	5.0029755	5.8002944
sustain	5.9050775	4.987333	6.063469
black	4.3033147	3.8468354	4.0956984
event	6.0761595	5.0705686	6.3967457
liberty	6.448326	5.2736936	6.5948133
negro	5.1229744	5.458145	5.163484
little	6.0426188	4.120367	4.5736704
fortune	6.618858	5.22703	6.465994
touch	5.6989446	4.5855794	4.530932
kill	3.574257	6.010365	4.5202723
feature	6.4004884	4.313424	5.631151
happiness	7.216695	4.917985	6.168025
assume	5.602272	4.549609	5.7270823
notion	5.0369654	5.2461724	5.470386
purchase	6.158533	4.6012216	5.921724
faithful	6.348316	4.8988442	6.3783956
soldier	5.1425786	5.413014	6.2350507
father	5.9472547	4.1917872	5.2357545
narrow	3.9813628	3.9376168	4.038504
great	6.203214	4.9773955	6.2768908
tear	4.076248	4.7640576	3.5819001
honorable	6.149703	5.51781	6.594269
previous	5.306968	4.726239	5.31145
good	6.3314266	4.513366	5.276173
domestic	6.4230456	3.9632273	5.1290264
glory	7.6123433	5.381186	7.1011086
lay	5.269514	3.957657	4.6434984
occasion	5.593601	5.1669955	5.737579
guard	5.3807807	5.515498	6.335
whole	5.9660234	4.429902	5.532509
mouth	5.1314507	4.4742665	4.1662707
receive	6.3257723	4.723602	5.7504873
take	5.4655747	4.3088627	4.775342
simple	7.0404396	3.7740288	5.377697
error	3.9258957	5.2487054	4.9746227
wisdom	8.002722	4.142822	6.7314587
rock	5.148496	4.564496	5.0184875
decide	5.5753546	5.157161	5.982259
exclaim	5.8955107	5.6572866	5.5857005
assure	6.400471	5.0512652	5.949362
sign	5.695876	4.9617147	5.547887
preserve	6.2582097	4.1104655	5.7640347
commerce	6.2574754	4.4040823	6.298136
plant	5.3454742	4.1128335	4.9858675
walk	5.598912	4.096045	4.368214
difference	5.300145	4.0234165	5.01336
hang	4.610917	4.38863	4.0006647
following	6.62769	4.330196	5.7711716
employ	5.911003	4.5274844	5.791206
