deal	5.434691	5.1801786	5.3641887
study	6.873834	4.2112713	6.1681237
afford	6.3509793	4.3932543	5.4617515
service	6.2810116	4.8645053	5.9856567
height	5.744637	4.2837396	5.614076
prospect	7.3027105	4.8935614	6.4563103
pleasant	7.682901	3.7741275	4.6171827
shade	5.3314767	3.5746832	4.482401
listen	5.5821877	4.9935503	4.484856
mighty	5.89721	5.256721	6.2238345
country	6.2098274	4.973346	6.231599
title	6.8727055	3.9558265	6.153845
choose	5.7957163	4.331215	5.4514904
village	5.5767417	4.0977883	4.688806
acquire	7.289458	5.056348	6.9982624
rank	5.994452	5.7171106	6.487999
bow	5.8393183	3.953052	4.8108187
doctor	4.650663	5.002371	5.0279746
talent	7.3537707	5.348295	6.864036
source	6.2920923	4.537904	5.7559705
lead	5.354818	5.480659	5.517315
question	5.2037477	4.93339	5.654715
publish	6.28422	4.5543866	6.380376
interest	6.350833	5.3707404	6.370942
serve	5.6379323	4.6554894	5.1666603
divine	6.3124976	4.9362354	6.1424694
put	5.0959625	4.2834625	4.593568
shadow	5.0877223	3.590883	4.42103
practical	6.2165914	4.062013	5.8956175
surface	5.189235	3.160252	4.6130724
account	5.427676	5.1566997	5.4901347
loss	4.4424057	4.7548776	4.2176733
indian	5.222619	4.7576256	5.30982
vine	5.6117177	3.9697688	4.4906306
certain	5.6185484	4.7439823	5.4662533
sin	3.2826352	5.11456	4.1767707
necessity	5.317981	5.2768645	5.733886
lose	5.3483114	4.744177	4.8088536
private	5.2297707	5.245482	5.5629992
gentleman	6.5046787	5.0096345	5.9007463
daughter	6.607975	4.8622875	5.484666
drive	3.9286566	6.102862	5.267361
strange	5.265189	4.9632254	4.5125
journey	6.4893456	4.1397624	4.9543724
uncle	5.789725	5.2781887	5.653823
species	5.4660583	3.889646	5.0104055
think	5.770885	4.736816	5.0254297
bed	5.161014	3.5741906	3.8822281
wind	4.8090606	5.2345176	5.038299
bless	6.872366	4.0663567	5.2900157
destroy	3.4819245	5.5654016	4.5972586
author	5.9078703	4.9237027	5.801403
sustain	5.832044	4.968249	6.1095166
black	4.1754513	3.8067315	3.8646183
event	6.0297484	5.4653788	6.5791354
liberty	6.2756987	5.1718044	6.4786654
negro	4.972693	5.1030073	4.8889427
little	6.09634	4.2299895	4.668696
fortune	6.4905787	5.141793	6.1409116
touch	5.6095877	4.6878157	4.665695
kill	3.6862617	6.29634	4.60027
feature	6.5063705	4.206164	5.866849
happiness	7.0603523	4.927779	6.2182665
assume	5.4478936	4.586384	5.4071054
notion	4.9375744	4.980695	5.399771
purchase	5.8512144	4.8521786	5.6667266
faithful	6.137572	5.006758	6.06114
soldier	5.3164496	5.622163	6.29296
father	5.913802	4.624661	5.3378987
narrow	4.098148	4.1937237	4.0106273
great	6.2854652	5.01543	6.280545
tear	4.083525	5.0017753	3.63834
honorable	6.133468	5.123436	6.4864254
previous	5.4795876	4.639348	5.2787704
good	6.500213	4.73304	5.4782667
domestic	6.048102	4.033873	5.1533003
glory	7.484658	5.2933683	7.2042565
lay	5.4088306	4.0683484	4.7426944
occasion	5.89891	5.1952186	5.7861485
guard	4.838714	5.774482	6.188499
whole	6.2592626	4.4046383	5.7233324
mouth	5.3794785	4.2378864	4.219396
receive	6.4607644	4.8929467	5.8998137
take	5.5539956	4.3685265	4.821377
simple	6.691323	3.8755088	5.3902507
error	3.4716	5.233543	4.7130413
wisdom	7.5463276	3.8230267	6.599146
rock	5.051235	4.5222054	5.172281
decide	5.448119	5.1956983	5.859623
exclaim	5.79687	6.0700607	5.571416
assure	6.5978503	5.2903504	6.1706414
sign	5.192012	4.9515934	5.2899075
preserve	6.2606053	4.2579007	5.7741733
commerce	6.55341	4.211893	6.249982
plant	5.256629	4.199143	4.9672356
walk	5.664902	4.7110324	4.7100987
difference	5.4326143	3.7825468	5.030355
hang	4.2834926	4.362829	3.7236247
following	6.5717335	4.2555323	5.464554
employ	5.935748	4.8121004	5.836812
