deal	5.296708	5.424623	5.404411
study	7.242242	4.2810326	6.173458
afford	6.8606744	4.409221	5.821064
service	6.1866207	5.012638	6.1556544
height	5.579274	4.63912	5.36532
prospect	7.5889034	4.949998	6.6127734
pleasant	7.685935	3.425217	4.6279945
shade	5.9251	3.0397835	4.5106997
listen	6.175374	4.897189	5.091552
mighty	5.6889877	5.27821	6.0434494
country	6.336372	4.882685	6.198209
title	6.7713766	4.214082	6.0805073
choose	5.6818094	4.201116	5.2377977
village	5.7169046	4.0499825	4.6306334
acquire	6.5838904	5.036668	6.377712
rank	6.0002966	5.8935328	6.6995535
bow	6.147424	3.9714847	5.167689
doctor	4.8466425	5.0276165	5.062384
talent	7.2202344	5.7739644	7.1591377
source	6.5262	4.324302	5.716405
lead	5.5234394	5.3920484	5.484063
question	5.4632025	4.958358	5.8410845
publish	6.7867956	4.8163815	6.710889
interest	6.666176	5.218709	6.489307
serve	5.8140717	4.5511594	5.252971
divine	6.437473	4.909842	6.4016333
put	5.1852098	4.2161603	4.525693
shadow	4.8255587	3.4880528	4.233198
practical	6.446443	4.3420405	6.4531975
surface	5.3766465	3.46142	4.4899707
account	5.645205	4.9541297	5.4276447
loss	4.593668	4.816771	4.2283616
indian	5.3925095	4.7865434	5.3822746
vine	5.945666	3.6067543	4.691055
certain	5.515434	4.853383	5.4111404
sin	3.5519614	4.9861965	4.2155995
necessity	5.3668475	5.142228	5.813086
lose	5.0493345	4.7462196	4.5558686
private	5.47719	5.366701	5.841277
gentleman	6.6841273	4.9734707	5.9217725
daughter	6.6324744	5.097053	5.7632737
drive	3.9465377	6.147484	4.7973733
strange	4.9924273	4.9126735	4.4175673
journey	6.389603	3.7937264	4.7341123
uncle	5.931639	5.1199794	5.3571463
species	6.1630855	4.259677	5.603593
think	5.689433	4.7187257	4.978072
bed	4.951502	3.5896091	3.9028358
wind	4.6730666	4.9992294	4.8599634
bless	6.609318	3.9452002	5.176111
destroy	3.3451028	5.6395044	4.6773844
author	6.426223	4.9974756	5.910408
sustain	5.7859497	4.939448	5.9242086
black	4.5895457	3.9803154	4.1520076
event	6.427241	5.304708	6.6366835
liberty	6.304612	5.222568	6.438134
negro	5.3959665	4.947211	4.819021
little	6.2130823	4.2145452	4.7852287
fortune	6.5594034	5.4961553	6.2473183
touch	5.6042747	4.579602	4.622644
kill	3.9624245	5.96914	4.741662
feature	6.391719	4.5075088	5.8698254
happiness	6.989806	5.016678	6.021804
assume	5.21159	4.4839144	5.385266
notion	4.924736	5.18312	5.382087
purchase	6.347264	4.5376844	5.723501
faithful	5.287971	5.2790394	5.9598885
soldier	5.676347	5.387848	6.3195553
father	6.0579333	4.4691963	5.400188
narrow	3.912144	4.2860346	4.1155496
great	6.30687	4.9902434	6.205443
tear	3.9380114	4.7025247	3.518512
honorable	5.9879446	5.497964	6.565798
previous	5.385142	4.6720924	5.357061
good	6.4037676	4.5710826	5.187461
domestic	6.1482363	4.296399	5.53943
glory	7.4305706	5.2162247	6.9792633
lay	5.598696	3.9358835	4.742961
occasion	5.7895093	5.1670513	5.6735115
guard	5.4992943	5.1980686	6.3728476
whole	6.1789002	4.347655	5.67795
mouth	5.104309	5.0659943	4.7527995
receive	6.481805	4.6386805	5.8634596
take	5.539757	4.359727	4.84793
simple	7.138472	3.9729433	5.5317807
error	3.678197	5.2081194	4.854735
wisdom	7.43455	3.950988	6.584034
rock	5.253377	4.759575	5.2732882
decide	5.724672	5.071891	5.79488
exclaim	5.696123	6.037753	5.4942536
assure	6.8288465	5.2437234	6.0423193
sign	5.4024763	4.943077	5.2216525
preserve	6.506247	3.8768725	5.469311
commerce	6.4172835	4.5940156	6.410954
plant	5.589278	3.91034	4.9548187
walk	5.9243464	4.195954	4.5676026
difference	4.996538	4.005968	4.819146
hang	4.455916	4.463701	3.915563
following	6.621142	4.2132673	5.7366233
employ	6.0198207	4.626128	5.7600565
