deal	5.173709	5.101421	5.268713
study	6.7479944	4.2536817	6.0579376
afford	6.4371758	4.8002915	5.718502
service	6.51057	4.8098145	6.1644125
height	5.853399	4.351493	5.5094347
prospect	7.1533313	5.1968226	6.2473574
pleasant	7.280548	3.5741456	4.551313
shade	5.5580816	3.4895709	4.382379
listen	5.789022	4.767967	4.7524133
mighty	5.678854	5.4979734	6.1643376
country	6.329908	4.83094	6.300906
title	6.7489085	4.0572	6.0074034
choose	5.8487296	4.2753644	5.516409
village	5.6684446	4.3378863	5.0905056
acquire	7.0424676	5.1626444	6.786359
rank	6.080436	5.6999736	6.387011
bow	5.894014	4.042335	5.255563
doctor	4.8964524	4.8718715	4.7706223
talent	7.6099663	5.672765	7.2107887
source	6.4395084	4.52384	5.7046566
lead	5.484321	5.331004	5.6351175
question	5.2211957	4.823741	5.7277174
publish	6.7721515	4.8878374	6.682976
interest	6.4396396	5.102167	6.353315
serve	5.7247076	4.4276285	5.1963854
divine	6.5223885	4.856019	6.04196
put	5.1200795	4.3362617	4.6048203
shadow	5.0542474	3.7024066	4.349055
practical	6.4071093	4.0558977	6.0238404
surface	5.3266187	3.182662	4.3671193
account	5.610249	5.1221914	5.5969424
loss	4.4024305	5.0212197	4.2786484
indian	5.3850303	4.861837	5.460281
vine	6.0828986	3.8880446	4.5182676
certain	5.6773405	4.8331323	5.6458917
sin	3.396553	5.085506	4.0321007
necessity	5.146141	5.4797735	5.8421235
lose	5.2550716	4.847755	4.7388005
private	5.675975	4.9505644	5.728913
gentleman	6.624029	4.772085	5.7664595
daughter	6.8296795	4.7989454	5.5167003
drive	3.829508	6.017995	4.9755144
strange	5.053767	5.120592	4.684114
journey	6.4648304	4.275598	4.706957
uncle	5.980814	4.968697	5.2992973
species	5.673273	4.493452	5.289507
think	5.6598716	4.6756816	5.00294
bed	5.433741	3.5804214	4.0123534
wind	4.7457623	5.1339664	4.831794
bless	6.768588	4.191069	5.2152176
destroy	3.5734332	5.6905775	4.8600807
author	6.140773	5.0895824	5.96879
sustain	5.797268	5.1858845	5.9594536
black	4.1670732	3.9711783	3.9454508
event	6.0908074	5.4558024	6.529145
liberty	6.3916717	4.85104	6.4515147
negro	5.159829	5.170701	4.69021
little	6.243247	4.2380676	4.803225
fortune	6.5825768	5.520794	6.319264
touch	5.6558967	4.433746	4.4778433
kill	4.022309	6.2787857	4.806513
feature	6.328887	4.435851	5.692312
happiness	7.2211013	4.545427	5.868168
assume	5.564607	4.782155	5.7818513
notion	4.886407	5.27266	5.405259
purchase	6.090602	4.7166595	5.895917
faithful	6.230428	5.0391035	6.282497
soldier	5.686558	5.49922	6.244213
father	6.0840025	4.4255586	5.41329
narrow	3.8450956	4.2287416	4.3885894
great	6.378574	5.086634	6.3326335
tear	4.3456783	4.8508577	3.6536102
honorable	6.11341	5.4352922	6.468683
previous	5.742127	4.867493	5.545539
good	6.510012	4.640353	5.429366
domestic	6.1968937	4.1358957	5.3194056
glory	7.4370947	5.284318	7.0125194
lay	5.2802258	4.116782	4.688461
occasion	5.8067336	5.4185233	5.788133
guard	5.2531085	5.619556	6.396957
whole	6.157054	4.5320926	5.6700916
mouth	5.2073793	4.676522	4.55056
receive	6.62531	4.788833	5.9118795
take	5.5496135	4.5078845	4.9337993
simple	6.7174997	3.9413743	5.4880605
error	3.858469	5.3732553	4.8999033
wisdom	7.4433384	4.1064672	6.468439
rock	5.147148	4.5031576	5.0799413
decide	5.5892305	5.110579	5.951189
exclaim	5.5836086	5.831854	5.4163365
assure	6.427378	5.332883	5.911746
sign	5.5481153	4.816989	5.262762
preserve	6.4041924	4.2412724	6.014806
commerce	6.413478	4.706702	6.4678817
plant	5.4778047	3.975306	4.7718515
walk	5.986904	4.285058	4.7060604
difference	5.5613656	4.1009793	5.142187
hang	4.550537	4.616432	4.1586785
following	6.5952544	4.431366	5.7069654
employ	6.178623	4.5199437	5.9847116
