deal	5.0181365	4.990645	5.013761
study	6.934088	4.2905574	6.010177
afford	6.673338	4.4197187	5.540215
service	6.156786	5.0017047	5.9787407
height	5.796909	4.7518845	5.8421154
prospect	7.1405077	5.03179	6.2106733
pleasant	7.1601925	3.4426758	4.2478504
shade	5.7523746	3.475324	4.448771
listen	5.3084536	4.5792923	4.428746
mighty	5.589101	5.2907906	6.089008
country	6.115588	4.8773775	6.17759
title	6.8849173	4.0994806	5.98561
choose	5.7156863	4.3398623	5.3966484
village	5.440215	3.9276276	4.7409873
acquire	6.8966165	4.925461	6.614787
rank	5.8274655	5.9370093	6.48507
bow	5.969118	3.9601786	5.233341
doctor	4.8600583	4.917115	4.981403
talent	7.2254953	5.7273216	6.9469957
source	6.444887	4.5679116	5.7046356
lead	5.517625	5.5267334	5.660818
question	5.5107045	4.9068375	6.0097876
publish	6.524867	4.5880923	6.3704195
interest	6.458426	5.084351	6.3649297
serve	5.632095	4.6742077	5.0394683
divine	6.421345	4.7126265	6.1012573
put	5.3835945	4.4565606	4.7558813
shadow	4.982046	3.674973	4.35722
practical	6.324436	4.133049	6.236239
surface	5.5366297	3.4500546	4.4484973
account	5.2869215	4.9015646	5.2299004
loss	4.326804	4.6889925	4.4465446
indian	5.3809032	4.519171	5.279297
vine	5.9114537	3.8074698	4.4127398
certain	5.691879	4.7619343	5.563862
sin	3.6330404	5.202481	4.2956457
necessity	5.2185335	5.273202	5.6562557
lose	5.2029743	4.7326803	4.787109
private	5.428766	5.0722075	5.6989846
gentleman	6.5186086	4.7723603	5.7770705
daughter	6.452644	4.699732	5.4686255
drive	4.181263	5.8585377	5.0350366
strange	4.997301	4.897908	4.503479
journey	6.5027986	3.5185308	4.614966
uncle	5.981874	5.090188	5.775069
species	5.473985	3.9616206	4.9592924
think	5.7405415	4.652328	4.901109
bed	5.2699466	3.5561538	3.8861084
wind	4.9013467	4.968617	4.82359
bless	7.078189	4.0334015	5.433546
destroy	3.5470665	5.7354374	4.7478747
author	6.0306892	4.996546	5.880639
sustain	5.982843	4.6517096	5.9759274
black	4.489456	3.860204	3.9737468
event	6.169369	5.1989255	6.261055
liberty	6.441024	5.3167987	6.596676
negro	5.4552526	5.117311	4.7938137
little	6.2336054	4.1961246	4.7013774
fortune	6.560231	5.4125686	6.3777204
touch	5.9126163	4.472033	4.6383786
kill	3.5600002	6.020814	4.322391
feature	6.6158366	4.349663	5.944105
happiness	7.0551124	4.9139967	5.902624
assume	5.754941	4.5869846	5.575169
notion	4.7357554	5.1885424	5.464065
purchase	6.0768924	4.911275	5.6594195
faithful	6.122548	4.881924	6.2365184
soldier	5.505917	5.421953	6.2486916
father	5.8925834	4.334383	5.320994
narrow	4.022354	4.4891987	4.4272213
great	6.259953	5.0647435	6.2642627
tear	4.494053	4.531699	3.5957403
honorable	5.784956	5.2507553	6.3425517
previous	5.6056566	4.440087	5.2979527
good	6.4442005	4.7011414	5.406307
domestic	6.2067566	3.9334216	5.24634
glory	7.544859	5.5141745	7.0741835
lay	5.647477	4.038736	4.737459
occasion	5.596263	5.2237363	5.622004
guard	5.119702	5.751706	6.348053
whole	6.184449	4.481283	5.613583
mouth	4.9321613	4.7141275	4.279079
receive	6.447727	4.603436	5.8041697
take	5.644575	4.3979506	4.8683076
simple	6.94588	4.072374	5.478734
error	3.6423364	5.278014	4.942113
wisdom	7.7187347	4.298657	6.9263444
rock	5.0022974	4.581041	4.9768343
decide	5.8341293	5.251747	5.981332
exclaim	5.946868	5.874645	5.4956784
assure	6.4881263	5.01665	5.871395
sign	5.549186	5.0630436	5.4473276
preserve	6.5189195	4.245032	5.9015565
commerce	6.6956773	4.6026926	6.492872
plant	5.5880656	3.8942676	4.988288
walk	5.815962	4.257251	4.552093
difference	5.530051	3.9208512	4.967867
hang	4.764969	4.6112366	3.9111383
following	6.5162964	4.361666	5.5721226
employ	5.495209	4.657337	5.6118355
