deal	4.9978557	5.4020963	5.4800787
study	7.2056284	4.0143313	6.1126304
afford	6.43878	4.6213937	5.719813
service	6.3410125	4.827167	6.1553574
height	5.5641584	4.5163617	5.5962725
prospect	7.2708373	5.312068	6.6156316
pleasant	7.2076273	3.8273053	4.564058
shade	5.5735188	3.6587222	4.666884
listen	5.660589	4.7339506	4.789656
mighty	5.5471783	5.460064	6.213489
country	6.310216	4.950761	6.3643174
title	6.9125967	4.183711	6.209137
choose	5.9658437	4.145211	5.360625
village	5.528314	4.29398	4.8722444
acquire	6.6972837	4.870413	6.40351
rank	5.961926	5.7566285	6.458296
bow	5.5663385	4.232049	5.29221
doctor	4.393876	5.0198784	4.8874946
talent	7.6245794	5.5680094	7.245352
source	6.2405977	4.712212	5.892056
lead	5.6130314	5.4385614	5.5624804
question	5.4466996	5.009542	5.945147
publish	6.5505004	4.9180717	6.6812015
interest	6.587288	5.2249484	6.467104
serve	5.526105	4.3360057	5.007823
divine	6.3780904	4.9984407	6.0856514
put	5.32776	4.211073	4.624803
shadow	4.9533744	3.8132598	4.448595
practical	6.2420673	4.3557854	6.1855745
surface	5.50105	3.436484	4.565727
account	5.6382856	5.020765	5.4177837
loss	4.1270084	4.831255	4.0954475
indian	5.0337696	4.442196	5.0846
vine	6.553486	4.16398	4.9058056
certain	5.638442	4.771685	5.5347137
sin	3.683243	5.1836324	4.2498937
necessity	5.47383	5.265108	6.135342
lose	5.010546	4.666451	4.548246
private	5.760191	4.9621897	5.8351436
gentleman	6.6955986	4.8323417	6.0890555
daughter	6.7514176	4.645381	5.479413
drive	3.913092	6.0245	5.0328884
strange	5.0762997	5.0633535	4.5761695
journey	6.5926247	3.8818727	4.69645
uncle	5.862312	5.116004	5.6866417
species	5.560669	3.9700115	5.1957445
think	5.7819633	4.7154346	5.07452
bed	5.0136366	3.4276667	3.6992238
wind	4.856619	5.1710324	4.966475
bless	6.7828035	3.946567	5.185209
destroy	3.4944963	5.452838	4.3619146
author	6.102487	5.1048555	5.952936
sustain	5.806984	4.845144	6.2760196
black	3.983786	4.0396886	4.1147766
event	6.0495524	5.2536607	6.386542
liberty	6.5697427	5.3991065	6.9099464
negro	5.018175	5.1568584	4.977639
little	6.0234027	4.156603	4.6480083
fortune	6.822851	5.4217005	6.4608345
touch	5.892341	4.4155545	4.73178
kill	3.8351736	5.8217325	4.3638673
feature	6.470809	4.3737273	5.8545184
happiness	7.3934646	4.95425	6.2194066
assume	5.2190924	4.5786786	5.2656546
notion	4.656228	5.600941	5.556191
purchase	6.2024045	4.68959	5.9258127
faithful	6.298638	4.7694416	6.1928697
soldier	5.5398207	5.325049	6.352615
father	5.9151716	4.2845654	5.3606005
narrow	3.6915767	4.286946	4.1525383
great	6.449468	5.019143	6.3761497
tear	4.368636	4.5688767	3.546183
honorable	6.371942	5.4866624	6.5569525
previous	5.5339985	4.5903015	5.21754
good	6.413156	4.658968	5.389762
domestic	6.030318	4.1191134	5.4240904
glory	7.7835846	5.1626825	7.0255513
lay	5.309412	3.8732796	4.5631013
occasion	5.734161	5.2782497	5.7277684
guard	5.2975645	5.468495	6.2784724
whole	6.1177387	4.3905225	5.6221323
mouth	4.972663	4.592055	4.277232
receive	6.620989	4.5421815	5.9230022
take	5.3720064	4.3040237	4.668251
simple	6.6931458	3.8551009	5.4564257
error	3.7796707	5.359783	4.912197
wisdom	7.57243	3.9603994	6.668594
rock	5.2250504	4.357852	4.850499
decide	5.5192156	4.991453	5.8697367
exclaim	5.7826424	5.759468	5.2552867
assure	6.6396637	5.1947923	6.122689
sign	5.4514227	4.521524	4.961888
preserve	6.2231183	3.9855423	5.5766196
commerce	6.2790875	4.78381	6.5683303
plant	5.674193	4.2431607	4.944364
walk	5.906576	4.280329	4.3653607
difference	5.3764358	3.8789458	4.761134
hang	4.35185	4.3302526	3.9854329
following	6.7241817	4.4100027	5.692624
employ	5.6138744	4.3713527	5.485793
