deal	5.121787	5.0612187	5.280654
study	7.1088486	4.2298694	6.2146153
afford	6.71455	4.498508	5.6879516
service	6.5490746	4.9029818	6.203363
height	5.643238	4.569619	5.571596
prospect	6.9275203	5.3714876	6.207865
pleasant	7.4571533	3.7885535	4.5608745
shade	5.393457	3.457684	4.2854586
listen	5.927719	5.0179296	4.756802
mighty	5.7596216	5.39754	6.111389
country	6.157806	4.8881054	6.2438188
title	6.793575	4.229252	6.218981
choose	5.9661818	4.0393195	5.2338367
village	5.662674	4.2186275	4.794705
acquire	7.2345896	4.742294	6.71836
rank	6.085281	5.9082346	6.727366
bow	5.8834796	4.0176554	5.13023
doctor	4.8243656	4.6624794	4.767202
talent	7.403843	5.6462164	7.414857
source	6.815773	4.2005124	5.769084
lead	5.419451	5.3043947	5.473044
question	5.54139	4.9425373	5.989359
publish	6.3322697	4.7068963	6.6640873
interest	6.643354	5.2551985	6.4881067
serve	5.4765635	4.488851	5.0581665
divine	6.767807	5.033827	6.4029555
put	5.4186015	4.267516	4.6137137
shadow	5.1202826	3.3883696	4.2501054
practical	6.577533	4.311482	6.3669057
surface	5.6422405	3.255314	4.8266153
account	5.6311145	5.0796394	5.6010904
loss	4.757235	5.0728836	4.271657
indian	5.2526183	4.765174	5.2961836
vine	5.595741	4.208316	5.043471
certain	5.589628	4.76117	5.5266886
sin	3.525301	5.1593666	4.2780223
necessity	5.208327	5.431263	5.860838
lose	5.2390084	4.5152526	4.541157
private	5.523826	4.9500237	5.6343837
gentleman	6.364232	4.91401	5.915683
daughter	6.906149	4.704824	5.6688466
drive	4.2349377	5.766473	5.0533285
strange	4.884302	5.089945	4.63705
journey	5.8467674	3.9769003	4.301309
uncle	5.7072268	5.158617	5.641901
species	5.760741	4.0584064	5.269446
think	5.665905	4.604243	4.922919
bed	5.289911	3.487913	3.9004197
wind	4.208091	4.8663654	4.5667095
bless	6.822684	4.2413006	5.4248505
destroy	3.7671475	5.278968	4.6446667
author	6.357781	4.9657907	6.0898666
sustain	6.2900333	4.898282	6.0755415
black	4.129838	4.2540827	4.299684
event	6.097925	5.534012	6.479736
liberty	6.359924	5.3749413	6.6949377
negro	4.760292	4.879173	4.4061246
little	6.056166	4.173461	4.6110754
fortune	6.540903	5.7074604	6.405155
touch	5.751276	4.4684343	4.478947
kill	3.7426214	5.9310393	4.5423756
feature	6.2391453	4.463267	5.797265
happiness	7.436475	4.8978066	6.063769
assume	5.560055	4.739033	5.5608664
notion	4.6426725	5.3391037	5.530834
purchase	6.0615873	4.9859657	5.7600803
faithful	6.198661	4.9658523	6.1746235
soldier	5.681234	5.5794735	6.3205485
father	5.9348507	4.5904317	5.493939
narrow	4.0614414	4.4579015	4.5929847
great	6.3461885	4.909361	6.2490463
tear	4.0686827	4.771079	3.5734816
honorable	5.9584117	5.32719	6.486603
previous	5.4359736	4.5164533	5.2766404
good	6.4906325	4.586247	5.4174385
domestic	6.225668	3.8558977	5.3748
glory	7.5534835	5.5069075	7.109427
lay	5.493931	3.846427	4.5259476
occasion	5.9802127	5.1663	5.821802
guard	5.554098	5.488677	6.4934855
whole	6.153849	4.2767735	5.594903
mouth	4.9912505	4.7063704	4.7286654
receive	6.528601	4.588354	5.903822
take	5.6442404	4.2276564	4.789395
simple	6.9650426	4.118768	5.617634
error	3.6696296	5.321711	4.8316374
wisdom	7.7215147	4.272805	6.8359365
rock	5.1447315	4.4305315	5.197123
decide	5.775517	5.1653476	5.969099
exclaim	5.85202	5.770765	5.3357363
assure	6.205115	5.200638	5.769389
sign	5.536629	4.915498	5.36498
preserve	6.239343	4.1874714	5.6653156
commerce	6.4153247	4.230759	6.444749
plant	5.032448	3.9926906	4.887693
walk	5.843539	4.2136517	4.519813
difference	5.3496566	3.8366804	4.795895
hang	4.171854	4.544205	3.9506493
following	6.4877944	4.211684	5.616543
employ	5.9874773	4.126552	5.584228
