deal	5.0836225	5.2184076	5.202099
study	6.8374333	4.408029	6.1181364
afford	6.6180277	4.2706904	5.5383987
service	6.4011693	4.7828298	6.0031967
height	6.1006417	4.3844595	5.718474
prospect	7.0462837	5.032668	6.2806253
pleasant	7.2146406	3.8061278	4.5795417
shade	5.8119855	3.37002	4.4934626
listen	5.5340714	4.5821223	4.679492
mighty	5.666506	5.193832	5.976102
country	6.379493	4.883567	6.2154894
title	6.7272997	4.1114144	5.8555603
choose	5.8672476	4.403002	5.4566507
village	5.6600523	4.170079	4.900557
acquire	7.1741285	5.223681	6.866888
rank	5.890198	5.9714875	6.4634714
bow	5.943792	4.1481905	5.241946
doctor	4.51173	4.727935	4.822752
talent	7.3675623	5.718276	7.1474047
source	6.464585	4.7874365	6.1301904
lead	5.4400268	5.231334	5.360748
question	5.3647323	4.8558617	5.676347
publish	6.340148	4.8488073	6.499895
interest	6.4715447	5.00737	6.3594203
serve	5.5836325	4.4982343	5.0372605
divine	6.4275856	5.037858	6.296637
put	5.2802944	4.1521072	4.429173
shadow	5.203039	3.4584146	4.305391
practical	6.274457	4.2886004	6.293506
surface	5.6770816	3.260245	4.752933
account	5.5353155	5.080507	5.4799824
loss	4.586501	4.8250184	4.190155
indian	5.273634	4.691242	5.280656
vine	5.8069153	4.3300357	4.729903
certain	5.6357875	4.705774	5.4602747
sin	3.2997556	5.041833	4.142394
necessity	5.17976	5.1884427	5.64141
lose	5.2562823	4.65728	4.600538
private	5.3972964	5.056503	5.59476
gentleman	6.5344577	4.9695463	5.689529
daughter	6.562982	4.660118	5.4891305
drive	4.0323343	5.8852687	4.995891
strange	4.9854546	4.937442	4.362254
journey	6.1988907	3.84434	4.5472164
uncle	5.3863134	5.477182	5.846573
species	5.963754	3.9319036	5.2124324
think	5.606293	4.615332	4.8732815
bed	4.906407	3.8054228	4.021676
wind	4.5235677	5.2746325	4.847047
bless	6.827632	3.9519322	5.1898956
destroy	3.7918618	5.371199	4.5425267
author	6.20982	4.8972354	5.8136234
sustain	5.985009	4.7955775	6.206111
black	4.0229387	3.762485	3.7928314
event	5.69546	5.5542254	6.365371
liberty	6.421055	5.285831	6.769435
negro	4.7008495	5.1851997	4.3661966
little	6.1831503	3.9853907	4.5858684
fortune	6.4817495	5.6701555	6.3867607
touch	5.4457207	4.395849	4.57218
kill	3.975919	5.927609	4.622151
feature	6.722066	4.1738815	5.89353
happiness	7.142516	5.032556	6.2093143
assume	5.455338	4.394881	5.5107317
notion	4.902005	5.318245	5.411623
purchase	6.263375	4.866008	5.7334204
faithful	6.0080132	5.460647	6.301297
soldier	5.37284	5.580841	6.3681383
father	5.631838	4.3925076	5.285096
narrow	4.046074	3.8003318	3.9418464
great	6.2717705	4.999718	6.172186
tear	4.1550074	4.7162857	3.515517
honorable	6.187834	5.309732	6.4631033
previous	5.7239313	4.712569	5.400847
good	6.619645	4.5039487	5.407337
domestic	5.900376	3.8476405	5.2091026
glory	7.581741	5.4848495	7.0543356
lay	5.3966346	4.015336	4.723909
occasion	5.754235	5.301789	5.7962646
guard	5.102855	5.61838	5.9618425
whole	6.093419	4.383925	5.5929112
mouth	5.039944	4.748124	4.415202
receive	6.387723	4.502752	5.763295
take	5.53948	4.316512	4.7287083
simple	6.8269873	3.6363559	5.398749
error	3.8327012	5.2695885	4.860558
wisdom	7.418358	4.190358	6.634591
rock	5.4915223	4.226675	5.0727453
decide	5.2675614	5.2103157	5.69886
exclaim	5.87202	5.7729177	5.738252
assure	6.7116857	4.996196	5.910242
sign	5.385035	4.9393153	5.242651
preserve	6.4919252	4.085121	5.596344
commerce	6.6700244	4.364449	6.4722157
plant	5.28959	4.3727303	4.8955564
walk	5.7656174	4.423332	4.4829216
difference	5.670687	3.8341758	4.9570646
hang	4.706743	4.319005	3.9927979
following	6.3043265	4.458165	5.603972
employ	5.629111	4.65371	5.539745
