deal	5.1763287	5.079257	5.3127537
study	6.9530373	4.3219247	6.156987
afford	6.3972344	4.6922917	5.6400595
service	6.201055	4.9520807	6.1070046
height	5.683969	4.731363	5.6540704
prospect	7.0857315	5.182182	6.517911
pleasant	7.3199687	3.8511958	4.610506
shade	5.656926	3.5750153	4.5606575
listen	5.673711	4.954428	5.087243
mighty	5.8496103	5.420803	6.157761
country	6.2196183	4.897772	6.161561
title	7.2102695	4.4747615	6.443753
choose	5.7775707	4.428071	5.3427877
village	5.581555	4.303811	4.70613
acquire	7.125755	4.6881638	6.914015
rank	5.943724	5.7344174	6.435416
bow	5.906718	4.194632	5.238023
doctor	4.890209	4.682297	4.863249
talent	7.4942756	5.562669	7.038709
source	6.2257156	4.5550146	5.7414145
lead	5.7138686	5.330108	5.6861253
question	5.3467846	4.8407826	5.9113283
publish	6.668275	4.862127	6.5386705
interest	6.477458	5.1113677	6.4747996
serve	5.543019	4.7435555	5.0782413
divine	6.345817	5.0292377	5.976898
put	5.1482434	4.4175625	4.510188
shadow	5.1144238	3.6282918	4.3869896
practical	5.9318304	4.153144	6.062994
surface	5.4630637	3.3686326	4.54719
account	5.4292803	5.1257634	5.4132032
loss	4.391991	5.0094943	4.4278064
indian	5.3412437	4.752987	5.489632
vine	6.0622773	4.186963	5.0583897
certain	5.726624	4.874127	5.61433
sin	3.7245307	5.1311812	4.2589536
necessity	5.158013	5.4961653	5.7825627
lose	5.1862597	4.705449	4.6968617
private	5.4596496	4.9869294	5.6936955
gentleman	6.720127	4.863268	5.9249916
daughter	6.8888316	4.7232723	5.6549273
drive	3.8615968	6.065839	4.8504553
strange	5.003448	5.171044	4.762132
journey	6.483927	4.166026	4.8464413
uncle	5.680969	5.039863	5.1337833
species	5.5738535	4.261756	4.881462
think	5.7073092	4.84794	5.051794
bed	5.192771	3.456471	3.9083083
wind	4.4712057	5.1087375	4.7973046
bless	6.8162584	3.9552157	4.990679
destroy	3.3742568	5.7297926	4.5931263
author	6.336101	4.8572335	6.047061
sustain	5.976504	4.8117037	6.1095586
black	4.0045643	4.152763	4.096551
event	6.150012	5.456707	6.4476337
liberty	6.224079	5.404132	6.596895
negro	4.965088	5.218259	4.6254106
little	6.1198106	4.2752295	4.691123
fortune	6.5740004	5.459053	6.5310926
touch	5.5924115	4.5488787	4.602514
kill	3.6042066	6.4733577	4.5629106
feature	6.467384	4.466341	5.8883777
happiness	7.2719502	4.9349785	6.202693
assume	5.5456185	4.4280725	5.511839
notion	5.018427	5.246575	5.556978
purchase	6.3103476	4.9914207	6.033947
faithful	6.299314	4.754504	6.2207994
soldier	5.179157	5.618113	6.250652
father	6.1376934	4.4578123	5.437238
narrow	3.9002993	4.0097365	4.12044
great	6.4218554	5.0555487	6.2561684
tear	4.3275733	4.7770557	3.6964626
honorable	6.200173	5.4582605	6.618986
previous	5.4844203	4.6181703	5.2774324
good	6.52757	4.7595825	5.4503717
domestic	6.1507144	3.9825313	5.158736
glory	7.636146	5.1710033	6.864459
lay	5.33073	4.0548944	4.560119
occasion	5.7891273	5.506957	5.6963167
guard	5.2373633	5.4998627	6.1467156
whole	6.295688	4.4629993	5.716329
mouth	4.890436	4.6568236	4.2554436
receive	6.525395	4.642083	5.7751694
take	5.4417753	4.4538183	4.7474985
simple	6.8659797	3.8658345	5.5966234
error	3.5787704	5.5253043	4.9500556
wisdom	7.6927495	4.203186	7.001009
rock	5.041011	4.558878	4.9203944
decide	5.4049835	5.2231736	5.886587
exclaim	6.0039587	5.901141	5.413352
assure	6.574621	5.1328826	5.9287996
sign	5.5725274	4.8618345	5.386875
preserve	6.365884	4.244703	5.689719
commerce	6.3780985	4.380703	6.1775203
plant	5.5231347	4.0421786	4.967232
walk	5.836689	4.392066	4.488197
difference	5.6049304	3.8116598	4.9599853
hang	4.5540204	4.6208477	4.1048574
following	6.667355	4.260417	5.565625
employ	5.8101277	4.476543	5.7434587
