deal	4.8933935	5.0699253	5.0957503
study	7.039957	4.1689296	6.0362015
afford	6.368652	4.590964	5.519266
service	6.390118	4.7512174	6.106654
height	5.8395524	4.441839	5.706983
prospect	7.114007	5.150081	6.4172306
pleasant	7.096137	3.7669787	4.4929986
shade	5.427284	3.4443004	4.3845973
listen	5.7083225	4.7895794	4.491605
mighty	5.6509056	5.079229	5.980194
country	6.183112	4.86973	6.237481
title	7.014921	4.1261706	6.391217
choose	5.6639996	4.5378776	5.4963717
village	5.7913017	4.240884	4.8564367
acquire	7.1043706	4.808038	6.770095
rank	5.9320416	5.6676755	6.480401
bow	5.588319	4.020262	5.050664
doctor	4.779969	5.0330677	5.0588264
talent	7.5121527	5.620116	7.016805
source	6.188605	4.510334	5.5291543
lead	5.3726883	5.577862	5.5009527
question	5.3922906	5.0656776	5.9714775
publish	6.412405	4.4902472	6.4037437
interest	6.5176024	5.128854	6.3451295
serve	5.3014913	4.6782904	5.1687226
divine	6.6261024	4.9482923	6.430459
put	5.0172005	4.4468274	4.608097
shadow	4.892054	3.7877793	4.264557
practical	6.1623077	4.281654	6.0739007
surface	5.6543727	3.049171	4.422065
account	5.477775	5.0400047	5.4786654
loss	4.2741327	5.024292	4.226235
indian	5.3336067	4.617891	5.260983
vine	5.7117805	4.0818534	4.596742
certain	5.4910364	4.7993464	5.425452
sin	3.6664147	4.945868	4.280086
necessity	5.1159353	5.4285727	5.5430713
lose	5.2171216	4.717143	4.6737776
private	5.719754	4.952943	5.6894813
gentleman	6.62918	4.716574	5.804247
daughter	6.8264065	4.689394	5.707346
drive	3.9256566	6.1951604	4.913472
strange	5.0236354	5.0188174	4.452762
journey	6.2018313	3.8389685	4.741211
uncle	5.8511024	4.9695535	5.4543285
species	5.690066	4.110263	5.075839
think	5.677948	4.7082934	5.0038285
bed	5.205424	3.6604812	3.9302144
wind	4.4301834	4.848897	4.834419
bless	7.0095396	3.8284643	5.467927
destroy	3.6215858	5.746823	4.6199517
author	6.230192	4.938762	5.9821696
sustain	5.768316	4.869543	6.0204678
black	3.9194655	4.093504	4.129094
event	5.9656057	5.408009	6.404555
liberty	6.4596486	5.012928	6.574143
negro	4.895914	5.319254	4.6470466
little	5.982258	4.151715	4.5788307
fortune	6.7292414	5.53226	6.3754725
touch	5.7232523	4.2500315	4.608485
kill	3.7464433	6.28021	4.6887097
feature	6.362423	4.345144	5.915166
happiness	7.1662245	5.0152793	6.065451
assume	5.4277825	4.6445093	5.5149336
notion	4.8116446	5.283787	5.1413546
purchase	6.4121447	4.8225265	5.8263774
faithful	6.112936	4.920735	6.2567787
soldier	5.3857036	5.4749627	6.0685797
father	5.8906293	4.351865	5.367026
narrow	4.388548	4.061112	4.328738
great	6.190239	5.0576305	6.200082
tear	4.0753965	4.832975	3.8292675
honorable	6.140219	5.400016	6.6323195
previous	5.2212825	4.5913367	5.036888
good	6.2646637	4.625197	5.3838687
domestic	6.1464024	3.8896613	5.3411493
glory	7.7295017	5.1122637	7.0928745
lay	5.308868	3.944194	4.5259566
occasion	5.3914657	5.33805	5.534866
guard	5.1919503	5.475561	6.3211637
whole	5.9615626	4.405135	5.5703783
mouth	4.828247	4.8044024	4.4622693
receive	6.3384757	4.7027993	5.798872
take	5.4433703	4.358492	4.76921
simple	6.675684	3.8660867	5.1998196
error	3.2512589	5.365477	4.5468717
wisdom	7.610804	4.2523046	6.8450975
rock	5.0164557	4.459819	4.9609327
decide	5.3932624	5.241308	5.760264
exclaim	5.9958515	5.7677913	5.3563433
assure	6.3485913	5.1140127	5.6423054
sign	5.8060317	4.7316456	5.4612226
preserve	6.2657676	4.1046567	5.729761
commerce	6.402055	4.297033	6.3384485
plant	5.5718837	4.161403	5.1153493
walk	5.741084	4.1764708	4.4498677
difference	5.1644635	4.035416	4.8887987
hang	4.4637423	4.3967423	3.9630313
following	6.3772798	4.379605	5.5512094
employ	5.880223	4.6237044	5.6656594
