deal	5.1048903	5.089507	5.325034
study	6.897351	4.1637635	5.8689113
afford	6.5345464	4.534269	5.437508
service	6.694018	4.6914725	6.080886
height	5.673704	4.389037	5.4672513
prospect	7.1932783	5.2272177	6.5291595
pleasant	7.176564	3.6537278	4.478409
shade	5.836006	3.5112343	4.268706
listen	5.536617	4.914855	4.5547404
mighty	5.8506384	5.382294	6.200698
country	6.272804	4.7096777	6.2182713
title	7.2278757	4.036094	6.406817
choose	5.606687	4.3034916	5.35184
village	5.655819	4.0089436	4.7078047
acquire	7.1220083	4.68087	6.5984483
rank	5.6943913	5.520531	6.1167235
bow	6.121273	3.945801	4.8598504
doctor	4.6845574	4.768709	4.6658173
talent	7.4576807	5.5657225	7.0704064
source	6.544036	4.186022	5.7602243
lead	5.4339414	5.5747266	5.4059715
question	5.3990574	4.986263	5.927684
publish	6.5535436	4.4523187	6.5832324
interest	6.5232506	5.1156797	6.344034
serve	5.5999174	4.555852	5.073353
divine	6.4721746	4.7742786	6.232352
put	4.9772696	4.282845	4.292411
shadow	5.262205	3.5587356	4.2216864
practical	6.435567	4.2226954	6.39653
surface	5.74505	3.2031772	4.625533
account	5.3493276	4.9088326	5.287812
loss	4.5970764	4.860776	4.222195
indian	5.0823812	4.899067	5.2855754
vine	5.7102323	4.074616	5.046031
certain	5.6532793	4.8703985	5.504006
sin	3.581784	5.2691174	4.225323
necessity	5.314602	5.2703896	5.750899
lose	5.274659	4.6926064	4.670267
private	5.46213	4.9604034	5.5570383
gentleman	6.432754	4.817997	5.7931366
daughter	6.710371	4.79158	5.4377446
drive	3.905995	6.0139933	4.903227
strange	4.8593535	4.825294	4.5666957
journey	5.7674875	3.7777743	4.311085
uncle	5.849149	5.3260264	5.7008896
species	5.9079204	4.0863724	5.223418
think	5.552861	4.786991	4.9670935
bed	5.1319227	3.463405	3.827622
wind	4.4658117	4.9801216	4.8329854
bless	7.0400176	3.663552	5.277357
destroy	3.4152486	5.4258432	4.5656137
author	6.207405	5.0497117	6.1401596
sustain	5.9620366	4.7294455	5.9741826
black	4.382312	3.791901	4.0448055
event	5.966011	5.431819	6.410836
liberty	6.618208	4.657934	6.5687275
negro	5.102518	5.3446417	4.876344
little	6.0480947	4.2467475	4.642976
fortune	6.567778	5.6099086	6.5495005
touch	5.620494	4.405753	4.529562
kill	3.5334384	6.2069983	4.362372
feature	6.2550945	4.4461665	5.6677055
happiness	7.2663603	4.7021027	6.048934
assume	5.2559204	4.3789763	5.085015
notion	4.214285	5.527974	5.210596
purchase	6.279805	4.8688145	6.1039877
faithful	6.19208	5.101739	6.612193
soldier	5.1562285	5.566377	6.153339
father	5.931894	4.564052	5.3056526
narrow	4.3375216	4.0233564	4.4545913
great	6.444076	5.084038	6.4111137
tear	4.09696	4.814246	3.6889658
honorable	6.0476832	5.246497	6.3720694
previous	5.383999	4.8093467	5.040057
good	6.4655695	4.4583287	5.294521
domestic	6.0482407	3.830395	5.2803
glory	7.7007403	5.250766	7.055313
lay	5.3711915	4.006596	4.499736
occasion	5.7277703	5.6006145	5.781064
guard	5.508643	5.608683	6.386419
whole	6.067053	4.5903244	5.6451597
mouth	5.3025746	4.5908895	4.5304976
receive	6.343045	4.512089	5.6592813
take	5.533468	4.32632	4.686746
simple	6.7033787	3.9682832	5.396254
error	3.54595	5.311571	4.639078
wisdom	7.822898	3.866629	6.7439156
rock	5.003022	4.5093374	5.0310183
decide	5.470627	5.3615556	6.0193515
exclaim	5.9090767	6.076935	5.3870482
assure	6.594015	5.250473	6.022485
sign	5.41908	5.063345	5.26691
preserve	6.5886526	4.1087403	5.8759794
commerce	6.3383484	4.7979507	6.3903575
plant	5.297869	4.3482046	5.113553
walk	5.7475815	4.3485403	4.4584637
difference	5.570747	3.9891093	4.9343038
hang	4.397742	4.6420183	4.213934
following	6.5455537	4.2719526	5.466264
employ	6.045446	4.4301753	5.680867
