deal	5.5439653	5.1069183	5.4310217
study	6.8640914	4.3215137	6.1022034
afford	6.5245047	4.36292	5.449603
service	6.302324	5.0036407	6.070224
height	5.993506	4.8266926	5.9141626
prospect	6.8354435	5.258662	6.36963
pleasant	7.4772315	3.8549726	4.5768538
shade	5.634395	3.5975494	4.4083095
listen	5.651128	4.780855	4.7529693
mighty	5.597429	5.580916	5.9980054
country	6.140967	4.9406557	6.202304
title	6.450844	4.126844	5.932291
choose	5.791454	4.4742446	5.4794965
village	5.5341644	4.102234	4.6728115
acquire	6.7061114	5.1668477	6.680126
rank	5.797879	5.75473	6.2033205
bow	5.9667377	4.246493	5.1863046
doctor	4.701599	4.729217	4.7332983
talent	7.4978914	5.9074574	7.149356
source	6.5421057	4.59356	6.054573
lead	5.439884	5.419167	5.597179
question	5.5902996	4.908555	6.042034
publish	6.6864676	4.4895673	6.5815
interest	6.3830743	5.0256715	6.3092537
serve	5.7129555	4.6435146	5.1278276
divine	6.605895	4.966702	6.1787076
put	5.2052464	4.4699903	4.7048893
shadow	5.2198753	3.569117	4.318334
practical	6.4037075	4.1748395	6.352092
surface	5.656274	3.2522993	4.7487173
account	5.522966	4.897279	5.369197
loss	4.086584	5.2011557	4.2300572
indian	5.22617	4.5454006	5.1732693
vine	5.713446	3.7295175	4.333782
certain	5.772165	4.7117968	5.562674
sin	3.5876102	5.2135706	4.3056655
necessity	5.382037	5.3368855	5.9531107
lose	5.113113	4.816864	4.5729113
private	5.6448016	4.9250493	5.705436
gentleman	6.5878553	4.873553	5.885235
daughter	6.470068	4.814876	5.408287
drive	3.8835082	6.056305	5.085839
strange	5.108738	5.021953	4.5793686
journey	6.3364005	4.1227136	4.702558
uncle	5.7008424	5.1749883	5.4187193
species	6.0786767	4.146623	5.3856616
think	5.701035	4.8391156	5.0353546
bed	5.092656	3.7319548	3.9306815
wind	4.6844373	5.035789	4.8424835
bless	6.913125	4.103064	5.2081966
destroy	3.496023	5.411318	4.3052115
author	6.2980285	5.0170703	6.0460877
sustain	5.775296	5.037255	6.154138
black	4.3539653	4.0507164	4.1540546
event	6.0214224	5.5272303	6.4765463
liberty	6.33267	5.3341284	6.6078835
negro	4.9125805	4.8336964	4.594021
little	6.217793	4.0927277	4.6330833
fortune	6.463018	5.4505467	6.225685
touch	5.8577547	4.4987	4.8134313
kill	3.3314157	6.2277613	4.260268
feature	6.4872975	4.3705816	5.94993
happiness	7.039714	4.8985114	6.001805
assume	5.4719667	4.667982	5.5856123
notion	4.947082	5.2424936	5.332534
purchase	6.1528172	5.0142236	6.0170527
faithful	6.4950886	4.8640347	6.3106284
soldier	5.439453	5.552931	6.107644
father	5.947964	4.4746284	5.3349695
narrow	4.263187	4.118548	4.392168
great	6.2396994	5.147345	6.272441
tear	3.7842867	4.8761806	3.5350108
honorable	6.0147095	5.340854	6.272518
previous	5.467797	4.530097	5.36261
good	6.430397	4.816236	5.4595923
domestic	6.1845365	3.858749	5.110126
glory	7.3722796	5.557851	7.02374
lay	5.557707	4.0023227	4.724046
occasion	5.9107456	5.474547	5.868335
guard	5.5727563	5.881356	6.278521
whole	6.193502	4.236172	5.498915
mouth	5.3372216	4.443504	4.50538
receive	6.620282	4.5619016	5.821912
take	5.5540047	4.4720135	4.869897
simple	6.8803782	4.118426	5.5259466
error	3.6272714	5.271608	4.7806044
wisdom	7.593891	4.261532	6.803097
rock	5.169514	4.5525184	5.0298967
decide	5.550827	5.176955	5.7325106
exclaim	5.6647644	5.7968597	5.265119
assure	6.485571	5.2724457	6.049235
sign	5.568427	4.950206	5.104733
preserve	6.5769496	4.1920767	5.802902
commerce	6.3536453	4.4085245	6.288975
plant	5.5412145	4.3184667	5.083767
walk	5.722892	4.4337573	4.4446115
difference	5.2538714	3.9173288	4.937083
hang	4.4124513	4.480555	3.8276515
following	6.6194487	4.39271	5.633985
employ	5.911907	4.4217653	5.437502
