deal	5.108203	5.301452	5.2134666
study	6.891408	4.248853	5.949074
afford	6.7176294	4.2772694	5.8018446
service	6.4482303	4.612561	6.149496
height	5.7014627	4.4954014	5.6139255
prospect	7.3905087	5.2352815	6.649324
pleasant	7.1024036	3.9541888	4.473695
shade	5.746196	3.2945688	4.5745792
listen	5.694337	4.7736444	4.7582316
mighty	5.488426	5.465955	6.247027
country	6.103886	4.964123	6.2518973
title	6.579893	4.107788	6.0540524
choose	5.8589883	4.2499924	5.641139
village	5.40446	4.4898095	4.7466593
acquire	6.8480124	4.7030096	6.7550464
rank	5.654716	5.5278025	6.127266
bow	5.9226074	4.4147778	5.1913686
doctor	4.5996923	4.8786316	4.859216
talent	7.422123	5.4336357	7.030266
source	6.136345	4.4863296	5.7228284
lead	5.492004	5.4351873	5.7237773
question	5.416004	4.9386725	5.866709
publish	6.7139792	4.569994	6.543021
interest	6.5955844	5.1437283	6.3194757
serve	5.5529933	4.3788896	5.128253
divine	6.3207245	5.233133	6.2879057
put	5.2175145	4.5253453	4.7478237
shadow	5.0618157	3.4571145	4.3490124
practical	6.1804194	4.235434	6.3243866
surface	5.420186	3.2173145	4.4578314
account	5.649098	5.0241847	5.446731
loss	4.1799746	4.9738216	4.3635516
indian	5.2798605	4.611903	5.2325506
vine	6.1145024	4.1398106	4.6800294
certain	5.7017837	4.7183843	5.649353
sin	3.661923	5.1453056	4.2079005
necessity	5.247662	5.4868975	5.81213
lose	5.1445713	4.7110925	4.6312447
private	5.513521	5.125231	5.7939672
gentleman	6.4763975	4.9427166	5.804344
daughter	6.679857	4.9322443	5.6605525
drive	3.8649564	6.2203126	5.183571
strange	5.092585	4.8484507	4.4297943
journey	6.3670306	3.9195175	4.8039937
uncle	5.9777164	5.2798553	5.5925612
species	5.7064342	4.051414	5.069535
think	5.560073	4.7185616	4.8476105
bed	5.1403313	3.4503112	3.791089
wind	4.525819	5.1482835	4.979637
bless	6.4906964	3.926156	5.1787486
destroy	3.285508	5.7040205	4.3846974
author	6.1295795	4.886986	5.9693584
sustain	5.702765	5.0894747	6.1124244
black	4.113737	4.098086	4.170423
event	5.9883385	5.4211454	6.411859
liberty	6.0661626	5.295179	6.3994436
negro	5.5098004	5.078438	4.929661
little	6.132779	4.213358	4.722354
fortune	6.2615466	5.7742486	6.2478404
touch	5.6246514	4.549606	4.6122065
kill	3.665992	5.923271	4.349863
feature	6.5240707	4.3872232	5.8760786
happiness	7.0265665	4.8900394	6.054725
assume	5.2808313	4.603585	5.4286427
notion	4.7589045	5.1059113	5.263771
purchase	5.6984425	5.243137	6.105286
faithful	6.5380096	4.770752	6.2728424
soldier	5.5353804	5.5445437	6.2084975
father	5.8136625	4.45862	5.3529263
narrow	3.8903608	4.320787	4.3694243
great	6.3283467	5.063821	6.356927
tear	4.3069067	4.730792	3.569582
honorable	5.822129	5.36734	6.4672623
previous	5.6438146	4.2852917	5.3284745
good	6.279792	4.747596	5.3653364
domestic	6.2793674	4.243387	5.484772
glory	7.3778243	5.3028507	6.9772706
lay	5.4654617	4.132953	4.724788
occasion	5.771472	5.308214	5.761187
guard	5.063132	5.5818086	6.2803965
whole	6.078915	4.465742	5.6039
mouth	5.3982353	4.6678834	4.4950495
receive	6.413028	4.7326875	5.9366693
take	5.4892454	4.536634	4.9013753
simple	6.928762	3.9078026	5.5036497
error	3.9453561	4.9816275	4.8354483
wisdom	7.5926886	3.997124	6.640318
rock	5.188752	4.246152	5.093265
decide	5.6380367	5.2671905	6.1541166
exclaim	5.8238196	5.80363	5.405093
assure	6.848689	5.42228	6.260407
sign	5.4491725	4.8619432	5.535637
preserve	6.3408113	4.0709634	5.5931044
commerce	6.3123636	4.611436	6.3006883
plant	5.383088	4.3759212	5.051194
walk	5.7338157	4.4571214	4.60268
difference	5.5201087	4.080757	4.87638
hang	4.2930536	4.468591	3.9732804
following	6.5562754	4.052371	5.579458
employ	5.701629	4.4600844	5.6263313
