deal	5.0165763	5.1514378	5.048964
study	6.766782	4.334585	5.9061594
afford	6.7995567	4.2212987	5.582576
service	6.3970027	5.0657516	6.269889
height	5.6780167	4.5563564	5.6848044
prospect	6.9635034	5.2821217	6.4386806
pleasant	7.1703644	3.6466885	4.402398
shade	5.6002746	3.3305833	4.180755
listen	5.7948875	4.6921515	4.8374405
mighty	5.853918	5.2790604	6.1405115
country	6.3391724	4.8729286	6.2675943
title	6.8541317	4.3554654	6.271303
choose	5.9038754	4.5614014	5.6964874
village	5.715258	4.355853	4.9574623
acquire	6.945287	4.777993	6.6487365
rank	6.0035014	5.82211	6.6412106
bow	5.9982796	4.291939	5.474038
doctor	4.535057	4.689952	4.5670753
talent	7.7199306	5.6399484	7.3180194
source	6.437946	4.2989144	5.8045363
lead	5.371412	5.335756	5.3605423
question	5.4821115	4.665783	5.8122306
publish	6.7330604	4.7010865	6.6714478
interest	6.472479	5.1201215	6.3946686
serve	5.6514916	4.727996	5.3499722
divine	6.489271	4.936707	6.5038877
put	5.2996335	4.4571023	4.714634
shadow	5.1329556	3.6384633	4.364069
practical	6.2253933	3.961265	6.1300044
surface	5.3743825	3.4393945	4.537613
account	5.6216307	5.159666	5.575717
loss	4.4375362	4.8970933	4.2866635
indian	5.3505273	4.6542015	5.2517853
vine	6.002756	3.7977915	4.794286
certain	5.634941	4.697072	5.493141
sin	3.4652717	4.97628	4.120049
necessity	5.5588937	5.294263	5.902485
lose	5.1929793	4.8025403	4.7581825
private	5.455987	4.953773	5.674885
gentleman	6.5537186	4.961915	5.961106
daughter	6.533929	4.964867	5.8057218
drive	4.205057	6.1228786	5.1444793
strange	5.344222	5.3378987	4.734803
journey	6.0341935	4.1185284	4.8129272
uncle	5.7693486	5.3989954	5.763169
species	5.8988094	4.1236963	5.402438
think	5.641315	4.7838354	5.026466
bed	4.973486	3.449509	3.7646089
wind	4.4018106	5.354264	4.8150663
bless	6.724573	3.8777542	5.2215447
destroy	3.7144089	5.660779	4.6396694
author	6.4272447	5.033676	5.955854
sustain	6.0957484	4.958813	6.268779
black	4.3572235	4.439207	4.3649745
event	6.225156	5.431839	6.548664
liberty	6.302489	5.123128	6.428245
negro	5.580624	5.1794686	4.955618
little	6.1876416	4.152308	4.6263103
fortune	6.33941	5.6554956	6.2763834
touch	5.680432	4.569034	4.6352344
kill	3.7301795	6.0350275	4.4404945
feature	6.4673266	4.4918823	5.9835978
happiness	7.1222324	4.830256	6.1722145
assume	5.467188	4.5186467	5.5655937
notion	4.8115797	5.172544	5.2287054
purchase	6.2202153	4.749165	5.565255
faithful	5.913499	5.3238153	6.189269
soldier	5.536057	5.3634825	6.223106
father	5.8242025	4.5867095	5.3385644
narrow	4.0198407	4.1699257	4.339127
great	6.4671216	5.0373116	6.3592033
tear	4.2757287	5.0609937	3.9014246
honorable	6.0316935	5.7445993	6.9294653
previous	5.3350563	4.483109	5.147903
good	6.500531	4.6457067	5.446614
domestic	6.235851	3.7704582	5.2370954
glory	7.603668	5.351823	7.0399075
lay	5.5583887	4.084471	4.6760345
occasion	5.85771	5.2995253	5.8201385
guard	5.5676126	5.6126413	6.286976
whole	6.1247253	4.565189	5.664254
mouth	5.1902847	4.6534314	4.663244
receive	6.574417	4.7855816	6.097902
take	5.638734	4.468395	4.90359
simple	6.89827	4.0937963	5.5375466
error	3.5044575	5.4255733	4.9245944
wisdom	7.5008345	4.5206757	6.9833484
rock	4.877503	4.5810275	5.074687
decide	5.5233192	5.052602	5.899376
exclaim	5.6449356	5.8069973	5.229978
assure	6.661681	5.2772775	6.1780314
sign	5.4700704	5.1309824	5.534663
preserve	6.6639757	4.100729	5.731449
commerce	6.35961	4.335451	6.335881
plant	5.5369434	4.23464	4.985647
walk	5.8010383	4.340281	4.374584
difference	5.583118	4.113844	5.1097956
hang	4.5785265	4.541723	4.050859
following	6.760262	4.3823338	5.6164966
employ	5.9894376	4.6240187	5.711812
