deal	4.9464097	4.744075	4.974009
study	6.692923	4.3429585	6.0081615
afford	6.547681	4.7693624	5.808056
service	6.3388457	4.9969826	5.9768357
height	5.6320996	4.956976	5.61658
prospect	7.329569	5.455421	6.48012
pleasant	7.0458584	3.8425255	4.438575
shade	5.4912815	3.5515547	4.259358
listen	5.913944	4.765684	4.6977925
mighty	5.702424	5.1698008	6.018418
country	6.3113933	4.9247212	6.2071385
title	6.6883163	4.121212	6.081296
choose	5.83396	4.309764	5.4187
village	5.8269253	4.2341785	4.913812
acquire	6.9419727	5.0041046	6.6547356
rank	6.0291615	5.7387705	6.2969007
bow	5.382596	4.009672	5.0430665
doctor	4.8524685	4.890012	5.051421
talent	7.541485	5.70221	7.390167
source	6.5417957	4.6212363	5.847393
lead	5.722568	5.3820925	5.668196
question	5.306655	4.9722753	5.8123918
publish	6.3857975	4.8756933	6.4664383
interest	6.4357443	5.2977324	6.3729153
serve	5.603516	4.417945	4.82977
divine	6.458215	4.9542522	6.159257
put	5.1974297	4.3123245	4.47035
shadow	4.628523	3.4956367	4.21978
practical	6.3911157	4.5450587	6.3950295
surface	5.634403	3.2516584	4.7232437
account	5.4942565	5.0228915	5.4226403
loss	4.851718	4.977556	4.470387
indian	5.0992618	4.7272387	5.1537614
vine	5.809743	4.231856	4.5125504
certain	5.8147793	4.769132	5.586702
sin	3.699031	5.320109	4.478138
necessity	5.341844	5.4776025	6.0321054
lose	5.3136783	4.609342	4.650489
private	5.7068334	4.972099	5.5905805
gentleman	6.635556	4.9676895	5.8633127
daughter	7.0336313	4.873854	5.781708
drive	4.3259163	5.9325356	4.977299
strange	4.908654	5.195964	4.5332537
journey	6.5143423	3.9156528	4.9792094
uncle	6.005086	5.0703416	5.6756115
species	5.616331	3.5882678	4.995602
think	5.7054167	4.751047	4.9917073
bed	5.226981	3.5177135	4.0727916
wind	4.5841074	5.031896	4.792444
bless	6.9180665	4.051985	5.3609333
destroy	3.585993	5.561803	4.6161256
author	6.103016	5.192706	5.956209
sustain	6.221997	4.902976	6.214113
black	4.1502705	3.9557292	3.8986447
event	5.9988904	5.284872	6.338563
liberty	6.276285	5.5404153	6.5975976
negro	4.818157	5.2829885	4.199681
little	6.001754	4.178186	4.554782
fortune	6.5230303	5.4354095	6.2547097
touch	5.6575046	4.4603915	4.6703157
kill	3.7230191	6.022118	4.5983205
feature	6.4478965	4.4349737	5.9851823
happiness	7.1276064	5.022708	5.970272
assume	5.3168535	4.7022266	5.3428335
notion	4.7015867	5.3472195	5.130435
purchase	6.121304	4.728442	5.6028647
faithful	6.3198857	4.979348	6.453048
soldier	5.485967	5.449111	6.075878
father	6.203953	4.6068664	5.6117277
narrow	3.9820278	4.0170155	4.2794805
great	6.4093056	5.031542	6.2589293
tear	4.4860587	4.705734	3.651721
honorable	6.103915	5.437088	6.5054083
previous	5.632901	4.609049	5.213382
good	6.4924636	4.6625543	5.423042
domestic	6.2811527	3.9012413	5.169698
glory	7.658759	5.422986	6.9720435
lay	5.2901993	3.9556046	4.5160546
occasion	5.9065766	5.3008537	5.8175263
guard	5.3715663	5.3684826	6.168988
whole	6.0888906	4.3453593	5.483769
mouth	5.2908816	4.7460585	4.5285654
receive	6.7782583	4.6019173	5.965168
take	5.4828095	4.386223	4.781124
simple	6.739464	3.9973297	5.294573
error	3.8866682	5.3197517	5.023651
wisdom	7.54842	3.9702456	6.532762
rock	5.4253497	4.4544244	5.039613
decide	5.5040417	5.0438027	5.906266
exclaim	6.179562	5.712009	5.6125374
assure	6.673559	5.2710457	6.038563
sign	5.248174	4.97297	5.4654617
preserve	6.3224134	4.046722	5.6305676
commerce	6.603879	4.196086	6.337085
plant	5.522243	4.275899	5.0826187
walk	5.5035105	4.6203346	4.4269786
difference	5.402077	3.8495274	4.8937306
hang	4.241705	4.2968287	3.573464
following	6.68705	4.3951297	5.757659
employ	5.881793	4.4501414	5.5962815
