deal	4.9217114	5.3196964	5.1250153
study	6.771456	4.317152	6.0932345
afford	6.6944656	4.6663437	5.9175377
service	6.403706	4.748477	6.0206566
height	5.7463164	4.6801558	5.6809974
prospect	6.9329405	5.411326	6.4161215
pleasant	7.467369	3.5817752	4.297738
shade	5.964273	3.3953815	4.4223704
listen	5.7574997	4.899483	5.0381355
mighty	5.895298	5.1408377	6.0211368
country	6.219561	4.987097	6.1705313
title	6.6168566	4.469437	6.088799
choose	5.7566047	4.3276815	5.41854
village	5.607354	4.341304	4.6607895
acquire	7.19859	4.7254944	6.670409
rank	6.022126	5.7391896	6.498719
bow	6.048641	4.215642	5.158244
doctor	4.654254	4.566662	4.715623
talent	7.5625343	5.6842403	7.2049255
source	6.6167965	4.518666	5.8786144
lead	5.564267	5.271452	5.639225
question	5.4292297	5.03506	5.938757
publish	6.5985723	4.588093	6.4739084
interest	6.409189	5.217307	6.3820076
serve	6.0523043	4.412013	5.0994015
divine	6.3245816	5.2105155	6.3124332
put	5.043483	4.1801424	4.5337343
shadow	4.9412117	3.6393232	4.3079414
practical	6.3822765	4.076688	6.006254
surface	5.886042	3.2057796	4.5546656
account	5.611021	4.996458	5.343955
loss	4.4734383	4.7093005	3.9866552
indian	5.0564275	4.8888206	5.366347
vine	6.19834	4.099158	4.932844
certain	5.751243	4.765887	5.6537595
sin	3.445939	5.206979	4.0844345
necessity	5.1593204	5.599824	5.90405
lose	5.3028727	4.511749	4.5644293
private	5.9428267	5.084207	5.9642744
gentleman	6.6875434	4.90304	5.9023104
daughter	6.563029	4.5913315	5.3056803
drive	3.8895724	5.9762764	5.0065336
strange	4.9554396	5.043333	4.45168
journey	6.4543133	3.6714158	4.8023605
uncle	5.4870286	5.0985065	5.063195
species	5.5290003	4.434966	5.036729
think	5.679461	4.637506	4.9377866
bed	5.2970157	3.560997	4.0411816
wind	4.669468	5.024021	4.92989
bless	6.855152	3.829703	5.0388556
destroy	3.4534843	5.2982745	4.260069
author	6.131954	4.9574566	5.743576
sustain	5.7043886	5.1829762	6.1406984
black	4.602284	4.0420623	4.0470414
event	6.1369553	5.498564	6.478685
liberty	6.4650736	5.188776	6.504669
negro	5.198408	4.948398	4.7130766
little	6.0512543	4.077812	4.5740438
fortune	6.4748073	5.436424	6.17883
touch	5.6488075	4.5202417	4.589043
kill	3.7566621	5.869863	4.471463
feature	6.263223	4.6675663	5.946532
happiness	7.330941	4.8255897	6.0402184
assume	5.5492496	4.7736506	5.771969
notion	4.737499	5.2659545	5.336847
purchase	6.1334095	4.837881	5.765862
faithful	6.125338	4.907137	6.036305
soldier	5.4436927	5.2128587	6.0594373
father	5.889566	4.4054246	5.1710677
narrow	4.2407312	4.2574224	4.239501
great	6.473773	5.0100436	6.3292933
tear	4.0524793	4.8080482	3.5721397
honorable	5.999637	5.4376125	6.544223
previous	5.623903	4.489176	5.28867
good	6.3887286	4.539324	5.3234615
domestic	5.9776087	4.39921	5.2700334
glory	7.5171785	5.501707	7.0368958
lay	5.1586003	3.8645833	4.5271854
occasion	5.657502	5.2888756	5.841032
guard	5.29627	5.555909	6.2368636
whole	6.21386	4.344409	5.599765
mouth	5.5600734	4.597501	4.6584206
receive	6.5450315	4.7005134	5.9324036
take	5.4783607	4.258155	4.8054776
simple	7.062191	4.1110573	5.6861315
error	3.6973083	5.1522217	4.482962
wisdom	7.972346	3.839765	6.614232
rock	5.3613954	4.351763	4.9264812
decide	5.7294626	4.825447	5.7414503
exclaim	5.529462	5.640794	5.1894827
assure	6.3145	5.192575	5.935858
sign	5.4973555	4.412235	5.104248
preserve	6.581201	4.0006237	5.473715
commerce	6.612527	4.3788943	6.5582623
plant	5.674195	3.973632	4.980841
walk	5.9182568	4.0343437	4.568686
difference	5.3398757	3.8261971	5.075835
hang	4.676222	4.3719373	4.175196
following	6.8659716	4.3922	5.6634545
employ	5.952221	4.2734766	5.570034
