deal	5.087319	5.1905794	5.147476
study	6.899179	4.2121744	5.9972105
afford	6.4811487	4.5551376	5.614454
service	6.4736795	4.7493443	6.127962
height	5.5199065	4.608196	5.2953663
prospect	7.0113935	4.9532638	6.1896057
pleasant	7.5267267	3.7775855	4.439144
shade	5.532437	3.2852879	4.1440554
listen	5.871756	4.871771	4.848333
mighty	5.7396336	5.1092887	6.31743
country	6.155227	4.7993503	6.2195597
title	6.4952917	4.4337006	5.9936295
choose	5.436604	4.447802	5.1595554
village	5.666603	4.0277376	4.77128
acquire	6.6661677	4.7989554	6.3636885
rank	5.928892	5.5748315	6.449438
bow	5.5912576	4.078952	4.9741907
doctor	4.811843	4.8301325	4.9301205
talent	7.3480864	5.7861595	7.0264263
source	6.2719502	4.4954057	5.8333097
lead	5.4926763	5.632122	5.6488037
question	5.2842865	4.9068813	5.712923
publish	6.098319	4.959004	6.482532
interest	6.5909243	5.1124883	6.3827734
serve	5.6416173	4.4255753	5.1538086
divine	6.2106066	5.015624	6.484584
put	5.0468802	4.37399	4.6278667
shadow	5.0348463	3.4555967	4.0061636
practical	6.189163	4.243264	6.166543
surface	5.3962164	3.4485984	4.5076566
account	5.2249475	4.992013	5.2448044
loss	4.3459353	5.085559	4.328479
indian	5.04433	4.611107	5.17956
vine	5.6203947	3.8374093	4.4636674
certain	5.4649754	4.729275	5.4244156
sin	3.5637848	4.9015756	4.173161
necessity	5.0678267	5.3491845	5.6161227
lose	4.950731	4.6851187	4.5262613
private	5.4872117	4.9977083	5.5942116
gentleman	6.6306353	4.8364787	6.0107875
daughter	6.8958073	4.6712766	5.7739697
drive	4.091317	5.9630084	5.0768385
strange	4.785407	5.0693283	4.4108167
journey	5.9672513	3.9854124	4.789347
uncle	5.8465667	4.9135256	5.4684906
species	5.8394165	4.0028534	5.1390505
think	5.5109205	4.7771654	4.918442
bed	5.0875483	3.5543666	3.9787917
wind	4.701204	4.986265	4.8711433
bless	6.568503	3.9897614	5.1796646
destroy	3.7123759	5.586825	4.744793
author	6.0334134	5.253756	5.9996142
sustain	5.782961	5.0445895	6.009487
black	4.3665013	3.9401348	4.13975
event	5.8184066	5.3327284	6.4357853
liberty	6.342231	5.236821	6.7648616
negro	5.3190675	4.873888	5.2735333
little	6.027123	4.249471	4.677878
fortune	6.165028	5.72377	6.3169174
touch	5.6503625	4.7016172	4.6616073
kill	3.9231527	5.8566236	4.3627505
feature	6.5192842	4.493003	5.97836
happiness	7.2882414	4.8677726	6.1294107
assume	5.257124	4.843932	5.4146223
notion	4.37005	5.2157693	5.3696604
purchase	6.1089745	4.6357574	5.8565855
faithful	6.7622747	5.0553703	6.893671
soldier	5.4574423	5.584252	6.2630434
father	5.99625	4.337574	5.297632
narrow	3.888675	4.2616835	4.3367753
great	6.289385	4.9721394	6.24914
tear	4.3399234	5.0606265	3.7951229
honorable	6.0065126	5.387306	6.6308746
previous	4.901448	4.6960635	4.9406734
good	6.426639	4.658276	5.4086237
domestic	6.26574	3.956828	5.3279343
glory	7.495894	5.275157	6.9467983
lay	5.290839	3.9947393	4.6452723
occasion	5.715924	5.290781	5.67808
guard	5.2452273	5.572564	6.138879
whole	5.9730177	4.472097	5.6608253
mouth	5.250421	4.6266227	4.4074554
receive	6.3937783	4.6379232	5.8202934
take	5.444107	4.439248	4.843677
simple	6.8491855	4.071834	5.509508
error	3.4339	5.314311	4.7009306
wisdom	7.0047393	4.291238	6.5811157
rock	5.1213827	4.517	4.8094525
decide	5.1402507	5.0216093	5.759088
exclaim	6.142399	5.767844	5.477566
assure	6.373507	5.323563	6.370166
sign	5.734087	4.677493	5.325626
preserve	6.6424503	4.0266767	5.878576
commerce	6.2425084	4.256221	6.131158
plant	5.4570613	4.097053	4.8736014
walk	5.9773846	4.4440184	4.6828713
difference	5.652869	3.8761518	4.9993267
hang	4.504024	4.4102182	4.0576954
following	6.607026	4.2963996	5.608133
employ	6.06406	4.557972	5.834841
