deal	5.030422	5.007914	4.891866
study	6.7910867	4.2841706	5.854488
afford	6.714978	4.593606	5.7111464
service	6.3630147	4.5145893	5.876873
height	5.566036	4.549232	5.392764
prospect	7.0790462	5.12431	6.3272324
pleasant	7.233922	3.6565442	4.3093705
shade	5.710155	3.7770655	4.6494384
listen	5.835272	4.988529	4.981328
mighty	5.8917117	5.4241867	6.1745577
country	6.1524625	4.6439085	5.9248676
title	6.5087442	4.212278	5.860729
choose	5.380372	4.191678	5.0603557
village	5.620294	3.9307659	4.675675
acquire	6.955712	5.0322237	6.562278
rank	5.867405	5.5563617	6.3201294
bow	6.2874994	4.279441	5.396724
doctor	4.185166	4.959535	4.6102724
talent	7.314714	5.7570567	7.1898346
source	6.4906735	4.592769	5.840974
lead	5.426247	5.409856	5.438587
question	5.4266214	4.906044	5.866562
publish	6.3901997	4.8807325	6.412963
interest	6.6693497	5.2977896	6.439168
serve	5.442431	4.2354894	4.642248
divine	6.452547	5.3012867	6.3514423
put	5.115819	4.3106656	4.5469103
shadow	5.3396297	3.710327	4.532412
practical	6.276434	4.0750074	6.061342
surface	5.526075	3.2028534	4.6008716
account	5.338512	5.0168467	5.2086954
loss	4.333157	4.91939	4.245751
indian	4.7084465	4.783391	5.1299887
vine	5.7996016	4.152084	4.7200766
certain	5.542391	4.8577466	5.513528
sin	3.5459957	4.980657	3.988854
necessity	5.157234	5.5249224	5.912486
lose	5.189278	4.7377276	4.6052775
private	5.5992427	5.0423393	5.7800326
gentleman	6.3417206	4.6716914	5.592973
daughter	6.68957	4.630282	5.560858
drive	3.889387	5.787368	4.861861
strange	4.57514	5.1974916	4.4202404
journey	6.3288217	3.8689132	4.469518
uncle	5.7801743	5.054064	5.376143
species	5.8243136	4.1955733	5.297945
think	5.5411525	4.735968	4.7953486
bed	5.28797	3.5375936	3.9338512
wind	4.3868885	5.175151	4.8048224
bless	6.748353	3.9410834	5.0671635
destroy	3.623214	5.50377	4.657035
author	5.980525	5.1709633	5.808956
sustain	5.8854547	5.0192933	5.9661264
black	4.300395	3.8994887	3.8691864
event	5.8155193	5.423609	6.3791256
liberty	6.4039884	5.134457	6.62175
negro	5.076408	5.0150557	4.7151604
little	6.1245046	4.1106133	4.684924
fortune	6.4267645	5.379856	6.0080624
touch	5.6357937	4.537323	4.6075835
kill	3.5335135	6.012808	4.348969
feature	6.0926547	4.795603	5.8012943
happiness	6.9945626	4.729196	5.9893265
assume	5.3018284	4.6719995	5.402893
notion	4.8702674	5.4738297	5.4435525
purchase	5.9392576	4.8013945	5.682597
faithful	6.500359	4.742751	6.328874
soldier	5.0688443	5.446069	6.1491556
father	5.985156	4.366139	5.210673
narrow	4.2607727	3.7257035	4.094681
great	6.3671093	4.9267607	6.194703
tear	4.190991	4.8634586	3.627809
honorable	6.0249147	5.3953857	6.469225
previous	5.225191	4.7693467	5.1840525
good	6.26921	4.6072345	5.182557
domestic	6.2301574	3.959002	5.4456615
glory	7.338338	5.307381	6.7592525
lay	5.4333444	4.1040335	4.708688
occasion	5.6434603	5.441061	5.6979675
guard	5.1697307	5.646736	6.3077784
whole	6.1710105	4.2769303	5.418955
mouth	5.0270777	4.6862755	4.4622974
receive	6.446657	4.8460402	5.792073
take	5.5702343	4.375719	4.773169
simple	6.746882	3.974491	5.292847
error	3.7988973	5.4107943	4.9239564
wisdom	7.390068	4.5770483	6.6903305
rock	5.0561895	4.5458426	4.943722
decide	5.5323815	5.0500007	5.832828
exclaim	5.5857186	5.9412646	5.4675016
assure	6.556589	5.229331	6.091328
sign	5.753929	5.030225	5.107351
preserve	6.1399446	3.9404318	5.4524255
commerce	6.6158466	3.986228	6.3966503
plant	5.807523	3.980001	4.943686
walk	5.9327364	4.299162	4.5337224
difference	5.4519835	4.0639668	5.037266
hang	4.243885	4.38795	3.7664487
following	6.561326	4.304389	5.7147417
employ	6.0582285	4.43008	5.7858615
