deal	5.1264825	5.187599	5.259382
study	6.6289673	4.1612034	5.705485
afford	6.4760857	4.3279305	5.6329675
service	6.3772025	4.667988	6.1318197
height	5.84424	4.6664	5.89333
prospect	7.235265	4.8289623	6.447467
pleasant	6.9525867	3.606112	4.243616
shade	5.642206	3.2791548	4.29362
listen	5.9805474	4.6847615	4.8507986
mighty	5.541285	5.601019	6.232106
country	6.126967	4.8331575	6.15491
title	6.445796	4.393675	6.2043295
choose	5.559718	4.2957106	5.2399955
village	5.5906925	4.165366	4.727849
acquire	7.22396	4.8227787	6.882364
rank	5.766451	5.6738896	6.301627
bow	5.9532976	4.200648	5.1507664
doctor	4.6961946	4.9975185	4.8785768
talent	7.3958592	5.60738	7.2599354
source	6.084026	4.4490385	5.615741
lead	5.3456106	5.420326	5.384671
question	5.423065	5.053253	5.9344707
publish	6.1144214	4.5578427	6.2434525
interest	6.4932804	5.338057	6.5591235
serve	5.3898363	4.4932995	5.0646586
divine	6.15584	5.049286	6.295434
put	4.981201	4.4104404	4.519855
shadow	5.034259	3.5677032	4.272915
practical	6.314964	4.3821316	6.174276
surface	5.278855	3.2846403	4.483553
account	5.375223	5.068964	5.430827
loss	4.367818	4.997434	4.2687254
indian	5.2558293	4.608705	5.281637
vine	5.8910975	4.079464	4.8341236
certain	5.5426707	4.6338935	5.426561
sin	3.7741377	5.216696	4.235448
necessity	4.9181905	5.299867	5.8386383
lose	5.162929	4.8510733	4.742675
private	5.3647885	5.13184	5.799056
gentleman	6.5021577	4.7906284	5.874767
daughter	6.937488	4.934869	5.696435
drive	3.8558183	5.980092	4.887316
strange	4.967066	4.82405	4.3763566
journey	6.063516	4.1544266	4.662037
uncle	5.9401097	5.0172906	5.604279
species	5.980088	4.210315	5.3866405
think	5.569145	4.7787614	4.946967
bed	5.236169	3.9152195	3.9992225
wind	4.3300133	5.1461205	4.783884
bless	6.809907	4.120099	5.4338193
destroy	3.1722357	5.6104727	4.263981
author	6.099937	4.8004355	5.840481
sustain	5.927517	4.941936	6.1785626
black	4.2623076	4.0574584	4.199822
event	6.1358495	5.169439	6.5375857
liberty	5.927878	5.2196417	6.4508615
negro	5.113306	4.7951236	4.7298803
little	6.008871	4.2554674	4.544412
fortune	6.485145	5.6218286	6.4386415
touch	5.629327	4.5335765	4.6632204
kill	3.3158019	6.2580566	4.1783943
feature	6.545603	4.12235	5.8740396
happiness	7.0630054	4.9031496	6.141364
assume	5.609653	4.454374	5.554596
notion	4.820518	5.075451	5.3655806
purchase	6.2707944	4.6681185	5.6953287
faithful	6.043399	4.9605236	6.2710123
soldier	5.4011817	5.3725147	6.208583
father	5.9634748	4.6177754	5.3778176
narrow	4.1224227	4.347831	4.44492
great	6.1821117	5.0083504	6.2469325
tear	4.09587	4.9237475	3.594931
honorable	5.702895	5.322754	6.6190968
previous	5.4565167	4.773826	5.459604
good	6.32549	4.7321835	5.337059
domestic	6.2303386	4.0501733	5.311333
glory	7.341082	5.2723694	7.083337
lay	5.3004	3.9982867	4.593156
occasion	5.7575073	5.3189716	5.8892655
guard	5.6993914	5.5649214	6.4338107
whole	6.0618215	4.4835253	5.6826563
mouth	5.3979306	4.7554674	4.576824
receive	6.316743	4.750514	5.8015747
take	5.531128	4.3990626	4.77555
simple	6.652084	3.9056501	5.3393984
error	3.680932	5.2229066	4.661298
wisdom	7.4235597	4.459947	6.970333
rock	5.3907804	4.628347	5.234837
decide	5.275845	5.1679173	5.6181974
exclaim	5.9080567	5.9301114	5.5803537
assure	6.6112747	4.937904	5.8705645
sign	5.1314487	5.054588	5.1556854
preserve	6.631358	3.856613	5.812362
commerce	6.554894	4.5813684	6.5806513
plant	5.2797246	4.360153	4.990927
walk	5.878855	4.33593	4.503841
difference	5.490551	3.9646373	4.952033
hang	4.5967026	4.446845	4.0638795
following	6.430177	4.230773	5.586703
employ	5.997305	4.3975124	5.682578
