deal	5.843124999999999	3.8487500000000003	5.869999999999999
study	6.033750000000001	4.671874999999999	6.195
afford	5.905625	3.879375	5.950625
service	5.681875	3.920625	5.7075
height	5.304999999999999	3.8662499999999995	5.595
prospect	5.956874999999999	4.276875	5.92625
pleasant	6.615	4.8175	6.11
shade	6.045625	4.070625	5.439374999999999
listen	5.940625	3.7068749999999993	6.061875000000001
mighty	5.858124999999999	4.28875	5.815624999999999
country	5.279999999999999	4.01	5.278125
title	6.1468750000000005	3.7837499999999995	5.9175
choose	5.859375	3.729374999999999	5.974375
village	5.948125	3.6731249999999998	5.614375
acquire	6.074375	4.211250000000001	6.189375
rank	5.8462499999999995	4.080000000000001	5.725624999999999
bow	6.086875	4.1899999999999995	6.065
doctor	5.4350000000000005	4.01875	5.471875
talent	6.379374999999999	4.136875	6.11625
source	5.8999999999999995	3.8406249999999997	5.91625
lead	5.772499999999999	3.995	5.836875000000001
question	5.847500000000001	4.065625	5.976875000000001
publish	5.6362499999999995	3.7056250000000004	5.875624999999999
interest	5.866874999999999	4.160625	6.0225
serve	5.516875	3.5006250000000008	5.733124999999999
divine	6.1099999999999985	4.255624999999999	5.690625
put	5.649375	3.83375	5.959999999999999
shadow	5.75	4.085000000000001	5.168125
practical	5.8149999999999995	4.09625	5.7075
surface	5.409375000000001	3.808125	5.075625
account	5.8075	3.7218750000000003	6.174374999999999
loss	4.7575	4.605625	5.018125000000001
indian	5.703125	4.296250000000001	5.165
vine	5.334375	3.97375	5.053750000000001
certain	5.510625	3.9850000000000003	5.911875
sin	5.620625	4.594375	5.489375
necessity	5.710625	4.081875	5.7681249999999995
lose	5.97875	3.9812499999999997	6.036874999999999
private	5.681875	4.238125000000001	5.881875000000001
gentleman	6.0131250000000005	3.8156250000000003	5.7125
daughter	6.458125	4.874375000000001	5.721249999999999
drive	5.528124999999999	4.317500000000001	5.4037500000000005
strange	5.445625	4.211875	5.3968750000000005
journey	5.931250000000001	3.975625	5.593125000000001
uncle	5.625624999999999	4.229375	5.59875
species	5.8100000000000005	4.27	5.79
think	5.869375	3.586874999999999	6.023750000000001
bed	5.843125	3.6606249999999996	5.546250000000001
wind	6.3168750000000005	4.025625	5.396875
bless	6.736249999999999	4.148124999999999	6.341875
destroy	4.796874999999999	4.3412500000000005	5.441249999999999
author	5.995625	3.635	5.695625
sustain	5.471874999999999	4.309374999999999	5.650625000000001
black	5.215	3.90375	5.246249999999999
event	5.35375	4.221875	5.43875
liberty	5.524375	3.9487499999999995	5.474375
negro	4.648750000000001	4.2325	5.01
little	5.883749999999999	3.699375	5.959375
fortune	6.560624999999999	4.373750000000001	6.09375
touch	5.9350000000000005	4.1743749999999995	5.7524999999999995
kill	4.742499999999999	4.498125000000001	5.220000000000001
feature	5.31	4.116250000000001	5.4437500000000005
happiness	6.793125	4.73125	6.253125
assume	5.624999999999999	3.746875	5.884999999999999
notion	6.093750000000001	4.2375	6.131875
purchase	5.901249999999998	4.4243749999999995	5.557499999999998
faithful	6.6431249999999995	4.33125	6.116250000000001
soldier	5.133750000000001	4.420625	5.2681249999999995
father	6.099374999999999	3.9324999999999997	5.7906249999999995
narrow	5.188125	3.9162500000000002	5.295000000000001
great	5.7787500000000005	3.9287500000000004	6.028125
tear	5.641875000000001	4.894375	5.1850000000000005
honorable	6.158124999999999	4.21	6.125624999999999
previous	5.550624999999999	3.959375	5.9275
good	5.702500000000001	3.73	5.9087499999999995
domestic	5.92875	4.076875	5.651875
glory	6.8568750000000005	4.62625	6.011875000000002
lay	5.5475	3.603125	5.763125
occasion	5.835625	3.801875	6.113124999999999
guard	5.244999999999999	3.770625000000001	5.441250000000001
whole	5.8175	3.7687500000000003	5.73
mouth	5.355	3.913125	5.460000000000001
receive	6.009375	3.88375	5.86375
take	5.849375	3.6356250000000006	5.9937499999999995
simple	6.100625000000001	3.536875	5.942499999999999
error	5.6187499999999995	3.995	5.9331249999999995
wisdom	6.1499999999999995	4.020625	5.78
rock	6.031874999999999	4.14	5.460624999999999
decide	5.62875	4.10125	5.70125
exclaim	6.0075	3.75	6.015000000000001
assure	5.709375	3.6224999999999996	5.884375
sign	5.540624999999999	3.7981249999999998	5.58625
preserve	6.04875	3.9231250000000006	6.10875
commerce	5.548125000000001	4.184374999999999	5.5406249999999995
plant	5.584375	3.8593749999999996	5.425625
walk	5.724374999999999	3.850625	5.816249999999998
difference	5.59	3.7806249999999997	6.001874999999999
hang	5.404375	3.8499999999999996	5.436875000000001
following	5.978125000000001	3.7506250000000003	6.008749999999999
employ	5.293124999999999	4.024375	5.785625000000001
