deal	6.115	4.063750000000001	5.985625000000001
study	6.0306250000000015	4.2124999999999995	6.0356250000000005
afford	5.765000000000001	3.8212500000000005	5.728749999999999
service	5.60125	4.0200000000000005	5.9593750000000005
height	5.192499999999999	3.7699999999999996	5.470000000000001
prospect	5.99	4.614374999999999	5.70375
pleasant	6.578749999999999	4.246875	6.31125
shade	6.246874999999998	3.9425	5.59125
listen	5.5737499999999995	3.7424999999999997	5.85125
mighty	6.069375	4.4331249999999995	5.681874999999999
country	5.375	4.14375	5.549999999999999
title	5.860624999999999	3.872499999999999	5.67125
choose	5.897500000000001	4.1656249999999995	5.8187500000000005
village	5.703125	3.5925000000000002	5.39375
acquire	5.955	3.9981250000000004	6.095000000000001
rank	5.84375	4.24625	5.908124999999999
bow	5.421875000000001	4.178125	5.548125
doctor	4.944375	4.10375	5.115625
talent	6.123749999999999	4.29125	5.900625
source	5.879375	3.701875	5.983749999999999
lead	5.715625	3.9774999999999996	5.829375
question	5.9025	3.9456249999999997	6.06875
publish	5.54	3.812499999999999	5.783750000000001
interest	5.616250000000001	4.123124999999999	5.57625
serve	5.948749999999999	3.811875	5.88625
divine	6.151249999999999	4.264375	5.595625
put	5.950625	3.885	5.85625
shadow	5.820625	3.95625	5.060625
practical	5.173124999999999	4.21625	5.155625
surface	5.135	3.6462500000000007	5.251875
account	5.701875	3.846250000000001	5.69125
loss	4.03375	4.616875	4.6675
indian	5.009999999999999	4.666249999999999	4.9243749999999995
vine	5.851249999999999	3.945	5.58625
certain	5.760625000000001	4.220625	6.097499999999999
sin	4.934375000000001	4.8725	4.978125
necessity	4.869375	4.238125	5.170625000000001
lose	5.996874999999999	4.191875	5.753125
private	5.430625000000001	4.078125	5.353750000000001
gentleman	5.936875000000001	3.904375	5.68
daughter	6.186875000000001	4.713125	5.38
drive	5.473750000000001	4.226875	5.632499999999999
strange	6.231249999999998	4.352499999999999	5.78125
journey	5.957500000000001	4.322499999999999	5.728749999999999
uncle	5.8225	4.2524999999999995	5.463124999999999
species	5.538749999999999	4.431875	5.555
think	6.21125	3.8087499999999994	5.961875
bed	5.738125	3.685625	5.498125000000001
wind	5.426249999999999	4.58125	5.101249999999999
bless	5.985625	4.51	5.695625
destroy	3.9581250000000003	4.924375	4.735
author	5.990625	3.8687499999999995	5.6899999999999995
sustain	5.243125	4.2837499999999995	5.423125
black	5.206250000000001	4.12875	5.45
event	5.6781250000000005	4.26	5.780625
liberty	5.218125	4.4468749999999995	4.993124999999999
negro	4.63875	4.119375	5.025625
little	5.78	4.256875	5.515000000000001
fortune	6.318124999999999	4.610000000000001	5.755625
touch	6.246250000000001	4.130000000000001	5.80875
kill	4.138125	4.7437499999999995	4.836875
feature	5.708125	3.93625	5.501874999999999
happiness	6.607499999999998	4.98375	5.867500000000001
assume	5.767499999999999	4.052500000000001	5.930000000000001
notion	5.761875	4.048125	5.834375
purchase	5.9325	4.433124999999999	5.58875
faithful	6.369375	4.47	5.840625
soldier	5.133749999999999	4.578124999999999	5.421250000000001
father	6.154375	4.561250000000001	5.494999999999998
narrow	5.083124999999999	3.630625	5.175
great	5.7993749999999995	4.020625	5.883750000000001
tear	5.084375	4.7124999999999995	4.90125
honorable	5.854375	4.4325	5.824375000000001
previous	5.61875	3.6224999999999996	6.015625
good	5.686875000000001	4.218125	5.625
domestic	6.090000000000001	4.1225	5.70875
glory	6.888750000000002	4.793125	6.011250000000001
lay	5.3618749999999995	4.2	5.584375
occasion	5.859999999999999	3.9899999999999993	6.113124999999999
guard	4.930625000000001	3.8525	5.525625
whole	5.505	3.8237500000000004	5.455625
mouth	5.548125000000001	4.151875	5.57
receive	5.993125	3.928749999999999	5.984999999999999
take	5.659375000000001	3.8525	5.6312500000000005
simple	6.18125	4.135624999999999	5.960000000000001
error	5.068125	3.84625	5.506875
wisdom	6.066875000000001	4.356875	5.6025
rock	5.693749999999999	4.23375	5.477500000000001
decide	5.531874999999999	4.376874999999999	5.8775
exclaim	6.128125000000001	4.2456249999999995	5.939374999999998
assure	6.407499999999999	3.931875	6.1693750000000005
sign	5.649375	3.905	5.726875
preserve	6.105624999999999	4.066249999999999	5.7675
commerce	5.105625000000001	4.2231250000000005	5.419375
plant	5.819999999999999	3.9000000000000004	5.5337499999999995
walk	5.666875	3.7743749999999996	5.945624999999999
difference	5.776250000000001	3.9531249999999996	5.9175
hang	5.394375	4.035625	5.360000000000001
following	5.598125	3.6668749999999997	5.8025
employ	5.614375	4.430625	6.069375
