deal	5.996250000000001	3.8506249999999995	5.918125000000001
study	5.674375	3.995625	5.856250000000001
afford	5.673125000000001	3.673125	5.675625
service	5.55875	4.19625	5.969374999999999
height	5.406875000000001	3.8293749999999998	5.396250000000001
prospect	6.124999999999999	4.581250000000001	5.9712499999999995
pleasant	6.3025	4.515625000000001	6.1075
shade	6.314375	4.013125	5.435
listen	5.968125000000001	3.9868750000000004	5.923125000000001
mighty	5.823125	4.53	5.778749999999999
country	5.511875000000001	3.6725	5.774375000000001
title	5.8187500000000005	3.726875	6.1175000000000015
choose	5.791875000000001	3.8012499999999996	5.905625
village	5.97375	3.629375	5.805624999999999
acquire	5.7700000000000005	3.8868750000000003	6.026249999999999
rank	5.776250000000001	4.33	5.891875
bow	5.607500000000001	4.0425	5.684374999999999
doctor	4.789375	4.136875	5.348125
talent	5.985625	4.414375	5.940625
source	5.66	3.5899999999999994	5.8675
lead	5.605625	3.8762499999999998	5.754375
question	5.845625000000001	3.8656250000000005	6.023125
publish	5.4087499999999995	3.763125	5.90625
interest	5.8256250000000005	3.959375	5.940625000000001
serve	5.529375	3.63875	5.650625
divine	6.1918750000000005	4.215624999999999	5.385625
put	5.64125	3.75875	5.762499999999999
shadow	6.031874999999999	4.091875000000001	5.2387500000000005
practical	5.876875	3.7606249999999997	5.761250000000001
surface	5.314375	3.5512499999999996	5.08375
account	5.746874999999999	3.5256250000000002	5.976875
loss	4.280625000000001	4.451875	4.684375
indian	4.964375	4.215624999999999	4.959375
vine	5.673125000000001	3.682499999999999	5.353750000000001
certain	5.475624999999999	3.6756250000000006	5.956875
sin	4.561875000000001	4.555	4.686249999999999
necessity	5.145	3.9487500000000004	5.543749999999999
lose	5.786250000000001	3.6956249999999997	5.7275
private	5.765	4.265000000000001	5.94875
gentleman	6.08875	3.789375	5.711875
daughter	6.1018750000000015	4.6450000000000005	5.62375
drive	5.501875	4.15	5.351249999999999
strange	5.722499999999999	4.37125	5.595000000000001
journey	6.025625	4.03	5.86
uncle	5.526249999999999	4.048125000000001	5.520625
species	5.503125	4.163125	5.44125
think	5.857500000000001	3.6281249999999994	5.868125
bed	5.535	3.7	5.675000000000001
wind	6.165000000000001	3.9937500000000004	5.063125
bless	5.91625	3.9718750000000003	5.963749999999999
destroy	4.5737499999999995	4.518125	5.093125
author	5.980625000000001	3.87	5.901875
sustain	4.9	3.9768749999999997	5.025625000000001
black	5.470000000000001	4.0443750000000005	5.29625
event	5.6275	4.015000000000001	5.81375
liberty	4.80625	4.16	4.89625
negro	4.391249999999999	4.322499999999999	4.75625
little	5.730625	3.71125	5.650625
fortune	6.474374999999999	4.5525	5.85375
touch	5.64	4.113125	5.520624999999999
kill	3.8375000000000004	4.705000000000001	4.65125
feature	5.9775	4.046250000000001	5.641249999999999
happiness	6.381249999999999	4.465000000000001	5.914375
assume	5.706875	3.6356249999999997	5.9037500000000005
notion	5.718125000000001	3.941875	5.690000000000001
purchase	5.893125	4.13	5.89375
faithful	5.998125	4.009375	5.96125
soldier	4.578125	5.0806249999999995	5.175
father	5.9175	4.216875	5.678749999999999
narrow	5.120625	3.4699999999999998	5.146249999999999
great	5.64375	3.8618750000000004	5.9825
tear	5.008125000000001	4.685625000000001	4.986875
honorable	5.968125	4.3500000000000005	5.95
previous	5.439374999999999	3.9275	5.8462499999999995
good	5.586875	3.681875	5.716875
domestic	6.068125000000001	3.8812500000000005	5.866875000000001
glory	6.843125000000001	4.644374999999999	6.042500000000001
lay	5.34625	3.5418750000000006	5.769375
occasion	5.7425	3.864375	6.232499999999999
guard	5.025	4.1156250000000005	5.262499999999999
whole	5.741874999999999	3.51	5.6000000000000005
mouth	5.135	3.8987500000000006	5.39625
receive	5.885624999999999	3.8674999999999997	5.786875
take	5.815625000000002	3.64125	5.721875
simple	5.618125	3.8175	5.7425
error	5.17125	3.8037500000000004	5.73625
wisdom	6.195624999999999	4.369375	5.733125000000001
rock	6.113749999999999	4.17375	5.357500000000001
decide	5.9212500000000015	4.07875	6.037500000000001
exclaim	5.79875	3.8056250000000005	5.836874999999998
assure	6.078124999999999	3.7049999999999996	6.0668750000000005
sign	5.595624999999999	3.8387499999999997	5.6606250000000005
preserve	5.962499999999999	3.940625	5.797499999999999
commerce	5.277500000000001	4.099374999999999	5.329374999999999
plant	6.0024999999999995	3.5949999999999998	5.370000000000001
walk	5.369375	3.6574999999999998	5.6225000000000005
difference	5.602499999999999	3.59875	6.1549999999999985
hang	5.231249999999999	3.6731249999999998	5.343750000000001
following	5.751875	3.605000000000001	5.844374999999999
employ	5.251875	4.156250000000001	5.60125
