deal	6.13625	3.876875	5.890000000000001
study	5.835	4.1587499999999995	5.929374999999999
afford	6.0825000000000005	3.554375	5.852500000000001
service	5.5775	4.128125	5.8568750000000005
height	5.164375	3.6518749999999995	5.4925
prospect	6.350624999999999	4.492500000000001	5.9243749999999995
pleasant	6.866874999999999	4.1425	6.33625
shade	6.095	3.6556249999999997	5.549999999999999
listen	6.03625	3.8537500000000002	6.095625
mighty	5.91875	4.551875	5.765624999999999
country	5.534374999999999	4.069375	5.293125
title	5.653749999999999	3.8656249999999996	5.763749999999999
choose	5.988750000000001	3.68125	5.92625
village	5.5600000000000005	3.678125	5.450625
acquire	6.239374999999999	4.15125	6.135624999999999
rank	5.511875	4.251875	5.555624999999998
bow	5.611249999999999	4.2681249999999995	5.7612499999999995
doctor	5.718125	4.133125	5.608750000000001
talent	6.303750000000001	4.399375	5.9156249999999995
source	5.811875000000001	3.64	5.80125
lead	5.931250000000001	3.62375	5.718125
question	5.999375	3.9712499999999995	6.128750000000001
publish	5.493125000000001	3.575625	5.8531249999999995
interest	6.2225	3.979375	6.05375
serve	5.958125	3.4699999999999998	5.95875
divine	5.863125	4.401250000000001	5.74375
put	5.995625	3.71625	5.8306249999999995
shadow	6.185	4.08875	5.48125
practical	5.28875	3.8662499999999995	5.487500000000001
surface	4.970625	3.801875	5.156874999999999
account	5.893125	3.549375000000001	6.021874999999999
loss	4.853750000000001	4.473750000000001	5.0675
indian	5.388125000000001	4.025625	4.968125000000001
vine	5.231875	3.775625	5.264375
certain	5.998749999999999	3.7431250000000005	6.156875
sin	4.695625000000001	4.497499999999999	4.900625
necessity	5.301875000000001	3.9712500000000004	5.595
lose	6.2281249999999995	3.7956250000000002	5.880625
private	5.8187500000000005	3.94875	5.664375000000001
gentleman	6.2675	3.8262500000000004	5.9725
daughter	6.461874999999999	4.49125	5.944374999999999
drive	5.75	4.259375	5.3412500000000005
strange	5.658125	4.326249999999999	5.25875
journey	5.848750000000001	3.956875	5.611249999999999
uncle	5.9662500000000005	3.9543749999999998	5.809374999999999
species	5.5393750000000015	4.170625	5.389375
think	6.1575	3.82625	5.85375
bed	6.18125	3.8299999999999996	5.793749999999999
wind	5.868124999999999	4.171250000000001	5.2787500000000005
bless	6.3168750000000005	4.1674999999999995	6.131875
destroy	4.5200000000000005	4.603750000000001	5.09875
author	5.78	3.844375	5.7456249999999995
sustain	5.5575	3.8481249999999996	5.703125
black	5.783125	3.8743749999999997	5.583125
event	5.613125	3.996875	5.588749999999999
liberty	5.702499999999999	4.465	5.305
negro	4.913749999999999	4.496875	4.831874999999999
little	6.143125000000001	3.803125	5.81875
fortune	5.763124999999999	4.5337499999999995	5.965
touch	5.9399999999999995	4.1674999999999995	5.775
kill	4.3149999999999995	4.923749999999999	4.99125
feature	5.750000000000001	3.8412499999999996	5.700625
happiness	6.824374999999999	4.30875	6.153125
assume	5.921875	3.7443750000000002	5.9156249999999995
notion	5.720625	3.9743749999999998	5.726875
purchase	5.5600000000000005	4.216875	5.47625
faithful	6.316875	4.454375	5.986875000000001
soldier	4.920000000000002	4.626249999999999	5.279999999999999
father	6.028125000000001	4.173125	5.571875
narrow	5.183125	3.5381249999999995	5.144374999999999
great	5.8275	3.888125	5.805625
tear	4.961875	4.5718749999999995	4.866875
honorable	5.5062500000000005	4.2281249999999995	5.961875000000001
previous	5.541875	3.960625	5.895625000000001
good	5.9125	3.7712499999999998	5.710000000000001
domestic	5.861250000000001	3.7931250000000003	5.630625
glory	6.637499999999999	4.5249999999999995	5.906875
lay	5.442500000000001	4.0825000000000005	5.570625
occasion	5.890625	3.804375	6.243124999999999
guard	4.897499999999999	4.189375	5.401875
whole	5.75875	3.559375	5.685625
mouth	5.403125	4.009375	5.580000000000001
receive	5.934375	3.8693750000000002	5.871250000000001
take	6.029375000000001	3.6418749999999998	5.77
simple	5.998125000000001	3.64625	5.776875
error	5.463749999999999	3.63375	5.735625000000001
wisdom	6.2975	4.57625	5.888750000000001
rock	6.025625000000001	4.07875	5.5425
decide	5.945625000000001	4.0531250000000005	5.87875
exclaim	6.0481250000000015	4.045624999999999	5.919999999999999
assure	6.231249999999999	3.705	6.086874999999999
sign	5.75375	3.725	5.78125
preserve	6.126875000000001	4.05	5.8774999999999995
commerce	5.128125000000001	4.0718749999999995	5.188124999999999
plant	5.52625	3.8981250000000003	5.307500000000001
walk	5.939374999999999	3.75375	5.868125
difference	5.516875	3.5349999999999997	5.868124999999999
hang	5.70875	3.8874999999999993	5.659374999999999
following	5.8306249999999995	3.7037500000000003	5.908125
employ	5.435625	3.9193750000000005	5.975000000000001
