deal	6.19625	3.745	6.095
study	6.0443750000000005	4.057499999999999	6.00375
afford	5.916250000000001	3.825625	5.961874999999999
service	5.619375000000002	3.8124999999999996	5.839375
height	5.094375	3.6843749999999997	5.315
prospect	6.160625	4.5375000000000005	5.873125
pleasant	6.688124999999999	4.655000000000001	6.08875
shade	5.595625	3.8656249999999996	5.2875000000000005
listen	5.758750000000001	3.83	5.91625
mighty	5.843750000000001	4.5675	5.659999999999999
country	5.514375000000001	4.051875000000001	5.67
title	5.664375	3.8649999999999998	5.834375
choose	5.78625	3.8612499999999996	6.0562499999999995
village	5.98375	3.7193749999999994	5.71875
acquire	5.7225	4.029375	6.1312500000000005
rank	5.913125000000001	4.048750000000001	5.858750000000001
bow	5.2787500000000005	4.223125000000001	5.4506250000000005
doctor	5.260625000000001	4.11125	5.2475
talent	6.164375000000001	4.2875000000000005	6.114999999999999
source	5.851875	3.6237500000000002	5.684374999999999
lead	5.530625	3.9924999999999997	5.74625
question	5.678749999999999	3.8937500000000007	5.941874999999999
publish	5.55875	3.77875	5.9312499999999995
interest	5.86375	3.949375	6.023125
serve	5.674999999999999	3.73625	6.118125
divine	6.271249999999999	4.591875000000001	5.883750000000001
put	5.8900000000000015	3.805	5.8306249999999995
shadow	5.800624999999999	4.12875	5.1012499999999985
practical	5.261875	4.19375	5.246875
surface	4.96125	3.53875	5.19375
account	5.8012500000000005	3.68875	6.2212499999999995
loss	4.5325	4.611875	4.9225
indian	5.280625000000001	4.243125	4.86375
vine	5.49	3.83	5.4075
certain	5.7143749999999995	3.8943750000000006	6.135625
sin	4.90875	4.811249999999999	4.9887500000000005
necessity	4.904375	4.3950000000000005	5.316250000000001
lose	6.141875000000001	4.316875	5.846875
private	5.628750000000001	4.03375	5.823124999999999
gentleman	5.93375	3.7150000000000003	5.75125
daughter	6.5	4.579999999999999	5.847500000000001
drive	5.485	4.356875	5.390000000000001
strange	5.949999999999999	4.472500000000001	5.58625
journey	5.776875	4.265625	5.718125
uncle	5.559999999999999	4.117500000000001	5.34875
species	5.656875	4.046250000000001	5.659375000000001
think	6.324375	3.9462499999999996	6.101249999999999
bed	5.613125000000002	3.6793750000000003	5.300624999999999
wind	6.139374999999999	3.8850000000000007	5.559375000000001
bless	6.2250000000000005	4.4399999999999995	5.853749999999999
destroy	4.585625	4.923125000000001	5.1225
author	6.116874999999999	4.0175	5.954374999999999
sustain	5.647499999999999	3.9812499999999993	5.754375000000001
black	5.323125000000001	4.166875	5.198750000000001
event	5.498125000000001	4.2318750000000005	5.769374999999998
liberty	5.544374999999999	4.353125	5.375625
negro	4.566875	4.813125	4.7425
little	5.716875	4.075	5.730625000000001
fortune	6.2456249999999995	4.341875	6.01375
touch	6.030625000000001	4.241874999999999	5.780625000000001
kill	4.2281249999999995	4.546875	4.798125000000001
feature	5.98625	3.7543750000000005	5.807499999999999
happiness	6.68875	4.795625	5.995625
assume	5.795625	3.824375	6.00375
notion	5.755624999999999	4.181875	5.9
purchase	5.8575	4.055625	5.574999999999999
faithful	5.920625	4.429375	5.74125
soldier	4.985625000000001	4.306875000000001	5.04875
father	6.304374999999999	4.303125	5.83625
narrow	5.106250000000001	3.7	5.094374999999999
great	5.661249999999999	3.81375	6.061874999999999
tear	6.129375	4.73	5.488125
honorable	6.044375	4.2075000000000005	6.2543750000000005
previous	5.514374999999999	3.935625	5.825
good	5.839375	3.9325000000000006	5.8999999999999995
domestic	5.7525	4.422500000000001	5.654375
glory	7.0025	4.984374999999999	6.2806250000000015
lay	5.3475	4.0825000000000005	5.5737499999999995
occasion	5.9712499999999995	3.668125	6.016249999999999
guard	4.98	3.869375	5.28625
whole	5.708125000000001	3.7187500000000004	5.704375
mouth	5.10875	3.9318750000000007	5.378124999999999
receive	5.643750000000001	3.96375	5.693125
take	5.241875000000001	3.785	5.5356250000000005
simple	6.3175	3.756875	6.15
error	4.55875	4.2924999999999995	5.181875000000002
wisdom	6.374375000000001	4.405	5.97125
rock	5.593125	3.9831249999999994	5.327500000000001
decide	5.675	4.2856250000000005	5.81
exclaim	5.588125	4.185	5.4468749999999995
assure	6.278749999999999	4.033125	6.23625
sign	5.293749999999999	3.855625	5.4681250000000015
preserve	6.341875	4.164375	6.194375
commerce	5.200625	4.269374999999999	5.474999999999999
plant	5.714375	3.629375	5.55375
walk	5.53125	3.908125	5.7437499999999995
difference	5.485625	3.6174999999999997	5.857500000000001
hang	5.571875	4.025	5.396875
following	5.598125	3.6062499999999997	5.863125
employ	5.2006250000000005	4.1274999999999995	5.688125000000001
