deal	6.41625	3.6743750000000004	6.201875000000001
study	6.139375000000001	4.1499999999999995	6.116875
afford	5.5493749999999995	3.770625	5.56375
service	5.503750000000001	4.09375	5.7575
height	5.145624999999999	3.6399999999999997	5.331874999999999
prospect	6.175625	4.371875	5.838125
pleasant	7.324375	4.800624999999999	6.545000000000001
shade	6.114374999999999	3.88875	5.475625
listen	5.965625	3.6718749999999996	5.855
mighty	5.7543750000000005	4.50375	5.5962499999999995
country	5.541250000000002	3.801875	5.858125
title	5.78625	3.8124999999999996	5.905625000000001
choose	5.69125	3.5993749999999998	5.848749999999999
village	5.5962499999999995	3.7237500000000003	5.549374999999999
acquire	6.17625	3.9618750000000005	6.174375
rank	5.703124999999999	4.310625000000001	5.699375
bow	5.4725	3.9225	5.516875
doctor	4.946249999999999	3.9431249999999998	5.170625
talent	6.57625	4.41625	6.23125
source	5.819375000000001	3.6950000000000007	5.946875
lead	5.41125	3.7337499999999997	5.514374999999999
question	5.87875	3.93375	6.036875
publish	5.6468750000000005	3.579375	5.918749999999999
interest	6.181875	3.8625	6.26125
serve	5.744375000000001	3.3981250000000003	5.974375
divine	5.693125	4.373125	5.467499999999999
put	5.57125	3.468125	5.711875
shadow	6.09875	4.155625000000001	5.543749999999999
practical	5.66	3.9143749999999997	5.617499999999999
surface	5.101249999999999	3.6843749999999997	5.134999999999999
account	5.585625	3.5124999999999997	5.896249999999999
loss	4.5668750000000005	4.615	4.846875000000001
indian	5.593125000000001	4.165625	5.135625
vine	5.112500000000001	3.7556249999999998	5.240625
certain	5.575625	3.6162500000000004	6.0512500000000005
sin	5.6137500000000005	4.456250000000001	5.520624999999999
necessity	5.2475	3.8649999999999993	5.465
lose	6.3462499999999995	3.77625	5.939375
private	5.469374999999999	3.924375	5.58375
gentleman	5.83875	3.789375	5.608750000000001
daughter	7.023125	4.616249999999999	5.938749999999999
drive	5.482499999999999	4.156874999999999	5.14875
strange	5.929375000000002	4.217499999999999	5.4593750000000005
journey	5.9487499999999995	4.128125000000001	5.641249999999999
uncle	6.3374999999999995	4.056875	5.79625
species	5.385	4.230625000000001	5.423749999999999
think	6.164375000000001	3.3856249999999997	5.991250000000001
bed	5.278124999999999	3.535	5.125625
wind	5.629375	4.358750000000001	4.968125
bless	6.946250000000001	4.227499999999999	6.285
destroy	4.803749999999999	4.43	5.422499999999999
author	5.985	3.9193750000000005	6.009375
sustain	5.625	3.9562499999999994	5.7925
black	4.958125	3.920000000000001	5.291875000000001
event	5.4575	4.34375	5.594374999999999
liberty	5.429999999999999	4.3625	5.484375000000001
negro	4.613124999999999	4.619375000000001	4.91875
little	5.715	3.544999999999999	5.57875
fortune	6.632500000000001	4.604375	5.9418750000000005
touch	5.906874999999999	4.12125	5.730625
kill	4.43	4.4468749999999995	4.9
feature	6.11125	4.000624999999999	5.73625
happiness	6.7943750000000005	4.570625	6.235625
assume	5.724375000000001	3.7318750000000005	5.8149999999999995
notion	5.934374999999999	3.8275	5.9593750000000005
purchase	5.608125	4.460000000000001	5.465625
faithful	6.599374999999999	4.4781249999999995	6.07875
soldier	5.24375	4.17875	5.5075
father	6.516875	3.988125	5.71875
narrow	5.297500000000001	3.6431249999999995	5.1175
great	5.848749999999999	3.675625	5.976875
tear	5.4106250000000005	4.605624999999999	5.135625
honorable	6.214375	4.311875	6.07
previous	5.385624999999999	3.765	6.138750000000001
good	6.073750000000001	3.5837500000000007	5.9818750000000005
domestic	6.24875	3.6806250000000005	5.963125000000001
glory	6.709375	4.704375000000001	5.892499999999999
lay	5.482500000000002	3.6643749999999993	5.3625
occasion	5.921250000000001	3.739374999999999	6.24
guard	5.124375000000001	3.860625	5.275625
whole	5.760000000000001	3.5568749999999993	5.584375
mouth	5.128125	3.939375	5.254375
receive	5.891250000000001	3.69	5.88375
take	5.4662500000000005	3.4512500000000004	5.545
simple	6.145625	3.6743750000000004	6.005
error	5.21875	3.85125	5.6068750000000005
wisdom	6.152500000000001	4.256875	5.888749999999999
rock	6.189374999999999	3.974375	5.47
decide	5.593125	4.075	5.74875
exclaim	5.906875000000001	3.8250000000000006	5.850625000000001
assure	5.9125000000000005	3.5993749999999998	5.865625
sign	5.405625000000001	3.8224999999999993	5.679375
preserve	6.0543749999999985	3.7006249999999996	6.025
commerce	5.198125000000001	3.923125	5.265624999999999
plant	5.015625000000001	3.8106250000000004	4.91375
walk	5.69375	3.681875	5.64375
difference	5.666250000000001	3.7237500000000003	6.25625
hang	5.325	3.911875	5.366874999999999
following	5.5181249999999995	3.4681250000000006	5.824375
employ	5.400625	4.26	5.514375
