deal	6.131874999999999	3.8556249999999994	6.119375
study	5.935625	4.2625	6.1225000000000005
afford	6.235	3.8550000000000004	6.01375
service	5.489999999999998	4.045624999999999	5.849375
height	5.201249999999999	3.575625	5.4906250000000005
prospect	5.913125	4.425624999999999	5.874999999999999
pleasant	6.80125	4.223750000000001	6.067500000000001
shade	5.986249999999999	4.079375	5.425
listen	5.609375	4.060625	5.439375
mighty	5.464375	4.716875000000001	5.2631250000000005
country	5.466875	3.8000000000000003	5.385624999999999
title	5.6343749999999995	3.928124999999999	5.6674999999999995
choose	6.170625000000001	3.9224999999999994	6.10625
village	5.96125	3.7712499999999998	5.525624999999999
acquire	6.155	4.068125	6.377500000000001
rank	5.7200000000000015	4.6137500000000005	5.7593749999999995
bow	5.501250000000001	4.136875	5.458750000000001
doctor	5.34125	4.066875	5.492499999999999
talent	6.3687499999999995	4.33875	6.0512500000000005
source	5.821250000000001	3.9231249999999998	6.0737499999999995
lead	5.893750000000001	3.93125	5.855
question	5.790625	3.8025	6.054375000000001
publish	5.51	3.82	5.8175
interest	5.82125	4.1362499999999995	6.09125
serve	6.08375	3.643125	5.984375
divine	6.054375000000001	4.257499999999999	5.40875
put	6.004375	3.82375	5.834999999999999
shadow	5.35625	3.9925	5.092500000000001
practical	5.50375	3.9243750000000004	5.67125
surface	5.156874999999999	3.4956249999999995	5.1899999999999995
account	5.862500000000001	3.600625000000001	5.958124999999999
loss	4.941875	4.57125	5.239999999999999
indian	5.42875	4.28875	4.944999999999999
vine	5.135625	3.8674999999999993	5.19875
certain	6.081249999999998	3.784375	6.174999999999999
sin	4.6293750000000005	4.679374999999999	4.930625000000001
necessity	5.3975	3.955	5.635625
lose	6.191875	4.039375000000001	5.9781249999999995
private	5.659999999999999	4.1025	5.712499999999999
gentleman	6.045625	3.7693749999999997	5.86
daughter	6.290625	4.748124999999999	5.5825000000000005
drive	5.2625	4.1975	5.172499999999999
strange	5.989999999999999	4.18	5.6968749999999995
journey	6.471875000000002	4.313125	5.860625
uncle	6.218125	3.949375	5.809374999999999
species	5.451250000000001	4.14625	5.6475
think	6.069375000000001	3.7768749999999995	5.904375000000001
bed	5.6425	3.388125	5.480625000000001
wind	5.94625	3.9631250000000007	5.469374999999999
bless	6.134375000000001	4.42625	5.7837499999999995
destroy	4.767500000000001	4.751875	5.218749999999999
author	5.634375000000001	3.8443750000000003	5.76875
sustain	5.425	4.201874999999999	5.57875
black	5.305625000000002	3.8875	5.171875
event	5.594375	4.26625	5.8131249999999985
liberty	5.569374999999999	3.99875	5.202500000000001
negro	4.100625	4.574375000000001	4.663124999999999
little	5.9593750000000005	3.8087499999999994	5.9193750000000005
fortune	6.12875	4.77875	5.841875
touch	6.158125	4.159375	5.755000000000001
kill	4.10625	4.7231250000000005	4.5075
feature	5.06625	4.106250000000001	5.16125
happiness	6.6375	4.44625	6.0925
assume	5.691249999999999	3.6075	5.8237499999999995
notion	6.038749999999999	4.018125	5.929375000000001
purchase	5.868124999999998	4.2475000000000005	5.65625
faithful	6.08625	4.484375	5.87125
soldier	4.829375	4.893125	4.985625000000001
father	5.909375000000001	4.554375	5.435625
narrow	5.216875	3.6662500000000002	5.0649999999999995
great	5.934375	3.9337500000000003	6.036249999999999
tear	5.367500000000001	4.984374999999999	5.034375000000001
honorable	5.986875	4.320000000000001	6.150625
previous	5.668749999999999	3.6456249999999994	5.916875
good	6.020625	3.8481249999999996	5.86875
domestic	6.13375	4.035000000000001	5.966875000000001
glory	6.795625	4.616875	5.875625000000001
lay	5.371250000000001	3.8893750000000002	5.534374999999999
occasion	5.8531249999999995	3.9256249999999997	6.118124999999998
guard	5.019375	3.9824999999999995	5.31125
whole	5.884375	3.3625000000000003	5.7475000000000005
mouth	5.279375	3.9031250000000006	5.680625
receive	6.134375000000001	3.8443749999999994	5.836874999999999
take	6.075625000000001	3.7718749999999996	5.914999999999999
simple	6.21	3.8425000000000002	6.028125000000001
error	5.09375	3.9750000000000005	5.5375000000000005
wisdom	6.130000000000001	4.08375	5.940000000000001
rock	5.529999999999999	3.891875	5.4193750000000005
decide	5.7375	3.933124999999999	6.031875
exclaim	5.5893749999999995	4.0975	5.510625000000001
assure	6.35125	3.9337500000000003	6.078749999999999
sign	5.725625	3.7149999999999994	5.74125
preserve	6.234999999999999	3.7762499999999997	5.9875
commerce	5.333124999999999	4.21	5.576249999999999
plant	5.578749999999999	3.765625	5.3875
walk	5.821249999999999	3.843749999999999	5.871249999999999
difference	5.553750000000001	3.6149999999999998	5.87125
hang	5.45125	4.045625	5.554375
following	5.848125	3.758750000000001	5.7718750000000005
employ	5.315625000000001	4.122499999999999	5.78125
