deal	6.3475	3.750625	6.049375
study	5.898125000000001	4.1575	6.11
afford	5.570625	3.9081250000000005	5.784375000000001
service	5.468125000000001	4.075	5.525625000000001
height	5.188750000000001	3.7618750000000003	5.2337500000000015
prospect	5.9956249999999995	4.605625	5.610625
pleasant	6.740625000000001	4.449375	6.15125
shade	5.705	4.0625	5.436249999999999
listen	6.171874999999999	4.00625	5.869375000000001
mighty	5.483125	4.438750000000001	5.3075
country	5.59125	3.8150000000000004	5.568125
title	5.65625	3.8149999999999995	5.739374999999999
choose	5.521875	3.9175000000000004	5.698124999999999
village	5.7387500000000005	3.59	5.625000000000001
acquire	6.046250000000001	4.071875	6.14625
rank	5.90625	4.37625	5.7406250000000005
bow	5.573125	4.331875	5.638749999999999
doctor	5.154375000000001	4.2543750000000005	5.248125
talent	6.236249999999998	4.169999999999999	6.092499999999999
source	5.796875	3.9087500000000004	6.055625
lead	5.491875000000001	3.84875	5.48375
question	5.85125	4.053125	6.079375000000001
publish	5.564375	3.809375	5.885000000000001
interest	5.875	4.11875	6.094374999999999
serve	5.760624999999999	3.873125	5.843750000000001
divine	5.996874999999999	4.396249999999999	5.65375
put	5.60625	3.588749999999999	5.56
shadow	5.551874999999999	4.133125	5.105625
practical	5.091874999999999	4.155	5.6000000000000005
surface	4.9175	3.6487499999999997	5.065625
account	5.6274999999999995	3.665000000000001	6.100625
loss	4.4781249999999995	4.6775	4.831250000000001
indian	5.272499999999999	4.233750000000001	5.013125
vine	5.1275	3.7981249999999998	5.52875
certain	5.4018749999999995	3.890625	5.9325
sin	5.311875	4.555624999999999	5.250000000000001
necessity	4.713125	4.069375	5.1175
lose	6.093749999999999	3.91375	5.734375
private	5.576874999999999	4.259375	5.498125
gentleman	6.245625	3.7181249999999992	5.828124999999999
daughter	6.178124999999999	4.426874999999999	5.58875
drive	5.902500000000001	3.840625	5.500624999999999
strange	5.7525	4.465624999999999	5.344375
journey	5.771875	4.2925	5.4025
uncle	6.071250000000001	4.20375	5.4624999999999995
species	5.168749999999999	4.223750000000001	5.311875000000001
think	5.8675	3.770624999999999	5.699999999999998
bed	5.603750000000001	3.863125	5.4125
wind	5.84125	4.08375	5.410625
bless	6.19	4.6031249999999995	5.755
destroy	4.765625	4.515	5.17875
author	5.73125	3.8906250000000004	5.911249999999999
sustain	5.749375	3.883125	5.8175
black	5.599375000000001	4.210624999999999	5.499375
event	5.5825	4.023125	5.711249999999999
liberty	5.494374999999999	4.355625	5.28125
negro	4.539375	4.195	4.8881250000000005
little	5.960000000000001	3.7487500000000007	5.529375000000002
fortune	6.213125000000001	4.30375	5.703124999999999
touch	5.963125	3.9037500000000005	5.76625
kill	4.21125	4.715625	4.765625
feature	5.759375	3.9937500000000004	6.076874999999999
happiness	6.291874999999999	4.445	5.717499999999999
assume	5.608749999999999	3.860625	6.082499999999999
notion	5.866874999999999	4.049375	5.9075
purchase	6.0775	4.291874999999999	5.551875
faithful	5.8812500000000005	4.358124999999999	5.859999999999999
soldier	4.450625	4.731875	5.0062500000000005
father	5.900625000000001	4.1450000000000005	5.423125
narrow	5.425625	3.5625	5.148124999999999
great	5.4875	3.894375	5.999999999999999
tear	5.2275	5.085	4.945
honorable	5.673749999999999	4.196250000000001	5.856250000000001
previous	5.218124999999999	3.76625	5.838125
good	5.991875	3.899374999999999	5.7456249999999995
domestic	5.91125	4.106250000000001	5.718125
glory	6.414375	4.773750000000001	5.863125000000001
lay	5.609375	3.745	5.636875
occasion	5.80625	3.895	6.226249999999999
guard	4.888124999999999	4.144375	5.101875000000001
whole	5.601875000000001	3.6075000000000004	5.30375
mouth	5.176874999999999	4.030625	5.495625
receive	6.030625	3.8331250000000003	5.963125
take	5.686875000000001	3.6106249999999998	5.515625000000001
simple	6.085624999999999	4.051875000000001	6.246250000000001
error	5.259375	3.9387500000000006	5.8031250000000005
wisdom	6.216875000000001	4.373125000000001	5.800625000000001
rock	5.6012499999999985	4.256875	5.34125
decide	5.7612499999999995	3.945625000000001	5.908125
exclaim	5.755625000000001	4.250624999999999	5.466875
assure	6.188124999999999	3.9824999999999995	6.095
sign	5.640000000000001	4.014374999999999	5.6825
preserve	6.200000000000001	4.10375	5.946875
commerce	5.1156250000000005	3.75625	5.437499999999999
plant	5.37125	3.7931250000000007	5.4975000000000005
walk	5.786875	3.6912499999999997	5.723749999999999
difference	5.553749999999999	3.8868750000000003	6.176250000000001
hang	5.458749999999998	3.793125	5.486250000000001
following	5.4556249999999995	3.684375	5.836875
employ	4.989374999999999	4.095625	5.565625000000001
