deal	6.136875	3.6756249999999997	5.949375000000001
study	5.956250000000001	4.2124999999999995	6.006875000000001
afford	5.609375	3.736875	5.65875
service	5.8618749999999995	4.19625	5.883125
height	5.5875	3.7987500000000005	5.612499999999999
prospect	5.851249999999999	4.4556249999999995	5.906874999999999
pleasant	6.6031249999999995	4.333125	6.15
shade	6.014375	3.655625	5.3568750000000005
listen	6.148125	3.753125	6.125624999999999
mighty	6.336875	4.3237499999999995	5.988124999999999
country	5.48625	3.78875	5.976249999999999
title	6.156875000000001	3.83625	6.0531250000000005
choose	5.615	3.7424999999999993	5.84
village	5.700000000000001	3.8187500000000005	5.305625
acquire	6.015000000000001	3.95625	6.15125
rank	5.733124999999999	4.385625	5.7056249999999995
bow	5.6475	4.064375	5.73375
doctor	5.049375	4.103125	5.423125
talent	6.375624999999999	4.48	6.035
source	5.573124999999999	3.821250000000001	5.723125
lead	5.317500000000001	3.8818750000000004	5.52125
question	5.793750000000001	3.9625	5.895625
publish	5.905624999999999	3.79	5.735625
interest	6.048750000000002	3.8881249999999996	6.271875000000001
serve	5.581875	3.6587500000000004	5.765625
divine	5.873124999999999	4.284375	5.58875
put	5.876875	3.7537500000000006	5.881875
shadow	5.697500000000001	3.7824999999999998	5.451875
practical	5.415624999999999	3.98625	5.665625000000001
surface	5.244375	3.5056249999999998	5.181875
account	5.959375	3.7212500000000004	5.969374999999999
loss	4.186875	4.711875	4.64625
indian	4.94375	4.5406249999999995	4.955
vine	5.439999999999999	3.6275000000000004	5.356250000000001
certain	5.540625	3.778125	5.5912500000000005
sin	5.040625	4.596875000000001	5.142500000000001
necessity	5.215	4.1743749999999995	5.530625
lose	6.261875	3.998124999999999	5.92
private	5.40875	4.1425	5.65625
gentleman	5.916250000000002	3.8931249999999995	5.825
daughter	6.601875	4.4575	5.71625
drive	5.65	3.9987500000000007	5.489375
strange	5.855625000000001	4.229374999999999	5.7162500000000005
journey	5.97	4.348125	5.549375
uncle	5.93125	3.8912499999999994	5.661875000000001
species	5.440624999999999	4.188125	5.463125
think	6.1293750000000005	3.7181249999999992	6.111875
bed	5.818124999999999	3.5012499999999998	5.6468750000000005
wind	5.753125	4.034375	5.278749999999999
bless	6.9037500000000005	4.109375	6.3462499999999995
destroy	5.245000000000001	4.425000000000001	5.428124999999999
author	5.9025	4.07	5.987500000000001
sustain	5.575	4.06875	5.69125
black	5.3306249999999995	4.028125	5.430625
event	5.4175	4.3525	5.675
liberty	6.0093749999999995	4.398750000000001	5.8637500000000005
negro	4.791875	4.254375	5.2275
little	5.745625	3.6956249999999997	5.710624999999999
fortune	6.217500000000001	4.302499999999999	5.779375
touch	6.233125000000001	4.234375	5.849375
kill	4.96125	4.312499999999999	5.47625
feature	5.595625	3.888125	5.507499999999999
happiness	6.866250000000001	4.858124999999999	6.271250000000001
assume	5.8168750000000005	3.805625	6.078749999999999
notion	5.86	4.065625	5.834375
purchase	5.631875000000001	4.184375	5.5325
faithful	6.356875	4.595625	5.903124999999999
soldier	5.046875	4.866874999999999	5.303125
father	6.675	3.90375	5.936875
narrow	5.086875	3.4974999999999996	5.053750000000001
great	5.905	3.766875	5.9487499999999995
tear	5.703125	4.593749999999999	5.24125
honorable	5.874375	4.0425	5.956875000000001
previous	5.427499999999999	3.5643749999999996	5.70875
good	5.816875	3.783125	5.8081249999999995
domestic	6.2825	3.890625000000001	5.899375
glory	6.870000000000001	4.728125	6.2337500000000015
lay	5.603750000000002	3.863125	5.631875
occasion	5.889375	3.8549999999999995	6.242499999999999
guard	4.795624999999999	4.354375	5.29875
whole	5.744375	3.5693750000000004	5.8637500000000005
mouth	5.409999999999999	4.160625	5.500625
receive	5.786875	4.061875000000001	5.890624999999999
take	5.9025	3.6856249999999995	5.776249999999999
simple	6.116874999999999	3.8087500000000003	5.9312499999999995
error	4.968125	4.055000000000001	5.516875000000001
wisdom	6.045	4.590625	5.885625000000001
rock	5.931874999999999	3.7331249999999994	5.363125
decide	5.635000000000001	4.1125	5.7143749999999995
exclaim	5.948125	3.85375	5.970625
assure	5.815	3.8474999999999993	5.816250000000001
sign	5.719375	3.7487500000000002	5.66375
preserve	6.145625000000001	3.7043749999999998	5.835624999999999
commerce	5.365	4.044999999999999	5.8756249999999985
plant	5.529374999999999	3.6281250000000003	5.540625
walk	5.391874999999999	3.74625	5.734375
difference	5.65125	3.616875	6.027499999999999
hang	5.541249999999999	4.0218750000000005	5.662499999999999
following	5.835	3.804375	5.871875
employ	5.5375	4.201874999999999	5.679375
