deal	6.014375	3.9006250000000002	5.6781250000000005
study	5.8225	4.08125	5.983750000000001
afford	5.903124999999999	3.7649999999999997	5.753750000000001
service	5.36375	4.04625	5.58875
height	5.2475	3.9731249999999996	5.259375
prospect	5.908125	4.421875	5.6431249999999995
pleasant	6.940000000000001	4.5825000000000005	6.18
shade	6.3637500000000005	3.8756250000000003	5.50625
listen	6.112500000000001	3.7337500000000006	5.986875
mighty	5.766875000000001	4.65	5.61125
country	5.3975	3.78125	5.625
title	5.519375	3.6543750000000004	5.689375
choose	5.536874999999999	3.85875	5.508125
village	5.56875	3.6406249999999996	5.435624999999999
acquire	6.234375	4.1118749999999995	6.0718749999999995
rank	5.788749999999999	4.5874999999999995	5.741874999999999
bow	5.654999999999999	4.18125	5.604374999999999
doctor	5.14	3.95875	5.055000000000001
talent	6.391874999999999	4.438125	6.2125
source	5.66125	3.6081249999999994	6.003125
lead	5.7175	3.8225000000000002	5.838125
question	5.548125	3.67375	5.9506250000000005
publish	5.60625	3.595	5.85625
interest	5.928749999999999	3.8343749999999996	6.17
serve	5.684374999999999	3.556875	5.7175
divine	6.181875	4.382499999999999	5.555625
put	5.623125	3.513749999999999	5.651249999999999
shadow	5.998125	3.9331250000000004	5.2368749999999995
practical	5.626874999999999	4.005	5.805000000000001
surface	5.051249999999999	3.5906249999999997	5.038749999999999
account	5.668125	3.6431250000000004	5.9025
loss	4.065625	4.748125	4.493124999999999
indian	5.125625	4.4975	4.945625
vine	5.331874999999999	3.75125	5.328125000000001
certain	5.699999999999999	3.7018750000000002	5.934374999999999
sin	4.538125	4.730625	4.805625
necessity	4.859375	4.005	5.229374999999999
lose	6.021250000000002	3.8006249999999997	5.698125
private	5.366250000000001	3.883749999999999	5.49875
gentleman	5.891874999999999	3.680625	5.8025
daughter	6.39375	4.538125000000001	5.752499999999999
drive	5.165000000000001	4.194999999999999	5.21375
strange	5.9731250000000005	4.211874999999999	5.565
journey	5.70375	3.804375	5.564375
uncle	6.306874999999999	4.04125	5.724999999999999
species	5.156249999999999	4.343125	5.248125
think	6.091250000000001	3.4568749999999993	5.786875
bed	5.82	3.773125	5.71
wind	5.65875	4.4475	5.00125
bless	6.500625	4.42875	6.1225000000000005
destroy	4.2162500000000005	4.810000000000001	4.909375
author	5.959375	3.6125000000000003	5.708125
sustain	5.116874999999999	4.035	5.51625
black	5.338125000000001	3.8756249999999994	5.485
event	5.93	3.9974999999999996	5.900625
liberty	5.678125	4.045000000000001	5.536875
negro	4.6031249999999995	4.35625	4.89375
little	5.781874999999999	3.66125	5.59625
fortune	6.675	4.420625000000001	6.039375
touch	5.987500000000001	4.07625	5.8
kill	4.2368749999999995	4.8325000000000005	5.00125
feature	5.961875000000001	3.74375	5.711249999999999
happiness	7.014999999999999	4.67	6.19125
assume	5.785625	3.69375	5.915
notion	5.72375	3.826250000000001	5.6175000000000015
purchase	5.9075	4.370000000000001	5.65625
faithful	5.945	4.335624999999999	5.909375000000001
soldier	4.646875	5.079999999999999	5.354374999999999
father	5.923750000000001	4.3475	5.589375
narrow	4.974375	3.784375	4.718125
great	5.938125000000001	3.690625	5.854375
tear	5.080625	4.585625	5.073125
honorable	5.744375	3.959375	6.0806249999999995
previous	5.5	4.011875	5.795000000000002
good	5.7893750000000015	3.7	5.743124999999999
domestic	5.756875	4.119375	5.70125
glory	6.84875	4.8	6.169999999999999
lay	5.818750000000001	3.7249999999999996	5.641875000000001
occasion	5.856874999999999	3.9118749999999998	6.134375
guard	5.015	4.05375	5.65875
whole	5.734375000000001	3.3893750000000002	5.5275
mouth	5.24625	3.910625000000001	5.596875000000001
receive	5.70875	3.6256250000000003	5.6693750000000005
take	5.868124999999999	3.4125	5.64625
simple	5.82375	3.6431250000000004	5.741875
error	4.871875	4.13	5.623749999999999
wisdom	6.323750000000001	4.24875	5.935625000000001
rock	5.6025	3.6537499999999996	4.89
decide	5.577500000000001	4.10375	5.659375
exclaim	5.74625	3.9068750000000003	5.701250000000001
assure	5.67875	3.61125	5.655625000000001
sign	5.810624999999999	3.59625	5.8475
preserve	6.178750000000001	4.058750000000001	5.904375
commerce	5.454375000000001	4.111249999999999	5.61625
plant	5.950625	3.62875	5.480625
walk	5.445625	3.5424999999999995	5.688124999999999
difference	5.5175	3.630625	5.8843749999999995
hang	5.55125	3.8593749999999996	5.5287500000000005
following	5.736249999999999	3.665	5.7425
employ	5.409375	4.315624999999999	5.776875000000001
