deal	6.235	4.0625	6.029375
study	5.926875000000001	4.4775	5.904375
afford	5.632499999999999	3.5931250000000006	5.421875000000001
service	5.098125	3.900625	5.5531250000000005
height	5.20625	3.709374999999999	5.574375
prospect	5.74125	4.505	5.730625
pleasant	6.979375	4.5875	6.044375
shade	6.354374999999999	3.904375	5.709375
listen	5.645624999999999	3.9493749999999994	5.646875000000001
mighty	6.166250000000001	4.461874999999999	5.960624999999999
country	4.96375	4.041874999999999	5.41875
title	5.63	4.0043750000000005	6.006875000000001
choose	5.985	4.049999999999999	6.063124999999999
village	5.71875	3.6218749999999997	5.509999999999999
acquire	6.1293750000000005	4.335624999999999	6.0581249999999995
rank	5.407500000000001	4.373125000000001	5.748125000000001
bow	5.255625	3.8912500000000003	5.358124999999999
doctor	5.234999999999999	4.010625	5.1781250000000005
talent	6.159375	4.56125	5.95625
source	5.77125	3.7593750000000004	5.866875
lead	5.713125	3.8274999999999997	5.724375
question	5.950624999999999	3.8787499999999997	6.154375
publish	5.57875	3.6949999999999994	5.844375
interest	5.7143749999999995	3.8325	5.98625
serve	5.993124999999999	3.61	6.157500000000001
divine	6.204374999999999	4.168125	5.76625
put	5.99	3.725	5.7837499999999995
shadow	6.209374999999999	4.116875	5.455
practical	5.6425	3.9750000000000005	5.748125
surface	5.15875	3.4118749999999993	5.0962499999999995
account	5.7225	3.576250000000001	6.039375
loss	4.793750000000001	4.8012500000000005	4.686875
indian	5.2124999999999995	4.233124999999999	4.858124999999999
vine	5.443124999999999	3.6112499999999996	5.324374999999999
certain	5.644374999999999	3.82875	5.918749999999999
sin	4.528125	4.49875	4.681875
necessity	5.2768749999999995	4.073124999999999	5.355
lose	5.945625000000001	4.083125	5.609999999999999
private	5.811875000000001	4.2375	5.691875
gentleman	5.893125	3.7418750000000003	5.584999999999999
daughter	6.0806249999999995	4.52875	5.416874999999999
drive	5.675625	4.09875	5.483124999999999
strange	6.0325	4.384375	5.656874999999999
journey	5.855624999999999	4.1137500000000005	5.5756250000000005
uncle	5.923750000000001	3.9287500000000004	5.444999999999999
species	5.455625000000001	4.032500000000001	5.477500000000001
think	5.772500000000001	3.8743749999999997	5.548125000000001
bed	5.847500000000001	3.68625	5.7093750000000005
wind	5.755	4.12875	5.393125
bless	6.211874999999999	4.11125	5.842499999999999
destroy	5.314375	4.374375000000001	5.561875
author	5.888750000000001	3.891875	5.788125
sustain	5.378125	3.794374999999999	5.495
black	5.4262500000000005	3.996875	5.2700000000000005
event	5.4475	3.6762500000000005	5.708125
liberty	5.516874999999999	4.2368749999999995	5.576875
negro	5.031874999999999	4.370000000000001	5.09
little	5.9625	3.9574999999999996	5.74625
fortune	5.614375	4.069375	5.5581249999999995
touch	6.194375	3.8975	5.7906249999999995
kill	4.546250000000001	4.70625	4.9037500000000005
feature	5.5962499999999995	3.78375	5.56875
happiness	6.24875	4.72875	5.796250000000001
assume	5.584375	3.7843750000000003	5.994999999999999
notion	5.91875	4.052500000000001	5.958749999999999
purchase	5.904375	4.5925	5.491249999999999
faithful	5.673749999999999	4.053125	5.559375
soldier	4.623124999999999	4.99	5.141875000000001
father	6.106250000000001	4.249375000000001	5.614375
narrow	5.063750000000001	3.5712499999999996	5.1518749999999995
great	5.81	3.8912500000000003	5.9487499999999995
tear	4.983125000000001	4.66875	4.913125
honorable	6.213124999999999	4.171875	6.025625
previous	5.254374999999999	3.7587499999999996	5.831875
good	5.8462499999999995	3.86375	5.714375
domestic	5.8343750000000005	3.845000000000001	5.6468750000000005
glory	6.775	4.618125	5.946875000000001
lay	6.07	3.7275	5.651249999999999
occasion	6.003125	3.93625	6.388125
guard	4.865	4.104375	5.2631250000000005
whole	5.8862499999999995	3.5812500000000003	5.85875
mouth	5.305625	4.0825	5.30625
receive	6.098125	3.9175	5.91625
take	6.1068750000000005	3.683124999999999	5.921875
simple	5.935624999999999	3.860625	5.9275
error	5.117500000000001	3.8600000000000003	5.521249999999999
wisdom	6.2749999999999995	4.1537500000000005	6.019375
rock	5.99625	3.5887499999999997	5.4875
decide	5.71125	4.0337499999999995	5.8625
exclaim	5.368125	4.218125000000001	5.296875
assure	5.873749999999999	3.8787499999999993	5.710625000000001
sign	6.010624999999999	3.7900000000000005	5.869375
preserve	6.191875000000001	3.8937499999999994	5.920625
commerce	4.894375	4.141875000000001	5.189375
plant	5.470624999999999	3.7262500000000003	5.324999999999999
walk	5.8	3.7125	5.594374999999999
difference	5.567499999999999	3.686875	6.087499999999999
hang	5.608749999999999	3.909375	5.525625
following	5.825625	3.73	6.074375
employ	5.165	4.1431249999999995	5.705
