deal	6.0325000000000015	3.919375	5.87375
study	6.143125000000001	3.905625	5.976875
afford	5.694374999999999	3.87625	5.7425
service	5.414375	4.0874999999999995	5.536875
height	5.176875	3.6093749999999996	5.296249999999999
prospect	6.355625000000001	4.379375	6.044375
pleasant	6.450624999999999	4.25875	6.185
shade	6.275624999999999	3.8475	5.425
listen	5.793125	4.194375	5.688750000000001
mighty	5.83	4.3775	5.504375
country	5.03375	3.9581250000000003	5.3725000000000005
title	6.128125000000001	3.9481250000000006	5.868124999999999
choose	5.86125	3.8475	5.902499999999999
village	5.678125	3.69625	5.366874999999999
acquire	6.077500000000001	3.9375000000000004	6.32375
rank	5.728125000000001	4.15625	5.794375
bow	5.675625	4.044375000000001	5.6975
doctor	5.090624999999999	4.1000000000000005	5.311875
talent	6.374999999999999	4.179374999999999	6.279375000000001
source	5.6656249999999995	3.69125	5.86625
lead	5.513750000000001	3.945625	5.598125
question	5.418125	3.949375	5.54125
publish	5.425624999999999	3.664375	5.793125
interest	5.835625	3.8949999999999996	5.881875
serve	5.5768749999999985	3.691875	5.824999999999999
divine	6.248125	4.256249999999999	5.753749999999999
put	5.686875000000001	3.56625	5.6875
shadow	6.450625	4.1475	5.5175
practical	5.201874999999999	4.039374999999999	5.4075
surface	5.078125000000001	3.6968749999999995	5.226875000000001
account	5.656875	3.7831250000000005	5.859999999999999
loss	4.855625	4.4675	5.015625000000001
indian	5.528124999999999	4.208749999999999	5.030625
vine	5.576874999999999	3.9612499999999997	5.2524999999999995
certain	5.410625	3.8850000000000002	5.744999999999999
sin	6.2056249999999995	4.2425	5.6156250000000005
necessity	5.003125	4.305624999999999	5.53625
lose	6.146874999999999	4.1137500000000005	5.7856250000000005
private	5.619375	3.9843750000000004	5.571875
gentleman	5.86625	3.9256249999999997	5.813125000000001
daughter	6.239375	4.44625	5.578124999999999
drive	5.393750000000002	4.284375	5.208125
strange	5.3375	4.571249999999999	5.0687500000000005
journey	6.209375	4.288125	5.925625
uncle	5.614999999999999	4.045625000000001	5.4225
species	5.424375	4.001250000000001	5.699375000000001
think	6.153750000000001	3.7074999999999996	6.056875000000001
bed	5.948125000000001	3.684375	5.825625000000001
wind	5.848749999999999	4.144375	5.265624999999999
bless	6.380625	4.1743749999999995	5.989375
destroy	4.576875	4.6468750000000005	5.276249999999999
author	5.97875	4.083125000000001	5.8062499999999995
sustain	5.389375	4.155624999999999	5.586250000000001
black	5.47625	3.9856250000000006	5.375624999999999
event	5.755625	4.06125	5.729374999999999
liberty	5.065	4.48875	5.058125
negro	4.795624999999999	4.0825	5.13
little	5.9325	3.9012500000000006	5.835625
fortune	6.341874999999999	4.689374999999999	5.718750000000001
touch	6.069374999999999	4.18125	5.749375
kill	4.369375	4.628749999999999	4.91875
feature	6.128125000000001	4.11875	5.983749999999999
happiness	6.764374999999999	4.8500000000000005	6.078125
assume	5.804374999999999	3.8262500000000004	6.088125
notion	5.718125	4.21	5.7837499999999995
purchase	5.6025	4.1025	5.70125
faithful	6.534375000000001	4.335624999999999	6.067500000000001
soldier	5.133125000000001	4.335625	5.3774999999999995
father	6.44125	4.220000000000001	5.868124999999999
narrow	4.741874999999999	3.7231249999999996	4.889374999999999
great	5.690625	3.9675000000000002	5.757499999999999
tear	5.596875	4.75875	5.234375
honorable	5.77375	4.185	5.909999999999999
previous	5.489374999999999	3.8018749999999994	5.958750000000001
good	5.626874999999999	3.935625	5.693125
domestic	6.248124999999999	4.150625000000001	5.864375
glory	6.68375	4.701874999999999	5.889375
lay	5.718750000000001	3.785000000000001	5.858125000000001
occasion	6.156875	3.78375	6.077499999999999
guard	5.214374999999999	4.124375	5.476875
whole	5.808750000000001	3.579375	5.719375
mouth	5.509375	3.831875	5.425000000000001
receive	5.928749999999999	3.9131249999999995	6.011875000000001
take	5.928125	3.6725000000000003	5.86875
simple	6.216875	3.6987500000000004	6.114375
error	4.920625	4.118125	5.443125
wisdom	6.3775	4.24	5.853750000000001
rock	6.0075	4.063750000000001	5.444375000000001
decide	5.6975	4.251250000000001	5.8675000000000015
exclaim	5.827500000000001	4.301875	5.601249999999999
assure	6.186875000000001	4.039375	6.030625
sign	5.53625	3.855	5.695000000000001
preserve	6.2318750000000005	4.111249999999999	5.86375
commerce	5.233750000000001	4.155625	5.3306249999999995
plant	5.744375000000001	3.9799999999999995	5.382500000000001
walk	5.781875	3.7581249999999997	5.743125
difference	5.091875	3.7043750000000006	5.5825
hang	5.692499999999999	3.7906249999999995	5.748124999999999
following	5.631875000000001	3.685625000000001	5.939999999999999
employ	5.3081249999999995	4.237500000000001	5.583125
