deal	6.083124999999999	3.980625	5.940625000000001
study	5.905625000000001	4.3531249999999995	6.119375
afford	5.928125	3.92375	5.65875
service	5.483125	4.114999999999999	5.67375
height	5.250000000000001	3.84875	5.371874999999999
prospect	6.35375	4.716875	6.014374999999999
pleasant	6.558125	4.5	5.970625
shade	6.143750000000001	3.9449999999999994	5.6899999999999995
listen	5.68125	3.800625	5.7175
mighty	5.785625000000001	4.713125000000001	5.22625
country	5.149374999999999	3.7768750000000004	5.36125
title	5.651249999999998	3.8993749999999996	5.808124999999999
choose	5.60125	3.964375000000001	5.684374999999999
village	5.59625	3.764375	5.640625
acquire	6.1125	4.1125	6.170625
rank	5.825000000000001	4.390000000000001	5.7775
bow	5.3475	4.2575	5.44375
doctor	4.845625	4.043749999999999	5.155625
talent	6.586875	4.5493749999999995	6.274375
source	5.74625	3.9962500000000003	6.03125
lead	5.770625000000001	3.9762500000000007	5.7225
question	5.3256250000000005	3.9199999999999995	5.56625
publish	5.409375	3.67	5.770625000000001
interest	5.466875000000001	3.82625	5.646875
serve	5.89625	3.7193749999999994	5.883125000000001
divine	6.2612499999999995	4.239375	5.885625
put	5.8881250000000005	3.8081249999999995	5.8531249999999995
shadow	6.238124999999999	4.225625	5.533125
practical	4.805625	4.316249999999999	5.396875
surface	5.453125	3.536875	5.1968749999999995
account	5.509375	3.769375	5.733124999999999
loss	4.355	4.6450000000000005	4.67125
indian	4.9731250000000005	4.338125000000001	4.836874999999999
vine	5.531875	3.6325000000000003	5.514375
certain	5.4956249999999995	3.7231250000000005	5.7
sin	4.855	4.6575	5.032500000000001
necessity	4.85375	4.046875	5.172499999999999
lose	6.129375000000001	3.883125	5.7106249999999985
private	5.306875	4.02125	5.17625
gentleman	5.849375	3.85875	5.554999999999999
daughter	6.338125000000001	4.5075	5.62
drive	5.244999999999999	4.140625	5.291249999999999
strange	5.443125	4.4193750000000005	5.2456249999999995
journey	5.737500000000001	3.95375	5.58
uncle	5.783125000000001	4.175	5.428749999999999
species	5.03125	4.154375	5.37
think	5.798750000000001	3.7406249999999996	5.613125000000001
bed	5.51	3.855	5.689374999999999
wind	5.744999999999999	4.20375	5.127499999999999
bless	6.503750000000002	4.50375	5.944999999999999
destroy	4.07875	4.558125000000001	4.633749999999999
author	5.4725	4.1537500000000005	5.846875000000001
sustain	5.12125	4.16125	5.146249999999999
black	5.046875000000001	4.046250000000001	5.11
event	5.188124999999999	4.0325	5.684999999999999
liberty	5.459375	4.49875	5.155625000000001
negro	4.508125	4.490625	4.672499999999999
little	5.8793750000000005	4.119375000000001	5.518125
fortune	6.331249999999999	4.623750000000001	5.8481250000000005
touch	5.996249999999999	4.075	5.726249999999999
kill	4.475	4.568125	4.98
feature	5.5356250000000005	4.059375	5.461874999999999
happiness	7.148750000000001	4.683125	6.404375000000001
assume	5.829375	3.7218750000000003	5.8412500000000005
notion	5.748125	3.9162500000000002	5.846250000000001
purchase	5.593125	4.203125	5.441249999999999
faithful	6.189375	4.574375000000001	6.005000000000001
soldier	4.708125	4.451875000000001	5.20125
father	6.358125000000001	4.041250000000001	5.728125
narrow	5.3775	3.7024999999999997	4.958749999999999
great	5.573124999999999	3.871875	5.766249999999999
tear	5.0287500000000005	4.890000000000001	4.68625
honorable	5.866249999999998	4.120625	5.8062499999999995
previous	5.235624999999999	3.7474999999999996	5.713125
good	5.76625	3.933125	5.748749999999999
domestic	6.14125	4.015000000000001	5.769375
glory	7.113124999999999	4.585625	6.123750000000001
lay	5.346875	4.05625	5.5225
occasion	5.6831249999999995	3.8937500000000003	5.865
guard	5.114375000000001	3.935	5.295
whole	5.705000000000001	3.5493750000000004	5.52
mouth	4.8618749999999995	3.9812500000000006	5.322499999999999
receive	6.029999999999999	3.7231249999999996	5.749374999999999
take	5.964375	3.5768750000000002	5.778125
simple	6.293124999999999	3.8868750000000003	6.119375000000001
error	4.358124999999999	4.179375	5.213125
wisdom	6.271249999999999	4.256875	5.940000000000001
rock	6.178125	4.01375	5.551875
decide	5.375	4.135	5.755624999999999
exclaim	5.56125	4.1850000000000005	5.535625
assure	6.201875000000001	3.78625	5.909375000000001
sign	5.8012500000000005	3.61875	5.6825
preserve	6.0237500000000015	3.9031249999999997	5.789375000000001
commerce	5.184375000000001	4.005	5.25
plant	6.023125	3.9137500000000003	5.589375000000001
walk	5.458749999999999	3.7199999999999998	5.733124999999999
difference	5.295	3.5868750000000005	5.753750000000001
hang	5.2275	3.9837500000000006	5.230625
following	5.941249999999999	3.6793750000000003	5.858124999999999
employ	5.47375	4.199999999999999	5.6499999999999995
