deal	6.140625	3.4774999999999996	5.992500000000001
study	5.883125000000001	4.248125	6.006874999999999
afford	5.770625	3.9537500000000003	5.70375
service	5.676875000000002	4.140625	5.9768750000000015
height	5.481875	3.83	5.482499999999999
prospect	6.007499999999999	4.481875	5.664375
pleasant	7.043749999999999	4.540625	6.205625
shade	6.1568749999999985	4.081875	5.364374999999999
listen	5.695625000000001	3.6375	5.673750000000001
mighty	5.818125000000001	4.413124999999999	5.556875
country	5.490625	4.09875	5.5093749999999995
title	5.543749999999998	3.931249999999999	5.5225
choose	5.8425	3.6175	5.929374999999999
village	5.8125	3.765625	5.586249999999999
acquire	5.9575000000000005	4.014375	6.05375
rank	5.298124999999999	4.163125	5.7825
bow	5.984375	4.06375	5.855
doctor	5.164375	4.03	5.284375000000001
talent	6.373749999999999	4.385625	6.11125
source	5.9243749999999995	3.7287500000000002	5.963749999999999
lead	5.373125	3.80875	5.636875
question	5.511875	4.1656249999999995	5.59375
publish	5.68375	3.543125	5.78625
interest	5.990625	4.109375	5.7375
serve	5.600625000000001	3.706875	5.844375
divine	6.22625	4.2281249999999995	5.686875000000001
put	5.673125000000001	3.7568750000000004	5.81375
shadow	5.8862499999999995	4.08875	5.3225
practical	5.538125000000001	3.8374999999999995	5.520625000000001
surface	5.3687499999999995	3.75375	5.171875
account	5.91875	3.891875	5.845625
loss	4.65375	4.800625000000001	4.826875
indian	5.466875	4.118125	5.093124999999999
vine	5.501875000000001	3.8956250000000003	5.390000000000001
certain	5.513749999999999	3.885625	5.819375000000001
sin	5.675	4.386875	5.414375000000001
necessity	5.19875	4.239375	5.26125
lose	5.901875	3.8268749999999994	5.755
private	5.976875	4.0668750000000005	5.746875
gentleman	6.04875	3.6975	5.913125
daughter	6.854375	4.78875	5.85
drive	5.2093750000000005	4.550000000000001	5.33
strange	5.88875	3.7725	5.658125
journey	6.19	4.429374999999999	6.0562499999999995
uncle	6.1693750000000005	3.9762500000000003	5.717499999999999
species	5.275	4.155	5.374375
think	5.981250000000001	3.4112499999999994	5.968750000000001
bed	5.58	3.738749999999999	5.440625000000001
wind	5.8531249999999995	4.16625	5.045624999999999
bless	6.5950000000000015	4.255	6.149374999999999
destroy	4.980625000000001	4.618125000000001	5.335
author	6.15125	4.1375	5.72625
sustain	5.384374999999999	4.069375	5.44875
black	5.264375	3.8218749999999995	5.344375
event	5.655625000000001	4.057500000000001	5.496249999999999
liberty	5.518124999999999	4.503125000000001	5.32625
negro	4.909375	4.1975	5.244375000000001
little	5.753125	3.6518750000000004	5.621875
fortune	6.368124999999999	4.4818750000000005	6.000624999999999
touch	5.891250000000001	3.986875	5.5756250000000005
kill	4.6875	4.2768749999999995	5.176875000000001
feature	5.5625	3.906875	5.8325
happiness	7.075625	4.782500000000001	6.311249999999999
assume	5.597500000000001	3.680625	5.70125
notion	5.8412500000000005	4.183125	5.506874999999998
purchase	6.019375	4.394375000000001	5.766249999999999
faithful	6.4225	4.484374999999999	6.129375
soldier	4.96125	4.296875	5.474375
father	6.390625	4.02125	5.7856250000000005
narrow	5.00125	3.5499999999999994	5.296249999999999
great	5.809374999999999	3.679375	5.761874999999999
tear	5.115625000000001	4.5	5.0425
honorable	6.075625	4.683750000000001	6.069375000000001
previous	5.526874999999999	3.8162499999999997	5.871875
good	5.926874999999999	3.741875	5.9825
domestic	6.064375	4.41	5.628125
glory	6.773125	4.798125	6.047500000000001
lay	5.6674999999999995	3.8962500000000007	5.749375
occasion	6.205625	3.9762500000000003	6.001874999999998
guard	5.3925	3.76125	5.5218750000000005
whole	5.796875	3.5700000000000003	5.71875
mouth	5.396875	3.8531250000000004	5.389999999999999
receive	5.834375	3.988125000000001	5.793125
take	5.944374999999999	3.5918749999999995	5.83375
simple	5.9675	3.89375	5.955
error	5.27	3.9406250000000003	5.630000000000001
wisdom	6.109999999999999	4.29125	6.016250000000001
rock	6.129375	3.8799999999999994	5.5225
decide	5.415625	4.16875	5.3999999999999995
exclaim	5.598125	3.9	5.63375
assure	5.976249999999999	3.665	5.711875000000001
sign	5.715	3.6718750000000004	5.8187500000000005
preserve	6.081874999999998	3.770625	5.925625
commerce	5.31625	4.182499999999999	5.353749999999999
plant	5.805625	4.11125	5.416250000000002
walk	5.4593750000000005	3.8606249999999998	5.7193749999999985
difference	5.71125	3.9618750000000005	5.904375
hang	5.313124999999999	3.9668750000000004	5.375625
following	5.888749999999999	3.8237500000000004	5.871875
employ	5.5093749999999995	4.15125	5.741250000000002
