deal	6.259375	3.7375000000000003	6.30625
study	6.136875000000002	4.427499999999999	6.185625
afford	5.774374999999999	3.6525000000000003	5.9775
service	5.3081249999999995	3.9706249999999996	5.6775
height	5.2475	3.5931249999999997	5.486249999999998
prospect	6.226874999999999	4.555000000000001	5.865625
pleasant	6.88	4.295625	6.15375
shade	5.856875000000001	3.988125	5.329374999999999
listen	5.626249999999999	3.763125	5.805625
mighty	5.49375	4.3706249999999995	5.488124999999999
country	5.189375000000001	3.926250000000001	5.375624999999999
title	5.989374999999999	3.9	5.721875
choose	5.542500000000001	3.7362500000000005	5.711874999999999
village	5.886875	3.82	5.3925
acquire	6.239375000000001	4.0625	6.326250000000001
rank	5.681875	4.299375	5.76
bow	5.6175	4.53125	5.54
doctor	5.32625	4.124375000000001	5.48125
talent	6.843125000000001	4.36875	6.355624999999999
source	5.623124999999999	3.9837499999999997	5.799999999999999
lead	5.564375000000001	4.041875000000001	5.686249999999999
question	5.595625	4.020625	5.7093750000000005
publish	5.344374999999999	3.7462500000000003	5.62
interest	5.650625	3.9375	5.649374999999999
serve	5.792499999999999	3.5325000000000006	6.016875
divine	6.009999999999999	4.53	5.834375000000001
put	5.664375000000001	3.8181249999999998	5.78625
shadow	5.516875	3.9718750000000003	5.226875
practical	5.2025	4.2425	5.510625
surface	5.281875	3.69875	5.2162500000000005
account	5.769375	3.817500000000001	5.779999999999999
loss	4.6481249999999985	4.69	4.903125000000001
indian	5.380624999999999	4.105625	4.980624999999999
vine	5.44625	3.8231249999999997	5.3843749999999995
certain	5.449374999999999	3.7337499999999997	5.78625
sin	5.14375	4.8100000000000005	5.327500000000001
necessity	5.068125	3.806875	5.396249999999999
lose	5.996250000000001	3.9375000000000004	5.7368749999999995
private	5.5125	3.9468749999999995	5.669375
gentleman	6.300625000000001	3.7524999999999995	6.034375
daughter	6.525	4.68875	5.541875
drive	5.475624999999999	4.305625	5.378125
strange	5.668125	4.3175	5.390000000000001
journey	5.934375	4.116875	5.6762500000000005
uncle	6.181875000000001	3.9837499999999997	5.743125
species	5.478125	4.051875000000001	5.6
think	5.80875	3.6243749999999997	5.7856250000000005
bed	5.931875000000002	3.8374999999999995	5.794999999999999
wind	5.545625	4.283125	5.011875
bless	6.0793750000000015	4.654375	5.948125
destroy	4.918750000000001	4.44125	5.405625
author	5.635625	3.9712500000000004	5.7943750000000005
sustain	5.483750000000001	3.9443749999999995	5.516249999999999
black	5.308125	4.208125	5.24
event	5.550625000000001	3.8787499999999993	5.430624999999999
liberty	5.517499999999999	4.214375	5.385000000000001
negro	4.5687500000000005	4.565625	4.798125
little	5.809375000000002	3.691875	5.663125000000001
fortune	6.196875	4.358125000000001	5.784375
touch	5.732499999999999	4.13875	5.670624999999999
kill	4.644375	4.690625000000001	4.915625
feature	5.652500000000001	3.9643750000000004	5.635624999999999
happiness	6.672499999999999	4.610625	5.995625000000001
assume	5.724374999999998	3.771875	5.806875
notion	5.8025	3.9431249999999993	5.80375
purchase	5.95875	4.286875	5.7675
faithful	6.5525	4.401249999999999	5.9956249999999995
soldier	4.78875	4.786250000000001	5.284375000000001
father	6.036875	4.35875	5.6899999999999995
narrow	5.259999999999999	3.680625	5.1825
great	5.809374999999999	3.7487500000000002	5.8687499999999995
tear	4.799375	4.8325000000000005	4.567500000000001
honorable	6.185625	4.306875	6.068125
previous	5.534375000000001	3.875	5.7725
good	6.017500000000001	3.779375	6.189374999999999
domestic	5.866875000000001	4.194375	5.846875
glory	6.50375	4.929375	5.881874999999999
lay	5.5493749999999995	3.9437500000000005	5.646874999999999
occasion	5.961875	3.7424999999999997	5.821874999999999
guard	4.9849999999999985	4.1049999999999995	5.6
whole	5.733750000000001	3.650625	5.564375
mouth	5.254375	4.165625	5.439375000000001
receive	5.7975	3.9375	5.8931249999999995
take	5.652500000000001	3.8293749999999998	5.791250000000001
simple	6.30875	3.535625	6.109375
error	4.62375	4.164375	5.315625000000002
wisdom	6.355	4.441250000000001	6.108125
rock	5.865624999999999	4.18875	5.221875
decide	5.6293750000000005	4.24	5.891875000000001
exclaim	5.5924999999999985	4.04125	5.6137500000000005
assure	5.843125000000001	3.679375	5.99625
sign	5.766249999999999	3.8375000000000004	5.7250000000000005
preserve	5.936875	3.78125	5.890625
commerce	4.895625	3.9687499999999996	5.2225
plant	5.39	3.8924999999999996	5.275
walk	5.8062499999999995	3.83875	5.741874999999999
difference	5.538749999999999	3.865625	5.883125000000001
hang	5.464375	3.910625	5.651249999999999
following	5.73	3.565	5.760625
employ	5.523125	3.886875	5.813125
