deal	6.343749999999999	3.84375	6.0
study	5.98625	4.47625	6.006875000000001
afford	5.734999999999999	3.6525000000000003	5.625
service	5.659375	4.470000000000001	5.8656250000000005
height	5.355625	3.6462499999999998	5.478749999999999
prospect	6.000624999999999	4.43125	5.806874999999999
pleasant	6.416874999999999	4.355625000000001	6.240625
shade	5.8275	3.8606249999999998	5.42625
listen	5.676875000000001	3.906875	5.631875000000001
mighty	5.8950000000000005	4.459375	5.566875
country	5.3675	3.6818750000000002	5.608749999999999
title	5.793125	3.765625	5.732499999999999
choose	5.9593750000000005	3.908124999999999	5.98875
village	5.918125	3.7225000000000006	5.681875
acquire	5.911250000000001	3.9587499999999998	6.0843750000000005
rank	5.5249999999999995	4.3725000000000005	5.624375
bow	5.5375	4.179375	5.721875
doctor	5.154375	3.7824999999999998	5.219375
talent	6.217499999999999	4.234375	5.9106250000000005
source	5.7375	3.7049999999999996	5.826874999999999
lead	5.74625	4.1075	5.873125
question	5.658750000000001	3.9262500000000005	5.875625000000001
publish	5.574375000000001	3.5650000000000004	5.648749999999999
interest	5.53875	3.8387500000000006	5.636875000000002
serve	5.664375	3.7487500000000007	5.781875
divine	6.25625	4.23375	5.612500000000001
put	5.994999999999999	3.735	5.781249999999999
shadow	5.550625000000001	3.8843750000000004	5.151875
practical	5.643125	4.05125	5.668125
surface	5.2787500000000005	3.5256250000000002	5.1206249999999995
account	5.35375	3.7743750000000005	5.592500000000001
loss	4.025625	4.535000000000002	4.539375000000001
indian	5.034375	4.261875	5.129375
vine	5.803125	3.659375	5.603125
certain	5.489999999999999	3.6631250000000004	5.9575000000000005
sin	5.48375	4.54625	5.244375
necessity	5.215624999999999	4.3425	5.35375
lose	5.916875000000001	3.796875	5.775625
private	5.1725	4.4106250000000005	5.3625
gentleman	5.708125	3.8231249999999997	5.57
daughter	6.300625	4.465	5.705
drive	5.612500000000001	4.204375	5.546875
strange	5.874375000000001	4.2250000000000005	5.6825
journey	5.77625	4.131875	5.716875
uncle	5.8050000000000015	4.155625000000001	5.552499999999999
species	5.338125000000001	4.034375000000001	5.4156249999999995
think	5.985625	3.5812500000000003	5.753750000000001
bed	5.76125	3.5043749999999996	5.428749999999999
wind	5.641875	4.404375	4.86625
bless	6.038125	4.220625	5.75125
destroy	4.7275	4.61125	5.292499999999999
author	5.8325000000000005	3.936875	5.635625
sustain	5.496250000000001	4.051875	5.571250000000002
black	5.484999999999999	4.043125	5.4331249999999995
event	5.4887500000000005	4.09625	5.895
liberty	5.527500000000001	4.278125	5.4275
negro	4.423125	4.408125000000002	4.673125
little	5.8656250000000005	3.7868750000000007	5.664375000000001
fortune	5.711875000000001	4.434375	5.411874999999999
touch	6.15375	4.080625000000001	5.78625
kill	4.638750000000001	4.463125	5.0112499999999995
feature	6.03	3.8275000000000006	5.844374999999999
happiness	6.755	4.8343750000000005	5.994375000000002
assume	5.704375	3.6425	5.860625
notion	5.600624999999999	3.8512500000000003	5.970625
purchase	5.491874999999999	4.03125	5.4875
faithful	6.166875	4.5	5.861249999999999
soldier	5.216875	4.605	5.283125
father	6.284375000000001	4.08	5.673125
narrow	5.179375	3.6306249999999998	5.128749999999999
great	5.779375	3.6806250000000005	5.953125
tear	5.4624999999999995	4.696874999999999	5.1937500000000005
honorable	6.131875	4.47375	6.052500000000001
previous	5.416875	3.763124999999999	5.951874999999999
good	5.55875	3.813125	5.716875
domestic	6.255625	3.9199999999999995	5.936250000000001
glory	6.836875	4.703749999999999	6.058750000000001
lay	5.983750000000001	3.72375	5.900624999999999
occasion	5.828749999999999	3.918125	6.213749999999999
guard	5.267499999999999	3.8937500000000003	5.68125
whole	5.856875	3.4831250000000002	5.619375000000001
mouth	5.61375	3.901875	5.480625
receive	5.8462499999999995	3.8175	5.809374999999999
take	5.854374999999999	3.6593750000000003	5.770625000000001
simple	6.0525	3.641875	5.95125
error	4.815625	4.20375	5.4106250000000005
wisdom	6.398125	4.188125	5.805000000000001
rock	5.835624999999999	4.07	5.326250000000001
decide	5.629375	4.069375	6.0112499999999995
exclaim	5.506874999999999	3.986249999999999	5.579375
assure	6.02	3.7831249999999996	5.865
sign	5.5806249999999995	3.775	5.7025
preserve	5.856249999999999	3.7149999999999994	5.81875
commerce	5.309375000000001	3.959375	5.355625
plant	5.769374999999999	3.765625	5.649375
walk	5.54	3.8168750000000005	5.783749999999999
difference	5.56875	3.643125	5.90625
hang	5.599375	3.7956250000000002	5.420624999999999
following	5.862500000000001	3.6406250000000004	5.95125
employ	5.42	4.236875	5.83125
