deal	6.423125	3.730625	6.111875
study	6.0481250000000015	4.308125	6.016250000000001
afford	5.810625000000001	3.725625	5.79375
service	5.583125000000001	3.860625	5.835625
height	5.22625	3.8418749999999995	5.33625
prospect	5.89375	4.349375	5.767499999999999
pleasant	6.846875000000001	4.69375	6.133125
shade	5.990625	4.005	5.411249999999999
listen	5.859375	3.8024999999999998	5.902499999999999
mighty	6.171875	4.444375000000001	5.918125
country	5.688125	4.083125000000001	5.873125
title	5.81875	3.9206249999999994	5.932500000000001
choose	6.06375	3.901249999999999	6.059374999999999
village	5.8587500000000015	3.6850000000000005	5.578125
acquire	6.154374999999999	4.073125	6.314375000000001
rank	5.866875000000001	4.101875000000001	6.152500000000001
bow	5.3531249999999995	4.20375	5.633125
doctor	5.169375	4.041875	5.2725
talent	6.426875	4.393125	6.135625000000001
source	5.863125	3.6331250000000006	5.824999999999999
lead	5.558125	4.06625	5.623749999999999
question	5.656874999999999	3.8593749999999996	5.835
publish	5.720000000000001	3.5875	6.048125000000001
interest	5.86125	3.949375	6.12375
serve	5.942500000000001	3.715	5.900625
divine	6.3012500000000005	4.070625	5.467499999999999
put	6.165000000000001	3.7206249999999996	5.779999999999999
shadow	6.0268749999999995	4.176875	5.370625000000001
practical	5.438124999999999	4.047499999999999	5.5625
surface	5.05	3.7218749999999994	5.286875
account	5.855625000000001	3.778125	5.930625
loss	4.85875	4.541875000000001	5.010000000000001
indian	5.065	4.33875	5.044375
vine	4.971249999999999	3.8624999999999994	5.175
certain	5.7543750000000005	3.910625	5.9818750000000005
sin	4.8325000000000005	4.523125	4.891875
necessity	5.1075	3.9574999999999996	5.398125
lose	6.059999999999999	3.766875	5.678125
private	5.69	4.38625	5.7775
gentleman	6.103125	3.7643750000000002	5.645625
daughter	6.345625	4.2749999999999995	5.661874999999999
drive	5.730625	4.168749999999999	5.367500000000001
strange	6.0375	4.27875	5.416875
journey	6.30625	4.235	6.0074999999999985
uncle	5.736249999999999	4.15625	5.395625
species	5.53375	4.364999999999999	5.56125
think	6.1968749999999995	3.6168749999999994	5.76375
bed	5.5825000000000005	3.6793750000000003	5.631875000000001
wind	5.6587499999999995	4.394374999999999	5.288125
bless	6.3950000000000005	3.94625	5.9956249999999995
destroy	4.688125	4.426874999999999	5.060625
author	5.8950000000000005	4.078125	5.9975000000000005
sustain	5.478749999999999	4.014999999999999	5.771874999999999
black	5.118125	4.293125	5.2575
event	5.523125	4.210625	5.6812499999999995
liberty	5.591875	4.41875	5.703125
negro	4.5375	4.500000000000001	4.65125
little	5.939375	3.9012499999999997	5.58375
fortune	5.80125	4.516874999999999	5.683124999999999
touch	5.861249999999999	4.14125	5.326875
kill	4.400625000000001	4.61875	4.84
feature	5.924375	4.131875	5.678125
happiness	6.536874999999998	4.57375	5.93375
assume	5.9225	3.976875	6.076875000000001
notion	5.89375	4.0512500000000005	5.78875
purchase	5.81125	4.140624999999999	5.5593749999999975
faithful	5.813750000000001	4.22875	5.6743749999999995
soldier	5.021249999999999	4.61125	5.32375
father	6.062500000000001	4.123125	5.559375
narrow	5.216875000000001	3.6081249999999994	5.063124999999999
great	5.862500000000001	3.83875	5.911249999999999
tear	5.461250000000001	4.62625	5.19375
honorable	6.168750000000001	4.128750000000001	6.2475000000000005
previous	5.48625	3.93125	5.733750000000001
good	6.08125	3.56625	5.875624999999999
domestic	6.1225000000000005	3.995	6.000625
glory	6.67	4.79125	6.12875
lay	5.645625	3.7187500000000004	5.4331249999999995
occasion	6.015	3.6875000000000004	5.840624999999999
guard	4.968125000000001	4.3812500000000005	5.411874999999999
whole	5.84	3.605	5.66125
mouth	5.3075	3.9375	5.44
receive	5.78875	4.000625	5.870625
take	6.074999999999999	3.636875	5.60625
simple	6.118125	4.029375	5.99
error	4.68875	4.214375	5.295625
wisdom	6.33625	4.382500000000001	6.071875
rock	5.668749999999999	3.9337500000000003	5.1925
decide	5.6468750000000005	4.09875	5.7924999999999995
exclaim	5.508749999999999	4.389375	5.47375
assure	6.1975	3.774375	5.809374999999999
sign	5.899375000000001	3.8562499999999997	5.705625
preserve	6.44875	3.90125	6.206875
commerce	5.39625	4.25375	5.767499999999999
plant	5.373125	3.8218750000000004	5.2612499999999995
walk	5.65375	3.7	5.581874999999999
difference	5.284374999999999	3.6962499999999996	5.64125
hang	5.1375	3.950625	5.088125000000001
following	5.903125000000001	3.7418750000000003	5.9156249999999995
employ	5.470625	4.148125	5.8025
