deal	6.256875	3.8400000000000003	5.963125000000001
study	5.9	4.055624999999999	6.141875
afford	5.9331249999999995	3.658125	5.9556249999999995
service	5.793125	4.186875	6.004999999999999
height	5.230625	3.6818749999999993	5.380625
prospect	5.825625	4.331875	5.88625
pleasant	6.766875000000001	4.915	5.998125
shade	6.31875	3.82375	5.42875
listen	5.793125	3.8762499999999998	5.729375
mighty	6.085	4.52	5.7749999999999995
country	5.364999999999999	3.9799999999999995	5.38
title	5.9825	4.203125	5.88875
choose	5.6825	3.8668749999999994	5.793124999999999
village	5.774375	3.7893749999999997	5.486250000000001
acquire	6.189375000000001	3.96875	6.300625
rank	5.8925	4.564375	6.004375
bow	5.850625000000001	3.80875	5.814374999999999
doctor	5.700625	3.8606250000000006	5.527500000000001
talent	6.4225	4.43	6.158125
source	5.775625000000001	3.64875	6.00875
lead	5.4275	3.881249999999999	5.466875
question	5.705	4.126875	5.803750000000001
publish	5.353750000000001	3.7612499999999995	6.0
interest	5.919375	4.121875	5.984375
serve	5.781874999999999	3.608125	5.98
divine	5.963125	4.38625	5.62875
put	5.72375	3.645	5.819375000000001
shadow	5.7650000000000015	4.028125	5.3968750000000005
practical	5.552499999999998	4.013125	5.51375
surface	5.456875	3.544375	5.224375
account	5.43625	3.9525	5.677499999999999
loss	4.305624999999999	4.678125	4.672500000000001
indian	5.099375	4.065	4.98125
vine	5.658125	3.5293749999999995	5.475
certain	5.396875	3.6825	5.633125
sin	4.4350000000000005	4.8968750000000005	4.6525
necessity	5.483749999999999	4.123749999999999	5.729375
lose	5.874374999999999	3.8356250000000003	5.73875
private	5.664375	4.071250000000001	5.7925
gentleman	6.295624999999999	3.805000000000001	5.8412500000000005
daughter	6.366250000000001	4.77875	5.589999999999999
drive	5.596875000000001	4.0075	5.351249999999999
strange	6.118124999999999	4.21	5.62125
journey	5.913124999999999	4.141875000000001	5.585625000000001
uncle	6.228125	3.80625	5.7856250000000005
species	5.643125	4.19375	5.654375
think	5.860625000000001	3.708125	5.711875
bed	6.13125	3.3587499999999997	5.805624999999999
wind	5.49625	4.248125	5.0893749999999995
bless	6.255000000000001	4.515000000000001	6.034999999999999
destroy	5.006875000000001	4.341874999999999	5.439374999999999
author	5.952500000000001	4.17	5.956875000000002
sustain	5.64125	3.916875	5.7299999999999995
black	5.15125	4.266875	5.381874999999999
event	5.760000000000001	3.871875	5.527499999999999
liberty	5.341875	4.116875	5.355625
negro	5.083124999999999	4.520625000000001	5.094374999999999
little	6.156875	3.736249999999999	6.010625000000001
fortune	6.209375	4.392500000000001	5.71875
touch	5.845625	3.9143750000000006	5.708125
kill	4.1175	5.06875	4.9506250000000005
feature	5.838125	3.9062500000000004	5.7612499999999995
happiness	6.4018749999999995	4.849374999999999	5.838125
assume	5.68125	3.9681250000000006	5.909375
notion	5.774374999999999	4.09375	5.727499999999999
purchase	5.702500000000001	4.08375	5.4925
faithful	6.266875000000001	4.2924999999999995	5.9818750000000005
soldier	4.695000000000001	4.994374999999999	5.085625
father	6.01125	4.193124999999999	5.509375000000001
narrow	5.3306249999999995	3.629375	4.973125
great	5.722500000000001	3.9400000000000004	5.7456249999999995
tear	4.82125	4.956250000000001	4.995
honorable	6.243124999999999	4.403125	6.187499999999999
previous	5.648124999999999	3.8487500000000003	6.016250000000001
good	5.756250000000001	3.825625	5.819999999999999
domestic	5.671249999999999	4.119375	5.58
glory	6.748749999999999	4.844374999999999	5.7700000000000005
lay	5.7075000000000005	3.49375	5.558750000000001
occasion	6.141875	4.031249999999999	6.144999999999999
guard	5.30875	4.064375	5.73125
whole	5.6724999999999985	3.658125	5.45625
mouth	5.56125	3.81625	5.37375
receive	5.926875	3.7568749999999995	5.7875
take	6.00125	3.5793749999999998	5.9175
simple	6.1518749999999995	3.76	6.015000000000001
error	4.7368749999999995	4.130624999999999	5.289375000000001
wisdom	6.13375	4.21625	5.841874999999999
rock	5.884375	4.11	5.164375000000001
decide	5.663125000000001	4.30125	5.62875
exclaim	5.738750000000001	4.12375	5.7524999999999995
assure	5.920624999999999	3.6512500000000006	5.863125
sign	5.554375	3.846249999999999	5.535625
preserve	5.966875	3.7156249999999997	5.905624999999999
commerce	5.0975	3.9812500000000006	5.35875
plant	5.822500000000001	3.7712499999999998	5.531250000000001
walk	5.898750000000001	3.5825	5.876249999999999
difference	5.553749999999999	4.041875	5.698124999999999
hang	5.480625000000001	3.4450000000000003	5.538750000000001
following	5.679375	3.7181249999999997	5.749999999999999
employ	5.4937499999999995	4.24875	5.704375000000001
