deal	6.046875000000001	3.8456250000000005	5.8325
study	6.020625000000001	4.223125	6.16875
afford	5.7825	3.8600000000000003	5.734999999999999
service	5.43875	4.182499999999999	5.858750000000001
height	5.244375000000001	3.7381249999999997	5.47875
prospect	6.0675	4.68	5.688124999999999
pleasant	6.958125	4.49	6.068124999999999
shade	5.98125	3.5593749999999997	5.264375
listen	5.935625	3.69625	5.833125000000001
mighty	5.94625	4.3618749999999995	5.816875
country	5.447499999999999	3.9243750000000004	5.6743749999999995
title	5.675624999999999	3.89375	5.579375
choose	5.705	3.9268749999999994	5.859374999999999
village	5.507499999999999	3.7800000000000002	5.314374999999999
acquire	6.076875000000001	3.875625	5.96375
rank	5.8256250000000005	4.3825	5.755
bow	5.23875	3.9225	5.029375
doctor	5.041875	4.060625	5.013125
talent	6.342499999999999	4.173125	6.075625
source	5.570625	3.8031250000000005	5.59875
lead	5.735625000000001	3.86125	5.6762500000000005
question	5.849374999999999	3.80125	6.005
publish	5.5181249999999995	3.704375	5.60875
interest	6.024375000000001	3.9050000000000002	5.957500000000001
serve	5.849374999999999	3.363125	5.914375
divine	5.781249999999999	4.286874999999999	5.546875000000001
put	5.791874999999999	3.7593749999999995	5.648124999999999
shadow	5.664999999999999	3.805625	5.406250000000001
practical	5.13125	4.298125	5.523124999999999
surface	5.090625	3.6737499999999996	5.114999999999999
account	5.66125	3.7275	5.7993749999999995
loss	4.945625000000001	4.729375000000001	5.090625
indian	5.82625	3.9050000000000002	5.26875
vine	5.649375	3.714375	5.170624999999999
certain	5.535	3.695625	5.570625000000001
sin	5.0600000000000005	4.798125	5.176875000000001
necessity	5.391875000000001	3.9899999999999998	5.359999999999999
lose	5.9868749999999995	3.881249999999999	5.689375
private	5.548124999999999	3.9843750000000004	5.7375
gentleman	6.1293750000000005	3.72125	5.621874999999999
daughter	6.385624999999999	4.578749999999999	5.483749999999999
drive	5.445625	4.065625	5.42
strange	5.896250000000001	4.383749999999999	5.302500000000001
journey	5.9725	3.8931250000000004	5.630625
uncle	6.075000000000001	4.081875	5.404999999999999
species	5.771250000000002	4.0925	5.613125000000001
think	6.07625	3.5224999999999995	5.828125
bed	5.2006250000000005	3.563125	5.324999999999999
wind	5.555	4.3187500000000005	5.084999999999999
bless	6.178750000000001	4.204375	5.874375
destroy	5.194374999999999	4.36	5.6118749999999995
author	5.7125	3.9962500000000003	5.660625
sustain	5.538749999999999	3.87	5.571250000000001
black	5.6075	4.208125000000001	5.341874999999999
event	5.688125000000001	4.17	5.6156250000000005
liberty	5.445625	4.285625	5.276875
negro	4.476874999999999	4.331874999999999	4.856250000000001
little	6.134375	3.7199999999999998	5.798125
fortune	6.415625	4.570625000000001	5.671250000000001
touch	6.108124999999999	4.001875	5.67625
kill	4.905625000000001	4.581249999999999	5.0581249999999995
feature	5.590625000000001	3.778125	5.190625
happiness	6.61625	4.67125	6.048125000000001
assume	5.7387500000000005	3.620625	5.754375
notion	6.0375000000000005	4.19	5.8793750000000005
purchase	5.88625	4.493125	5.816249999999999
faithful	6.001250000000001	4.41125	5.878125
soldier	5.178750000000001	4.56625	5.77625
father	6.4281250000000005	3.878125	5.74625
narrow	5.145	3.5906249999999997	5.0893749999999995
great	5.790625	3.67	5.5806249999999995
tear	5.55375	4.806875000000001	5.070625000000001
honorable	6.1075	4.350625	6.209375000000001
previous	5.508124999999999	3.8474999999999997	5.6625000000000005
good	5.956249999999999	3.643124999999999	5.85375
domestic	5.868124999999999	4.18125	5.66
glory	6.7612499999999995	4.718749999999999	5.993750000000001
lay	5.890000000000001	3.615625	5.710625
occasion	5.883125	3.7262499999999994	6.123124999999999
guard	5.376875	3.7875	5.775
whole	5.972500000000001	3.526875	5.754375
mouth	5.223749999999999	4.10125	5.366875
receive	5.766875000000001	4.019375	5.5981250000000005
take	5.999375	3.56125	5.72625
simple	6.116874999999999	3.6031250000000004	5.823125000000001
error	5.235625000000001	3.805	5.574375
wisdom	5.864375	4.3062499999999995	5.686875
rock	5.883749999999999	3.9962500000000003	5.328125000000001
decide	5.8599999999999985	3.985625	5.92375
exclaim	5.920625000000001	4.185	5.545000000000001
assure	6.038125	3.853125	5.686875000000001
sign	5.866250000000001	3.859375	5.761875000000001
preserve	6.318124999999998	3.9668749999999995	5.963125
commerce	5.053750000000001	4.057499999999999	5.443125
plant	5.483125	3.8075	5.291874999999999
walk	5.975	3.643125	5.795625
difference	5.53	3.6918750000000005	5.876875000000001
hang	5.34	4.135625	5.3475
following	5.8256250000000005	3.7725000000000004	5.801249999999999
employ	5.3774999999999995	4.2231250000000005	5.571250000000002
