deal	6.075624999999999	3.6825	5.779999999999999
study	6.0425	4.181875	6.211875
afford	5.6000000000000005	3.7356250000000006	5.583125
service	5.603750000000001	4.038125	5.498749999999999
height	5.2681249999999995	3.675625	5.321875
prospect	6.15375	4.07	5.894999999999999
pleasant	6.805624999999999	4.363125	6.08625
shade	6.093125	4.297499999999999	5.586875
listen	5.938750000000001	3.751875	5.870625000000001
mighty	5.3500000000000005	4.6312500000000005	5.270624999999999
country	5.291874999999999	3.7862500000000003	5.4174999999999995
title	5.804374999999999	3.905625	5.82125
choose	5.8618749999999995	3.8287499999999994	6.008749999999999
village	5.876875000000001	3.8500000000000005	5.566875
acquire	5.92125	3.9543750000000006	6.0325
rank	5.62875	4.133125	5.5406249999999995
bow	5.61875	3.9331250000000004	5.5737499999999995
doctor	5.309375	4.178749999999999	5.305000000000001
talent	6.288749999999999	4.59	6.172500000000001
source	6.0275	3.705625000000001	6.010000000000001
lead	5.695625	3.970625	5.672500000000001
question	5.693124999999999	3.8268750000000002	5.7275
publish	5.53375	3.8300000000000005	5.896874999999999
interest	5.8175	3.96	5.919375
serve	6.040625	3.63875	6.001874999999999
divine	5.969374999999999	4.30125	5.555625
put	5.6475	3.6587499999999995	5.766875
shadow	5.85875	4.16125	5.366250000000001
practical	5.1637499999999985	4.224374999999999	5.387499999999999
surface	5.098125	3.6218749999999997	5.031875
account	5.833125	3.568125000000001	5.923125
loss	4.721875	4.415000000000001	5.135625
indian	5.436249999999999	4.545	5.04
vine	5.5756250000000005	3.6431249999999995	5.4381249999999985
certain	5.713125000000001	3.798125	5.923125
sin	5.543124999999999	4.430000000000001	5.5
necessity	5.196249999999999	4.154375	5.41875
lose	5.953749999999999	3.78625	5.6925
private	5.474999999999998	3.962500000000001	5.729374999999999
gentleman	6.326249999999999	3.77375	5.69125
daughter	6.0024999999999995	4.639375	5.3149999999999995
drive	5.283125000000001	4.33	5.144999999999999
strange	5.796250000000001	3.849999999999999	5.57625
journey	6.111875	4.345625	5.768125
uncle	5.86875	4.1850000000000005	5.3875
species	5.354374999999999	3.854375000000001	5.475625
think	6.1	3.711874999999999	5.913749999999999
bed	5.994375	3.3918749999999998	5.58375
wind	5.616874999999999	4.1175	5.266875
bless	6.277500000000001	4.18875	5.902500000000001
destroy	4.830625	4.524375000000001	5.258125
author	5.65125	4.014375	5.96625
sustain	5.311875	3.80375	5.398124999999999
black	5.486875	3.91625	5.19375
event	5.38	4.0600000000000005	5.749374999999998
liberty	5.6925	4.298750000000001	5.4750000000000005
negro	4.929374999999999	4.255624999999999	5.015625
little	5.885000000000001	3.569375	5.6968749999999995
fortune	6.208125	4.14625	5.806875000000001
touch	6.1850000000000005	4.010625000000001	5.828749999999999
kill	4.340624999999999	4.78	4.965625
feature	5.63625	3.77125	5.68375
happiness	6.528124999999999	4.465625	5.983750000000001
assume	5.586250000000001	3.6218749999999997	5.904374999999999
notion	5.863750000000001	4.000625	5.5718749999999995
purchase	5.9225	4.385	5.791875
faithful	6.0543749999999985	4.520625	5.555000000000001
soldier	4.65875	4.839375	4.8968750000000005
father	6.344375	4.2275	5.7675
narrow	5.248749999999999	3.8118749999999997	5.25125
great	5.676875	3.8531250000000004	5.771875
tear	5.27625	4.873125	5.017500000000001
honorable	5.9399999999999995	4.30375	5.84375
previous	5.385	3.9506250000000005	5.8900000000000015
good	6.21125	3.6099999999999994	6.010625
domestic	6.036250000000001	4.036875	5.7525
glory	6.395624999999999	4.604374999999999	5.7175
lay	5.612500000000001	3.81125	5.5562499999999995
occasion	5.925625	3.68125	6.225
guard	5.2375	3.9056250000000006	5.333125000000001
whole	5.824375000000001	3.7562499999999996	5.7250000000000005
mouth	5.306875	3.8456250000000005	5.395625000000001
receive	5.913125	4.010624999999999	5.699999999999999
take	5.9212500000000015	3.763125	5.695625
simple	6.126875	3.7950000000000004	6.032500000000001
error	5.36375	3.988125	5.73125
wisdom	6.396249999999999	4.40375	5.972500000000001
rock	5.740625	4.135625	5.496874999999999
decide	5.535000000000001	4.11375	5.666249999999999
exclaim	5.765	3.8781250000000003	5.62875
assure	5.86625	3.598125	5.824999999999999
sign	5.769375	3.604375	5.565
preserve	5.948125000000001	3.62875	5.831874999999999
commerce	5.1431249999999995	4.18625	5.131874999999999
plant	5.45	3.816875	5.3762500000000015
walk	5.835	3.7556249999999998	5.737499999999999
difference	5.643750000000001	3.658125	6.0093749999999995
hang	5.543124999999998	3.9425	5.314375
following	5.8606250000000015	3.694375000000001	5.9925
employ	5.575625	4.136875	5.73625
