deal	6.048125000000001	3.7462500000000003	6.071875
study	5.885000000000001	4.0356250000000005	5.935625000000001
afford	5.836875000000001	3.811875	5.99125
service	5.330625	4.048125	5.543750000000001
height	5.3531249999999995	3.9574999999999996	5.515000000000001
prospect	5.921875000000001	4.644375	5.637499999999999
pleasant	6.575625	4.355625000000001	5.820625
shade	6.05125	3.9124999999999996	5.3075
listen	5.696875	4.241875	5.949999999999999
mighty	5.898750000000001	4.7075000000000005	5.681874999999999
country	5.274374999999999	3.81625	5.570625
title	5.713125	3.72875	5.58625
choose	5.86375	3.6643749999999997	5.935625
village	5.5200000000000005	3.9693750000000003	5.497499999999999
acquire	5.811875000000001	3.9206250000000002	5.91625
rank	5.53125	4.553750000000001	5.380625
bow	5.4731250000000005	3.994375	5.398125
doctor	5.180625	4.139375	5.500625
talent	6.141874999999999	4.56625	5.801875
source	5.485625	3.973750000000001	5.638124999999999
lead	5.656250000000001	3.79375	5.60375
question	5.64875	3.8299999999999996	5.817500000000001
publish	5.608125000000001	3.5431250000000003	5.8125
interest	5.728750000000001	4.1225	6.005
serve	5.96625	3.509375	6.007499999999999
divine	6.326249999999999	4.23	5.729375
put	5.818125	3.6368750000000003	5.734375
shadow	5.9781249999999995	4.025625000000001	5.253124999999999
practical	5.363125000000001	3.9574999999999996	5.474375
surface	5.08875	3.929375	5.165625
account	5.631875000000001	3.865625	5.695625
loss	4.25125	4.68375	4.6625000000000005
indian	5.548749999999999	3.866249999999999	5.387499999999999
vine	5.704375	3.86125	5.6293750000000005
certain	5.540625	3.825625	5.783125
sin	5.083750000000001	4.779375000000001	4.9075
necessity	5.178750000000001	3.9337500000000007	5.453125000000001
lose	6.180625	4.00125	5.961875
private	5.089375	4.08	5.5268749999999995
gentleman	5.86375	3.741875	5.60625
daughter	6.269375	4.941875	5.541875
drive	5.4456250000000015	4.0600000000000005	5.1831249999999995
strange	6.001875000000001	4.389375	5.569999999999999
journey	5.8050000000000015	4.080625	5.626875
uncle	5.933749999999999	4.20125	5.640000000000001
species	5.308125	4.006875	5.356875
think	6.1800000000000015	3.6725	6.16
bed	5.756875	3.768125	5.305
wind	5.851249999999999	4.253750000000001	5.16
bless	6.4662500000000005	4.583750000000001	5.955
destroy	4.38375	4.5531250000000005	5.0024999999999995
author	5.93375	3.9500000000000006	5.836875
sustain	5.2675	4.114375	5.510000000000001
black	5.681875	4.129375	5.308125
event	5.51375	4.270625000000001	5.688749999999999
liberty	5.480624999999999	4.153125	5.369375
negro	4.588125	4.369375	4.949999999999999
little	5.83375	3.760624999999999	5.645625000000001
fortune	6.19875	4.753125000000001	5.75875
touch	6.338749999999999	3.9606250000000003	6.1625000000000005
kill	4.547499999999999	4.72875	4.934375
feature	5.803750000000001	4.01875	5.739999999999999
happiness	7.2124999999999995	4.838125000000001	6.2387500000000005
assume	5.67375	3.984375	5.776875
notion	5.9750000000000005	3.9593750000000005	5.828125000000001
purchase	5.7775	4.359375	5.521874999999999
faithful	6.653125	4.296250000000001	6.074375000000001
soldier	5.098125	4.734375000000001	5.193125
father	5.7175	4.441875	5.394375
narrow	4.958125	3.6850000000000005	4.791250000000001
great	5.8568750000000005	3.7325000000000004	5.905
tear	5.018750000000001	4.7525	4.9925
honorable	5.8075	4.316249999999999	6.00125
previous	5.436874999999999	3.5668749999999996	5.73875
good	6.088750000000001	3.8224999999999993	6.04375
domestic	5.941249999999999	4.1293750000000005	5.864375000000001
glory	7.0425	4.56875	6.055625000000001
lay	5.785625000000001	3.77875	5.53
occasion	6.11625	3.8881250000000005	6.116874999999999
guard	4.731249999999999	4.443124999999999	5.268750000000001
whole	5.62625	3.4212500000000006	5.376875
mouth	5.371874999999998	3.9212500000000006	5.603125
receive	5.551875	3.833125	5.753749999999999
take	5.69	3.584375	5.745
simple	6.286875	3.60875	6.0375
error	4.864999999999999	4.145625	5.448125000000001
wisdom	6.10375	4.0175	5.761250000000001
rock	6.0075	4.106249999999999	5.5575
decide	5.765625	4.164375	5.80875
exclaim	5.6325	4.389375000000001	5.561875000000001
assure	6.060625	3.9056249999999997	6.1125
sign	5.931875000000002	3.56625	5.890000000000001
preserve	5.933750000000001	3.934375	5.7225
commerce	5.026875	4.166875	5.266875000000001
plant	5.4925	3.9618750000000005	5.258750000000001
walk	5.72	3.6818750000000007	5.668125
difference	5.665000000000001	3.8443749999999994	5.816249999999999
hang	5.429375	3.95125	5.307500000000001
following	5.680000000000001	3.7843750000000007	5.775
employ	5.229375000000001	4.010625	5.64625
