deal	5.699375	3.91375	5.80875
study	6.025625	4.156249999999999	6.096875
afford	5.77125	3.7443750000000002	5.856249999999999
service	5.406250000000001	3.9256249999999997	5.586875
height	5.206875	3.735625	5.273125
prospect	6.066875	4.511875	5.819375
pleasant	6.569374999999999	4.086875	6.11125
shade	6.14875	4.029999999999999	5.541249999999999
listen	6.005	4.1075	5.756875000000001
mighty	5.938125	4.689375	5.44125
country	5.5562499999999995	4.02375	5.986875
title	5.561875	3.8006249999999997	5.618125
choose	5.691250000000001	4.041875	5.840624999999999
village	5.578125	3.5925	5.54
acquire	6.2675	4.231875	6.40125
rank	6.14625	4.3525	5.97125
bow	5.342500000000001	4.2875000000000005	5.487500000000001
doctor	5.091875	4.190624999999999	5.283124999999999
talent	6.650625	4.566875	6.49625
source	5.851874999999999	3.7587499999999996	6.112500000000001
lead	5.826250000000001	4.0893749999999995	6.114999999999999
question	5.805	3.87125	6.117500000000001
publish	5.498749999999999	3.7031249999999996	5.808749999999999
interest	5.824375	4.117500000000001	5.9350000000000005
serve	5.80125	3.775625	5.953125
divine	5.594999999999999	4.350624999999999	5.614999999999999
put	6.156874999999999	3.933749999999999	5.894374999999999
shadow	5.563125	3.8843750000000004	5.370625000000002
practical	5.663749999999999	3.9568749999999997	5.69375
surface	5.2737500000000015	3.551875	5.141874999999999
account	5.79625	3.8375	6.063125
loss	5.03875	4.66875	5.1762500000000005
indian	5.356250000000001	4.186875	4.9875
vine	5.3874999999999975	3.750625	5.441249999999999
certain	5.795625	3.8556250000000003	6.1206249999999995
sin	5.215625	4.576875	5.344375
necessity	5.20375	4.203125	5.653125
lose	6.040625	3.9524999999999997	5.683124999999999
private	5.701250000000001	4.1031249999999995	5.945
gentleman	5.770625	3.6487499999999997	5.841874999999998
daughter	6.5531250000000005	4.531875	5.588125
drive	5.524375	4.373125	5.445624999999999
strange	5.458125000000001	4.48875	5.197500000000001
journey	5.735	4.100625	5.440625
uncle	5.7175	4.075625	5.319999999999999
species	4.949375	4.426875000000001	5.1625
think	5.8825	4.0375	5.513750000000001
bed	5.4281250000000005	3.7193749999999994	5.373125000000001
wind	5.935	4.1425	5.224375000000001
bless	5.996875	4.28	5.645
destroy	3.9724999999999997	5.069375	4.7075000000000005
author	5.7787500000000005	4.24625	6.053125
sustain	5.408125	4.099374999999999	5.538125000000001
black	5.456250000000001	4.034375	5.44375
event	5.794375	4.05875	5.847499999999998
liberty	5.643750000000001	4.44375	5.338125000000001
negro	4.49	4.3275	4.797499999999999
little	5.717500000000001	3.9081249999999996	5.58125
fortune	6.00625	4.53375	5.895624999999999
touch	5.98375	4.233124999999999	5.648750000000001
kill	3.771875	5.014375	4.57125
feature	5.7406250000000005	3.726875	5.918125
happiness	6.7768749999999995	4.474374999999999	6.073125000000001
assume	5.7925	3.8575	5.969375
notion	5.829999999999999	4.108124999999999	5.841875
purchase	5.690625	4.28875	5.65875
faithful	5.9193750000000005	4.308750000000001	5.634999999999999
soldier	4.654375	4.821875	5.073125000000001
father	5.79375	4.4281250000000005	5.221875000000001
narrow	4.95	3.553125	4.9174999999999995
great	5.785624999999999	3.965	5.8462499999999995
tear	5.47625	4.8531249999999995	5.0287500000000005
honorable	5.9593750000000005	4.373125	6.094375
previous	5.50375	3.9293750000000003	5.885
good	5.92	3.805625	5.7275
domestic	5.918124999999999	4.28375	5.737499999999999
glory	6.510624999999998	4.715625	5.762500000000001
lay	5.901875	3.98625	5.6499999999999995
occasion	5.961875	3.929375	5.9325
guard	4.657500000000001	4.445	5.213125000000001
whole	5.710624999999999	3.6187500000000004	5.588125000000001
mouth	5.45875	4.0356250000000005	5.6425
receive	5.713125	3.935	5.854375
take	5.875000000000001	3.798749999999999	5.71875
simple	5.772499999999999	3.875	5.9937499999999995
error	5.2993749999999995	3.8206250000000006	5.847500000000001
wisdom	6.172499999999999	4.37	5.955
rock	5.703125	4.2075000000000005	5.349375
decide	5.76125	4.210625	5.856249999999999
exclaim	5.380624999999999	4.291874999999999	5.296875
assure	6.1175	3.6650000000000005	6.004374999999999
sign	5.706249999999999	3.9793750000000006	5.761874999999999
preserve	5.875	3.8493749999999998	5.8531249999999995
commerce	5.34	4.17625	5.43
plant	5.481249999999999	3.8875000000000006	5.389375000000001
walk	5.714999999999999	3.9124999999999996	5.824375
difference	5.4712499999999995	3.7725000000000004	5.845625000000001
hang	5.58	4.085	5.670624999999999
following	5.800000000000001	3.734375000000001	6.001249999999999
employ	5.5075	3.83625	5.803125000000001
