deal	6.1575	3.6993750000000003	6.0175
study	5.916875000000001	3.860625	5.963749999999999
afford	5.724374999999999	3.7175000000000002	5.676875
service	5.455	3.9637500000000006	5.84375
height	5.4025	3.6218749999999997	5.558750000000001
prospect	6.3325000000000005	4.448750000000001	5.994374999999999
pleasant	6.383750000000001	4.453125	5.883749999999999
shade	6.118125	3.956875	5.52375
listen	6.114375	4.328125	5.99125
mighty	6.096250000000001	4.853125	5.944999999999999
country	5.5275	3.916875	5.655625
title	5.856249999999999	3.7512499999999998	5.684374999999999
choose	5.996250000000001	3.841875	6.154374999999999
village	5.51625	3.7624999999999997	5.243125
acquire	5.846875	3.8518749999999997	6.031875
rank	5.629999999999999	4.235625000000001	5.630625
bow	5.597499999999999	3.8593749999999996	5.605625
doctor	5.19375	4.058125	5.256249999999999
talent	6.144375	4.415	6.12375
source	5.849375	3.610625	5.76875
lead	5.529375	3.8381250000000002	5.535625
question	5.3893749999999985	3.8381250000000007	5.365624999999999
publish	5.375	3.6475000000000004	5.834375
interest	5.760625	3.7750000000000004	5.8187500000000005
serve	5.727499999999999	3.6537500000000005	5.9624999999999995
divine	6.25875	4.277500000000001	5.685625
put	5.751875	3.7037500000000003	5.884375
shadow	5.85	3.9831250000000002	5.217499999999999
practical	5.255624999999999	3.961875	5.518750000000001
surface	5.226249999999999	3.7168749999999995	5.1475
account	5.769375	3.506875000000001	6.04125
loss	4.3525	4.6625	4.8675000000000015
indian	5.6187499999999995	4.244375	5.426249999999999
vine	5.406875	3.9149999999999996	5.45125
certain	5.6275	3.80125	6.1137500000000005
sin	5.126875	4.77625	5.211875000000001
necessity	5.16	4.005	5.248125000000001
lose	6.3031250000000005	4.2575	6.114375
private	5.790625	4.03875	5.82
gentleman	6.1812499999999995	3.7887500000000003	5.855
daughter	6.619375000000001	4.700625000000001	5.666874999999999
drive	5.569375000000001	4.119999999999999	5.458749999999998
strange	6.37625	4.393750000000001	5.923749999999999
journey	5.8568750000000005	4.038125	5.7875
uncle	5.614375000000001	4.3149999999999995	5.383125
species	5.361875000000001	4.026875	5.466875000000001
think	5.985	3.6543749999999995	5.800624999999999
bed	5.640000000000001	3.84625	5.57875
wind	5.52875	4.644375	5.155
bless	6.3568750000000005	4.4025	5.965
destroy	5.234375000000001	4.234375000000001	5.6187499999999995
author	5.716875	3.7718749999999996	5.775
sustain	5.411875	3.835625	5.6125
black	5.37875	3.9425000000000003	5.3443749999999985
event	5.58875	3.7887500000000003	5.778749999999999
liberty	5.519375000000001	4.477499999999999	5.5275
negro	4.770625	4.46	4.914375
little	5.815625000000001	3.816875	5.841875
fortune	6.780625	4.686875	6.104375
touch	6.3168750000000005	4.119374999999999	6.070625
kill	5.010625	4.645625000000001	5.3481250000000005
feature	5.456874999999999	3.713125	5.737499999999999
happiness	7.06625	4.81625	6.3375
assume	5.890624999999999	3.6025	6.065625
notion	5.8931249999999995	3.7737500000000006	5.898124999999999
purchase	5.958124999999999	4.319375	5.75125
faithful	5.865625	4.485625	5.818125
soldier	4.726875	4.89375	5.318124999999999
father	6.3500000000000005	4.164375000000001	5.746874999999999
narrow	5.099375	3.4881249999999997	5.07875
great	5.8825	3.755625	6.1
tear	5.845000000000001	4.516875	5.3825
honorable	6.1	4.35625	6.15125
previous	5.2231250000000005	3.776875	5.755624999999999
good	5.7856250000000005	3.8274999999999997	5.81
domestic	6.233750000000001	4.2856250000000005	5.945625000000001
glory	6.568750000000001	4.93625	6.046250000000001
lay	5.759375	4.07375	5.848124999999999
occasion	5.870625	3.688125	6.113124999999999
guard	5.22875	4.015	5.839375
whole	5.8125	3.476875	5.758125
mouth	5.114374999999999	4.098750000000001	5.5425
receive	5.831250000000001	3.915000000000001	5.828125
take	5.800000000000002	3.6462499999999998	5.796249999999999
simple	6.304374999999999	3.635625000000001	6.425
error	4.7875	4.0775	5.3100000000000005
wisdom	6.2125	4.28375	5.8031250000000005
rock	5.71	3.9224999999999994	5.315000000000001
decide	5.409375	4.27125	5.4675
exclaim	6.114375	3.901875	5.960625
assure	5.9625	3.815625	5.905
sign	5.410624999999999	3.700625	5.673125000000001
preserve	6.295625000000001	3.8775000000000004	6.268750000000001
commerce	5.291875	4.069375	5.5175
plant	5.8393749999999995	4.061875	5.336250000000001
walk	5.621249999999999	3.6525	5.73875
difference	5.580625	3.545625	5.879375000000001
hang	5.733125	3.875625	5.713750000000001
following	5.536250000000001	3.4925	5.843124999999999
employ	5.143750000000001	4.249375000000001	5.528125
