deal	5.584999999999999	3.73625	5.685
study	5.931875	4.194375	5.656874999999999
afford	5.7775	3.8656250000000005	5.7612499999999995
service	5.49375	4.069374999999999	5.600625000000001
height	5.265625000000001	3.6899999999999995	5.487499999999999
prospect	5.943125	4.319375000000001	5.76375
pleasant	6.38	4.6475	5.9175
shade	5.831875	3.95375	5.342499999999999
listen	5.873749999999999	4.225625	5.651250000000001
mighty	5.679374999999999	4.481875	5.553124999999999
country	5.37375	3.7925	5.64875
title	5.678125	3.8393749999999995	5.70125
choose	5.643750000000001	3.86875	5.678125
village	5.8425	3.8181250000000007	5.628124999999999
acquire	5.95375	3.9387499999999998	6.104374999999999
rank	5.546875000000002	4.53	5.64375
bow	5.565625	4.345000000000001	5.541875
doctor	5.1	3.9056249999999997	5.224375
talent	6.35875	4.488125	5.92875
source	5.72375	3.8937500000000003	5.886875
lead	5.5950000000000015	3.895	5.598125
question	5.581250000000001	3.85875	5.7375
publish	5.4799999999999995	3.7831249999999996	5.770625
interest	5.715	3.92	5.906875000000001
serve	5.754374999999999	3.8025	5.631875
divine	5.771249999999999	4.307500000000001	5.4037500000000005
put	5.8306249999999995	3.735	5.628125
shadow	5.308750000000001	4.080625	4.97625
practical	5.675	3.834375	5.72875
surface	5.25125	3.4574999999999996	5.063124999999999
account	5.72875	3.7850000000000006	5.909999999999999
loss	4.568125	4.528124999999999	4.763750000000001
indian	5.440625000000001	3.9599999999999995	5.19625
vine	5.460000000000001	3.7575	5.431250000000001
certain	5.579375000000001	3.7037500000000003	5.731874999999999
sin	5.2	4.609375	5.235625
necessity	5.081250000000001	4.19625	5.15375
lose	6.1175000000000015	4.183750000000001	5.5737499999999995
private	5.985625	4.10125	5.868125000000001
gentleman	5.817499999999999	3.9725	5.671875
daughter	6.029375000000001	4.64875	5.364999999999999
drive	5.229374999999999	4.374375000000001	5.189375
strange	5.67125	4.55125	5.315625
journey	5.85	4.156875000000001	5.630625000000001
uncle	5.644375	3.98125	5.353750000000001
species	5.505625	4.1968749999999995	5.4750000000000005
think	6.25375	3.8931250000000004	5.855625
bed	5.711250000000001	3.5925000000000002	5.655
wind	5.991875	3.861875	5.10875
bless	6.698750000000001	4.6275	6.158125
destroy	4.8031250000000005	4.810625	5.181249999999999
author	5.714375	3.919375	5.616875
sustain	5.603125000000001	4.0806249999999995	5.6274999999999995
black	4.9625	4.1175	5.279375
event	5.496250000000001	4.0275	5.687499999999998
liberty	5.49625	4.395	5.32125
negro	4.72875	4.565625	4.95375
little	5.681875000000001	3.850625	5.39625
fortune	6.311875	4.576875000000001	5.87625
touch	5.7475	4.31375	5.373125
kill	3.81125	5.0325	4.510625
feature	5.476875000000001	4.13125	5.34375
happiness	6.849374999999999	4.855625	6.065625000000001
assume	5.7075000000000005	3.6431250000000004	5.950625
notion	5.927499999999999	4.218125000000001	5.810625
purchase	5.781875	4.090625	5.724374999999999
faithful	6.531875	4.435	6.014375
soldier	4.981250000000001	4.61125	5.405625
father	6.204375000000001	4.289375000000001	5.564375
narrow	5.5493749999999995	3.6793749999999994	5.368124999999999
great	5.565	3.8112500000000002	5.53875
tear	5.279375	5.0093749999999995	4.90375
honorable	6.193749999999999	4.3725	6.024374999999999
previous	5.453749999999999	3.6625	5.8025
good	5.370000000000001	4.096875000000001	5.3575
domestic	5.990625	4.056875000000001	5.69125
glory	6.958125000000001	4.7231250000000005	6.008750000000001
lay	5.376250000000001	3.7925000000000004	5.653125
occasion	6.2006250000000005	3.91625	6.02375
guard	5.444999999999999	3.9425000000000003	5.818125
whole	5.791875000000001	3.4806249999999994	5.471875
mouth	4.814375	3.8318750000000006	5.266249999999999
receive	5.519375	3.971875	5.659999999999999
take	5.54375	3.814375000000001	5.431875
simple	6.310624999999999	3.8825000000000003	5.985625000000001
error	5.2825	3.9056250000000006	5.901875
wisdom	6.170624999999999	4.500625	5.947500000000001
rock	5.96	3.9568749999999997	5.46125
decide	5.651875000000001	4.0825	5.79
exclaim	5.359999999999999	4.2562500000000005	5.2275
assure	6.352499999999999	4.171875	6.006875
sign	5.541875	3.978125	5.64375
preserve	6.348750000000001	3.82625	5.811249999999999
commerce	5.361875	4.27875	5.422499999999999
plant	5.739375	3.9706249999999996	5.415
walk	5.52	3.8087500000000007	5.7025
difference	5.491875	3.9281249999999996	5.928125
hang	5.039375	3.9262499999999996	5.0075
following	5.719375000000001	3.7643750000000002	5.720000000000001
employ	5.25	4.23375	5.6850000000000005
