deal	6.187500000000001	3.7281249999999995	6.02875
study	5.955000000000001	4.066875	6.193124999999999
afford	5.833750000000001	3.7275000000000005	5.8618749999999995
service	5.519375	4.041874999999999	5.897499999999999
height	5.179374999999999	3.6574999999999998	5.289999999999998
prospect	6.303125000000001	4.3075	5.77375
pleasant	6.846875000000002	4.7175	6.06
shade	6.2425	3.9243749999999995	5.418125000000001
listen	6.25125	4.109374999999999	6.165625
mighty	5.73875	4.401875	5.6475
country	5.520625	3.81875	5.528124999999999
title	5.55375	3.9949999999999997	5.93375
choose	5.76	3.7412499999999995	5.96875
village	5.547500000000001	3.8643750000000003	5.378749999999999
acquire	6.03875	3.929375	6.235624999999999
rank	5.989375000000001	4.5375	5.875
bow	5.470625	4.280625	5.444999999999999
doctor	4.991249999999999	3.92125	5.16625
talent	6.359375	4.345	6.23375
source	5.85875	3.7125	5.997499999999999
lead	5.8568750000000005	3.70625	5.586249999999999
question	5.7075000000000005	4.040625	5.795
publish	5.67125	3.6925	5.974375
interest	5.89875	4.1674999999999995	6.157499999999999
serve	6.034999999999999	3.6662500000000002	6.1049999999999995
divine	5.78875	4.439375	5.515625
put	5.9375	3.8024999999999998	5.71625
shadow	5.886874999999999	4.1537500000000005	5.47625
practical	5.5649999999999995	3.9475000000000002	5.60625
surface	5.023125	3.730625	4.91875
account	5.840000000000001	3.7975000000000008	6.19625
loss	4.611875	4.8968750000000005	4.96875
indian	5.378124999999998	4.38125	5.36875
vine	5.329375	3.725	5.3950000000000005
certain	5.834999999999999	3.7968749999999996	6.231875
sin	4.9750000000000005	4.5131250000000005	5.086249999999999
necessity	5.465625	4.078125	5.56375
lose	6.384375	3.961875	6.0093749999999995
private	5.620625	3.978125	5.7725
gentleman	5.837500000000001	3.8825000000000003	5.688125
daughter	6.550624999999999	4.444375	5.6375
drive	5.813124999999999	3.9375	5.5406249999999995
strange	5.920625	4.145625	5.758125
journey	5.930625000000001	4.093125	5.7768749999999995
uncle	5.898124999999999	4.154375	5.44
species	5.349374999999999	4.0806249999999995	5.600624999999999
think	6.3149999999999995	3.7424999999999993	6.018125
bed	5.830000000000001	3.894375	5.62375
wind	6.099375	3.9093750000000007	5.255625
bless	6.475625	4.135625	6.0043750000000005
destroy	4.530625	4.472499999999999	5.224374999999999
author	5.808125	4.099375	5.946875
sustain	5.25875	4.0337499999999995	5.3793750000000005
black	5.6125	4.184375	5.601875
event	5.73	4.214375	5.855625
liberty	5.14375	4.41375	5.078125
negro	4.229374999999999	4.26875	4.585624999999999
little	5.81375	3.819375	5.60125
fortune	6.11875	4.398124999999999	5.6156250000000005
touch	6.236249999999999	4.07625	5.843125
kill	4.9956249999999995	4.220625	5.1656249999999995
feature	5.4799999999999995	4.111875	5.385625000000001
happiness	6.236249999999999	4.55	5.88625
assume	5.8425	3.7212500000000004	6.018749999999999
notion	5.900624999999999	4.2525	6.082499999999999
purchase	5.961250000000001	4.230625	5.726249999999999
faithful	6.009375	4.3575	5.729375
soldier	5.460624999999999	4.455625	5.576874999999999
father	6.324375	4.0	5.7281249999999995
narrow	5.199375	3.49375	4.815625
great	5.8525	3.9443750000000004	6.054375
tear	5.455625	4.7775	5.1475
honorable	6.2056249999999995	4.149375000000001	6.356875
previous	5.553125	3.7925	6.000624999999999
good	6.239374999999999	3.606874999999999	6.018124999999999
domestic	5.616250000000001	4.278750000000001	5.734375000000001
glory	6.7993749999999995	4.878125000000001	6.273125000000001
lay	5.597499999999999	3.565000000000001	5.594999999999999
occasion	5.975625000000001	3.905625	6.194374999999999
guard	5.234999999999999	4.0675	5.93875
whole	5.535625	3.5756249999999996	5.52875
mouth	5.101875	4.09125	5.3725
receive	5.608750000000001	3.8725	5.708125
take	6.039374999999998	3.693125	5.746875
simple	6.136874999999999	3.7925	6.094374999999999
error	5.463125000000001	3.863125	5.9475
wisdom	6.1625000000000005	3.9643750000000004	5.86875
rock	5.875000000000001	4.061875	5.478750000000001
decide	5.839375000000001	4.2856250000000005	5.76625
exclaim	5.8175	4.070625000000001	5.80875
assure	6.2162500000000005	3.5306249999999997	5.9575
sign	5.833124999999999	3.9362500000000002	5.7368749999999995
preserve	6.08375	3.8662499999999995	5.809374999999999
commerce	5.140000000000001	4.045624999999999	5.239999999999999
plant	5.946249999999999	3.5631250000000003	5.580625
walk	5.769374999999999	3.643125	5.853749999999998
difference	5.516875	3.709375	5.990625
hang	5.521249999999999	3.9231250000000006	5.374375000000001
following	5.772500000000001	3.752500000000001	5.95625
employ	5.65625	4.046875	5.930625000000001
