deal	4.90794	4.2578683	5.4234557
study	6.2381544	3.9859753	6.126428
afford	6.231266	4.059389	5.985693
service	5.756256	4.0338573	5.942253
height	5.6833305	3.9418178	5.5523653
prospect	6.360007	4.3297176	5.699869
pleasant	6.847541	3.5595639	6.2245593
shade	5.5973487	3.5549443	5.7424817
listen	5.5619893	3.9337492	5.69915
mighty	5.511938	4.4402595	5.3945065
country	5.7433186	4.159715	5.571752
title	5.9408584	3.9263797	5.7643204
choose	5.5268826	3.735771	5.786288
village	5.7096505	3.8571196	5.322699
acquire	6.115621	4.023462	6.345198
rank	5.2970815	4.4799576	5.483414
bow	5.682412	3.4236238	5.7864633
doctor	4.863295	3.740092	5.135755
talent	6.401446	4.548156	6.405101
source	5.906074	4.0127263	5.661983
lead	5.251698	4.2670603	5.523997
question	5.0699863	4.223499	5.4129934
publish	5.7876744	4.0053525	5.586608
interest	5.9376183	4.2782674	5.9063725
serve	5.536956	3.8413846	5.9286184
divine	5.9339805	4.2176056	5.412697
put	5.2370543	3.812233	5.4861984
shadow	5.2161818	3.6684763	5.2861886
practical	6.038269	3.8956459	6.1032453
surface	5.667468	3.4085276	5.5797806
account	5.452201	4.2445774	5.4224186
loss	4.771016	4.3533335	4.896792
indian	5.341155	4.137561	5.1366215
vine	5.900364	3.6383162	5.475174
certain	5.4288945	4.141185	5.4928017
sin	4.0005856	4.3595295	4.4791164
necessity	5.0547433	4.3386936	5.225939
lose	5.388631	4.1493697	5.4341493
private	5.1089654	4.0978246	5.4373403
gentleman	6.0174913	4.091594	5.8469815
daughter	6.0908256	4.0970755	5.6790895
drive	4.7550387	4.5401764	4.996178
strange	5.2659426	4.3883147	5.0515857
journey	6.040822	3.6923475	5.6639953
uncle	5.684144	4.200831	5.4118443
species	5.7308674	4.0524187	5.2976227
think	5.5713615	4.1630588	5.640825
bed	5.402005	3.6945963	5.426251
wind	5.2297897	4.141332	5.1489954
bless	6.2445736	3.8822732	5.998097
destroy	4.166078	4.5446634	4.6411204
author	5.930323	4.2628484	5.655408
sustain	5.4511085	4.036807	5.4658513
black	4.7275715	3.9061463	4.9842095
event	5.486676	4.29609	5.3423796
liberty	5.7864046	4.2899837	5.691849
negro	5.233867	4.2857113	5.127025
little	5.9428773	3.8415418	5.737288
fortune	5.9529333	4.541856	5.6325946
touch	5.6841583	4.0449085	5.554113
kill	4.271657	4.8939457	4.6562505
feature	5.6857624	4.047819	5.727816
happiness	6.570649	4.3409204	6.087379
assume	5.0903087	3.988426	5.4657707
notion	5.050602	4.270378	5.0597744
purchase	5.58004	4.0092945	5.7161803
faithful	5.7675056	4.0814385	5.8883953
soldier	5.0101085	4.41902	5.3532376
father	5.6671796	4.0003624	5.4921727
narrow	4.454106	3.4506261	4.8046083
great	5.8799496	4.171053	5.8036156
tear	4.635624	4.16432	4.806118
honorable	5.2227826	4.2929826	5.452025
previous	5.261454	3.925417	5.292636
good	6.024134	4.048893	6.035729
domestic	5.590646	3.91086	5.6426916
glory	6.588164	4.453274	6.098074
lay	5.4855275	3.5614665	5.610236
occasion	5.5407596	4.3491836	5.547603
guard	4.781007	4.3151307	5.543725
whole	5.7900457	3.8140604	5.644564
mouth	5.0349474	4.118831	5.1132674
receive	5.9581413	4.0509815	5.8681517
take	5.477862	3.8401084	5.6259627
simple	6.4429436	3.8630865	5.9311647
error	4.1801147	4.3935757	4.6707516
wisdom	6.619559	3.686519	6.284504
rock	5.676941	4.057272	5.355586
decide	5.294362	4.153471	5.641748
exclaim	5.6505203	4.5115395	5.8477354
assure	6.1202803	4.248738	5.9091864
sign	5.2700043	4.087245	5.828058
preserve	6.0030065	3.740243	5.9033613
commerce	5.810766	3.8908138	5.7447014
plant	5.535559	3.8027403	5.4939313
walk	5.800744	3.7114363	5.8200893
difference	5.148935	3.811373	5.4103203
hang	4.8603463	4.0547886	5.0218096
following	6.129365	3.8156056	5.8648
employ	5.7216706	3.8092935	5.9438243
