deal	4.917998	4.22752	5.393729
study	6.2356167	4.010637	6.151605
afford	6.254998	4.042257	6.015957
service	5.813845	4.0122724	5.9486055
height	5.7276945	3.9039226	5.600529
prospect	6.354649	4.3213735	5.685099
pleasant	6.8844657	3.499639	6.240838
shade	5.6083646	3.5905442	5.707876
listen	5.542122	3.9089673	5.665414
mighty	5.549045	4.4361386	5.422557
country	5.7312107	4.157413	5.556301
title	5.986109	3.9127662	5.784563
choose	5.498021	3.7361674	5.7478447
village	5.72315	3.8075488	5.3638086
acquire	6.2300806	3.9779677	6.3564076
rank	5.402118	4.486731	5.4995995
bow	5.700248	3.4845848	5.800494
doctor	4.9631305	3.7513156	5.23582
talent	6.3918934	4.5769186	6.400542
source	5.901694	4.0223083	5.6673303
lead	5.178753	4.2483807	5.4971824
question	5.05334	4.2017145	5.4028068
publish	5.839022	4.0161543	5.6708236
interest	5.867975	4.2809176	5.8711658
serve	5.5533123	3.8503914	5.949163
divine	5.9710903	4.2269745	5.42499
put	5.2308254	3.8345401	5.4945984
shadow	5.203809	3.6921282	5.270216
practical	6.0008693	3.8823628	6.097464
surface	5.6271567	3.416938	5.549433
account	5.4460173	4.2604823	5.4431267
loss	4.803748	4.3513904	4.9151487
indian	5.379067	4.0878034	5.1781344
vine	5.8038163	3.690608	5.3487225
certain	5.4072523	4.1295657	5.4795647
sin	4.040569	4.3607254	4.4390173
necessity	5.041543	4.3440213	5.21371
lose	5.3711667	4.1482577	5.385889
private	5.096361	4.174159	5.405821
gentleman	6.0465612	4.129553	5.8570213
daughter	6.135597	4.0797296	5.680596
drive	4.7212324	4.515517	4.9821606
strange	5.277107	4.3952756	5.0459204
journey	6.096514	3.6920922	5.712529
uncle	5.7473087	4.145947	5.4507585
species	5.601756	4.0836725	5.220138
think	5.5763893	4.1818295	5.6218963
bed	5.4975595	3.6863217	5.462218
wind	5.1745257	4.1751842	5.085475
bless	6.261594	3.890318	5.957887
destroy	4.1012244	4.5670967	4.609434
author	6.0054774	4.249136	5.727975
sustain	5.4483595	4.008549	5.501152
black	4.7766256	3.9308522	5.0163984
event	5.540938	4.301653	5.4102063
liberty	5.743989	4.2453527	5.6569805
negro	5.3859925	4.3539963	5.1585727
little	5.9332333	3.8220515	5.7512636
fortune	5.971141	4.558247	5.6437654
touch	5.738793	4.0594144	5.5843496
kill	4.179331	4.8680415	4.632337
feature	5.6996975	4.0435147	5.764204
happiness	6.6126037	4.3199143	6.057939
assume	5.1019087	3.959068	5.481199
notion	5.0684214	4.2109528	5.069946
purchase	5.647474	4.0330935	5.762185
faithful	5.824819	4.0795064	5.913751
soldier	5.110846	4.4616	5.416013
father	5.6910496	3.9420433	5.4957333
narrow	4.362322	3.4374232	4.7944584
great	5.859957	4.1649055	5.804144
tear	4.660855	4.108197	4.766323
honorable	5.2511225	4.318463	5.473441
previous	5.2565155	3.9015975	5.2923594
good	6.016048	4.0585146	6.0210757
domestic	5.698916	3.890127	5.709443
glory	6.633624	4.4216123	6.032194
lay	5.459113	3.5923462	5.646507
occasion	5.4995675	4.332345	5.5399094
guard	4.871752	4.3305235	5.5639057
whole	5.7623563	3.8237894	5.647952
mouth	5.1165714	4.0975857	5.226669
receive	5.9313807	4.059904	5.8918357
take	5.46115	3.849143	5.6323156
simple	6.435917	3.814896	5.9957294
error	4.1512055	4.355676	4.699332
wisdom	6.637991	3.6843915	6.256382
rock	5.7215304	4.0342045	5.459039
decide	5.302148	4.224623	5.628778
exclaim	5.608068	4.4961386	5.78252
assure	6.111384	4.2556667	5.875285
sign	5.2508984	4.0805016	5.798232
preserve	6.0044413	3.7325532	5.91436
commerce	5.85278	3.8735502	5.7562556
plant	5.458931	3.7793012	5.442247
walk	5.758564	3.733784	5.779825
difference	5.161373	3.7800417	5.412025
hang	4.825409	4.0729804	5.032484
following	6.074258	3.8074353	5.869433
employ	5.753807	3.8254633	5.9670835
