deal	4.866414	4.206402	5.398808
study	6.267007	3.9868758	6.191671
afford	6.2441826	4.0172486	6.0054326
service	5.7391143	4.0298896	5.935411
height	5.7004623	3.9482155	5.6005006
prospect	6.3556046	4.3934956	5.7269254
pleasant	6.914008	3.544261	6.2496476
shade	5.6724877	3.5481198	5.7413487
listen	5.500995	3.918304	5.61479
mighty	5.5407367	4.4498463	5.4040847
country	5.7754292	4.182254	5.615096
title	5.9360046	3.9396062	5.7403316
choose	5.4941797	3.715171	5.7463756
village	5.7470436	3.8420103	5.3402295
acquire	6.108276	4.034094	6.332427
rank	5.3072677	4.4704924	5.459059
bow	5.711064	3.4213808	5.7871947
doctor	4.917012	3.745438	5.2023883
talent	6.4526424	4.559162	6.455699
source	5.92106	4.106752	5.672914
lead	5.225364	4.271297	5.504991
question	5.026475	4.235902	5.401206
publish	5.771649	4.054648	5.6264668
interest	5.936345	4.2995353	5.919912
serve	5.5273395	3.8469598	5.901192
divine	5.8813653	4.289924	5.3818197
put	5.1893077	3.8380988	5.430453
shadow	5.234104	3.643877	5.2679124
practical	6.0077825	3.8912637	6.1235247
surface	5.6876006	3.3897889	5.5735126
account	5.42698	4.270505	5.4183517
loss	4.795537	4.354737	4.8647556
indian	5.2947164	4.115112	5.1057563
vine	5.724169	3.7242186	5.3967404
certain	5.426916	4.1366954	5.514248
sin	4.0342126	4.309757	4.427291
necessity	5.003093	4.36799	5.1868987
lose	5.3495107	4.1617765	5.384966
private	5.1273293	4.117831	5.41895
gentleman	6.043676	4.147299	5.8561797
daughter	6.0451517	4.088241	5.6729026
drive	4.713171	4.529905	4.9538174
strange	5.186173	4.391941	5.022999
journey	6.0473247	3.7415361	5.6565695
uncle	5.8058724	4.1591787	5.452785
species	5.65752	4.0581594	5.288791
think	5.555609	4.19889	5.622996
bed	5.435838	3.6739829	5.419697
wind	5.1555176	4.1501064	5.135079
bless	6.2893147	3.9026585	5.9762335
destroy	4.059181	4.5747066	4.602015
author	5.952743	4.2922354	5.719838
sustain	5.437218	4.007675	5.4451675
black	4.723566	3.9414907	4.9994154
event	5.5101323	4.325811	5.313898
liberty	5.805122	4.3270345	5.7145314
negro	5.260132	4.3123574	5.1390586
little	5.9215446	3.8462346	5.737413
fortune	5.9890103	4.521047	5.628461
touch	5.759873	4.092711	5.589469
kill	4.177105	4.872221	4.6520314
feature	5.6308765	4.09814	5.6811395
happiness	6.5794177	4.373317	6.0885873
assume	5.090209	3.9461303	5.427365
notion	5.0293355	4.3053885	5.0464334
purchase	5.6167283	3.988213	5.753625
faithful	5.723467	4.031094	5.8374195
soldier	5.0179873	4.416171	5.3793387
father	5.6647587	3.951409	5.4862585
narrow	4.4121237	3.4471083	4.7760415
great	5.867868	4.195648	5.798824
tear	4.691189	4.11205	4.813259
honorable	5.2638345	4.342137	5.4851437
previous	5.302931	3.9141057	5.2491474
good	5.994351	4.051588	6.003399
domestic	5.734792	3.8626983	5.7557955
glory	6.623175	4.5015707	6.054974
lay	5.430004	3.5941775	5.5876675
occasion	5.545503	4.3555527	5.5113654
guard	4.834386	4.3049583	5.5229526
whole	5.7491193	3.8341098	5.6214457
mouth	5.0251617	4.085374	5.1656895
receive	5.961161	4.0599675	5.9024935
take	5.475144	3.8414812	5.611547
simple	6.4251432	3.8398263	5.9172006
error	4.095464	4.394591	4.635643
wisdom	6.6097116	3.722473	6.246542
rock	5.5953164	4.0705085	5.360131
decide	5.222617	4.171678	5.6008315
exclaim	5.6652184	4.5119815	5.8370786
assure	6.1195893	4.273587	5.880985
sign	5.278469	4.0920315	5.7908006
preserve	5.917675	3.7570992	5.8402104
commerce	5.8112936	3.9019518	5.757829
plant	5.334866	3.8641477	5.4301844
walk	5.8026786	3.7539985	5.791623
difference	5.1905575	3.8697786	5.3786917
hang	4.81217	4.067406	4.974553
following	6.088254	3.8082922	5.85024
employ	5.6985893	3.8292747	5.950727
