deal	4.9115148	4.204363	5.4105167
study	6.241726	3.9501293	6.1891885
afford	6.195061	4.0499363	5.985722
service	5.8263836	4.019872	5.9893603
height	5.720553	3.887937	5.55575
prospect	6.3687825	4.3747015	5.735892
pleasant	6.8316703	3.5190144	6.245232
shade	5.6525707	3.5624645	5.7898955
listen	5.474065	3.9622247	5.622477
mighty	5.4901104	4.468713	5.3624225
country	5.7687783	4.139728	5.5941854
title	6.064594	3.920056	5.7712126
choose	5.496231	3.733202	5.762149
village	5.71839	3.8209047	5.359208
acquire	6.169987	3.9741445	6.382244
rank	5.3090963	4.4816194	5.4493885
bow	5.670631	3.42312	5.7870755
doctor	4.9603977	3.7855353	5.2460766
talent	6.4156694	4.540849	6.446626
source	5.950109	4.009452	5.678831
lead	5.207093	4.2568073	5.496406
question	5.0696425	4.23738	5.397411
publish	5.804077	3.9880636	5.595606
interest	5.917497	4.2870374	5.9049683
serve	5.525922	3.8557608	5.9246764
divine	5.9473233	4.24743	5.3683906
put	5.212722	3.824084	5.45417
shadow	5.2652655	3.6835532	5.312392
practical	5.966983	3.8811386	6.1011777
surface	5.684862	3.3645232	5.5813513
account	5.430943	4.2805285	5.421698
loss	4.8320465	4.3651404	4.897994
indian	5.364338	4.1022267	5.162991
vine	5.886584	3.6746275	5.449424
certain	5.414185	4.1755004	5.5284114
sin	4.0126157	4.306254	4.426349
necessity	5.0302553	4.341867	5.2354984
lose	5.376001	4.163994	5.3974376
private	5.1394935	4.1240373	5.461874
gentleman	6.0575156	4.072586	5.864947
daughter	6.0887833	4.082396	5.6952324
drive	4.736986	4.491332	4.9802513
strange	5.2425747	4.4090605	5.040136
journey	6.0368614	3.7591453	5.642917
uncle	5.7096357	4.2212524	5.4101176
species	5.621106	4.037791	5.283633
think	5.5579314	4.207472	5.605355
bed	5.4434075	3.7025678	5.4180675
wind	5.190103	4.1556835	5.1549525
bless	6.3005037	3.9142964	5.981266
destroy	4.1926117	4.5105696	4.647788
author	6.082437	4.2411327	5.743173
sustain	5.3928514	4.0289364	5.4381585
black	4.7627935	3.8537657	4.9720035
event	5.5123754	4.307122	5.3553495
liberty	5.814818	4.302168	5.690259
negro	5.3444214	4.258675	5.190675
little	5.9226303	3.847539	5.7232533
fortune	6.019676	4.4883957	5.642276
touch	5.780837	4.0951357	5.5829277
kill	4.2355533	4.853084	4.652846
feature	5.737796	4.074098	5.7560596
happiness	6.6400547	4.3766675	6.1003437
assume	5.142322	3.9458926	5.467339
notion	5.063901	4.290774	5.0352707
purchase	5.611153	3.9712715	5.804091
faithful	5.8360987	4.092598	5.9239106
soldier	5.06145	4.4013815	5.3915443
father	5.643266	3.9800525	5.502378
narrow	4.382293	3.4780664	4.7937455
great	5.8376193	4.177834	5.791925
tear	4.718243	4.1330843	4.82981
honorable	5.226597	4.272906	5.406676
previous	5.1854825	3.916031	5.2750053
good	6.0064793	4.0738797	6.003219
domestic	5.7480702	3.8450322	5.7264357
glory	6.710496	4.4251637	6.0816045
lay	5.4423714	3.5579221	5.58627
occasion	5.5112667	4.3772597	5.534745
guard	4.824402	4.3005505	5.524988
whole	5.717959	3.8247495	5.6240177
mouth	5.067583	4.1107135	5.1246743
receive	5.9225655	4.0533614	5.8803215
take	5.5002227	3.8268042	5.641391
simple	6.392455	3.8442574	5.91618
error	4.1956735	4.411253	4.6665807
wisdom	6.6476774	3.7572339	6.226322
rock	5.6208577	4.005788	5.386896
decide	5.242506	4.1543055	5.6294928
exclaim	5.6435723	4.5625877	5.815074
assure	6.1887555	4.28856	5.9101405
sign	5.2979727	4.0720143	5.81611
preserve	6.014471	3.744104	5.9092135
commerce	5.701867	3.87144	5.6941276
plant	5.523815	3.7937734	5.4880533
walk	5.77895	3.7267973	5.812192
difference	5.1754093	3.848614	5.4078274
hang	4.777574	4.078899	4.988648
following	6.087102	3.8114731	5.8453307
employ	5.6948056	3.8018193	5.945912
