deal	4.8678627	4.191733	5.3555083
study	6.2147465	4.028639	6.160079
afford	6.1985373	4.037009	5.9931273
service	5.7326875	4.015713	5.9415793
height	5.657772	3.9757879	5.58583
prospect	6.3094954	4.3241086	5.6862764
pleasant	6.845778	3.5457382	6.214236
shade	5.6257877	3.5365868	5.772721
listen	5.4833417	3.9368114	5.647194
mighty	5.5519075	4.418632	5.3698997
country	5.7237525	4.155236	5.566543
title	5.957226	3.926036	5.7634745
choose	5.528267	3.727716	5.79128
village	5.682511	3.859418	5.27762
acquire	6.182188	4.0463214	6.357752
rank	5.304253	4.4939456	5.457082
bow	5.6884384	3.4165626	5.7996936
doctor	4.905742	3.8043628	5.2106085
talent	6.3670363	4.536563	6.401285
source	5.930226	4.0909595	5.656113
lead	5.2416763	4.247433	5.540565
question	5.044898	4.220128	5.411948
publish	5.8151393	4.0412464	5.608115
interest	5.906586	4.258592	5.8561115
serve	5.5571265	3.8510177	5.9245286
divine	5.927133	4.260914	5.389428
put	5.2467704	3.8184843	5.4812737
shadow	5.225005	3.6377087	5.2568464
practical	5.9742303	3.9055107	6.101297
surface	5.7017665	3.4337282	5.569263
account	5.3852196	4.3010983	5.4022365
loss	4.8157225	4.3556657	4.9042387
indian	5.3379517	4.1604533	5.159209
vine	5.8088803	3.758356	5.398032
certain	5.4434566	4.145541	5.520959
sin	3.9808924	4.3118367	4.392065
necessity	5.0264473	4.339571	5.1805124
lose	5.373937	4.136462	5.4264936
private	5.1349444	4.1296005	5.4481606
gentleman	6.002274	4.1522827	5.82243
daughter	6.0485053	4.0969644	5.699667
drive	4.7150974	4.5746946	4.975398
strange	5.2183824	4.3882227	5.0256996
journey	5.9840937	3.7952323	5.605508
uncle	5.6545925	4.1947966	5.375709
species	5.691816	4.050939	5.2748075
think	5.562619	4.1930285	5.62579
bed	5.486607	3.6917887	5.430883
wind	5.1690884	4.1826086	5.1229644
bless	6.227315	3.86369	5.9737997
destroy	4.1650085	4.5775304	4.662286
author	6.011842	4.274115	5.7180705
sustain	5.4804454	4.0555243	5.4898443
black	4.7647924	3.9375985	5.0092945
event	5.4692945	4.328782	5.3348813
liberty	5.8229427	4.286186	5.7225356
negro	5.2240915	4.2633314	5.1663055
little	5.9503136	3.8362515	5.7372556
fortune	5.949572	4.5126915	5.6349497
touch	5.761511	4.078308	5.595924
kill	4.227444	4.8601294	4.7070875
feature	5.6228614	4.1109242	5.7113504
happiness	6.602511	4.3379226	6.136257
assume	5.1335163	4.0221133	5.4776955
notion	5.0625477	4.335481	5.0063014
purchase	5.60651	3.9888372	5.7603865
faithful	5.7574544	4.010919	5.8541527
soldier	5.0215592	4.4599605	5.390996
father	5.6034174	3.979066	5.4693537
narrow	4.4440837	3.4816027	4.7837687
great	5.8388987	4.1858206	5.767083
tear	4.6684704	4.1195154	4.832342
honorable	5.243934	4.318983	5.4707074
previous	5.2266264	3.9485872	5.2392716
good	6.006959	4.0540915	5.993902
domestic	5.669596	3.8576503	5.722402
glory	6.6380434	4.4454203	6.0638394
lay	5.475312	3.5940673	5.5909243
occasion	5.514309	4.3792396	5.502869
guard	4.7703366	4.2687516	5.4870462
whole	5.749888	3.8391905	5.614402
mouth	5.042974	4.111638	5.1487703
receive	5.934125	4.051317	5.8690286
take	5.4849486	3.8557594	5.636659
simple	6.462368	3.894718	5.960713
error	4.184421	4.346142	4.688694
wisdom	6.5929737	3.739038	6.226649
rock	5.65445	4.0772023	5.357349
decide	5.2099104	4.210315	5.6253886
exclaim	5.6085453	4.5299215	5.831141
assure	6.03012	4.269425	5.8410163
sign	5.311575	4.074659	5.8296633
preserve	5.882637	3.7781568	5.8702145
commerce	5.7421055	3.8738463	5.7098494
plant	5.4987993	3.8387365	5.498513
walk	5.740203	3.7637808	5.77432
difference	5.181298	3.8316164	5.4050574
hang	4.817144	4.102301	5.020895
following	6.082956	3.824899	5.8714347
employ	5.7042093	3.8113334	5.9312277
