deal	4.8833623	4.2099967	5.34776
study	6.262135	3.967339	6.18897
afford	6.2480016	4.007423	6.0303407
service	5.769837	3.9946663	5.937443
height	5.6682606	3.924196	5.5340686
prospect	6.3820662	4.3478956	5.7425866
pleasant	6.903293	3.4630945	6.250721
shade	5.653786	3.569653	5.747734
listen	5.4451017	3.9061248	5.637407
mighty	5.512643	4.460745	5.3837347
country	5.763343	4.1343346	5.5915227
title	5.962987	3.9457662	5.7302203
choose	5.5196567	3.6845956	5.774567
village	5.7200694	3.8633544	5.341139
acquire	6.1816473	3.9993715	6.3349533
rank	5.3175488	4.4443913	5.458569
bow	5.667845	3.418514	5.820692
doctor	4.912932	3.7672017	5.2011056
talent	6.437501	4.5501733	6.464371
source	5.9507213	4.0152736	5.7056108
lead	5.209285	4.2424483	5.4919553
question	5.0509224	4.2366576	5.386735
publish	5.8423405	4.026656	5.5939116
interest	5.8805485	4.300063	5.8807054
serve	5.5597954	3.8261483	5.9418273
divine	5.9092975	4.239388	5.3970375
put	5.233383	3.8142436	5.4640236
shadow	5.218556	3.7009008	5.2821226
practical	5.9830184	3.858001	6.0596347
surface	5.642688	3.394791	5.5419903
account	5.418353	4.296378	5.4133677
loss	4.779618	4.392897	4.8951535
indian	5.3476624	4.125906	5.141405
vine	5.776554	3.6909108	5.38249
certain	5.3879027	4.1472764	5.485718
sin	4.0712967	4.3627806	4.472852
necessity	5.0786123	4.3718243	5.2195735
lose	5.353394	4.177043	5.384266
private	5.0798883	4.0870366	5.4291534
gentleman	6.0196652	4.10053	5.841951
daughter	6.036937	4.0557556	5.6566763
drive	4.746626	4.5244856	4.9805665
strange	5.252428	4.395598	5.0387316
journey	6.072057	3.7286386	5.654702
uncle	5.7021728	4.1288834	5.4194818
species	5.676067	4.071203	5.296968
think	5.58144	4.1781282	5.6120768
bed	5.4432344	3.6943033	5.4234734
wind	5.201519	4.1739697	5.12959
bless	6.318954	3.8510175	5.9959364
destroy	4.107895	4.55276	4.582028
author	6.006532	4.2511554	5.699451
sustain	5.461187	3.986508	5.5031686
black	4.777959	3.92771	4.9870343
event	5.507283	4.2738757	5.352581
liberty	5.7667713	4.2702103	5.6825852
negro	5.3631563	4.268787	5.1712117
little	5.9124446	3.828417	5.722743
fortune	5.9475646	4.487005	5.651095
touch	5.7361326	4.072872	5.5628114
kill	4.260521	4.8982334	4.641687
feature	5.757141	4.1186385	5.7764416
happiness	6.542902	4.3611927	6.0630984
assume	5.1218	3.947316	5.47493
notion	5.0152583	4.254158	4.9795475
purchase	5.5942388	3.9390478	5.75982
faithful	5.908313	4.026217	5.919687
soldier	5.040923	4.4251547	5.400265
father	5.668008	3.93562	5.492796
narrow	4.338242	3.4700592	4.7415338
great	5.861635	4.164328	5.7954006
tear	4.645943	4.149413	4.8163037
honorable	5.2478914	4.321981	5.4657373
previous	5.3091683	3.9030664	5.3107243
good	6.009626	4.067212	5.991265
domestic	5.697786	3.834087	5.7259226
glory	6.628672	4.440566	6.079749
lay	5.43935	3.595503	5.571394
occasion	5.553663	4.337799	5.5660157
guard	4.8624525	4.249057	5.586325
whole	5.7483172	3.8250787	5.620487
mouth	5.009396	4.1177816	5.13205
receive	5.941007	4.0434027	5.8880267
take	5.4703374	3.8295076	5.6217327
simple	6.417372	3.8740807	5.9218187
error	4.138135	4.3790064	4.6216755
wisdom	6.6513863	3.690932	6.275822
rock	5.6668005	4.102472	5.3786793
decide	5.2545195	4.17719	5.598351
exclaim	5.6153297	4.515809	5.803097
assure	6.1027603	4.271128	5.880009
sign	5.2762575	4.1271524	5.821872
preserve	6.001708	3.7244806	5.870603
commerce	5.7054505	3.8594713	5.7005773
plant	5.514463	3.8256772	5.5040483
walk	5.7805142	3.7390492	5.8058724
difference	5.1659803	3.8602777	5.4280343
hang	4.824603	4.0705676	4.9939976
following	6.074522	3.7900238	5.8389454
employ	5.696566	3.8054702	5.9464517
