deal	4.8579865	4.1984224	5.3891115
study	6.2299995	4.005009	6.1734915
afford	6.2635503	4.022568	6.014219
service	5.8100924	3.9822073	5.9741654
height	5.701869	3.965871	5.5952625
prospect	6.3250465	4.3290377	5.700113
pleasant	6.853569	3.498264	6.2346253
shade	5.6367173	3.5256271	5.730432
listen	5.5258017	3.8949661	5.6700606
mighty	5.521534	4.413561	5.3601246
country	5.752924	4.1430316	5.5734234
title	5.986475	3.9034612	5.777109
choose	5.4667807	3.690493	5.774069
village	5.702972	3.794291	5.315155
acquire	6.137578	3.9707496	6.3768754
rank	5.231068	4.4895267	5.4177136
bow	5.7672844	3.3787153	5.811851
doctor	4.8910885	3.7447965	5.144152
talent	6.424898	4.551394	6.448698
source	5.9490075	4.002762	5.6985693
lead	5.245326	4.269743	5.5145226
question	5.069288	4.2447724	5.39739
publish	5.8227735	4.084952	5.6315503
interest	5.940196	4.2669415	5.916082
serve	5.6052566	3.8067288	5.9626417
divine	5.901685	4.261771	5.374031
put	5.215309	3.8207638	5.478632
shadow	5.2408295	3.6798134	5.2777896
practical	6.0039496	3.903412	6.1245546
surface	5.6676826	3.3971553	5.521676
account	5.4348645	4.270398	5.429072
loss	4.767054	4.3597164	4.8557158
indian	5.330398	4.0995593	5.1373663
vine	5.7696605	3.7297955	5.4060674
certain	5.4352508	4.140448	5.538633
sin	4.0264177	4.35768	4.428524
necessity	5.058696	4.332681	5.1925373
lose	5.3358173	4.158131	5.391626
private	5.1008625	4.1113462	5.4168477
gentleman	6.0442924	4.1475945	5.84822
daughter	6.101176	4.0984135	5.7028785
drive	4.6877503	4.5203123	4.9456363
strange	5.177339	4.3906484	5.0100393
journey	5.997057	3.7108335	5.674911
uncle	5.6999125	4.1960974	5.3831778
species	5.7259474	4.0796065	5.310714
think	5.5599875	4.1801653	5.6064997
bed	5.464984	3.6308568	5.415516
wind	5.156853	4.1146812	5.122763
bless	6.286162	3.8404074	5.9951754
destroy	4.11462	4.5230145	4.5980277
author	5.9947205	4.2732596	5.7064996
sustain	5.4986873	4.033866	5.515643
black	4.7421703	3.8733954	4.982373
event	5.4986506	4.299292	5.3217716
liberty	5.8228717	4.2336802	5.6922116
negro	5.2580385	4.239248	5.1192226
little	5.9505854	3.8327465	5.734976
fortune	5.984967	4.5457206	5.6214895
touch	5.7064147	4.066597	5.5614038
kill	4.187749	4.8580875	4.6371284
feature	5.6867337	4.0824356	5.7064486
happiness	6.5829587	4.3042884	6.097209
assume	5.1550007	3.9542072	5.5014815
notion	5.0236025	4.2619705	4.981978
purchase	5.650575	4.0086727	5.780353
faithful	5.820893	3.9660342	5.871216
soldier	5.003144	4.3662877	5.3498154
father	5.711312	3.9409132	5.5082965
narrow	4.4421062	3.4716792	4.850191
great	5.87088	4.1723356	5.7926216
tear	4.682036	4.0973763	4.8193455
honorable	5.211364	4.2935605	5.4503527
previous	5.2909575	3.9132266	5.29091
good	5.999517	4.050101	6.012227
domestic	5.7217407	3.8766813	5.7740936
glory	6.67517	4.414331	6.063367
lay	5.4673185	3.555713	5.6182055
occasion	5.574021	4.3429356	5.5353827
guard	4.883833	4.2568355	5.5624347
whole	5.759712	3.8348565	5.637964
mouth	5.1284842	4.11849	5.232103
receive	5.9450774	4.0592384	5.901122
take	5.4929667	3.8379786	5.6447124
simple	6.392285	3.8490548	5.890645
error	4.187476	4.3801146	4.665559
wisdom	6.657977	3.7372034	6.292769
rock	5.657153	4.033662	5.3727264
decide	5.2716904	4.1941113	5.6581087
exclaim	5.669677	4.4834423	5.818355
assure	6.07674	4.2641973	5.866939
sign	5.281822	4.0871167	5.7756424
preserve	6.0539317	3.674667	5.935489
commerce	5.8027034	3.870437	5.72086
plant	5.4294887	3.8143506	5.382431
walk	5.769841	3.697245	5.813427
difference	5.198128	3.8430362	5.426813
hang	4.868483	4.0738907	5.042122
following	6.1216435	3.788099	5.8499413
employ	5.7290187	3.8129537	5.9470744
