deal	4.8419256	4.156781	5.360821
study	6.252388	3.993838	6.2273765
afford	6.171426	4.049849	5.9935346
service	5.7847133	4.0382442	5.9389915
height	5.6905704	3.8851132	5.569201
prospect	6.3553143	4.364753	5.729983
pleasant	6.849134	3.5235224	6.21478
shade	5.6066732	3.492026	5.753377
listen	5.53386	3.903529	5.6731143
mighty	5.503631	4.444561	5.3276596
country	5.7163477	4.1645555	5.5735745
title	5.9375916	3.9696503	5.7511797
choose	5.4958224	3.7272758	5.7494216
village	5.664095	3.8427122	5.291746
acquire	6.1941676	4.0037246	6.378765
rank	5.314147	4.4857597	5.4629197
bow	5.7493167	3.3939402	5.801933
doctor	4.9695582	3.72986	5.1958466
talent	6.4049993	4.5566406	6.446063
source	5.885028	4.050835	5.728404
lead	5.203658	4.2464676	5.5060377
question	5.0011153	4.231754	5.397121
publish	5.7612987	4.057372	5.605744
interest	5.852628	4.309769	5.894011
serve	5.553763	3.8402395	5.8839593
divine	5.900808	4.2810254	5.361836
put	5.202992	3.8270009	5.444334
shadow	5.214944	3.652663	5.2536745
practical	5.9366064	3.8594007	6.0566583
surface	5.6411114	3.4329185	5.547258
account	5.3988714	4.278186	5.4198813
loss	4.7748775	4.379881	4.907487
indian	5.3251085	4.134985	5.15561
vine	5.794745	3.7003	5.3943653
certain	5.4240365	4.1281495	5.5302343
sin	3.9725041	4.357822	4.397182
necessity	5.013015	4.3767257	5.2381287
lose	5.3798704	4.1472917	5.3955703
private	5.101002	4.1314096	5.4262347
gentleman	6.025486	4.1181464	5.8466015
daughter	6.117378	4.087439	5.678819
drive	4.7177753	4.5350227	4.969122
strange	5.2296886	4.4038053	5.0243263
journey	6.118438	3.7440825	5.740661
uncle	5.790055	4.1690106	5.510324
species	5.6260376	4.0494003	5.2266636
think	5.5465508	4.186049	5.6021485
bed	5.5046387	3.640048	5.446593
wind	5.1607237	4.138198	5.1298914
bless	6.253537	3.865578	5.9524665
destroy	4.1603518	4.525669	4.606963
author	5.949468	4.2841554	5.7280474
sustain	5.474915	4.040514	5.4781456
black	4.7643194	3.90187	4.987911
event	5.510453	4.3541946	5.37589
liberty	5.802471	4.3071327	5.7457285
negro	5.253124	4.2912793	5.1355844
little	5.9256964	3.8586504	5.733541
fortune	5.9682274	4.533168	5.652271
touch	5.710532	4.1032195	5.554467
kill	4.2218847	4.8391504	4.698593
feature	5.6814823	4.112983	5.7443376
happiness	6.5487437	4.359221	6.1020174
assume	5.0815268	3.9669747	5.4562707
notion	5.0184913	4.2569895	5.042753
purchase	5.6351814	4.0068703	5.751728
faithful	5.889688	4.018431	5.9034157
soldier	5.073677	4.4394073	5.415884
father	5.6657615	3.9708457	5.4844875
narrow	4.392538	3.487021	4.7776
great	5.826959	4.1611576	5.7833614
tear	4.650472	4.121037	4.7919188
honorable	5.2553806	4.319701	5.447332
previous	5.2781906	3.8932385	5.293433
good	5.992033	4.046845	6.001534
domestic	5.6572385	3.8816257	5.7124724
glory	6.6150546	4.480413	6.040955
lay	5.464012	3.552568	5.5887737
occasion	5.5067587	4.346304	5.4958944
guard	4.860398	4.2740474	5.562615
whole	5.7310085	3.8526545	5.615315
mouth	5.092046	4.101735	5.1424484
receive	5.941759	4.052012	5.896509
take	5.485216	3.8513598	5.6027384
simple	6.407846	3.852754	5.8984995
error	4.129587	4.3834515	4.637638
wisdom	6.614252	3.740589	6.25602
rock	5.675375	4.084434	5.38085
decide	5.2359476	4.1978188	5.6052337
exclaim	5.6547103	4.5255976	5.839458
assure	6.101811	4.2528543	5.886232
sign	5.319924	4.1029024	5.879215
preserve	5.9897933	3.711303	5.871442
commerce	5.7131577	3.878052	5.7030125
plant	5.499102	3.8115227	5.4776554
walk	5.8130116	3.7402997	5.831696
difference	5.170183	3.8259566	5.410612
hang	4.8253417	4.055094	4.9859905
following	6.088212	3.8419857	5.838811
employ	5.7147403	3.8364465	5.9450574
