deal	4.81612	4.2390127	5.383004
study	6.2072487	4.012627	6.157851
afford	6.258861	4.028327	6.0399446
service	5.79782	4.0240335	5.964073
height	5.6608596	3.9675899	5.5377464
prospect	6.3677416	4.33383	5.7412796
pleasant	6.841674	3.544878	6.2044077
shade	5.6436496	3.544785	5.755972
listen	5.5022635	3.9484875	5.661547
mighty	5.5473623	4.447459	5.343081
country	5.7225385	4.153738	5.568422
title	5.95726	3.919514	5.727855
choose	5.541436	3.7397842	5.721447
village	5.649924	3.8637738	5.283697
acquire	6.126401	4.0247025	6.3394027
rank	5.2728753	4.4504147	5.4590964
bow	5.6783304	3.347874	5.8203654
doctor	4.7980337	3.7992275	5.1769376
talent	6.4139376	4.5936832	6.4487867
source	5.9667196	3.9822826	5.725517
lead	5.223414	4.2417727	5.496652
question	5.0100083	4.2287455	5.4011846
publish	5.864227	3.9947972	5.6549406
interest	5.8797755	4.276193	5.887138
serve	5.5836196	3.8736138	5.929328
divine	5.90778	4.2525563	5.393018
put	5.2405305	3.812586	5.468571
shadow	5.2174573	3.6755373	5.302266
practical	6.0213647	3.9303987	6.1043816
surface	5.649176	3.3721092	5.5391192
account	5.43755	4.3044915	5.406833
loss	4.8017817	4.340135	4.903234
indian	5.3848104	4.1463284	5.1456375
vine	5.7901897	3.691868	5.3763843
certain	5.385989	4.1843624	5.5059786
sin	4.062024	4.366403	4.438697
necessity	5.064213	4.3051333	5.2442093
lose	5.3793907	4.1811895	5.4098454
private	5.1525187	4.080632	5.4177537
gentleman	6.047045	4.1105833	5.8492136
daughter	6.063216	4.104603	5.6838517
drive	4.7925	4.5238194	4.985568
strange	5.2215858	4.409188	5.0361443
journey	6.028833	3.7803664	5.608615
uncle	5.698958	4.184837	5.4633307
species	5.6703887	4.0821333	5.3140583
think	5.547783	4.2225814	5.6008124
bed	5.544107	3.6482878	5.449294
wind	5.1684775	4.1564994	5.070687
bless	6.286264	3.852654	5.9533443
destroy	4.139711	4.587695	4.6793656
author	6.0349298	4.2587357	5.742251
sustain	5.448128	4.0582266	5.4819903
black	4.7805605	3.8959422	5.0130124
event	5.4785976	4.2945175	5.349483
liberty	5.7598433	4.242153	5.712526
negro	5.3378105	4.220332	5.1669846
little	5.929408	3.8352766	5.728906
fortune	5.9833574	4.534964	5.6187143
touch	5.728946	4.1073375	5.567154
kill	4.20246	4.856714	4.6177855
feature	5.674114	4.092452	5.7626586
happiness	6.5923185	4.3600187	6.103441
assume	5.1331687	4.025769	5.4942245
notion	5.028411	4.2759514	5.0179462
purchase	5.548457	3.9795837	5.7326145
faithful	5.8212333	4.0394793	5.9138136
soldier	5.072192	4.444342	5.396471
father	5.6391635	4.0101514	5.463073
narrow	4.423029	3.4772835	4.785873
great	5.830009	4.1791863	5.7965326
tear	4.67731	4.1381464	4.796223
honorable	5.27836	4.3476152	5.453689
previous	5.307299	3.875832	5.289828
good	5.9978848	4.0778584	6.0042486
domestic	5.717302	3.909132	5.777201
glory	6.57556	4.452593	6.0188174
lay	5.479139	3.5634885	5.5958285
occasion	5.5046077	4.344879	5.526979
guard	4.804575	4.2637305	5.5494905
whole	5.7359653	3.8333123	5.6178074
mouth	5.0632057	4.1108	5.188855
receive	5.9664416	4.0549664	5.921495
take	5.4899673	3.834323	5.6330523
simple	6.3906255	3.9458363	5.9357543
error	4.1419525	4.385494	4.688264
wisdom	6.5457253	3.7536924	6.193007
rock	5.701035	4.0831585	5.3580785
decide	5.3007402	4.1585064	5.6519947
exclaim	5.6412935	4.5328975	5.792877
assure	6.121521	4.2523484	5.9197426
sign	5.2988625	4.1021953	5.823544
preserve	5.92116	3.7488651	5.8934193
commerce	5.7768664	3.898473	5.7239294
plant	5.52744	3.8129268	5.488227
walk	5.797442	3.7329984	5.796525
difference	5.10674	3.8211465	5.411587
hang	4.793743	4.0525703	4.986844
following	6.054651	3.803168	5.8272033
employ	5.7356753	3.8171587	6.009198
