deal	4.884162	4.1959105	5.394696
study	6.2312756	3.9605641	6.1568227
afford	6.253495	4.017349	6.0436373
service	5.7357907	4.0048237	5.916126
height	5.7263827	3.957319	5.5943193
prospect	6.346061	4.337292	5.718891
pleasant	6.8555565	3.4453888	6.2487335
shade	5.6780252	3.5246167	5.74298
listen	5.516933	3.933469	5.6055107
mighty	5.483821	4.4904017	5.359291
country	5.724334	4.16879	5.571964
title	5.914972	3.909325	5.7320285
choose	5.534971	3.738573	5.7703166
village	5.685768	3.8588688	5.3689647
acquire	6.209686	4.0195484	6.379404
rank	5.285461	4.479077	5.4050336
bow	5.693767	3.3853827	5.8033934
doctor	4.9395256	3.7863605	5.2467837
talent	6.4014134	4.5365567	6.4094768
source	5.960875	4.099736	5.740408
lead	5.218707	4.2478833	5.4941583
question	5.063058	4.22092	5.425248
publish	5.8032274	4.0911984	5.637378
interest	5.876126	4.3036404	5.889518
serve	5.5540457	3.820892	5.9508305
divine	5.8989344	4.2274365	5.405464
put	5.236234	3.8100107	5.4588137
shadow	5.2317305	3.6864727	5.2692823
practical	6.009571	3.886688	6.098448
surface	5.684046	3.4580047	5.5689692
account	5.4132586	4.3026557	5.4499884
loss	4.7702518	4.365582	4.907772
indian	5.342586	4.10355	5.1909223
vine	5.7954683	3.6611185	5.4006343
certain	5.430921	4.148704	5.5282855
sin	4.0113444	4.286006	4.4255767
necessity	5.0740333	4.3156147	5.2170696
lose	5.35343	4.1723447	5.4042416
private	5.114729	4.1296635	5.442038
gentleman	6.024523	4.0702467	5.856767
daughter	6.044308	4.0536184	5.6981177
drive	4.7145934	4.5282383	4.972855
strange	5.1956873	4.3768606	5.0413947
journey	6.0525665	3.7678552	5.670819
uncle	5.7099996	4.2331076	5.455462
species	5.726193	4.075671	5.3208103
think	5.549794	4.1872587	5.612358
bed	5.4639473	3.6878119	5.42012
wind	5.2059426	4.110498	5.1492643
bless	6.272621	3.8381374	5.946957
destroy	4.111186	4.563692	4.648107
author	5.9529047	4.2616568	5.734617
sustain	5.4590087	4.0440326	5.497444
black	4.792787	3.9532838	5.025061
event	5.481151	4.3091707	5.3267355
liberty	5.7965894	4.2821617	5.702722
negro	5.326608	4.2988014	5.199112
little	5.9210725	3.8359504	5.7597294
fortune	5.9562635	4.448977	5.636422
touch	5.717637	4.078648	5.605674
kill	4.2572947	4.894812	4.6931763
feature	5.680955	4.0638237	5.7109904
happiness	6.5393434	4.3037653	6.0744524
assume	5.1627555	3.9567714	5.4410152
notion	5.02662	4.248539	5.0041795
purchase	5.5883875	3.9742932	5.75807
faithful	5.8316965	4.0871234	5.9316316
soldier	5.052336	4.4404783	5.403806
father	5.627201	3.9481592	5.4904895
narrow	4.393877	3.5026517	4.774578
great	5.863911	4.1983333	5.809642
tear	4.6688547	4.109211	4.814881
honorable	5.268346	4.23237	5.4449844
previous	5.317913	3.9408705	5.2847886
good	5.987969	4.0376654	6.0100927
domestic	5.6174827	3.8769937	5.739304
glory	6.63577	4.4564924	6.0548453
lay	5.46784	3.5581565	5.6169276
occasion	5.576314	4.337613	5.5491395
guard	4.8177376	4.282991	5.549096
whole	5.734482	3.8501651	5.628227
mouth	5.0647902	4.1136417	5.173945
receive	5.9356313	4.050314	5.9060054
take	5.4897866	3.8263502	5.6410007
simple	6.438014	3.8598697	5.939231
error	4.07865	4.3791876	4.6488314
wisdom	6.63062	3.685422	6.276583
rock	5.6717834	4.0530014	5.4309406
decide	5.264823	4.1769238	5.6296296
exclaim	5.62872	4.5441275	5.8053164
assure	6.121644	4.236322	5.8900104
sign	5.3197613	4.100006	5.821792
preserve	5.9852076	3.7357302	5.913267
commerce	5.7673025	3.890662	5.7093606
plant	5.5479307	3.7498984	5.5021
walk	5.7609053	3.7333562	5.78243
difference	5.1418853	3.8484762	5.3875613
hang	4.8258324	4.0411816	4.988938
following	6.0719533	3.8114262	5.85793
employ	5.7184	3.844549	5.9776745
