deal	4.9423423	4.26043	5.4442563
study	6.2724233	3.9876947	6.1696496
afford	6.22323	4.0008073	6.0337853
service	5.772842	3.9812808	5.9857593
height	5.692739	3.9273353	5.581052
prospect	6.418681	4.3398237	5.7847986
pleasant	6.8502455	3.52324	6.2166595
shade	5.690016	3.5464664	5.7814546
listen	5.500834	3.877184	5.6603317
mighty	5.5368004	4.417114	5.371075
country	5.75165	4.147493	5.5906644
title	5.931149	3.9484181	5.7108603
choose	5.4948587	3.699939	5.722864
village	5.6983843	3.8565452	5.323005
acquire	6.14919	4.018986	6.3510423
rank	5.3115907	4.4370136	5.4059906
bow	5.6893673	3.4084842	5.7984815
doctor	4.9859266	3.8343406	5.238148
talent	6.4304986	4.5922503	6.442521
source	5.8848085	4.0354	5.6818285
lead	5.2364388	4.233419	5.524657
question	5.0707536	4.1833115	5.411649
publish	5.775444	4.072653	5.590809
interest	5.87908	4.273243	5.8883066
serve	5.5843616	3.8174922	5.971794
divine	5.8978586	4.341168	5.4110813
put	5.183546	3.786572	5.4453125
shadow	5.2458405	3.679962	5.313263
practical	5.962252	3.8937433	6.0775247
surface	5.6904397	3.410009	5.5532513
account	5.431443	4.296183	5.432302
loss	4.799829	4.319519	4.917695
indian	5.366207	4.115638	5.1471295
vine	5.8105493	3.7659926	5.385327
certain	5.4003444	4.1488457	5.49294
sin	3.9981124	4.3972855	4.4012804
necessity	4.9804206	4.3236823	5.218495
lose	5.3809266	4.1337214	5.4207735
private	5.1044703	4.080098	5.411612
gentleman	6.027703	4.1079764	5.849748
daughter	6.102615	4.0922747	5.694694
drive	4.75704	4.523391	5.0123806
strange	5.202814	4.3939886	5.041516
journey	6.073861	3.762451	5.669149
uncle	5.7969007	4.1875753	5.4292383
species	5.6643353	4.1293983	5.25378
think	5.576398	4.1929617	5.621174
bed	5.510824	3.6616662	5.5014043
wind	5.2116127	4.1950016	5.120078
bless	6.2352047	3.8402162	5.979008
destroy	4.1625285	4.5360065	4.669762
author	5.99674	4.2437544	5.7069287
sustain	5.4299793	4.0191374	5.4414916
black	4.7496033	3.8882093	4.9978027
event	5.504449	4.3069744	5.3598685
liberty	5.774616	4.256253	5.6955853
negro	5.3033447	4.2011366	5.1621904
little	5.9355273	3.8332734	5.751922
fortune	5.9833546	4.5050254	5.6423235
touch	5.787832	4.050204	5.6161485
kill	4.2708945	4.8640285	4.7155256
feature	5.706692	4.103413	5.75768
happiness	6.641928	4.3020024	6.1524663
assume	5.1090417	3.954423	5.448388
notion	4.989548	4.262224	5.0076537
purchase	5.6250286	3.9910226	5.748297
faithful	5.8452597	4.057456	5.979309
soldier	5.071035	4.4257956	5.4246383
father	5.6564913	3.9727564	5.476889
narrow	4.3726177	3.4567907	4.782408
great	5.859353	4.1790833	5.80884
tear	4.670814	4.07409	4.806059
honorable	5.2312694	4.343794	5.4565134
previous	5.209728	3.9209423	5.2391872
good	5.9996166	4.065408	6.006834
domestic	5.781751	3.8186643	5.792758
glory	6.6111298	4.437125	6.034334
lay	5.4756975	3.583109	5.6150517
occasion	5.562823	4.3834534	5.552153
guard	4.855256	4.275083	5.572599
whole	5.745792	3.831986	5.6373196
mouth	5.099193	4.158707	5.211761
receive	5.9241877	4.0440564	5.9171376
take	5.4905915	3.8303099	5.648075
simple	6.428961	3.8364487	5.963624
error	4.126353	4.3564744	4.64225
wisdom	6.6112733	3.7523582	6.2756953
rock	5.692831	4.0436716	5.418217
decide	5.2167425	4.209416	5.590254
exclaim	5.6611056	4.509355	5.7943077
assure	6.0684886	4.3041	5.8783555
sign	5.2815056	4.1380773	5.8120627
preserve	5.9628057	3.771131	5.9526467
commerce	5.8012333	3.8709912	5.737079
plant	5.495228	3.8418832	5.495083
walk	5.8026333	3.7568872	5.798352
difference	5.151587	3.8217285	5.404148
hang	4.805615	4.0742455	5.0137506
following	6.0560365	3.81931	5.8469067
employ	5.75854	3.7778218	5.974945
