deal	4.896323	4.232974	5.4008365
study	6.2256517	4.00235	6.140278
afford	6.22119	4.02422	6.001957
service	5.7779	4.016531	5.954778
height	5.6587677	3.9441495	5.5423474
prospect	6.3360915	4.302154	5.709688
pleasant	6.8993874	3.5309877	6.235532
shade	5.7143884	3.5441675	5.7891464
listen	5.523352	3.894266	5.67617
mighty	5.4831295	4.4468474	5.3596835
country	5.6980906	4.1584096	5.5463114
title	5.9996257	3.9222925	5.7394342
choose	5.521238	3.7064967	5.7741566
village	5.688641	3.8512006	5.2864747
acquire	6.174359	4.0340853	6.3320646
rank	5.231779	4.4662647	5.4039817
bow	5.7366886	3.4259822	5.826267
doctor	4.8753085	3.7797706	5.1925383
talent	6.4146647	4.557071	6.4335423
source	5.914245	4.0339403	5.7092514
lead	5.241538	4.2016993	5.512603
question	5.0755377	4.2065725	5.4104705
publish	5.831269	4.054854	5.5919714
interest	5.8876343	4.2602158	5.870698
serve	5.5393147	3.7811692	5.922224
divine	5.949196	4.2786145	5.3922267
put	5.1959047	3.807688	5.4609137
shadow	5.2797003	3.6594007	5.3252773
practical	5.9994607	3.9282713	6.081571
surface	5.6867104	3.4190953	5.561747
account	5.390868	4.264873	5.4075885
loss	4.77232	4.348528	4.8921866
indian	5.311761	4.144388	5.139428
vine	5.8638268	3.7164812	5.402347
certain	5.413183	4.1090107	5.5026684
sin	4.0228443	4.3415647	4.4251585
necessity	4.987587	4.3570023	5.2052226
lose	5.3829546	4.126303	5.396989
private	5.1432223	4.051823	5.4599204
gentleman	6.0437	4.1501803	5.8430147
daughter	6.0684605	4.0868826	5.699265
drive	4.7431073	4.5452094	4.9824476
strange	5.195809	4.385065	5.021704
journey	6.0431848	3.6961799	5.6606293
uncle	5.7073607	4.227316	5.405975
species	5.633553	4.108259	5.3151546
think	5.5643215	4.178911	5.601805
bed	5.4576635	3.6318176	5.4450665
wind	5.206482	4.1838226	5.1305737
bless	6.342941	3.8873217	6.0051913
destroy	4.121509	4.5176306	4.641798
author	5.948246	4.284399	5.6844635
sustain	5.4262204	4.0534143	5.460048
black	4.728104	3.9004014	4.9673376
event	5.499136	4.289482	5.319913
liberty	5.8035126	4.277686	5.6878953
negro	5.1914697	4.310574	5.0979986
little	5.9085546	3.8050773	5.7350135
fortune	5.9749913	4.546692	5.6397066
touch	5.717415	4.0746093	5.5803576
kill	4.2744284	4.853654	4.696184
feature	5.6926107	4.0989137	5.722783
happiness	6.6245575	4.3765044	6.1218796
assume	5.115745	3.993378	5.433042
notion	5.0120378	4.256998	5.010438
purchase	5.5852685	4.0032296	5.7387285
faithful	5.893615	4.0290833	5.9462085
soldier	5.098193	4.400557	5.4336
father	5.66422	3.9560733	5.4859
narrow	4.3808804	3.4604867	4.8028493
great	5.8296213	4.1529646	5.7770333
tear	4.717413	4.081753	4.838571
honorable	5.2204905	4.2880454	5.455527
previous	5.267726	3.849107	5.2676997
good	5.9908857	4.0656857	5.999928
domestic	5.649295	3.8955724	5.7149177
glory	6.6019316	4.4538484	6.0412498
lay	5.452731	3.5698762	5.602526
occasion	5.478117	4.3430595	5.502408
guard	4.848199	4.308293	5.5559177
whole	5.727598	3.8253977	5.6060166
mouth	5.0282197	4.077648	5.170673
receive	5.929019	4.052097	5.8706126
take	5.4938297	3.8308964	5.6215925
simple	6.357255	3.860415	5.8831954
error	4.079978	4.3494	4.6362767
wisdom	6.653546	3.7115862	6.281128
rock	5.670931	4.0339494	5.3922453
decide	5.3109446	4.1639314	5.6281867
exclaim	5.6463184	4.5610075	5.8167624
assure	6.1167192	4.272747	5.888653
sign	5.240646	4.03409	5.790349
preserve	6.014784	3.6739213	5.8931413
commerce	5.793226	3.859241	5.736451
plant	5.463607	3.8013377	5.4513216
walk	5.786408	3.7684689	5.80219
difference	5.173517	3.8339357	5.37799
hang	4.87902	4.0353155	5.0179076
following	6.051411	3.7583363	5.8218718
employ	5.6561084	3.7804422	5.9127984
