deal	4.9110518	4.1738553	5.415688
study	6.2074423	3.9727232	6.1528673
afford	6.234165	4.0037994	6.0355415
service	5.7694	4.0201306	5.951953
height	5.655214	3.9286747	5.556289
prospect	6.317503	4.3289533	5.7031097
pleasant	6.8708014	3.5149913	6.208296
shade	5.607543	3.5470965	5.7730775
listen	5.5464654	3.8984864	5.6695843
mighty	5.578639	4.426673	5.4114876
country	5.745086	4.130001	5.5790386
title	5.9526772	3.9377384	5.7726727
choose	5.5428233	3.7260702	5.801666
village	5.675311	3.8044786	5.2715535
acquire	6.176412	4.0118904	6.340818
rank	5.3338976	4.487649	5.4920554
bow	5.727289	3.4030156	5.8289843
doctor	4.8939495	3.7247272	5.190757
talent	6.4399915	4.5590696	6.46006
source	5.935237	4.0606413	5.6958704
lead	5.221603	4.2879853	5.5189953
question	5.052063	4.2140484	5.411483
publish	5.809854	4.012467	5.6257586
interest	5.9405656	4.266125	5.8907943
serve	5.5286956	3.8559153	5.917118
divine	5.9814506	4.294656	5.413574
put	5.206009	3.8156204	5.467355
shadow	5.217381	3.6818392	5.302258
practical	5.9350986	3.9016135	6.073226
surface	5.676484	3.3390303	5.5911274
account	5.3854604	4.262339	5.3991423
loss	4.788796	4.3712893	4.8798714
indian	5.369326	4.1382947	5.1290183
vine	5.93274	3.6298375	5.438783
certain	5.443298	4.1387243	5.530472
sin	4.000804	4.333716	4.4532585
necessity	5.046267	4.3603563	5.234194
lose	5.3714924	4.151135	5.421577
private	5.1556997	4.1415644	5.4561057
gentleman	6.0656724	4.138489	5.8576007
daughter	6.0872445	4.094505	5.708815
drive	4.708947	4.577448	4.9395785
strange	5.2544603	4.416032	5.040407
journey	6.046505	3.7483406	5.668311
uncle	5.7040553	4.170205	5.4637375
species	5.645921	4.0479856	5.314892
think	5.577827	4.1967254	5.634527
bed	5.534058	3.6618202	5.4453096
wind	5.232655	4.148522	5.1147866
bless	6.274477	3.8775654	5.9478436
destroy	4.131776	4.514848	4.612061
author	6.0314097	4.2636065	5.726896
sustain	5.467388	4.0378876	5.489036
black	4.763815	3.8841581	4.9955254
event	5.5276294	4.3038464	5.365231
liberty	5.8126335	4.229885	5.6974306
negro	5.2673025	4.272033	5.19785
little	5.949013	3.833239	5.7364907
fortune	6.0011835	4.5049167	5.67254
touch	5.756919	4.09017	5.583752
kill	4.2111235	4.8532495	4.682031
feature	5.6911597	4.1487813	5.730423
happiness	6.5976357	4.339173	6.079325
assume	5.125847	3.9789586	5.4849715
notion	5.0643272	4.2694874	5.0490637
purchase	5.602831	3.9766695	5.780478
faithful	5.8331747	4.083176	5.919348
soldier	5.0740404	4.430859	5.4275146
father	5.6929593	3.9794707	5.4697833
narrow	4.3956914	3.5014913	4.7864857
great	5.8635564	4.160168	5.799409
tear	4.677412	4.1100593	4.8009477
honorable	5.261133	4.3265843	5.4735518
previous	5.2821283	3.9193978	5.2837105
good	6.0187984	4.059471	6.015065
domestic	5.644806	3.8572645	5.717176
glory	6.6339345	4.4596233	6.0390697
lay	5.4719605	3.6050897	5.59676
occasion	5.544481	4.3475766	5.5136256
guard	4.86763	4.30463	5.5894628
whole	5.782668	3.8342357	5.6303515
mouth	5.0788565	4.124276	5.155315
receive	5.949244	4.0722213	5.9001884
take	5.511772	3.8493164	5.6450014
simple	6.4198217	3.859545	5.9491935
error	4.172079	4.3994823	4.665209
wisdom	6.6572747	3.7329733	6.2584233
rock	5.673619	4.087593	5.3728685
decide	5.277209	4.1795382	5.647465
exclaim	5.5889015	4.5501223	5.7922716
assure	6.0496798	4.2733135	5.8811636
sign	5.2918324	4.0671167	5.8197446
preserve	5.968924	3.7228081	5.8948035
commerce	5.780697	3.8357344	5.7531056
plant	5.5803337	3.8027577	5.5469565
walk	5.7909155	3.7216625	5.8098283
difference	5.1934166	3.8067374	5.4310603
hang	4.855944	4.038236	4.9903
following	6.0879025	3.8015854	5.8370767
employ	5.701542	3.823923	5.9328814
