deal	4.9582977	4.1163645	5.42383
study	6.2530556	4.0030103	6.177881
afford	6.2770286	4.029983	6.0447493
service	5.7734127	4.0153785	5.953093
height	5.7308626	3.9823506	5.5916185
prospect	6.3733687	4.343761	5.767832
pleasant	6.867404	3.4809651	6.239437
shade	5.6586313	3.5788012	5.756308
listen	5.5123653	3.9192972	5.64352
mighty	5.5590878	4.43587	5.3569202
country	5.729411	4.153226	5.5815578
title	5.9701414	3.9405196	5.7733803
choose	5.526539	3.727095	5.7667146
village	5.6735406	3.9053009	5.2933884
acquire	6.16864	4.026693	6.3389
rank	5.2600017	4.496772	5.4233527
bow	5.7118473	3.4237447	5.8508797
doctor	4.9404764	3.7905426	5.20125
talent	6.3839216	4.633322	6.416567
source	5.977827	4.061413	5.713036
lead	5.201912	4.2553205	5.4966636
question	5.0702133	4.1817474	5.4151816
publish	5.8655376	3.998407	5.6548758
interest	5.860182	4.2612185	5.889995
serve	5.538092	3.8103528	5.9290056
divine	5.955682	4.2325044	5.4316354
put	5.214985	3.8273458	5.4587255
shadow	5.238493	3.7218738	5.3044205
practical	5.972778	3.949156	6.0833945
surface	5.7052693	3.3953688	5.565261
account	5.416037	4.292319	5.4165044
loss	4.7780285	4.3143544	4.8799834
indian	5.3341694	4.1285005	5.1403213
vine	5.8085938	3.6295466	5.4006014
certain	5.4134293	4.142459	5.5160303
sin	3.9664323	4.359941	4.3943725
necessity	5.033957	4.33569	5.234216
lose	5.367862	4.1649117	5.4083014
private	5.0977435	4.083444	5.425358
gentleman	6.032525	4.108729	5.8169384
daughter	6.0876145	4.056857	5.6935983
drive	4.7209415	4.550346	4.9587135
strange	5.23636	4.344041	5.0435357
journey	6.075458	3.7499423	5.65211
uncle	5.7495327	4.228427	5.4623933
species	5.710721	4.1335983	5.2817235
think	5.5691056	4.175265	5.6089473
bed	5.556703	3.6887505	5.489052
wind	5.2076225	4.1490474	5.1477175
bless	6.2772317	3.8200688	5.9796357
destroy	4.140888	4.580022	4.6472406
author	5.9875116	4.2625666	5.7220335
sustain	5.475397	4.0376415	5.4829063
black	4.773441	3.94073	4.9630313
event	5.478184	4.292889	5.3394933
liberty	5.827953	4.273697	5.7568884
negro	5.2471633	4.3318534	5.1310835
little	5.9188437	3.845561	5.729772
fortune	5.961811	4.5338244	5.639348
touch	5.7663164	4.0878572	5.578217
kill	4.2169385	4.8926096	4.6332483
feature	5.7045965	4.0435634	5.7348566
happiness	6.548419	4.318621	6.1075535
assume	5.1058254	3.9905822	5.4763484
notion	5.0420303	4.2287946	5.0692124
purchase	5.579021	4.0057344	5.7186
faithful	5.8221555	4.0335383	5.928296
soldier	5.043776	4.4069858	5.4081
father	5.6369557	3.9541876	5.4793
narrow	4.41565	3.4966018	4.7616644
great	5.844474	4.1896534	5.77728
tear	4.5932384	4.1054673	4.7595644
honorable	5.2201457	4.320366	5.4459267
previous	5.2345457	3.8932323	5.292373
good	6.0007243	4.0561724	6.0011296
domestic	5.6635046	3.8653402	5.739073
glory	6.611479	4.466608	6.0287986
lay	5.5027003	3.5846817	5.651085
occasion	5.533081	4.3543487	5.5417504
guard	4.892401	4.3169236	5.5648603
whole	5.742441	3.8316913	5.6249065
mouth	5.1504254	4.0599732	5.1854887
receive	5.9717507	4.0664744	5.893325
take	5.497643	3.8342545	5.6370997
simple	6.428225	3.8955984	5.956586
error	4.0909324	4.361715	4.6439295
wisdom	6.6180544	3.7471452	6.202245
rock	5.7366147	4.044919	5.392625
decide	5.287776	4.11832	5.6514425
exclaim	5.5813584	4.5366	5.767211
assure	6.0456505	4.291367	5.8852944
sign	5.253417	4.1427917	5.8062215
preserve	5.9760923	3.714778	5.9134865
commerce	5.76952	3.8730743	5.7230315
plant	5.546316	3.788388	5.522958
walk	5.768469	3.766008	5.7948823
difference	5.1644635	3.7768106	5.4101725
hang	4.807943	4.077791	4.991193
following	6.0995584	3.7865174	5.884642
employ	5.7299914	3.8269482	5.9863586
