deal	4.8916397	4.2227273	5.414971
study	6.19564	4.002239	6.1141434
afford	6.2871556	3.9709463	6.028046
service	5.7481804	4.0121984	5.934733
height	5.675704	3.8748298	5.5713468
prospect	6.3642645	4.3278227	5.695865
pleasant	6.8238764	3.5085535	6.2071204
shade	5.6431627	3.529871	5.768178
listen	5.5049844	3.9562027	5.6509533
mighty	5.5332327	4.437689	5.3706756
country	5.728803	4.151815	5.555067
title	5.9676747	3.9211748	5.7485776
choose	5.48085	3.6696591	5.75799
village	5.7110305	3.847184	5.322614
acquire	6.2005897	3.9496243	6.396674
rank	5.3479414	4.4492207	5.4683557
bow	5.7017136	3.4227662	5.8265786
doctor	4.945774	3.787854	5.228092
talent	6.4365573	4.5304317	6.4590664
source	5.997598	4.055989	5.7526073
lead	5.2447095	4.2475452	5.5266447
question	5.0740514	4.2239914	5.405807
publish	5.8227487	4.0563564	5.613522
interest	5.8994155	4.26283	5.8539147
serve	5.476437	3.8103764	5.8774347
divine	5.9344034	4.2811966	5.3935575
put	5.2023277	3.8132565	5.451361
shadow	5.237587	3.6713455	5.2825394
practical	6.041268	3.896741	6.130685
surface	5.6684017	3.3842962	5.5360556
account	5.414188	4.2821913	5.4094577
loss	4.750383	4.4184175	4.8508224
indian	5.322827	4.1145754	5.160285
vine	5.866472	3.63538	5.4452252
certain	5.4361873	4.1101665	5.517274
sin	4.017688	4.342804	4.4320164
necessity	5.1207066	4.324601	5.2431054
lose	5.3472757	4.1493893	5.4130645
private	5.0775094	4.117009	5.401374
gentleman	5.99892	4.12617	5.8286495
daughter	6.0765653	4.0711126	5.677207
drive	4.709177	4.5496507	4.9671326
strange	5.2608433	4.3604364	5.0576773
journey	5.9276385	3.7670069	5.604002
uncle	5.657276	4.236801	5.400701
species	5.6531067	4.0625744	5.273296
think	5.542293	4.18231	5.585585
bed	5.443443	3.7013938	5.4274583
wind	5.146389	4.1526337	5.1218386
bless	6.267624	3.8863845	5.9475737
destroy	4.1009493	4.5424957	4.6189203
author	5.9364204	4.2949095	5.686777
sustain	5.458837	4.045655	5.4951277
black	4.745427	3.9175255	4.962626
event	5.4898596	4.3254128	5.32799
liberty	5.831985	4.316836	5.695106
negro	5.227429	4.2556257	5.1368484
little	5.9124217	3.8265767	5.7114706
fortune	5.9608803	4.5321198	5.6290464
touch	5.6601057	4.096607	5.548023
kill	4.1674814	4.8677244	4.6536345
feature	5.703608	4.1478796	5.762778
happiness	6.54985	4.382617	6.060375
assume	5.13317	3.9841	5.48085
notion	5.032069	4.2300773	5.0128756
purchase	5.5773687	4.016835	5.739216
faithful	5.8213263	4.0097833	5.907384
soldier	5.0629377	4.4171944	5.417165
father	5.6258	3.983429	5.46389
narrow	4.3539166	3.4476676	4.775157
great	5.854333	4.1655703	5.794347
tear	4.6513844	4.137594	4.7587204
honorable	5.189129	4.30959	5.41261
previous	5.261146	3.8806663	5.271942
good	5.9860497	4.0631347	5.99694
domestic	5.589876	3.8623505	5.6948404
glory	6.6188345	4.417428	6.0361876
lay	5.4210978	3.5803523	5.57657
occasion	5.5777984	4.3134413	5.5437856
guard	4.830991	4.2916737	5.5647044
whole	5.7430353	3.8176441	5.602284
mouth	5.0664816	4.151233	5.189303
receive	5.931644	4.0581937	5.8990016
take	5.47387	3.8117528	5.618752
simple	6.4471188	3.829822	5.966182
error	4.116728	4.387971	4.6699677
wisdom	6.6300654	3.7685363	6.237173
rock	5.6315393	4.0630217	5.3983254
decide	5.2180796	4.1951413	5.5900536
exclaim	5.6305227	4.510347	5.814067
assure	6.0497146	4.3066673	5.8331842
sign	5.271765	4.0966253	5.8050666
preserve	6.002768	3.7197235	5.8874497
commerce	5.786974	3.8411129	5.7025476
plant	5.5123878	3.7958949	5.517314
walk	5.7468014	3.7389789	5.7986984
difference	5.1487975	3.8456078	5.3858953
hang	4.7786317	4.048163	4.9753647
following	6.1179886	3.7764444	5.8600698
employ	5.682677	3.8038833	5.9373813
