deal	4.961402	4.2101946	5.4360576
study	6.233091	3.942344	6.18732
afford	6.2366734	4.00407	5.994304
service	5.762839	3.9850397	5.939382
height	5.7588964	3.920613	5.593407
prospect	6.3672924	4.303993	5.763217
pleasant	6.901731	3.5232525	6.212894
shade	5.6543326	3.5077953	5.7381005
listen	5.5438776	3.9055438	5.636273
mighty	5.511398	4.443861	5.399003
country	5.754555	4.1437387	5.5692325
title	5.967283	3.9283888	5.7697196
choose	5.546649	3.6847496	5.789665
village	5.6878147	3.8034494	5.2753935
acquire	6.1538687	3.9945288	6.336988
rank	5.3384094	4.421509	5.4514394
bow	5.789898	3.3783953	5.859377
doctor	4.9437027	3.7787724	5.186833
talent	6.454285	4.510494	6.4694643
source	5.991901	4.0394907	5.745227
lead	5.228699	4.26536	5.5254517
question	5.0745573	4.1953206	5.45938
publish	5.8124876	4.0148783	5.577104
interest	5.8994107	4.2877507	5.8972845
serve	5.526049	3.8145528	5.920754
divine	5.8899126	4.3096156	5.3718557
put	5.237601	3.7679675	5.4703074
shadow	5.214553	3.6555972	5.290043
practical	5.950557	3.8985503	6.1240883
surface	5.6664786	3.3596911	5.5607862
account	5.434961	4.295316	5.416973
loss	4.733867	4.350528	4.8733516
indian	5.340427	4.1267495	5.1428976
vine	5.788995	3.7675717	5.3446155
certain	5.4297523	4.143951	5.5175486
sin	4.02555	4.3386297	4.466864
necessity	5.047437	4.27745	5.234176
lose	5.393808	4.148629	5.432369
private	5.126966	4.1346316	5.449123
gentleman	6.029968	4.0936217	5.8363943
daughter	6.1289573	4.074155	5.698245
drive	4.7544966	4.517896	4.9946327
strange	5.2999353	4.3738685	5.0458655
journey	6.031955	3.7721987	5.6797376
uncle	5.727546	4.2019496	5.4284883
species	5.6543493	4.0718784	5.3291993
think	5.609992	4.1828127	5.644051
bed	5.5094614	3.681992	5.405228
wind	5.1976395	4.1444483	5.142329
bless	6.2590685	3.8761687	5.966224
destroy	4.158961	4.5443983	4.6522417
author	5.986028	4.28717	5.7024117
sustain	5.3897486	4.017902	5.4671164
black	4.7966547	3.868222	4.994961
event	5.473249	4.3197646	5.323417
liberty	5.7799935	4.2869816	5.6949186
negro	5.318095	4.1917987	5.1394444
little	5.9446993	3.8143327	5.7463613
fortune	5.975729	4.5309854	5.6568723
touch	5.7701254	4.0471673	5.6117034
kill	4.2536077	4.8748674	4.689289
feature	5.6829133	4.079715	5.6826987
happiness	6.6079206	4.33261	6.104821
assume	5.1709146	3.9563155	5.4321694
notion	5.0575256	4.2819853	5.032035
purchase	5.559265	3.958096	5.7368736
faithful	5.8832817	4.043078	5.942873
soldier	5.037479	4.397662	5.370311
father	5.7047033	3.9874058	5.50039
narrow	4.4816513	3.4797163	4.8469687
great	5.837502	4.146752	5.8011804
tear	4.698898	4.0951166	4.8042917
honorable	5.189545	4.2840323	5.42816
previous	5.32565	3.866861	5.3124924
good	6.022371	4.04891	6.021081
domestic	5.6988606	3.8352768	5.756954
glory	6.6392903	4.4196777	6.061431
lay	5.4945884	3.5541995	5.6111784
occasion	5.5311885	4.3334374	5.5057254
guard	4.805366	4.267318	5.518539
whole	5.740574	3.8168762	5.631445
mouth	5.0986204	4.100162	5.1795945
receive	5.955745	4.0440383	5.8889
take	5.51584	3.8012114	5.6458254
simple	6.4414873	3.846602	5.965909
error	4.1802044	4.3649364	4.6943746
wisdom	6.6246166	3.7229834	6.2952447
rock	5.641074	4.036254	5.367227
decide	5.286964	4.121554	5.6562166
exclaim	5.6657686	4.5119147	5.828692
assure	6.100394	4.2411113	5.888664
sign	5.2893844	4.076419	5.8300557
preserve	5.963067	3.742704	5.875022
commerce	5.796927	3.849014	5.7523813
plant	5.5508757	3.813557	5.4577565
walk	5.817809	3.7043746	5.8346033
difference	5.189902	3.7684555	5.412155
hang	4.842415	4.039317	5.0042796
following	6.1006904	3.8186278	5.86254
employ	5.698875	3.7960086	5.924331
