deal	4.929563	4.2262607	5.387668
study	6.2877064	3.980947	6.173125
afford	6.207614	3.9955602	5.99502
service	5.78273	4.011701	5.9495916
height	5.722109	3.9080133	5.5598297
prospect	6.385016	4.298616	5.736625
pleasant	6.886814	3.4754279	6.23338
shade	5.652919	3.5769835	5.760259
listen	5.5183935	3.8817022	5.6539907
mighty	5.499208	4.43908	5.351832
country	5.7404222	4.153226	5.562433
title	5.9477224	3.9481645	5.712544
choose	5.52523	3.6853416	5.782492
village	5.6755643	3.8072336	5.321582
acquire	6.1480856	3.982011	6.358952
rank	5.271478	4.4839063	5.4104013
bow	5.721862	3.4570134	5.8249984
doctor	4.958746	3.7876842	5.244288
talent	6.4213424	4.5851116	6.4218097
source	5.877277	4.058143	5.6466413
lead	5.2540436	4.2586565	5.499153
question	5.052155	4.2013364	5.3967977
publish	5.8194246	4.018281	5.6010437
interest	5.919802	4.255277	5.880426
serve	5.5703125	3.8329306	5.9494243
divine	5.942381	4.288499	5.3971267
put	5.2084165	3.816116	5.464653
shadow	5.226766	3.6557846	5.3091874
practical	5.9655733	3.9035616	6.093659
surface	5.6491175	3.4100528	5.517864
account	5.45889	4.2582946	5.4209957
loss	4.8197994	4.308067	4.9158916
indian	5.341065	4.15199	5.1524706
vine	5.826183	3.68302	5.406909
certain	5.4167604	4.1158133	5.501425
sin	4.047872	4.3357987	4.424706
necessity	5.015813	4.3162546	5.2210746
lose	5.3784842	4.1348953	5.3987675
private	5.163233	4.069277	5.440712
gentleman	6.0515823	4.113388	5.82925
daughter	6.0866857	4.087609	5.6981163
drive	4.7487926	4.490282	4.984233
strange	5.22476	4.353496	5.027024
journey	6.0125113	3.6992517	5.6563206
uncle	5.786344	4.163158	5.496712
species	5.625642	4.1133084	5.2356653
think	5.596174	4.1750035	5.630184
bed	5.4929423	3.6950204	5.448126
wind	5.2000666	4.184092	5.1022267
bless	6.350463	3.8847728	6.0225935
destroy	4.069499	4.512183	4.6528563
author	6.0153217	4.2631545	5.7335153
sustain	5.4621363	3.9958427	5.473528
black	4.8304367	3.8968062	5.012496
event	5.4691634	4.287052	5.331368
liberty	5.790786	4.3062177	5.7194986
negro	5.267441	4.2684245	5.1217675
little	5.9202	3.8382325	5.727275
fortune	5.9338665	4.5422873	5.6061788
touch	5.7628913	4.065043	5.5848556
kill	4.2400846	4.8529572	4.6776114
feature	5.7109766	4.0786333	5.7191467
happiness	6.5729966	4.319746	6.1090727
assume	5.189585	3.9505103	5.47763
notion	5.00945	4.259832	5.0240126
purchase	5.589992	3.9675994	5.7657185
faithful	5.8413258	4.0221915	5.9102755
soldier	5.0314875	4.4477177	5.3747377
father	5.7100267	3.9637196	5.501891
narrow	4.3966503	3.42933	4.7910795
great	5.839116	4.1508574	5.793579
tear	4.697931	4.0877748	4.8089685
honorable	5.1789017	4.2843933	5.421581
previous	5.3413606	3.8770683	5.2899384
good	6.0044107	4.064045	6.005397
domestic	5.690542	3.861751	5.7409286
glory	6.6291714	4.501577	6.0490522
lay	5.4807215	3.5988529	5.598724
occasion	5.5447617	4.3762207	5.5120153
guard	4.8232093	4.291747	5.531951
whole	5.7658844	3.82137	5.62933
mouth	5.073332	4.1193414	5.1643815
receive	5.9559245	4.038075	5.8959465
take	5.5150075	3.828357	5.6533
simple	6.436316	3.8694198	5.951992
error	4.1710796	4.3937855	4.6700654
wisdom	6.6412206	3.7722952	6.273304
rock	5.6904693	4.072828	5.377928
decide	5.2599072	4.163851	5.6248507
exclaim	5.634801	4.554748	5.792223
assure	6.125548	4.239827	5.9146705
sign	5.233244	4.101395	5.8065133
preserve	5.9611526	3.71213	5.905173
commerce	5.7889824	3.8276248	5.754488
plant	5.4786725	3.8629878	5.4534335
walk	5.7852798	3.719568	5.7697334
difference	5.195	3.8428056	5.370199
hang	4.8984175	4.0744586	5.0284553
following	6.1021633	3.8194966	5.867082
employ	5.6786427	3.8084922	5.9527144
