deal	4.842227	4.2052717	5.4229794
study	6.258462	4.004713	6.1487556
afford	6.2212276	4.038577	6.022523
service	5.8007817	3.9757771	5.979788
height	5.6963925	3.9569798	5.5647564
prospect	6.333827	4.3388805	5.735204
pleasant	6.8389583	3.4816825	6.220067
shade	5.6865697	3.4967244	5.7501307
listen	5.4457226	3.9389584	5.638035
mighty	5.517005	4.4593086	5.385306
country	5.7459598	4.154341	5.5860386
title	6.0011516	3.8838778	5.764807
choose	5.517521	3.706478	5.7762103
village	5.6858926	3.8145971	5.3188143
acquire	6.1883316	4.049069	6.348246
rank	5.3797894	4.448262	5.4933496
bow	5.7452474	3.3828816	5.83361
doctor	4.956994	3.8032012	5.2146254
talent	6.44858	4.5423865	6.4700828
source	5.865078	4.068392	5.656847
lead	5.207824	4.2356267	5.490037
question	5.0528593	4.224251	5.4327683
publish	5.8040276	4.0670576	5.6105976
interest	5.872119	4.278195	5.8727365
serve	5.5565605	3.8181875	5.9256415
divine	5.9042883	4.2858725	5.3585553
put	5.2284474	3.8219812	5.4786425
shadow	5.231433	3.619473	5.2369633
practical	6.064368	3.9033618	6.1239777
surface	5.6804075	3.4396894	5.591125
account	5.4209657	4.265997	5.4139314
loss	4.759603	4.4083824	4.908057
indian	5.3360868	4.059743	5.132417
vine	5.758175	3.7774076	5.406112
certain	5.43063	4.1360908	5.5244684
sin	4.0384665	4.2785435	4.3961806
necessity	5.058479	4.3276887	5.2326117
lose	5.392542	4.155277	5.417156
private	5.075954	4.1508355	5.4136662
gentleman	6.0580077	4.078823	5.855695
daughter	6.134245	4.037832	5.7007713
drive	4.7035317	4.516636	4.9545374
strange	5.2239914	4.3676877	5.0420637
journey	6.0351143	3.7662246	5.6374683
uncle	5.8457355	4.1379704	5.4660864
species	5.627408	4.0625367	5.2359004
think	5.5479383	4.181503	5.617447
bed	5.520967	3.7025726	5.4829383
wind	5.1600122	4.1457367	5.0939207
bless	6.3094864	3.8742597	6.0107884
destroy	4.0964746	4.563037	4.6304073
author	5.987859	4.284401	5.717444
sustain	5.4503007	4.083486	5.4746523
black	4.803139	3.8817387	5.012951
event	5.4879007	4.29205	5.3028574
liberty	5.8266964	4.266002	5.736799
negro	5.3080835	4.2252536	5.1650476
little	5.9116015	3.8150535	5.7411814
fortune	6.001426	4.4877357	5.658351
touch	5.7611456	4.0806	5.578481
kill	4.185869	4.8957324	4.6369057
feature	5.6791024	4.087566	5.7330384
happiness	6.5870047	4.3260283	6.082135
assume	5.1508007	3.9591086	5.4770627
notion	5.0892377	4.2841754	5.0565987
purchase	5.589117	3.9823442	5.771446
faithful	5.810406	4.0385537	5.8584247
soldier	5.0758324	4.418486	5.3952346
father	5.6951227	3.942579	5.508132
narrow	4.462265	3.4503667	4.830531
great	5.8622336	4.181282	5.797604
tear	4.6807203	4.099984	4.8472624
honorable	5.2057757	4.300295	5.4366283
previous	5.2980876	3.9284794	5.317569
good	5.997817	4.0554256	6.0033107
domestic	5.6874247	3.8650424	5.72362
glory	6.6355004	4.4520197	6.0340166
lay	5.461034	3.5597284	5.5903063
occasion	5.51082	4.3377514	5.5033584
guard	4.900134	4.2993617	5.5725136
whole	5.747467	3.8402336	5.63318
mouth	5.0131245	4.082952	5.149269
receive	5.9686084	4.083415	5.890327
take	5.519544	3.8296378	5.636344
simple	6.420235	3.9129624	5.92333
error	4.221419	4.335475	4.685025
wisdom	6.5755153	3.712556	6.1985407
rock	5.7075634	4.094095	5.388947
decide	5.308011	4.200995	5.677775
exclaim	5.6328416	4.5034957	5.800952
assure	6.065044	4.2501693	5.8897
sign	5.292944	4.145108	5.8191333
preserve	5.9288564	3.7505374	5.8508286
commerce	5.7456613	3.8315916	5.7128925
plant	5.502887	3.8253589	5.503496
walk	5.805002	3.7477877	5.815477
difference	5.2011957	3.808112	5.401183
hang	4.818491	4.0606318	5.0141187
following	6.0955358	3.7837436	5.8487296
employ	5.6857777	3.8702838	5.9388385
