deal	4.8700485	4.2495313	5.3845906
study	6.236101	3.9806771	6.174861
afford	6.24533	4.022724	5.987288
service	5.7915096	4.0157413	5.943318
height	5.7155294	3.9717436	5.542198
prospect	6.387998	4.3222365	5.6960354
pleasant	6.8330426	3.5447369	6.224878
shade	5.6207724	3.4988558	5.7707887
listen	5.539341	3.8751051	5.669938
mighty	5.557125	4.3666735	5.3718796
country	5.746598	4.1412964	5.5873632
title	5.967921	4.009684	5.765513
choose	5.5253	3.7638001	5.7657504
village	5.67331	3.8529215	5.3341303
acquire	6.178589	4.0041113	6.4201417
rank	5.328352	4.497771	5.4739995
bow	5.731089	3.3880966	5.8047547
doctor	4.909071	3.75543	5.166495
talent	6.451226	4.611663	6.445661
source	5.9945045	4.028415	5.7405133
lead	5.2055	4.2586384	5.5330524
question	5.0429897	4.216183	5.3939233
publish	5.816078	4.0734577	5.6100273
interest	5.896489	4.2645407	5.896191
serve	5.586797	3.8565164	5.952045
divine	5.908015	4.2302837	5.4083457
put	5.218953	3.7816718	5.460277
shadow	5.1760693	3.6523304	5.2438593
practical	5.9785266	3.939292	6.1348715
surface	5.679768	3.3781967	5.564933
account	5.425359	4.2616234	5.416854
loss	4.741034	4.3209977	4.8571343
indian	5.3435874	4.158818	5.1580386
vine	5.8540297	3.738169	5.4699736
certain	5.447743	4.1109414	5.514876
sin	3.964035	4.305353	4.415082
necessity	5.0781746	4.3327017	5.2047186
lose	5.3485937	4.154922	5.389084
private	5.083081	4.0975375	5.4183493
gentleman	6.0665693	4.1171126	5.895863
daughter	6.0889797	4.076384	5.699531
drive	4.771266	4.5382414	5.024769
strange	5.227027	4.37971	5.0220222
journey	6.0339227	3.7091079	5.6702604
uncle	5.7607117	4.214503	5.41906
species	5.6820693	4.0335307	5.2541475
think	5.5900254	4.1785855	5.6336536
bed	5.4879107	3.6349335	5.4465218
wind	5.202072	4.1298547	5.0994844
bless	6.2452865	3.8721037	5.9617476
destroy	4.15895	4.555517	4.6431837
author	6.0029564	4.250937	5.713457
sustain	5.44551	4.0049973	5.442475
black	4.7393184	3.9331594	5.0031576
event	5.510507	4.3054633	5.336526
liberty	5.760007	4.2827053	5.6734366
negro	5.3782325	4.212703	5.241053
little	5.9448004	3.8439915	5.7464643
fortune	5.92038	4.5485916	5.6137314
touch	5.7585545	4.0804334	5.5983524
kill	4.2543683	4.8353844	4.7320504
feature	5.6737685	4.095996	5.7274895
happiness	6.5973363	4.3646994	6.107094
assume	5.1079087	3.93312	5.4597306
notion	5.1154428	4.2713656	5.0916667
purchase	5.6132503	3.9675741	5.7590294
faithful	5.747121	4.0509577	5.853246
soldier	5.059156	4.411734	5.3909936
father	5.6597853	3.9462347	5.4751525
narrow	4.483079	3.5136664	4.747053
great	5.8542714	4.159986	5.793531
tear	4.6873317	4.0850716	4.8102403
honorable	5.218834	4.306023	5.4443493
previous	5.2976394	3.9047546	5.302349
good	6.013209	4.045676	5.9932437
domestic	5.662397	3.9085891	5.735243
glory	6.599586	4.421714	6.050616
lay	5.485003	3.5456555	5.608093
occasion	5.537562	4.3594494	5.51754
guard	4.7910767	4.3102164	5.525609
whole	5.7482767	3.8348222	5.635922
mouth	5.060682	4.1046257	5.184282
receive	5.940325	4.02382	5.8998394
take	5.477148	3.833735	5.615637
simple	6.4117703	3.831355	5.9382453
error	4.1744995	4.3804884	4.6941915
wisdom	6.5796747	3.7408347	6.2549205
rock	5.626328	4.080187	5.357293
decide	5.2722726	4.1804357	5.647974
exclaim	5.6513186	4.5681715	5.7911167
assure	6.105162	4.255531	5.924365
sign	5.3327403	4.094502	5.806311
preserve	5.940589	3.7759295	5.8940635
commerce	5.8234572	3.8856103	5.744805
plant	5.5162115	3.8319085	5.4807296
walk	5.812428	3.7316406	5.8169727
difference	5.21115	3.8109622	5.4127426
hang	4.8543987	4.0754848	4.9885983
following	6.081296	3.7993128	5.8574104
employ	5.712343	3.7893722	5.9480205
