deal	4.9207454	4.2017117	5.418895
study	6.2853436	3.9790037	6.216624
afford	6.2441955	4.019446	6.001738
service	5.7803297	3.9931848	5.960949
height	5.7343287	3.941185	5.594856
prospect	6.352917	4.3567286	5.7202516
pleasant	6.8383846	3.5272825	6.2122865
shade	5.6899467	3.5368128	5.7644844
listen	5.547818	3.8778522	5.67732
mighty	5.507234	4.490199	5.3595505
country	5.7679405	4.1521654	5.607694
title	5.9361396	3.9533238	5.7374077
choose	5.511445	3.6363926	5.764943
village	5.70098	3.8164375	5.3303285
acquire	6.191293	4.0125628	6.3691864
rank	5.3040366	4.425057	5.4621305
bow	5.6992826	3.4262424	5.8135085
doctor	4.935002	3.7916992	5.2324257
talent	6.4115663	4.5480137	6.434902
source	5.9311137	4.066434	5.657558
lead	5.2300997	4.2295823	5.5209227
question	5.042547	4.2171454	5.3956776
publish	5.8188686	4.0349603	5.6461234
interest	5.9587007	4.3113947	5.9185185
serve	5.5724745	3.8187191	5.9374285
divine	5.9520025	4.250473	5.4286127
put	5.2068954	3.8033206	5.4524803
shadow	5.22967	3.701035	5.2840724
practical	6.014235	3.8968627	6.125579
surface	5.72043	3.410706	5.583902
account	5.4214497	4.2811666	5.4105535
loss	4.7681108	4.3793516	4.8903985
indian	5.3898697	4.10076	5.138302
vine	5.822188	3.6925619	5.3701386
certain	5.4381127	4.1247606	5.5065565
sin	4.066657	4.3132625	4.4948874
necessity	5.0401607	4.378632	5.222675
lose	5.3485694	4.160361	5.3855114
private	5.1455603	4.1097836	5.4356947
gentleman	6.0197515	4.138571	5.8417315
daughter	6.1133237	4.064144	5.6902785
drive	4.751078	4.528968	4.9816775
strange	5.219537	4.411516	5.0186634
journey	6.048589	3.7497458	5.6941524
uncle	5.692737	4.1328344	5.4198246
species	5.6850433	4.0670137	5.2911816
think	5.575779	4.17882	5.6173296
bed	5.449752	3.6959233	5.405899
wind	5.1497016	4.217903	5.102685
bless	6.2926188	3.8376324	5.9936023
destroy	4.112086	4.5593004	4.598879
author	5.992544	4.230872	5.6995397
sustain	5.493214	3.989137	5.496805
black	4.7417336	3.8985112	4.949332
event	5.539597	4.3127265	5.353015
liberty	5.829046	4.268251	5.7342706
negro	5.30627	4.2990704	5.117651
little	5.929304	3.8423276	5.7255936
fortune	5.9408436	4.508024	5.641308
touch	5.735253	4.0977435	5.5667777
kill	4.242641	4.898574	4.65397
feature	5.747594	4.0901213	5.7500577
happiness	6.6492176	4.354954	6.1294813
assume	5.178185	3.965626	5.484197
notion	5.0735016	4.261978	5.051181
purchase	5.6225176	3.9623923	5.7909513
faithful	5.8296905	4.0821414	5.9201765
soldier	5.0242867	4.429908	5.3736553
father	5.685994	3.9432003	5.4803286
narrow	4.3810987	3.4208558	4.8177633
great	5.8723726	4.1581926	5.8067045
tear	4.6818857	4.0739417	4.8053865
honorable	5.295393	4.290711	5.4735675
previous	5.3542366	3.8679776	5.3330555
good	6.019886	4.058128	6.019409
domestic	5.766008	3.9048045	5.76545
glory	6.6711984	4.425642	6.108165
lay	5.450525	3.5774293	5.6063266
occasion	5.533419	4.33531	5.528483
guard	4.851235	4.3092017	5.553218
whole	5.753565	3.8299792	5.639196
mouth	5.057008	4.136678	5.168928
receive	5.9503393	4.0732737	5.879973
take	5.491993	3.8301396	5.6234217
simple	6.42852	3.8172247	5.909839
error	4.1487722	4.3474727	4.649184
wisdom	6.6701107	3.720021	6.253103
rock	5.668768	4.046488	5.3874063
decide	5.3259654	4.1569085	5.6355295
exclaim	5.6683435	4.5134144	5.836032
assure	6.1338124	4.2880583	5.8856106
sign	5.260301	4.110918	5.795059
preserve	5.9990273	3.7554371	5.8919826
commerce	5.823421	3.8621101	5.769492
plant	5.4653025	3.7952116	5.407972
walk	5.782039	3.7306776	5.815683
difference	5.2232704	3.8194094	5.4072914
hang	4.820935	4.029998	5.011519
following	6.129851	3.8041847	5.8679085
employ	5.7379465	3.8291395	5.974304
