deal	5.051052	4.055447	5.4287734
study	6.007792	3.8882174	6.125382
afford	5.931074	3.6991444	6.079128
service	5.9762006	3.9953144	6.3114805
height	5.763043	4.073916	5.914719
prospect	6.594943	4.355328	5.8231254
pleasant	6.6443014	3.5844054	6.1386957
shade	5.9856167	3.4229712	6.043235
listen	5.753712	4.1055007	5.8369665
mighty	5.682713	4.446119	5.694803
country	5.5985026	4.0499916	5.547078
title	5.6667924	4.1600695	5.6861935
choose	5.2213364	3.7263632	5.83132
village	5.8947606	3.6828227	5.394019
acquire	5.867501	4.076038	6.1528645
rank	4.7885547	4.480989	5.3845983
bow	6.128745	3.5697832	6.0587153
doctor	5.1396894	3.3056235	5.610932
talent	6.3568406	4.7054396	6.3779902
source	5.9919467	4.2036967	5.6891556
lead	5.108203	4.13561	5.68183
question	5.194007	4.4411383	5.4879785
publish	5.6648135	4.527171	5.5702033
interest	6.103221	4.145852	5.997338
serve	5.529055	3.6791117	6.0118594
divine	5.876324	4.5981684	5.6331124
put	5.024093	3.96908	5.340566
shadow	5.685648	3.1620777	5.4914713
practical	5.996273	3.7420967	5.944547
surface	5.996125	3.4164536	5.8292646
account	5.3132005	4.108733	5.4499817
loss	4.990185	4.30552	5.0853057
indian	5.048364	3.9611492	5.117588
vine	5.367913	4.2956214	4.893411
certain	5.420141	4.166304	5.429187
sin	3.822753	4.2701483	4.3069124
necessity	4.8321958	4.3947725	5.1072826
lose	5.428831	4.038884	5.553843
private	5.2027082	4.143312	5.623712
gentleman	5.785002	4.197483	5.7733274
daughter	6.157508	3.7628403	5.723384
drive	4.6362834	4.490554	4.9422555
strange	5.127047	4.3322854	5.059707
journey	6.210248	3.818814	5.9062047
uncle	5.5341673	4.504933	5.250544
species	5.21592	3.9894779	4.997793
think	5.3650217	4.2985325	5.547177
bed	5.790944	3.4984837	5.5632772
wind	5.038645	4.059934	5.13967
bless	6.1095233	3.9903085	5.928758
destroy	4.4472165	4.231266	4.75019
author	5.6674166	4.422325	5.5666924
sustain	5.6225824	4.12472	5.476915
black	4.5734015	3.9628007	5.143739
event	5.826714	4.401269	5.824078
liberty	5.794105	4.751668	5.685056
negro	5.0353546	4.562848	5.1465306
little	5.787155	3.8449607	5.855174
fortune	5.9272313	4.715979	5.701193
touch	5.717339	4.128685	5.50035
kill	4.1267333	5.017372	4.9040127
feature	5.54805	4.141449	5.6249366
happiness	6.783793	4.2554073	6.25625
assume	5.33361	3.7284033	5.3803086
notion	4.980368	4.4031525	5.217395
purchase	5.6671567	4.0169477	5.779848
faithful	5.4128437	3.6575007	6.0323935
soldier	5.1496873	4.288542	5.5061626
father	5.5680017	3.8040473	5.549895
narrow	4.3933167	3.2552612	5.159781
great	5.6963043	4.343913	5.783604
tear	4.90448	4.071206	4.672266
honorable	5.5770416	4.4889946	5.6699495
previous	5.15977	3.6550903	5.344658
good	5.9288993	4.0680795	6.0448704
domestic	5.6386495	3.5141726	5.998626
glory	6.9076796	4.403632	6.3824363
lay	5.5632577	3.6119013	5.599554
occasion	5.3531575	4.438359	5.524823
guard	4.5714602	4.5901327	5.544956
whole	5.713429	3.689238	5.7036924
mouth	5.1774683	4.2985387	5.4242234
receive	5.7175527	4.0789833	5.814637
take	5.50298	3.6593864	5.6893153
simple	6.2110567	3.768976	5.6408067
error	4.041034	4.0064464	4.4679785
wisdom	6.77588	3.6725354	6.2926826
rock	5.4774494	4.085272	5.3260736
decide	4.928608	4.434709	5.3857293
exclaim	4.8639445	4.60323	5.596482
assure	6.053461	4.1706004	5.912376
sign	4.876856	4.108711	5.6442676
preserve	6.0231414	3.49659	5.773389
commerce	5.9971895	3.9448144	5.930803
plant	5.19809	4.1198277	5.2206407
walk	5.701215	3.733917	5.904056
difference	5.6336594	3.830074	5.9183054
hang	4.7308407	4.028713	5.1815124
following	5.7792363	3.9036403	5.847135
employ	5.6889677	3.8162146	5.9629273
