deal	4.968835	4.1789956	5.2554398
study	6.183465	3.948557	6.1185575
afford	5.958554	3.978342	6.0284176
service	5.8847857	4.012556	6.0145216
height	6.1487565	3.7949638	5.356747
prospect	5.948303	4.154752	5.601366
pleasant	6.7880764	3.6815557	6.175957
shade	5.945455	3.4569619	5.942541
listen	5.663786	3.7630584	5.636782
mighty	5.94083	4.6656313	5.5459375
country	5.8142176	4.260942	5.550276
title	5.5901127	3.840108	5.665744
choose	5.720148	3.9299858	5.9654603
village	5.7154346	3.8204799	5.136796
acquire	6.260131	4.070938	6.8082433
rank	5.5483747	4.479976	5.245903
bow	5.974375	3.5089455	5.9166584
doctor	4.657181	3.801106	4.9444437
talent	6.702167	4.7697606	6.724903
source	5.789546	4.1547275	5.674444
lead	5.4496217	4.3014627	5.497956
question	4.8415737	4.02996	5.1349688
publish	5.393572	3.7608056	5.4031086
interest	6.0763426	4.2254815	5.8341665
serve	5.8327937	3.881947	5.893144
divine	5.9321637	4.6312265	5.3819
put	5.260753	3.6890798	5.3829346
shadow	5.3173375	3.579987	5.5139728
practical	6.393777	3.724285	6.157909
surface	5.7381773	3.0589757	5.3928413
account	5.686492	4.2375174	5.558899
loss	4.7496567	4.5396094	5.2755895
indian	5.6798477	4.274368	5.202408
vine	5.7668786	3.2976012	5.1443214
certain	5.385128	4.1675186	5.285759
sin	4.261011	4.508892	4.5835075
necessity	4.499155	4.495699	4.70475
lose	5.8286843	4.120193	5.5951595
private	4.9931645	3.923396	5.2674313
gentleman	5.9245625	4.083406	5.6347694
daughter	6.556864	3.9483187	5.7604136
drive	4.934826	4.5789123	5.0747614
strange	4.960188	4.521287	4.8659997
journey	6.248373	3.9993439	5.8994417
uncle	5.9204535	3.9480193	5.605
species	5.5093174	4.0955496	4.9916325
think	5.6617074	4.1231265	5.5730376
bed	5.144073	3.70098	5.158553
wind	5.1853065	4.049809	5.238762
bless	5.8695555	3.8441012	5.8918185
destroy	4.5695844	4.3748937	4.811209
author	5.522497	4.24303	5.5569615
sustain	5.537859	4.041076	5.744222
black	4.7373977	4.0610375	4.962296
event	5.46931	4.1677094	5.206787
liberty	5.8692403	4.283534	5.4505816
negro	5.0163836	4.333619	4.7084684
little	6.1060643	3.725605	5.7351284
fortune	5.8605633	4.4694595	5.8503585
touch	5.9275355	4.0676627	5.781172
kill	4.2860403	4.90267	4.661092
feature	5.629464	4.315676	5.636109
happiness	6.954367	4.3974	6.3806396
assume	5.0706573	3.8148031	5.4907146
notion	5.0401206	4.5647864	4.6586556
purchase	5.2907677	4.0423145	5.64602
faithful	5.437911	4.326957	5.6945157
soldier	5.271684	4.466557	5.378416
father	5.9668546	4.0749545	5.587474
narrow	4.6834297	3.6810992	4.7393885
great	6.095245	4.1427894	5.843917
tear	5.169432	4.364223	5.244819
honorable	5.415038	4.480873	5.4421177
previous	5.2329836	4.041441	4.849104
good	6.273375	4.1772184	6.100796
domestic	5.6897774	3.9942236	5.700238
glory	6.7017684	4.5110135	6.2710915
lay	5.6395907	3.78553	5.6489162
occasion	5.49905	4.211985	5.481502
guard	4.8354034	4.244175	5.316219
whole	5.8402724	3.9421518	5.511939
mouth	4.996541	4.1893864	5.3598857
receive	5.9797316	3.7968774	5.9563923
take	5.6245103	3.8152003	5.665228
simple	6.5250516	3.8861957	6.17403
error	3.855982	4.3132195	4.5077267
wisdom	7.0121346	3.7784014	6.611985
rock	5.6175413	3.959125	5.4618015
decide	5.1127996	4.0517526	5.4753275
exclaim	5.843007	4.7327724	5.686356
assure	5.945916	4.436306	5.6609144
sign	5.554935	4.438263	5.7649255
preserve	5.871897	3.7428622	5.8253317
commerce	6.0765657	3.8763487	5.672332
plant	5.3799024	3.3958235	5.4276752
walk	5.82824	3.9103975	5.703815
difference	5.3283687	4.005024	5.58586
hang	4.740278	4.146667	4.9265585
following	6.3134165	3.923899	5.728105
employ	5.411531	4.035566	5.8380003
