deal	4.6177225	4.491329	5.5311856
study	6.034034	4.063932	6.1593103
afford	5.8278027	4.152692	5.8186555
service	5.5201607	4.0152245	5.9015512
height	5.90796	4.0354075	5.6994395
prospect	6.1154156	4.616849	6.195841
pleasant	7.091901	3.3072507	6.436933
shade	5.4483423	3.255836	5.7787
listen	5.305707	4.1154895	5.425246
mighty	5.572109	4.3881326	5.2941875
country	5.8031797	4.1421294	5.713247
title	6.0750995	3.989621	6.30421
choose	5.574756	3.8600955	5.8050365
village	5.496783	3.809137	5.2842617
acquire	6.2320824	3.8012629	6.4651003
rank	5.2094502	4.4862103	5.3440356
bow	5.3375216	3.803975	5.592699
doctor	4.7145176	3.4397442	5.20177
talent	6.422755	4.4791064	6.324507
source	6.0139465	3.6965804	5.7795787
lead	5.396884	4.052309	5.549795
question	5.012658	4.313686	5.408645
publish	6.0304637	4.3356366	5.6471653
interest	5.7671986	4.351005	6.0211987
serve	5.2626834	3.7031941	5.800951
divine	5.7503014	4.0136003	5.2873497
put	5.1158457	3.7684827	5.4340706
shadow	5.190007	3.3567903	5.3792562
practical	5.9780207	3.4027243	6.0494947
surface	5.9032693	3.3938544	5.6073446
account	5.3707147	4.40888	5.449755
loss	5.127874	4.0597606	4.996712
indian	5.099345	4.130866	5.140551
vine	5.9164233	3.2031853	5.5660267
certain	5.3243484	4.2144713	5.3742
sin	3.9470706	4.3882136	4.396325
necessity	4.752531	4.4259	5.198035
lose	5.6970243	4.270457	5.6492605
private	4.769734	4.266744	5.403337
gentleman	5.9933925	4.2404985	5.917828
daughter	6.1267095	4.0932026	5.8326135
drive	4.692502	4.4175243	4.9345365
strange	5.1981273	4.529191	5.005779
journey	6.8104277	3.89875	6.1353073
uncle	6.0743327	3.8440452	5.598012
species	4.9746256	4.3273387	5.084929
think	5.7313375	4.301667	5.6929927
bed	5.719288	3.7689922	5.3065515
wind	4.96254	4.226609	5.157973
bless	5.932383	3.7176938	5.947153
destroy	4.107596	4.738651	4.68175
author	6.216228	4.2070007	5.666987
sustain	5.46444	3.9484572	5.349062
black	4.386876	3.9245148	4.7893267
event	5.7702856	4.1964684	5.5678315
liberty	5.749926	4.016436	5.860718
negro	5.3624015	4.4607563	5.5794907
little	5.94677	3.9356525	5.7418666
fortune	5.987959	4.536157	5.7926307
touch	5.5597496	4.152426	5.4173317
kill	4.2415886	4.8708415	4.5856147
feature	5.8670287	3.7088082	5.872367
happiness	6.839653	4.1949635	6.4828873
assume	5.6266904	3.9453452	5.6819572
notion	5.3012133	4.4599237	5.298473
purchase	5.8993626	4.241123	5.997993
faithful	6.0113935	3.8298395	6.139787
soldier	5.0772057	4.4204903	5.4955273
father	5.5280085	3.7903433	5.380304
narrow	4.158925	3.4462156	4.998037
great	5.801926	4.355127	5.693549
tear	4.184723	3.9986472	4.2613873
honorable	5.0421915	4.3564615	5.5864005
previous	5.2876425	4.025731	5.267068
good	6.003109	4.05629	6.0174193
domestic	5.5735807	4.0203114	5.852853
glory	6.6463075	4.329057	6.2480903
lay	5.247246	3.6874628	5.534833
occasion	5.360403	4.422513	5.381656
guard	4.7305875	3.9316633	5.6925955
whole	5.8234425	3.9228694	5.735344
mouth	5.341799	4.1981745	5.2873535
receive	6.0037127	4.263099	5.880292
take	5.2973623	3.8690722	5.55692
simple	6.1508036	3.7710016	5.7762165
error	4.3505344	4.246043	4.7212324
wisdom	6.535897	3.782236	6.021916
rock	5.742097	4.1722507	5.2638116
decide	5.2561264	3.9917128	5.4769826
exclaim	5.3396773	4.583861	5.6485343
assure	5.9894066	4.3521223	5.7409673
sign	5.4886665	3.9227903	6.0339327
preserve	5.9026747	3.7468472	5.7595506
commerce	5.709839	4.113756	5.51708
plant	5.6205397	3.759419	5.6370506
walk	5.910784	3.7541175	6.105339
difference	5.451557	3.9217513	5.5312877
hang	4.5693836	4.2496634	4.8409157
following	6.294498	3.827374	5.9313307
employ	5.876778	4.0996623	6.0491686
