deal	4.9093466	4.1571445	5.6691256
study	6.5188823	3.8079576	6.225686
afford	6.1690636	4.172727	6.0780954
service	6.0232534	3.952112	6.0666723
height	5.5104938	3.9672775	5.366915
prospect	6.460569	4.3746047	5.9588695
pleasant	6.896798	3.757419	5.9726257
shade	5.829374	3.3779984	5.8716297
listen	6.078287	3.8749623	5.7905183
mighty	5.369891	4.7486973	5.207885
country	5.6792154	4.105194	5.6067514
title	5.9728203	4.2051716	5.5422297
choose	6.046368	3.967323	6.073123
village	5.6147423	3.823638	5.45866
acquire	5.767148	3.8441668	6.1744785
rank	4.779325	4.280155	5.2625318
bow	5.490374	3.4682374	5.7453
doctor	4.9160433	3.7457857	5.4084935
talent	6.578387	4.357166	6.4577136
source	5.6980705	4.098151	5.6781
lead	5.462588	4.2183256	5.364486
question	5.311273	4.411186	5.539433
publish	6.05223	4.122391	5.7035666
interest	5.9434533	4.3470902	5.666502
serve	5.716653	3.6715956	5.9196095
divine	5.9711285	3.9927516	5.3742113
put	5.0134993	3.8867643	5.2880645
shadow	4.8973975	3.5636282	5.2074404
practical	5.625063	4.108365	5.4921765
surface	5.3847656	3.5180812	5.4169745
account	5.3336434	4.294169	5.322318
loss	4.189017	4.417389	4.432514
indian	5.6043243	4.5840416	5.26369
vine	4.986812	3.3269272	4.848393
certain	5.685125	4.411642	5.5668635
sin	4.077882	3.721167	4.223881
necessity	4.729796	4.347535	4.8699293
lose	5.0946784	4.350499	5.1079574
private	5.3891854	4.103986	5.5870104
gentleman	6.149963	3.8485618	5.9278736
daughter	6.387941	4.1661334	5.675784
drive	4.821725	4.529561	4.523535
strange	5.2530646	4.569834	4.887752
journey	5.8333797	4.0295997	5.2436714
uncle	5.80884	4.284086	5.5974603
species	5.6112947	3.7929165	5.473266
think	5.688386	4.269059	5.569455
bed	5.6883254	3.9059274	5.363733
wind	5.1795697	4.1672454	5.180867
bless	6.484038	3.815665	5.8895264
destroy	4.261139	4.595077	4.5748343
author	6.074868	4.472582	5.869884
sustain	5.131144	4.177087	5.2900577
black	5.174581	3.9329517	5.4416533
event	5.4080143	4.459523	5.0347595
liberty	5.838836	4.473853	5.9241967
negro	4.9228334	4.866993	5.1251493
little	6.047913	3.9894338	5.675066
fortune	6.245807	4.6315994	5.670621
touch	5.7205157	4.123643	5.5566235
kill	4.476131	4.7714586	4.4853597
feature	5.6434813	3.9545674	5.8009667
happiness	6.576788	4.397365	5.969851
assume	5.18695	3.7806857	5.4291267
notion	4.3760953	4.200102	4.4239864
purchase	5.609996	4.0374246	5.620061
faithful	6.515166	4.224692	6.3097677
soldier	4.59448	4.3269763	5.240534
father	5.8841386	3.9877582	5.3533792
narrow	4.5492153	3.6759167	4.8089643
great	5.894463	4.299418	5.768295
tear	4.2232933	4.397787	4.32293
honorable	5.395669	4.2328377	5.3129954
previous	5.6175904	4.3207135	5.447372
good	6.1854544	4.124107	5.980016
domestic	5.8272586	3.5094526	5.808444
glory	6.364888	4.2993193	5.7864914
lay	5.4913287	3.7856474	5.6102858
occasion	5.5351315	4.237668	5.4216876
guard	4.7486024	4.2411733	5.355514
whole	5.7559605	3.8779392	5.459964
mouth	4.9474335	4.04454	5.3835883
receive	6.1365542	4.179296	5.8790016
take	5.6529117	3.9287581	5.5887737
simple	6.518958	3.7534022	6.049011
error	4.4579864	4.247917	5.0169206
wisdom	7.0648365	3.5618596	6.0783973
rock	6.0288734	4.223632	5.5431294
decide	5.6199784	4.1882095	5.812509
exclaim	5.99229	4.541444	5.799952
assure	6.0768623	4.3737054	5.7688913
sign	5.0917273	3.7063239	5.589186
preserve	5.9632998	3.7351143	5.5106344
commerce	5.972422	4.0711565	5.8505893
plant	5.057869	3.3910842	5.053485
walk	6.2738924	3.554286	5.9210715
difference	4.584613	4.1181736	4.9351506
hang	5.034782	4.2123528	4.947425
following	6.428814	3.8109589	6.050925
employ	5.836164	3.5676033	6.124708
