deal	5.191394	4.0758357	5.634188
study	6.0417724	4.0518327	6.1893883
afford	6.0812216	4.311212	6.139353
service	5.860355	3.7030005	6.3574896
height	5.3862987	3.7843971	5.3134775
prospect	6.4889956	4.2096806	5.708668
pleasant	6.9347	3.0896611	6.0186152
shade	5.795706	3.7406123	6.044802
listen	5.4036136	3.822622	5.511586
mighty	5.5071726	4.6246395	5.342372
country	5.7854466	4.280018	5.599762
title	5.363928	4.094456	5.5402336
choose	5.6386857	3.489398	5.7674365
village	5.469591	4.058556	5.4625545
acquire	5.927909	4.293063	6.4232163
rank	4.9197845	4.3341026	5.0365376
bow	5.5892	3.4669242	5.994533
doctor	4.7866263	3.7101827	5.127036
talent	6.1779833	4.651304	5.9755125
source	5.666903	4.463772	5.154714
lead	5.5366397	4.370128	5.374551
question	4.85968	4.3027725	5.299452
publish	6.2749662	3.764407	5.9132957
interest	5.949949	4.5459404	5.750335
serve	5.245115	4.06173	5.8970504
divine	5.9269857	4.1682243	5.337679
put	5.4703393	3.8433175	5.5707483
shadow	5.64807	3.7365315	5.4912105
practical	5.8571944	3.8156712	5.779286
surface	5.72847	3.7125163	5.5727744
account	5.3057246	4.250644	5.3466773
loss	4.6046343	4.428439	4.8040724
indian	5.1554775	4.055191	5.0775423
vine	5.3008475	3.7225604	4.9593525
certain	5.6403265	4.2077	5.4601455
sin	4.082445	3.955602	4.5049
necessity	5.2366133	4.4608293	5.056268
lose	5.5224857	4.1303625	5.3801684
private	5.5177565	4.062069	5.48643
gentleman	5.6086507	4.222945	5.6838555
daughter	5.9367547	4.276828	5.475735
drive	4.651085	4.2498794	4.864675
strange	5.503712	4.3797536	5.091899
journey	5.548596	3.6935856	5.2657313
uncle	5.7447147	4.0965004	5.4024
species	5.633862	4.461644	5.3568683
think	5.5220466	4.191455	5.5418
bed	5.473093	3.6984308	5.396655
wind	5.0935082	4.2890034	4.8594193
bless	6.2242675	4.1807065	5.7999578
destroy	4.1567745	4.5923777	4.4773016
author	5.6321306	3.9468071	5.4673414
sustain	5.4215193	4.1607885	5.374152
black	4.926897	3.885019	5.3155394
event	5.248629	4.1833897	5.2286797
liberty	5.783533	4.729707	5.834606
negro	5.21833	4.6403584	5.0125885
little	5.95597	3.870348	5.681591
fortune	5.6635156	4.5784082	5.295357
touch	5.7599854	4.0134478	5.4800954
kill	4.3532662	4.8577995	4.8377094
feature	5.6425443	3.9168694	5.7685223
happiness	6.274587	4.5912375	5.7212305
assume	4.5644493	4.0930037	5.153125
notion	5.2728977	4.1312	5.0193934
purchase	5.8302765	4.300191	6.0286975
faithful	6.830176	3.7953594	6.323372
soldier	4.577996	4.4261	5.2648573
father	5.594009	3.9803004	5.5306
narrow	4.537581	3.56614	4.940958
great	5.833614	4.3352604	5.7990794
tear	4.589324	4.262366	4.706393
honorable	4.9177446	4.456921	5.222458
previous	5.0404015	4.1364827	5.0909343
good	5.9405913	4.1804934	5.931679
domestic	5.276356	3.4237235	5.5777807
glory	6.2630577	4.542112	5.9930897
lay	5.43501	3.5422366	5.569356
occasion	5.604341	4.335172	5.374186
guard	4.8400574	4.3259134	5.7437973
whole	5.6796803	3.7299597	5.438585
mouth	4.881958	4.509939	4.9243417
receive	5.9866595	4.209164	5.963342
take	5.611655	3.8364806	5.631113
simple	6.0330353	4.1331286	5.9496846
error	4.2081137	4.4654093	4.2436686
wisdom	6.238747	4.246371	5.9036827
rock	5.643376	4.152871	5.6161547
decide	5.2506347	4.336328	5.802391
exclaim	5.9055734	4.527771	5.496777
assure	5.7922225	4.5890765	6.075941
sign	5.382701	4.5656443	6.1628675
preserve	5.8676405	3.672949	6.1450844
commerce	5.95134	3.9459517	5.4051733
plant	6.0256896	3.881168	5.736635
walk	5.667568	3.840652	5.689246
difference	5.524414	3.7742279	5.5888233
hang	4.901395	4.004305	5.056259
following	6.149196	3.871782	5.552655
employ	5.790413	4.0183296	6.095723
