deal	5.022193	4.2051826	5.547047
study	5.8771267	4.058921	5.9996147
afford	5.999741	3.8179164	5.700155
service	6.079091	3.7925043	6.0798306
height	5.9435735	3.6042309	5.636754
prospect	6.4544897	4.1851625	5.5376215
pleasant	6.991253	3.5431547	6.4059296
shade	5.367452	3.2832744	5.5864787
listen	5.5022674	3.8153172	5.390859
mighty	5.6613345	4.1242347	5.6015787
country	5.7331944	3.985001	5.4738736
title	5.87241	3.5062075	5.6256294
choose	5.749671	3.6841393	6.0289793
village	5.399798	3.4283621	5.340319
acquire	6.315223	3.6114638	6.4344482
rank	5.2209845	4.4259114	5.402139
bow	6.0470114	3.5100303	6.3416505
doctor	4.940766	4.196965	5.1212006
talent	6.31682	4.4367933	6.721364
source	5.517239	3.9929962	5.489921
lead	4.9883943	4.368195	5.275921
question	4.840431	4.0719233	5.182409
publish	5.6495147	4.0035486	5.7402935
interest	5.7589526	3.9752803	5.6879373
serve	5.9139915	3.8794684	5.7223325
divine	6.061022	4.086088	5.528071
put	4.851051	3.7738805	5.1425395
shadow	5.016139	3.456173	5.3706117
practical	5.924779	3.792473	5.956668
surface	5.74843	3.4035401	5.9420705
account	5.26931	4.0472813	5.35201
loss	5.0770698	3.985353	4.9329205
indian	4.954882	4.2696753	4.780009
vine	5.7840924	3.6296115	5.4482903
certain	5.299396	4.071227	5.3946767
sin	4.4783206	4.193775	4.939687
necessity	5.115296	4.0506716	5.3133965
lose	5.481398	4.062117	5.367514
private	4.852021	4.225417	5.391614
gentleman	5.9032764	3.9277582	5.814316
daughter	6.2931604	4.2518044	5.759141
drive	4.485182	4.634165	4.9492135
strange	5.345652	4.086809	4.886986
journey	5.6961427	3.5558608	5.5916014
uncle	5.4399796	4.4060745	5.3665977
species	5.4493847	3.6358848	5.057204
think	5.641626	4.160759	5.7723136
bed	5.6981964	3.602774	5.589727
wind	5.1818666	4.132873	5.0498304
bless	6.73539	3.734674	6.147191
destroy	4.4769497	4.449358	4.821818
author	5.51448	4.4178605	5.4329104
sustain	5.555903	4.111758	5.581985
black	4.325017	3.2473636	4.777633
event	5.2207775	4.290367	5.0732784
liberty	6.0059032	4.3289056	5.62062
negro	5.154968	4.005536	4.7186184
little	5.894374	3.7893755	5.6384616
fortune	6.2572203	4.5126276	6.0214725
touch	5.651147	4.0149145	5.604815
kill	3.9923756	4.893455	4.375553
feature	5.399251	4.0010056	5.7830014
happiness	6.5584393	4.2289143	6.1811657
assume	5.3920836	3.7906103	5.864431
notion	5.077621	3.9715452	5.0331726
purchase	6.172629	3.5056705	6.074194
faithful	6.519862	3.989801	6.4834285
soldier	5.1352487	4.3882318	5.7667456
father	5.605498	3.9571056	5.3809743
narrow	4.2563834	3.8441198	4.531714
great	5.7187576	3.9688811	5.671838
tear	4.680105	4.213461	4.7918673
honorable	5.275008	4.3297443	5.5556636
previous	5.2621746	4.0817184	4.973992
good	6.2097936	3.9435906	6.0080194
domestic	5.988899	3.841009	5.9210196
glory	6.8225365	4.4668593	6.428939
lay	5.143783	3.338792	5.5355306
occasion	5.966325	4.197325	5.601453
guard	4.755178	4.2018404	5.368943
whole	5.6364927	3.7487252	5.4033937
mouth	4.6751285	4.165839	4.8827477
receive	5.8586597	3.6446004	5.8259473
take	5.542114	3.7315192	5.596436
simple	6.109692	3.8195913	5.5939026
error	4.073011	4.535177	4.4346895
wisdom	6.3993187	3.6653178	6.372303
rock	5.218748	4.223087	5.2703595
decide	5.341442	3.957795	5.81495
exclaim	5.684265	4.5462327	5.806652
assure	5.866983	4.044776	5.542755
sign	5.1426697	3.8042588	5.883849
preserve	6.465213	3.5549097	5.925283
commerce	5.7673907	3.945786	5.5481353
plant	5.553985	3.3042026	5.683798
walk	5.5880246	3.7733834	5.8159847
difference	4.6653066	3.9951692	5.0874996
hang	5.02045	3.9945698	4.846399
following	6.002109	3.7155588	5.5821414
employ	5.8846602	3.7496533	6.0010576
