deal	4.9979534	3.9378595	5.7343807
study	6.0446095	3.8947957	5.980383
afford	6.2030163	4.2820435	5.886999
service	5.7269015	3.7092876	6.050839
height	5.339977	4.3005548	5.508883
prospect	5.904439	4.548438	5.723957
pleasant	6.9678216	3.55748	6.012731
shade	5.3882904	3.3251166	5.532594
listen	5.3382034	4.1297426	5.4270663
mighty	5.667044	4.650642	5.5263896
country	5.816328	4.217296	5.737836
title	5.698261	4.249058	5.663458
choose	5.508023	3.5941556	6.0682964
village	5.7869763	4.286145	5.5347266
acquire	6.145068	4.052937	6.4782805
rank	5.589901	4.459927	5.451635
bow	5.774681	3.3960452	6.156335
doctor	4.4906473	3.4615178	4.7304335
talent	6.4633236	4.8237514	6.6183653
source	5.6797547	4.2273245	5.7556276
lead	5.0914006	4.0538516	5.371828
question	5.214035	4.4335403	5.803107
publish	5.6414943	4.2804317	5.523321
interest	6.326501	4.4175296	6.229125
serve	5.231963	3.686822	5.8449163
divine	5.9315085	4.595142	5.467013
put	5.286725	3.8131235	5.480659
shadow	4.720092	3.865927	4.9141827
practical	5.820583	3.7331004	6.1196313
surface	5.598126	3.355987	5.4642434
account	5.6264935	4.353507	5.5733294
loss	4.8231225	4.438242	4.7618284
indian	5.158177	4.3367567	4.8536167
vine	6.0895886	3.993977	5.2251625
certain	5.445795	4.1781125	5.4556856
sin	4.175339	4.1603823	4.747047
necessity	5.109931	4.2372212	5.5018296
lose	5.4201746	4.018608	5.4025164
private	5.426801	4.0445457	5.368982
gentleman	5.9445915	4.2394295	5.9975057
daughter	6.328229	4.232835	5.738858
drive	4.8176136	4.6963825	5.003529
strange	5.4243956	4.650523	5.19523
journey	5.665267	4.344215	5.6300898
uncle	5.2970724	4.2547607	5.0451674
species	6.0752287	3.80898	5.6495023
think	5.5763535	4.165005	5.5743766
bed	5.480781	4.062316	5.2479115
wind	5.273096	3.9968913	5.31178
bless	6.1385155	4.006632	5.7265897
destroy	4.5440164	4.7123365	5.0354204
author	6.034336	4.360932	5.843878
sustain	5.2564306	4.0139794	5.3087845
black	5.137602	3.7213182	5.08368
event	5.2925253	4.5923405	5.116155
liberty	5.7436447	4.421012	5.767906
negro	5.0507574	4.777972	4.9288588
little	5.990514	3.769336	5.7465315
fortune	6.2362585	4.9482265	5.8830004
touch	5.5690455	4.1349897	5.5848036
kill	4.0143595	4.8502865	4.621584
feature	6.132027	3.8495698	6.1367126
happiness	7.023336	4.4043717	6.282379
assume	5.33149	3.935476	5.426324
notion	4.6151676	4.822443	5.223998
purchase	5.7909594	4.109148	5.801319
faithful	5.4721236	3.8993812	6.2041345
soldier	5.0753794	4.5975337	5.220185
father	5.711849	4.096272	5.4519486
narrow	4.1555324	3.1806374	4.915096
great	6.0013576	4.241881	5.9845014
tear	4.7428083	4.2248187	4.8267937
honorable	5.1002254	4.263297	5.520416
previous	5.3656783	4.1258044	5.1423182
good	5.8244343	4.050661	5.8515677
domestic	5.7591743	3.706665	5.8413057
glory	6.647578	4.381854	6.0188756
lay	5.427096	3.6741252	5.5436406
occasion	5.383833	4.419998	5.48505
guard	4.903099	4.2934165	5.6357384
whole	5.8038383	3.6902459	5.5843153
mouth	5.398494	3.7490022	5.2233906
receive	6.279957	4.3106885	6.022905
take	5.3458657	3.9961817	5.536502
simple	5.8764777	4.148442	5.5111337
error	3.9489396	4.5525684	4.4410305
wisdom	6.394796	3.6240406	6.1274395
rock	6.3669934	4.039407	6.002934
decide	5.5807424	4.2376947	5.9979005
exclaim	5.7354617	4.2658463	6.106458
assure	5.423593	4.0808487	5.4363275
sign	5.5899973	3.924326	6.1221337
preserve	6.0891156	3.5651472	6.1313195
commerce	5.6458287	4.0576086	5.6886086
plant	5.6823616	3.8059187	5.642413
walk	5.7477326	3.5155776	5.6341577
difference	5.144406	3.838038	5.1942334
hang	4.745984	4.0670605	5.173536
following	5.764722	3.9745457	5.719338
employ	5.930676	3.6590915	6.212962
