deal	4.6140604	4.292849	4.9988813
study	6.3115473	4.075546	6.46543
afford	6.7840347	3.9502878	6.048712
service	5.582268	4.38639	5.8046703
height	5.6216493	3.9089956	5.4921803
prospect	6.4095335	3.8228512	5.5073457
pleasant	7.01833	3.5685859	6.4468184
shade	5.403924	3.9569705	5.509473
listen	5.571624	4.266485	5.6519837
mighty	5.269743	4.323802	5.2304087
country	5.6489596	3.9120126	5.472856
title	5.854989	3.471837	6.013383
choose	5.4453373	3.6342192	5.503529
village	5.845756	3.5037258	5.5837736
acquire	6.224261	4.017566	6.4161196
rank	5.1354065	4.660917	5.40165
bow	5.762891	3.475378	5.9089627
doctor	4.999358	3.8849835	5.4976134
talent	6.476187	4.4817176	6.6615624
source	5.9079247	3.6245093	5.788077
lead	5.213581	4.191921	5.5008464
question	4.999674	3.9938064	5.4253397
publish	5.7143593	3.9438248	5.3564944
interest	6.0103135	4.1268973	5.975267
serve	5.4756904	4.0290976	5.8715906
divine	5.8969374	4.149803	5.477964
put	5.3440423	3.906078	5.402383
shadow	5.042249	3.948626	5.151758
practical	6.3162336	3.5735795	6.53687
surface	5.8489676	2.9464598	5.728223
account	5.4895573	4.306489	5.2641096
loss	5.0003295	4.816972	4.8635283
indian	5.1746697	4.063961	5.090513
vine	5.8044357	3.3817081	5.236677
certain	5.421481	4.200397	5.464305
sin	4.1327477	4.2618566	4.3890142
necessity	4.97698	4.373413	5.212584
lose	5.4521623	4.245439	5.3451633
private	4.9554496	3.9368973	5.2615914
gentleman	5.9299207	4.13685	5.8716125
daughter	6.3431563	3.906573	6.0396667
drive	4.564992	4.311496	4.762247
strange	5.047253	4.3324957	4.9337716
journey	5.9147043	4.0107117	5.4592338
uncle	5.8888264	4.673313	5.549313
species	6.059201	3.9109032	5.577319
think	5.561494	4.2289824	5.568825
bed	5.749828	3.9293242	5.553855
wind	4.739784	3.9317484	4.8372455
bless	6.4279666	4.086821	6.134173
destroy	4.2702856	4.6124663	4.6132083
author	5.6249523	4.1371493	5.599682
sustain	5.516722	4.47011	5.1956816
black	4.714142	3.7362788	4.946906
event	5.5311203	4.280308	5.245311
liberty	6.0904264	3.8939242	5.850947
negro	5.0822225	4.6065416	4.7820835
little	5.9688654	3.7195024	5.7682014
fortune	5.344982	4.2256007	5.2228317
touch	6.0575285	4.2896757	5.769269
kill	4.1701255	5.070648	4.459919
feature	5.4996448	4.373042	5.6995287
happiness	6.2970567	4.1804037	6.0842466
assume	5.3312674	4.0576153	5.8454504
notion	4.823243	4.4599495	5.116173
purchase	5.369573	3.9766216	5.4055786
faithful	5.3349094	3.8274307	5.40538
soldier	5.142444	4.570008	5.3036866
father	5.797242	3.9493313	5.701827
narrow	4.563434	3.2953086	4.8751984
great	5.685613	4.1241713	5.6673164
tear	4.9226704	4.4197154	4.9023404
honorable	5.3054767	4.1627965	5.2538157
previous	5.32077	4.0985026	5.414574
good	5.865201	4.2614193	5.9109483
domestic	5.729632	3.721186	5.509261
glory	6.498407	4.5258555	6.065129
lay	5.5130296	3.730789	5.58193
occasion	5.6678333	4.226023	5.438452
guard	4.8341312	4.1497984	5.3584266
whole	5.543183	3.78905	5.4107466
mouth	4.900111	3.9316714	5.5031238
receive	6.1956787	3.8632722	6.0072823
take	5.581924	3.7057147	5.6386385
simple	6.3742895	3.9265032	5.8573627
error	4.284542	4.6176124	4.7536583
wisdom	6.2813077	3.3684459	6.3078575
rock	5.76961	3.6658158	5.293726
decide	5.313478	3.8473783	5.561413
exclaim	5.2735906	4.5570908	5.766341
assure	5.9128084	4.215616	5.787977
sign	5.2968903	3.974686	6.2324085
preserve	5.5057144	4.023067	5.395747
commerce	5.5996346	4.034117	5.541821
plant	5.3973103	3.765637	5.495398
walk	5.6675324	3.7937706	5.7015376
difference	5.0344915	4.3847547	5.3796873
hang	4.925506	4.3108745	4.7795815
following	6.2382364	3.7818635	5.8944106
employ	5.781063	3.8707356	6.039613
