deal	5.1719127	4.4991655	5.583888
study	6.0841346	3.962388	5.8472576
afford	6.3225617	4.1483693	6.329024
service	5.985288	3.9272187	5.9633036
height	5.849294	4.049021	5.691487
prospect	5.780677	4.0810685	5.4911137
pleasant	6.8528066	3.501084	6.249688
shade	5.752024	3.4744694	5.8893685
listen	5.3734303	4.0417576	5.7195206
mighty	5.4160814	4.279202	5.482996
country	5.81351	4.240217	5.674803
title	5.716404	3.3776228	5.5838957
choose	5.604497	3.8122084	5.887922
village	5.781662	3.762779	5.409591
acquire	5.6050634	4.3519583	5.917077
rank	5.3378563	4.095367	5.758786
bow	6.0331926	3.2616076	5.985193
doctor	4.5385475	4.193195	5.133868
talent	6.2318373	4.4921327	6.1459227
source	5.81121	4.1900396	5.595709
lead	5.266676	4.4097085	5.61888
question	5.158407	4.405485	5.422066
publish	5.3552275	4.260114	5.074451
interest	6.1060247	4.154992	6.053222
serve	5.8712354	3.849848	6.0484986
divine	6.028317	4.4944143	5.5031633
put	5.2953386	4.03213	5.52729
shadow	5.3743744	3.7138755	5.1339273
practical	6.057162	4.1809254	5.9980183
surface	6.160618	3.292082	6.3093276
account	5.614348	4.501033	5.340271
loss	4.6987386	4.6208267	4.9960265
indian	5.0652113	4.3599005	5.075255
vine	5.186686	3.59292	5.4321346
certain	5.384141	4.1037483	5.5303035
sin	4.280732	4.5053697	4.3027825
necessity	5.2929726	4.1579976	5.3802238
lose	5.555207	4.001254	5.487135
private	5.044117	4.111695	5.2345796
gentleman	5.9036126	4.1176596	5.7589955
daughter	5.9509196	4.2069955	5.6504884
drive	4.706373	4.732843	5.0214806
strange	5.445249	4.4959188	5.0402923
journey	5.4068565	3.8366237	5.08856
uncle	5.907646	4.222771	5.524905
species	6.002128	4.3286405	5.191605
think	5.5387974	4.1969905	5.584607
bed	5.7248454	3.667242	5.609782
wind	5.0313225	4.0819736	5.3039203
bless	6.08196	3.9484985	5.882309
destroy	4.5378547	4.3042355	4.995072
author	5.8518953	4.691028	5.5757575
sustain	5.246088	4.1408033	5.220779
black	4.92789	3.5375316	5.298067
event	5.5558376	4.410888	5.4190073
liberty	6.2855697	4.0597095	5.80826
negro	5.5961986	3.6999807	5.6281457
little	6.0932097	4.015448	5.8657017
fortune	6.073438	4.547821	5.5720634
touch	5.6906757	4.0453176	5.5277543
kill	4.188864	4.6377873	4.844969
feature	5.9020896	4.176021	5.809591
happiness	6.6263094	4.279367	6.067546
assume	5.3201923	3.989016	5.4194756
notion	5.3127923	4.0089984	4.850892
purchase	5.6532726	3.9116719	5.479937
faithful	6.2461796	3.8867097	6.0491204
soldier	5.100592	4.521502	5.479792
father	5.645278	4.1782475	5.4333515
narrow	4.075446	3.6808214	4.6640415
great	5.717998	4.283093	5.7074814
tear	4.474158	4.121471	4.8417735
honorable	4.7768564	4.361656	5.4599075
previous	5.3427525	4.1465206	5.679152
good	5.9097443	4.1441793	6.033353
domestic	5.854057	4.23029	6.0485063
glory	6.6690702	4.2996078	5.966095
lay	5.504889	3.7199533	5.683478
occasion	5.865319	4.507234	5.9049
guard	5.082877	4.3956137	5.6025534
whole	5.727325	3.8340044	5.7543435
mouth	4.8709307	4.2549047	5.099457
receive	6.0754433	3.9454513	5.9567194
take	5.6667795	3.9198248	5.7379155
simple	6.3518567	3.9791281	5.704842
error	4.383269	4.2965155	4.900034
wisdom	6.3339467	3.51074	6.0223913
rock	5.8761106	4.2845693	5.750469
decide	5.4112186	4.2831645	5.901617
exclaim	5.296016	4.414806	5.8811393
assure	5.9820414	4.3189864	6.070638
sign	5.6167026	3.9615784	6.1557775
preserve	6.3748097	3.7024906	5.803897
commerce	5.4262624	4.0488405	5.562993
plant	5.368966	4.068125	5.6507583
walk	6.0387807	3.8445878	5.976086
difference	5.4366093	3.9199545	5.5919614
hang	4.686701	4.366519	5.036523
following	6.210473	3.8225331	5.7522216
employ	5.8194337	3.7977574	5.9294896
