deal	5.138508	3.9932616	5.3369956
study	6.2456026	4.075185	6.301667
afford	6.236545	3.7457728	5.934836
service	5.8642125	4.2424493	5.8380456
height	6.0775843	3.8872845	5.7888856
prospect	6.511831	4.5758696	5.7365413
pleasant	6.9800196	3.6608956	6.2770743
shade	5.816147	3.1020741	5.7563643
listen	5.486224	3.792267	5.80043
mighty	5.719509	4.491383	5.4392185
country	5.5814824	3.8661714	5.548387
title	5.901394	4.293936	5.678121
choose	5.083844	3.7857592	5.5769053
village	5.9954796	3.8476048	5.4543767
acquire	6.227203	4.071629	6.6288795
rank	4.969095	4.2890472	4.9734287
bow	5.6327634	3.4164643	5.671476
doctor	4.730851	3.789164	4.7708397
talent	6.3368325	4.452177	6.631764
source	6.1541286	3.691937	5.796137
lead	5.3439474	4.4310102	5.5757985
question	4.9309864	4.2742796	5.4756703
publish	5.8620734	4.0548806	5.8151298
interest	5.8826933	4.2443814	5.8705783
serve	5.1950235	3.8089259	5.775543
divine	6.0034575	4.1534557	5.40014
put	5.113357	3.846041	5.482829
shadow	5.10257	3.4097195	5.086341
practical	6.166797	3.8781004	6.0411925
surface	5.81235	3.3697176	6.091349
account	5.4976997	4.3160276	5.4495006
loss	5.0687222	4.4779	4.973259
indian	5.4056706	4.1016035	5.200379
vine	5.555057	3.829878	5.449911
certain	5.368239	4.2758813	5.3108535
sin	3.7175124	4.1188636	4.415352
necessity	5.4162407	4.296682	5.423136
lose	5.51931	4.2022405	5.436868
private	4.8589783	4.2241406	5.2633743
gentleman	6.0070114	4.200347	5.799306
daughter	6.0721464	4.1658483	5.589617
drive	5.1019163	4.645179	5.3541365
strange	4.992926	4.524748	4.8501115
journey	6.057321	4.4782305	5.9898334
uncle	5.5141554	4.148758	5.271254
species	5.4376163	3.6717687	5.161591
think	5.3915625	4.394331	5.5293436
bed	5.3649	3.6582341	5.48705
wind	5.4619203	4.364054	5.1006427
bless	6.264827	4.0603375	5.8075886
destroy	4.035315	4.858706	4.4192405
author	6.1899214	4.245665	5.8427362
sustain	5.7070284	4.0106897	5.6238074
black	4.642164	3.6732004	4.8829045
event	5.5992055	4.6746907	5.5379543
liberty	5.9730115	4.1520777	5.5815787
negro	5.583702	3.7963822	4.8390813
little	5.8977537	3.9384494	5.6637707
fortune	6.169399	4.434332	5.7000294
touch	5.9269485	4.124309	5.6400895
kill	4.2832565	5.258976	4.6974154
feature	5.426244	4.0370197	5.8150377
happiness	6.256311	4.5510726	5.8255324
assume	5.143162	4.1510477	5.4512095
notion	5.320731	4.579785	5.045273
purchase	5.7878947	4.2765565	5.6511602
faithful	5.937063	4.115113	5.8711977
soldier	5.4619927	4.2639375	5.450966
father	5.6812634	3.9348671	5.487631
narrow	4.305591	3.1038187	4.9412003
great	5.9268494	4.2574277	5.891714
tear	4.642826	4.4863815	4.9202795
honorable	5.372871	4.2729483	5.4702654
previous	5.8791027	4.3509107	5.901141
good	6.0438237	4.300214	5.89535
domestic	5.5431437	3.600762	5.796528
glory	6.595579	4.4153705	5.985032
lay	5.467777	3.560493	5.5842743
occasion	5.6412225	4.150635	5.7428107
guard	4.6988482	3.894881	5.4030504
whole	5.72513	3.7782633	5.608599
mouth	4.4278507	4.010025	4.8721538
receive	5.926813	4.0994444	5.844325
take	5.4791913	3.9512353	5.649491
simple	6.1744957	4.0320263	5.85444
error	3.7104876	4.450736	4.4054303
wisdom	6.765545	3.8330197	6.535692
rock	5.4459543	4.358127	5.579815
decide	5.1211324	3.9762743	5.731468
exclaim	5.574077	4.6888986	5.7979655
assure	6.3577857	4.278851	5.899797
sign	5.721716	4.1311774	6.0803447
preserve	5.663739	3.8227847	5.7375393
commerce	5.8580294	3.7888272	6.0702443
plant	5.201928	3.8838484	5.3468575
walk	5.8861437	3.7138393	5.9318905
difference	5.383479	3.8623967	5.740999
hang	4.76979	4.4736686	4.8518615
following	6.1977453	3.771008	5.936875
employ	5.3675966	3.5567963	5.8211074
