deal	4.9691997	3.9995272	5.557924
study	6.729492	3.9752355	6.357141
afford	6.2801867	4.05777	6.5059137
service	6.20042	3.851411	6.089177
height	5.51415	3.8682356	5.679213
prospect	6.2449985	4.14306	5.815649
pleasant	6.5028467	3.5637765	5.9423404
shade	5.468068	3.5517757	5.664249
listen	5.637846	4.2032084	5.9454618
mighty	5.566916	4.0021386	5.3921685
country	6.001961	4.040865	5.734253
title	6.445326	3.739405	5.7054176
choose	5.357035	3.7907481	5.664804
village	5.7598124	3.9670749	5.498574
acquire	6.390823	3.8680542	6.462683
rank	5.236168	4.6786575	5.4369845
bow	6.028554	3.2764874	5.8918133
doctor	5.0536194	3.8626854	5.0084753
talent	6.539172	4.6606555	6.4044256
source	5.750431	4.175909	5.628492
lead	5.3527126	4.296916	5.6839967
question	5.5295095	4.2129393	5.8100057
publish	5.5126348	3.8279474	5.2640233
interest	6.206137	4.3149395	6.0802054
serve	5.8170195	3.7445805	6.0532727
divine	6.0531874	4.5375485	5.824061
put	5.320954	3.681076	5.5551925
shadow	5.2230644	3.4034543	5.2432933
practical	5.3434215	4.104925	5.448417
surface	5.669857	3.5488558	5.42188
account	5.4854355	4.1271696	5.468927
loss	5.091484	4.229267	5.4015484
indian	5.571487	4.335878	5.342785
vine	5.4235163	3.8842154	5.4199915
certain	5.5092373	4.14074	5.4700723
sin	4.111697	4.432228	4.380862
necessity	5.2351694	4.5463796	5.323924
lose	5.3392377	4.125056	5.480606
private	5.0298147	4.612846	5.623166
gentleman	6.254753	3.9250216	6.145083
daughter	6.1694226	4.271371	5.9556417
drive	4.477173	4.5977726	4.7504926
strange	5.4735293	4.551154	5.182568
journey	6.61334	3.8053188	6.1560874
uncle	5.0364957	4.272714	5.2400613
species	5.93796	4.1961203	5.505586
think	5.8006654	4.0506744	5.875212
bed	5.8818674	3.703057	5.6630683
wind	4.7800517	4.120347	4.904482
bless	6.2535605	3.6552818	5.986439
destroy	4.7857847	4.4438877	5.2916136
author	6.33293	3.9470599	5.9638886
sustain	5.6728163	4.021173	5.9738665
black	4.917084	4.197597	5.0354276
event	5.7713494	4.0065975	5.3453307
liberty	6.0576086	4.140779	5.623733
negro	5.369379	4.0139565	5.285585
little	6.0205717	3.7503843	5.9137287
fortune	5.7711844	4.2970905	5.547301
touch	5.7926846	3.9079335	5.6661634
kill	4.619551	5.045223	5.1699286
feature	6.075927	4.1858716	6.152829
happiness	6.385137	4.1324654	5.8944798
assume	5.8142343	4.1994386	6.0580854
notion	5.0491123	4.0942	4.8061185
purchase	5.473727	3.8312	5.7083144
faithful	6.182732	3.9164357	6.3820133
soldier	5.0072165	4.348636	5.180896
father	5.7316537	4.2314835	5.6965437
narrow	4.353908	3.8106053	4.7661905
great	5.800674	4.121712	5.836231
tear	4.7859697	4.3016357	4.8988457
honorable	5.435547	4.093822	5.537243
previous	5.579136	4.2579327	5.536791
good	6.070087	4.067684	6.213117
domestic	5.567705	3.6094897	5.778763
glory	6.8013926	4.0117407	6.049696
lay	5.8139114	3.411417	5.7711205
occasion	5.4690723	4.3327446	5.573172
guard	4.781125	4.0772743	5.69775
whole	6.148495	3.7640955	5.8544264
mouth	4.9291267	4.3832784	5.214079
receive	6.07422	4.28213	6.127655
take	5.64494	3.8026872	5.7042136
simple	6.871809	3.8375287	5.9886827
error	4.197449	4.5479937	4.599416
wisdom	6.775255	3.9284437	6.346104
rock	5.376748	4.2205257	5.326234
decide	5.406557	4.000847	5.5239844
exclaim	5.060393	4.147542	5.7904015
assure	6.136417	4.4082575	5.8993435
sign	5.8885336	4.471368	6.272717
preserve	6.489064	3.444324	6.251949
commerce	5.8270817	4.1169925	5.5406737
plant	5.760445	4.142505	5.9059124
walk	5.8320403	3.6589375	5.9553413
difference	5.58453	3.845186	5.6329904
hang	4.6972275	4.012026	5.11708
following	6.31972	3.7286563	6.07604
employ	6.144176	3.7201455	6.413416
