deal	4.9163513	4.0638504	5.635618
study	6.6721697	3.8328066	6.51216
afford	6.2258415	3.8090625	5.974244
service	5.9584346	4.1719	5.9983807
height	5.7311487	3.9687514	5.618555
prospect	6.909554	4.0143175	5.958958
pleasant	6.5302405	3.5465565	5.9666815
shade	5.7505827	3.4042225	6.011388
listen	5.7779455	3.8885622	5.886997
mighty	5.3317156	4.424474	5.2315326
country	5.610625	4.283467	5.5252147
title	5.978459	3.8865888	5.900457
choose	5.49912	3.7188768	5.7543764
village	5.6733985	4.0353627	5.427102
acquire	5.3066225	3.6570714	5.9981465
rank	5.3369565	4.8176856	5.417951
bow	5.9354825	3.3460715	5.7822337
doctor	4.707815	3.507615	5.107085
talent	6.5825596	4.610421	6.598817
source	5.963716	3.9247305	5.9138484
lead	5.243751	4.2567415	5.542613
question	5.003633	4.2448354	5.536162
publish	5.8236785	3.8611827	5.566755
interest	5.923123	4.421566	6.0087495
serve	5.6062403	3.758088	6.085557
divine	6.156022	4.4419947	5.552695
put	5.2454743	3.876407	5.5851045
shadow	5.3868284	3.827038	5.508475
practical	5.186934	4.2107954	5.7646317
surface	6.303214	3.1484232	5.701746
account	5.5880604	4.296027	5.6089807
loss	4.137258	4.4009604	4.6488876
indian	5.3286567	4.323549	5.169419
vine	6.0384254	3.599859	5.283802
certain	5.4576726	4.281624	5.490262
sin	3.841363	4.5354195	4.4549284
necessity	4.786473	4.4713445	5.0992966
lose	5.2582207	4.246185	5.486651
private	5.2084045	4.572914	5.364675
gentleman	6.0005283	3.9884572	5.9155235
daughter	6.344184	4.25424	5.5742254
drive	4.8209734	4.8959064	4.9311457
strange	4.8033495	4.3757567	4.8302593
journey	5.9099855	3.8822954	5.5277133
uncle	5.708509	4.284215	5.8003864
species	5.849669	4.136716	5.5843267
think	5.7570815	4.2064266	5.797533
bed	4.7059894	3.7288888	4.857532
wind	4.917424	4.155411	5.0036
bless	6.4230604	4.15334	5.8791275
destroy	4.5084815	4.5340896	4.796204
author	5.926403	4.096632	5.9796963
sustain	5.229434	4.1319485	5.456669
black	4.7153993	3.7702615	4.8970013
event	5.3930683	4.156152	5.397695
liberty	5.6904335	4.347209	5.619604
negro	5.509452	4.3126893	5.297586
little	5.9205956	3.9411085	5.7612247
fortune	5.6276207	4.6558185	5.5867453
touch	5.541565	4.132729	5.635702
kill	4.1270223	4.628855	4.500116
feature	5.9917755	3.952938	5.9520245
happiness	6.558092	4.61113	6.028282
assume	5.3168383	4.0882444	5.699942
notion	4.7539144	4.619453	5.0648155
purchase	5.851985	3.6033459	5.7378697
faithful	5.5162845	3.8223336	5.6089997
soldier	5.0732083	4.368672	5.456653
father	5.452289	4.2069244	5.503172
narrow	4.603418	3.4558673	4.9733434
great	5.8211527	4.0583506	5.849515
tear	4.327242	3.9952905	4.583242
honorable	5.4980693	4.1568284	5.2859573
previous	4.9964476	4.012276	4.8338284
good	5.8163567	4.0027857	6.0909524
domestic	5.5675054	4.185142	5.500174
glory	6.4651594	4.7923203	6.2435055
lay	5.351755	3.5165803	5.605421
occasion	5.6634154	4.47574	5.769859
guard	4.749793	4.40866	5.238858
whole	5.880464	3.9260604	5.690928
mouth	4.740716	4.3408136	5.372303
receive	5.9021077	4.122908	5.777724
take	5.3837357	4.0052624	5.630279
simple	6.181769	3.6996057	6.02868
error	4.0514436	4.671809	4.8508677
wisdom	6.1508236	3.6927593	6.1326385
rock	5.2106867	4.016061	5.2466965
decide	5.723465	4.167846	5.782951
exclaim	6.2481055	4.1226754	5.9998765
assure	6.0123034	4.3475833	5.7882824
sign	5.532349	3.877883	5.872156
preserve	5.624534	3.862172	5.5909095
commerce	6.4342175	4.2688346	5.9916677
plant	5.421359	3.6026807	5.3551536
walk	5.896357	3.7230134	5.8433485
difference	4.9721785	3.9392974	5.2729635
hang	4.531019	3.8535225	5.21793
following	6.1165695	3.886714	5.850859
employ	5.594833	3.9509323	6.1264462
