deal	4.7608547	4.236684	5.6983128
study	5.786652	3.890192	5.995683
afford	6.002207	4.1925187	6.0103645
service	5.576564	3.8572536	5.910732
height	6.0968046	3.885528	5.647051
prospect	6.599707	4.265324	5.692681
pleasant	6.5044947	3.4142566	5.919112
shade	5.519043	3.4658568	5.5580716
listen	5.2970853	3.6846168	5.450372
mighty	5.9610105	4.3959274	5.4489827
country	5.648841	4.3559556	5.44825
title	5.751959	4.240073	5.762832
choose	5.5179434	3.706853	5.8721843
village	5.4459577	3.9440973	5.517524
acquire	5.877839	3.953735	5.9531345
rank	5.477393	4.7178574	5.2267275
bow	5.2662444	3.4804082	5.820188
doctor	4.810427	3.7447073	5.117226
talent	6.565501	4.35444	6.5015397
source	6.187434	4.264699	5.9349084
lead	5.268883	4.3118153	5.5031724
question	5.0059237	4.1743193	5.5322337
publish	5.455076	3.9864237	5.4800744
interest	5.690372	4.3423896	5.7794094
serve	5.6656322	3.693855	5.9664307
divine	6.0719066	4.429365	5.313951
put	5.3232	3.9892087	5.580686
shadow	5.7414546	3.6936674	5.4500756
practical	5.3468647	4.19685	5.9234304
surface	6.1784325	3.2183177	5.7848005
account	5.341063	4.292389	5.3979964
loss	4.796629	4.354497	4.912078
indian	5.2540345	4.436148	5.3062
vine	6.4586835	3.716927	5.70733
certain	5.3655663	4.198222	5.545998
sin	3.9570317	4.6370125	4.4891768
necessity	5.2756524	4.637074	5.376755
lose	5.4483595	4.2556534	5.42587
private	5.0240946	3.999758	5.43153
gentleman	6.0396404	4.361183	5.8471932
daughter	6.3056784	3.8914876	5.591262
drive	4.6908097	4.629421	5.064625
strange	5.1087656	4.6192985	5.018873
journey	6.5487366	3.9637737	5.9971404
uncle	5.9851804	4.353489	5.223914
species	5.4466863	3.8124309	5.1827602
think	5.6592746	4.1464067	5.645047
bed	5.773519	3.8044786	5.586204
wind	5.1143346	4.4721975	5.0952697
bless	6.185125	3.8931632	5.966281
destroy	4.380596	4.5860057	4.8729377
author	5.5627894	4.377946	5.5414696
sustain	5.4813957	4.003578	5.397944
black	4.547471	4.0575943	4.9534726
event	5.4016685	4.3945265	5.3349104
liberty	5.3640976	4.6907635	5.231368
negro	4.944399	4.7605505	4.7458067
little	6.0982237	3.7464514	5.791876
fortune	6.1007447	4.5457826	5.790743
touch	5.9411016	4.2418118	5.78824
kill	3.982474	5.4659295	4.9616365
feature	6.408508	4.202848	5.8851476
happiness	6.740784	4.195398	6.086431
assume	5.1955895	3.9875984	5.407704
notion	5.0296373	4.541156	5.008934
purchase	5.5970135	4.1358643	5.674408
faithful	6.216295	3.8841946	6.1666045
soldier	5.29666	4.2527037	5.274505
father	5.5661187	4.037161	5.298527
narrow	4.564352	3.6174242	4.774948
great	5.8097863	4.2392774	5.8260875
tear	4.78718	4.24351	4.6693616
honorable	5.137432	4.288865	5.240635
previous	5.1658087	4.0723834	5.0577817
good	6.077192	4.146782	6.0772743
domestic	6.1919665	4.1041617	6.0556164
glory	6.558989	4.498485	5.9735146
lay	5.589942	3.5998106	5.82647
occasion	5.3335257	4.3009176	5.615838
guard	5.3438087	4.147303	5.6649904
whole	5.823707	3.9959908	5.526551
mouth	5.0162916	4.223053	5.023523
receive	5.8830333	4.1182528	5.809216
take	5.380679	3.9164786	5.6813197
simple	6.563075	3.7984085	6.192136
error	3.6522086	4.4522634	4.621449
wisdom	6.5412283	3.6989822	5.9479723
rock	5.9239936	4.127907	5.647052
decide	5.166495	3.7908084	5.5569806
exclaim	5.8519053	4.5398335	5.8304696
assure	6.496803	4.1281962	6.180292
sign	5.245007	3.9413013	5.821983
preserve	5.8606744	3.7834318	5.7272663
commerce	5.894701	4.2285814	5.8163557
plant	5.9171004	3.6930292	5.674373
walk	5.57044	3.6417396	5.8852525
difference	5.4391775	3.7678118	5.4325237
hang	4.7251873	4.601027	4.949114
following	5.861265	3.8031096	5.834321
employ	5.531762	3.4011276	6.082635
