deal	4.4903774	4.1168947	5.3444886
study	5.9754615	3.9084709	5.9879704
afford	5.995302	3.9201458	5.8688264
service	5.0578237	4.195961	5.5163345
height	5.4280043	3.9537253	5.6995187
prospect	6.2132826	4.043981	5.9657617
pleasant	6.508375	3.6498265	5.9527707
shade	5.2465663	3.3396494	5.389819
listen	5.176563	4.1829753	5.4645576
mighty	5.4866138	4.2120633	5.4096174
country	5.69591	4.046139	5.5722866
title	6.094719	3.9645953	5.96238
choose	5.537137	3.5133104	5.904719
village	5.346481	3.5234313	4.8187585
acquire	6.113216	4.0168643	6.210439
rank	5.212144	4.4462123	5.5616026
bow	5.3970575	3.8077254	5.918519
doctor	4.580075	3.3331556	5.3462734
talent	6.6922235	4.3681087	6.7994003
source	6.055641	3.74778	5.5211005
lead	5.462367	4.231004	5.577244
question	5.05158	4.059283	5.3912544
publish	6.2066517	3.5832753	5.7709303
interest	5.9193406	4.2128587	5.8745656
serve	5.4325337	4.031897	5.752379
divine	6.099555	4.5293307	5.3459115
put	5.306579	3.705788	5.603364
shadow	4.6728554	3.505546	5.054671
practical	6.0237775	3.812392	5.769928
surface	5.572994	3.3825517	5.3425345
account	5.3160033	4.129709	5.4577627
loss	4.766255	4.1547675	4.8979206
indian	5.660025	4.1182384	5.2799573
vine	6.2896924	3.64358	5.5943384
certain	5.252901	3.9069233	5.374081
sin	3.6222358	4.627258	3.9820323
necessity	5.0040445	4.1857195	5.228117
lose	5.2061715	4.0589633	5.3843446
private	5.019891	4.1843624	5.4947586
gentleman	5.9619007	4.2276645	5.8736978
daughter	6.221488	4.3244696	5.7709193
drive	4.723118	4.456455	5.006063
strange	5.37852	4.332429	5.098036
journey	5.2989264	3.781539	5.2719984
uncle	5.5658526	4.061266	5.8406916
species	5.9796286	3.86036	5.6531324
think	5.5911136	4.2901707	5.747162
bed	5.6044865	3.5971024	5.380476
wind	5.1351647	4.037213	5.3762016
bless	6.389822	3.9938014	5.7953224
destroy	4.076316	4.296337	4.807714
author	6.102974	4.304289	5.6935983
sustain	5.430033	4.0731726	5.4490843
black	4.597367	3.639507	4.8702354
event	5.4660697	4.3150325	5.3975015
liberty	5.6443787	4.056314	5.745286
negro	4.9466577	4.549177	4.736606
little	5.830184	3.684396	5.578469
fortune	5.850748	4.4293833	5.737386
touch	5.9935637	4.0576696	5.696626
kill	4.4531717	4.8296785	4.7705307
feature	5.9563828	4.374018	5.8427405
happiness	7.021418	4.370356	6.4721475
assume	4.721929	3.9378364	4.9297495
notion	5.221605	4.20566	5.1200156
purchase	5.831429	3.4525833	5.9620275
faithful	5.291655	4.3701396	5.6229267
soldier	5.0452204	4.3903236	5.299796
father	5.450294	4.0404963	5.264795
narrow	4.1845894	3.1374104	4.5033073
great	5.815167	4.1758695	5.776561
tear	4.8679132	4.0984373	4.937171
honorable	5.2683005	4.2580743	5.2396793
previous	5.169491	4.0579166	4.8818326
good	5.9179754	4.011731	5.896856
domestic	5.560655	3.7331636	5.990239
glory	6.4084163	4.600774	6.216909
lay	5.430488	3.5857482	5.622527
occasion	5.487197	4.501563	5.6806664
guard	4.6637855	4.299204	5.337335
whole	5.6223135	3.7682934	5.39362
mouth	5.252105	4.2406025	5.254974
receive	5.9600058	3.7064085	5.8602743
take	5.4601164	3.8758912	5.5472255
simple	6.268741	3.7055538	5.9657345
error	4.2984843	4.3875227	4.9392896
wisdom	6.7306705	4.2210035	6.193673
rock	5.975126	3.8004704	5.47313
decide	5.476091	4.138506	5.6508923
exclaim	5.7875824	4.354895	5.843751
assure	5.8154764	4.1592007	5.6603017
sign	5.7921376	3.9518738	5.9444666
preserve	5.8936563	4.2779236	5.833416
commerce	5.8033643	3.790617	5.402619
plant	5.60227	3.9870055	5.7131014
walk	5.673936	3.641593	5.7033854
difference	5.0386057	3.7794757	5.302589
hang	5.1521025	4.1910286	5.3969126
following	6.130178	3.7478182	5.6744657
employ	5.5866704	3.5447226	5.899346
