deal	4.8565745	4.1519814	5.3078775
study	6.3540087	3.9870539	6.174808
afford	6.2606306	4.293748	5.938597
service	5.593758	4.062898	5.91929
height	5.1988683	4.098318	5.575354
prospect	6.174736	4.635005	5.7080135
pleasant	7.018037	3.6742933	6.1452866
shade	5.2311277	3.8167555	5.457169
listen	5.6687284	3.7440777	5.688081
mighty	5.3642864	4.74533	5.2634816
country	5.7567525	4.4039383	5.598528
title	6.1201396	3.701423	5.8078146
choose	5.5630345	3.7998219	5.73643
village	5.9692354	4.2960043	5.414001
acquire	6.638227	3.7238088	6.536532
rank	5.427539	4.705465	5.404736
bow	5.5150347	3.2496197	5.7848916
doctor	4.5956793	4.0082784	4.8516965
talent	6.488811	4.378548	6.610593
source	6.172238	3.868382	5.8842974
lead	5.2704597	4.13562	5.3256526
question	5.1207914	4.071629	5.364209
publish	6.0843143	3.7219641	5.718054
interest	5.8697906	4.2894845	5.6487155
serve	5.5933084	3.8601923	5.8739777
divine	6.209473	4.008508	5.6116667
put	5.2401075	3.7983084	5.523395
shadow	5.1140904	3.7807713	5.2294564
practical	5.6868176	4.0105205	5.9706793
surface	5.2893405	3.1293898	5.4319096
account	5.622665	4.207222	5.401988
loss	4.7282605	4.6360626	5.024842
indian	5.3752384	4.015452	5.189723
vine	5.8868237	3.2051492	5.7321053
certain	5.563856	4.351018	5.6120214
sin	4.0030503	4.5234947	4.303432
necessity	5.0044785	4.5457373	5.372463
lose	5.4389334	4.1294265	5.5345488
private	4.9698195	4.029946	5.161367
gentleman	6.328884	4.1480403	6.1451244
daughter	6.4995236	3.9061234	5.989893
drive	4.797315	4.279042	4.8149357
strange	5.226193	4.283775	5.0205154
journey	6.249286	3.7769008	5.7354074
uncle	5.2774463	4.4713044	5.3314447
species	5.931752	4.0502744	5.4870124
think	5.71929	4.129246	5.6044617
bed	5.2193074	4.017509	5.3196883
wind	5.4925766	3.8955905	5.210994
bless	6.58603	3.86965	6.1021023
destroy	3.9717405	4.533962	4.670298
author	5.9393296	3.9301567	5.592559
sustain	5.669229	4.02135	5.9226346
black	4.9169803	3.9536827	4.9725776
event	5.417262	4.1404986	5.2004075
liberty	5.7830205	4.385233	5.827711
negro	4.8986855	4.26629	4.9358068
little	6.011444	3.9071949	5.7550635
fortune	5.6233463	4.6314316	5.6272426
touch	5.789526	4.1649675	5.6297083
kill	4.026979	5.27018	4.5768986
feature	5.733929	3.8289971	5.7537336
happiness	6.494198	4.3448644	6.070735
assume	5.5762153	3.8767042	5.626761
notion	4.9654655	4.396857	4.958832
purchase	5.5765657	3.3671575	5.764058
faithful	6.049993	3.7368326	5.983176
soldier	5.18629	4.65985	5.2945733
father	5.810441	3.9684062	5.596913
narrow	4.4435687	3.4519718	4.4131594
great	5.8087225	4.280689	5.799774
tear	4.8925347	4.2043524	5.026481
honorable	5.1747885	4.4840937	5.227284
previous	5.9145913	4.17015	5.7735586
good	6.2045045	4.0756884	6.190772
domestic	5.8041434	3.6729243	5.7651095
glory	6.8527393	4.44652	6.124236
lay	5.5144978	3.7207332	5.6077704
occasion	5.378738	4.4296455	5.652597
guard	4.529065	4.245316	5.302411
whole	5.756343	3.9889824	5.608516
mouth	5.0473204	3.6839252	5.0299425
receive	6.160846	3.9722612	6.042636
take	5.6743116	3.9178948	5.7695274
simple	6.353244	4.211361	5.896788
error	3.5521126	4.524981	4.3486204
wisdom	7.021211	3.7220998	6.4213305
rock	6.026479	3.9749603	5.5526595
decide	5.6512756	4.157051	5.765803
exclaim	5.596557	4.419875	5.9754925
assure	6.2062483	4.1877375	6.0051856
sign	5.718022	4.389562	6.0381975
preserve	6.112711	3.6719534	6.0788484
commerce	5.0071983	3.8830223	5.08534
plant	5.6547966	3.557742	5.6521735
walk	5.820417	3.7091541	5.8311424
difference	5.475644	3.823194	5.620109
hang	5.002772	4.124233	5.135207
following	5.995199	3.949396	5.7356596
employ	5.822107	3.962545	6.054049
