deal	4.5745625	4.312425	5.3759556
study	6.5134945	3.9455817	6.447689
afford	6.078996	4.0020986	6.03159
service	5.8801804	3.990666	6.1008267
height	5.769422	3.844687	5.48534
prospect	6.1328697	4.180272	5.667842
pleasant	6.357174	3.8110647	5.979374
shade	5.5273185	3.5559685	5.6599245
listen	5.7797256	3.708498	5.818864
mighty	5.579111	4.412987	5.3150587
country	5.7922807	4.160389	5.6570606
title	5.988662	4.227856	5.7989397
choose	5.025779	3.7683175	5.4510717
village	5.3237896	3.9357326	5.0767756
acquire	6.0374904	3.769597	6.519335
rank	5.562539	4.6231422	5.765998
bow	6.1947875	3.7506955	5.8159246
doctor	4.8164344	3.9570842	5.110207
talent	6.496028	4.305665	6.5467343
source	6.3341455	4.075614	5.9999647
lead	4.9617085	4.1718416	5.285232
question	4.9922776	4.0698586	5.5408278
publish	6.301407	4.2628727	5.8130918
interest	6.0150743	4.19352	6.005766
serve	5.4583955	4.0030985	6.086668
divine	6.016284	4.6806808	5.087702
put	5.2155385	3.73533	5.4907856
shadow	5.3117733	3.6639516	5.0081267
practical	6.3153367	4.136974	6.325771
surface	6.2915416	3.4668288	5.9777536
account	5.6672497	4.4337068	5.534689
loss	4.619886	4.5285845	4.723789
indian	5.1807575	4.1574845	5.235915
vine	5.784806	3.7411263	5.1145496
certain	5.2139425	4.258272	5.4696684
sin	3.9450483	4.6580696	4.292139
necessity	5.5360355	4.0089335	5.2780156
lose	5.349241	4.1351466	5.376544
private	4.864345	4.2176285	5.23849
gentleman	5.9922757	4.1030116	5.6735926
daughter	6.1436405	4.216132	5.8710394
drive	5.0538764	4.1651716	4.969328
strange	5.0703344	4.488525	4.9400787
journey	6.013045	3.2856593	5.837615
uncle	5.6369643	4.07213	5.314009
species	5.6907573	4.3154926	5.4757257
think	5.6196804	4.1227965	5.6755285
bed	5.6477313	3.62961	5.671476
wind	5.253894	4.399175	5.317928
bless	6.5686193	3.9793773	6.041812
destroy	4.0006266	4.5401363	4.5707684
author	6.2498198	4.2921343	5.820278
sustain	5.8954325	4.0354047	5.7434545
black	4.967049	4.2436895	5.1419363
event	5.378911	3.857528	5.3387914
liberty	5.7186494	4.453987	5.4285703
negro	5.35881	4.187202	5.0839233
little	5.758731	3.7840514	5.660551
fortune	5.364121	4.5524607	5.2506676
touch	6.003766	4.110231	5.6962194
kill	4.317493	4.8419647	5.024577
feature	5.965683	4.096998	5.841964
happiness	6.528521	4.416216	6.124996
assume	5.3252416	3.9003716	5.3708954
notion	4.805207	4.0588565	5.195538
purchase	5.5082846	4.2340107	5.6546597
faithful	5.883357	4.198676	6.2705736
soldier	4.673846	4.4226875	5.20724
father	5.6019273	4.015151	5.556532
narrow	3.742558	3.2138302	4.4029117
great	5.8172545	4.1254835	5.8595705
tear	4.588933	4.455109	4.715586
honorable	5.058365	4.182959	5.4216914
previous	4.9300413	4.0711555	5.1886907
good	5.930834	4.1167064	6.0998893
domestic	6.104724	3.9725235	6.27748
glory	6.835774	4.21039	6.128235
lay	5.513986	3.7077606	5.6268067
occasion	5.458809	4.3007894	5.550167
guard	5.068935	4.0700283	5.5810037
whole	5.732543	3.925531	5.6161246
mouth	4.8582673	4.1739707	4.8820777
receive	6.441725	4.2362666	6.177396
take	5.5580635	3.8595963	5.61781
simple	6.6159616	3.9712474	5.9124484
error	3.7358441	4.5360045	4.445249
wisdom	6.718945	3.575728	6.5214133
rock	5.3512993	4.1325245	5.1573734
decide	5.0055003	4.6414003	5.637062
exclaim	5.6866717	4.680133	5.788164
assure	6.067906	4.233653	5.748996
sign	5.161281	4.2749066	6.002068
preserve	5.9114623	3.7563715	5.9267154
commerce	5.8603916	3.8120048	5.8554244
plant	5.4303436	3.8839808	5.5393443
walk	5.680371	3.5000298	5.7525077
difference	5.3596163	3.6112337	5.725062
hang	4.6878095	4.4020333	5.015052
following	6.4417896	3.8148348	5.927076
employ	5.5104346	3.5659585	5.92479
