deal	4.840497	4.5329657	5.0589757
study	6.420276	3.833765	6.354493
afford	5.740964	4.1957006	5.914309
service	5.85481	4.27552	5.808253
height	5.5475554	4.001935	5.4197187
prospect	6.163151	4.788386	5.7920914
pleasant	6.8402977	3.9963822	6.0889096
shade	5.2922792	3.8962116	5.5885997
listen	5.183751	3.8362608	5.4396086
mighty	5.842266	4.5597205	5.6575394
country	5.778363	4.228677	5.48015
title	5.9935846	4.031616	5.8596478
choose	5.599325	4.0161076	5.8814754
village	5.7219143	3.912936	5.584836
acquire	6.0789533	4.251323	6.640228
rank	5.37535	4.1720138	5.6743393
bow	5.6782026	3.4807353	5.7697744
doctor	3.8807566	3.6369298	4.7813
talent	6.0687456	4.79547	6.26215
source	6.189736	4.3362694	6.029926
lead	5.280638	3.9868593	5.341525
question	4.875873	4.7248564	5.2904234
publish	6.0971866	3.7189717	6.132888
interest	5.8556256	4.383728	5.9760146
serve	5.680207	3.8547876	6.0932856
divine	6.099403	3.9395723	5.310559
put	5.3827095	3.628873	5.5044136
shadow	4.92684	3.8402975	5.101102
practical	6.0164733	3.7556098	6.4749794
surface	5.8808494	3.4061856	5.798389
account	5.624656	4.4637127	5.636381
loss	4.594193	4.1391006	4.790844
indian	5.338625	4.1526318	5.156517
vine	5.3316755	3.5679324	5.2358356
certain	5.1729913	4.3208127	5.345502
sin	4.1431427	3.8199537	4.384877
necessity	5.1475873	4.2502265	5.097981
lose	5.2288	4.2689853	5.2027655
private	5.1115103	3.8703542	5.43845
gentleman	5.642169	3.9832027	5.59909
daughter	6.1596227	4.07377	5.909942
drive	4.860895	4.2966766	5.293731
strange	5.133168	4.3798523	5.217904
journey	5.9141045	4.154119	5.7051287
uncle	6.1179695	4.0021043	5.4148245
species	5.6557546	4.1878185	5.454531
think	5.5830035	4.287624	5.6467857
bed	4.916724	3.5600712	4.993261
wind	5.017373	4.401847	4.9549084
bless	6.559622	3.8167946	5.8353662
destroy	3.9257116	4.860946	4.6046333
author	6.174238	4.2119737	5.848792
sustain	5.0524898	3.7992973	5.1598425
black	4.2937717	3.9379811	4.8994637
event	5.347194	4.3013053	5.35747
liberty	6.177743	4.3845453	5.759477
negro	5.1150727	4.576584	4.6862965
little	5.8696737	4.0467467	5.8014736
fortune	5.96531	4.863905	5.281542
touch	5.692433	4.3273005	5.367554
kill	3.7723947	4.977891	4.6954594
feature	5.7588162	4.3513575	5.9745946
happiness	6.70849	4.602246	5.7642403
assume	4.570788	3.6750908	5.2415547
notion	5.4371147	4.015612	5.351865
purchase	5.524938	4.066685	5.783755
faithful	6.422371	3.9055822	6.003892
soldier	5.218468	4.160517	5.5517883
father	5.5728273	3.746866	5.5859356
narrow	4.2515564	3.5724924	4.867464
great	5.677802	4.1506124	5.784485
tear	4.3038206	4.5363874	4.535858
honorable	4.9411287	4.2895775	5.3216944
previous	5.1942987	3.552473	5.424108
good	6.064936	4.0637984	6.006323
domestic	5.0814257	4.09862	5.3431745
glory	6.8929834	4.570022	6.0794835
lay	5.2836766	3.5491881	5.5766587
occasion	5.6200233	4.1524105	5.673199
guard	4.508212	4.18134	5.4163733
whole	5.7370625	3.8467646	5.778054
mouth	5.7267013	3.9542024	5.471233
receive	5.6222844	4.0764475	6.0088916
take	5.423521	3.7891278	5.671812
simple	6.2384405	3.8636434	6.2263217
error	4.1967325	4.1863747	4.590481
wisdom	7.2385483	3.3138294	6.799675
rock	5.5368714	4.227122	5.715488
decide	5.0706224	4.647033	5.6114364
exclaim	5.599711	4.3722835	5.852599
assure	6.1565514	4.4499626	5.9571033
sign	5.29977	3.977401	5.585761
preserve	5.8221507	3.4869382	5.645553
commerce	5.986147	3.9674869	5.8585467
plant	4.9402375	3.833812	5.2573595
walk	5.7598214	3.754509	5.8371706
difference	5.2426267	3.9683402	5.509542
hang	4.644212	3.8550034	4.8578415
following	6.2278895	3.69126	6.0943174
employ	5.648179	3.9579039	6.041189
