deal	5.143491	3.9672446	5.5305085
study	6.213757	4.2881837	6.110494
afford	6.1878552	4.2543135	5.8336396
service	5.649425	3.9561744	5.7900844
height	5.376363	4.181576	5.473508
prospect	6.2597666	4.260032	5.7641344
pleasant	7.0824065	3.6107168	6.3854117
shade	5.829938	3.6056783	5.655963
listen	5.6043963	3.8422315	5.7625055
mighty	5.708764	4.1878443	5.334047
country	5.7607574	3.9838643	5.79167
title	5.6449704	4.032282	5.572031
choose	5.672513	4.049713	5.7928495
village	5.3257866	4.2587757	5.056667
acquire	5.8416886	4.218581	6.4266205
rank	5.4660096	4.665173	5.622373
bow	5.912452	3.2875257	5.75699
doctor	5.3452497	4.2040577	5.2845583
talent	6.060978	4.194316	6.0655236
source	6.0711007	4.0743017	5.910775
lead	5.2530713	4.287988	5.513987
question	5.569369	4.1135435	5.6887
publish	6.011877	4.1168456	5.7313275
interest	6.223843	4.018533	6.176945
serve	5.480545	3.7671435	5.8617487
divine	6.432439	4.2774787	5.7316265
put	5.500438	3.9867694	5.630826
shadow	5.5981016	3.7121925	5.3868017
practical	5.6390247	4.2892976	5.8409305
surface	5.633273	3.4830952	5.2263017
account	5.3692183	4.3874483	5.5445495
loss	4.532396	4.6270566	4.8100843
indian	5.301449	4.213167	5.0968885
vine	6.2447658	3.8438447	5.8495207
certain	5.44907	3.926058	5.44138
sin	4.579981	3.9056213	4.5810413
necessity	5.3138113	4.2995024	5.4348297
lose	5.1782913	4.437607	5.4326515
private	4.71754	4.081298	5.5086474
gentleman	6.272401	4.172102	6.143021
daughter	6.080145	4.0322924	5.4934063
drive	4.553521	4.921197	5.0604405
strange	5.7115827	4.324628	5.4673085
journey	5.8311477	3.777208	5.320462
uncle	5.8865447	3.955269	5.475897
species	5.811999	3.9864671	5.0561233
think	5.610252	4.084452	5.5888243
bed	5.027232	3.3706222	5.458663
wind	5.261675	4.1602507	5.180426
bless	6.851469	4.0293794	6.358823
destroy	3.8177295	4.9069595	4.4821815
author	6.3365784	4.185032	5.9947004
sustain	5.0506406	3.9470303	5.375512
black	5.0375986	3.8797898	5.0310097
event	5.8225245	4.080026	5.46815
liberty	5.978282	4.3718863	6.000799
negro	6.0189157	4.4465985	5.5653954
little	5.9383726	3.881684	5.701761
fortune	6.159021	4.290088	5.7787175
touch	5.39849	4.047076	5.4856734
kill	3.8967474	5.042686	4.419303
feature	5.9604526	4.2045307	5.8891325
happiness	6.8530207	3.9827735	6.265382
assume	5.258474	4.3137803	5.7096987
notion	5.0796304	4.2601094	5.1691704
purchase	5.7732964	3.8500595	6.02715
faithful	6.185628	3.891988	6.227936
soldier	4.97992	4.8503876	5.528973
father	5.588344	3.7754533	5.63813
narrow	4.243537	3.5939026	4.5578914
great	5.847281	4.183523	5.8511453
tear	4.5488524	4.252076	4.5993643
honorable	5.1993103	4.057976	5.430595
previous	5.2652974	4.2059965	5.4480233
good	6.2381964	4.1522074	6.1216054
domestic	5.6578846	3.7811453	5.978458
glory	6.6592627	4.558826	5.9334416
lay	5.3914742	3.5802824	5.5859547
occasion	5.639292	4.3230386	5.617773
guard	5.2618647	4.19707	6.0619354
whole	5.80478	3.8732586	5.8108234
mouth	5.227512	4.003293	5.286341
receive	5.9657593	4.109122	6.0134664
take	5.600429	4.010419	5.7612014
simple	6.0827594	3.7999477	5.613118
error	4.3161054	4.458148	4.6182194
wisdom	6.691085	3.6632612	6.2676544
rock	5.4341965	4.036728	4.998456
decide	5.7303405	4.238713	5.926192
exclaim	5.7986765	4.5169954	5.7748566
assure	6.528316	4.3175373	6.161193
sign	5.1456575	4.109638	5.5631056
preserve	6.234791	3.7746177	6.3135448
commerce	5.6260004	3.8766713	5.6541862
plant	5.680112	3.7040281	5.8133135
walk	5.7745533	3.6171565	5.9824677
difference	5.496904	3.6653929	5.54774
hang	4.733966	4.1706867	5.179556
following	6.0816865	3.9918685	5.62828
employ	5.339878	3.823994	5.816935
