deal	4.5082474	3.7690203	4.959108
study	6.7365603	3.5730755	6.6832833
afford	6.638343	4.0288234	6.012728
service	5.63151	3.9460204	6.085736
height	5.579934	4.163274	5.5919414
prospect	6.2646775	4.4789786	6.0981946
pleasant	6.923823	3.4787536	6.193316
shade	5.451073	3.6477885	5.763976
listen	5.750835	3.9177701	5.6427207
mighty	5.467725	4.5623574	5.372985
country	5.5745254	4.052459	5.404551
title	5.9851527	3.8696074	5.548087
choose	5.2708044	3.288562	5.6750793
village	5.5334353	3.6680882	4.746061
acquire	6.308877	3.9262638	6.2246823
rank	5.15714	4.730451	5.177553
bow	5.956923	3.589066	5.9112988
doctor	5.0247984	3.8063326	5.130911
talent	6.872978	4.3721714	6.558605
source	6.4805307	4.02312	5.454125
lead	5.3457637	4.0975976	5.6301084
question	4.965782	3.918472	5.296374
publish	5.850359	4.0242553	5.3529744
interest	6.0367794	4.1699247	5.80863
serve	5.3459554	3.7656646	5.9263277
divine	5.565961	4.3662415	5.075023
put	5.2120495	3.7307932	5.2994328
shadow	4.9126754	3.5302534	5.1851497
practical	6.003876	3.6765766	5.7557006
surface	6.0885286	3.46981	5.4593525
account	5.4056826	4.177064	5.3307667
loss	4.7387304	4.353931	4.7828865
indian	5.490943	4.088996	5.120279
vine	5.669853	3.7595322	4.9091234
certain	5.4264297	4.163463	5.547914
sin	4.0362473	4.561481	4.3275275
necessity	5.196163	3.9954944	5.2688165
lose	5.188691	4.100334	5.2868524
private	5.375924	4.034618	5.619423
gentleman	6.2264676	4.1212335	5.880807
daughter	6.2687497	4.1223097	5.5169597
drive	4.5348277	4.2938643	4.6887956
strange	5.207649	4.3514543	4.847896
journey	6.0805955	3.6579432	5.635864
uncle	5.663016	4.1784725	5.6643524
species	5.1277146	4.1310234	4.8248324
think	5.488336	4.0409493	5.5369234
bed	5.753905	3.4398808	5.51001
wind	4.9519606	3.7883916	5.233552
bless	6.0186577	3.761285	5.7596626
destroy	3.7165818	4.3051257	4.4158454
author	6.170615	3.8849547	5.930962
sustain	5.2696776	3.9525576	5.2825856
black	4.652443	3.913394	4.890405
event	5.526505	4.298028	5.566285
liberty	5.8468523	4.4291077	5.684814
negro	4.968315	4.3330398	5.0740504
little	5.9127917	3.9218566	5.6335506
fortune	5.9295983	4.4580355	5.752389
touch	6.11202	4.069355	5.7189054
kill	4.4608493	4.7257204	4.913479
feature	5.5180473	4.1932135	5.3821974
happiness	6.7081566	4.296023	6.178698
assume	4.7497063	3.8460968	5.1019964
notion	5.066268	4.2224455	5.239824
purchase	5.789512	3.9422634	5.734948
faithful	6.2275257	4.1121964	6.4753885
soldier	5.4590178	4.3420954	5.6274776
father	6.050254	4.0788903	5.330676
narrow	4.5034847	3.5300431	4.981757
great	5.6846514	4.0063224	5.558151
tear	4.6326995	3.814983	4.440713
honorable	5.454417	4.586538	5.8835416
previous	5.178659	3.5996227	4.7957416
good	5.895262	3.9611194	5.7960367
domestic	5.936236	4.1392546	5.9703856
glory	6.902645	4.613866	6.1774583
lay	5.8249702	3.7668068	5.719147
occasion	5.752609	4.350515	5.540711
guard	4.5267205	4.7492533	5.0530868
whole	5.5710735	3.8206055	5.5468802
mouth	5.1445565	4.3462095	5.003344
receive	5.730238	4.226807	5.5494804
take	5.384936	3.8563802	5.571259
simple	6.6255155	3.6416805	5.8928056
error	4.139206	3.938435	4.6926045
wisdom	6.559272	3.8294108	6.13826
rock	5.3721986	4.21512	5.05103
decide	5.528846	4.190404	5.673747
exclaim	5.295939	4.783508	5.733753
assure	5.9098845	4.6038895	5.9500637
sign	5.033791	3.6951847	5.697711
preserve	5.714637	3.7699769	5.8691254
commerce	5.9002657	4.199234	5.6857886
plant	5.7915773	3.4882467	5.4236555
walk	5.9503202	3.7041879	5.8275776
difference	4.8251877	3.7348785	5.128945
hang	4.842467	3.794524	5.229074
following	6.4868994	3.8146443	5.811245
employ	5.6542077	4.0498095	5.873795
