deal	5.2619686	4.5752573	5.413625
study	5.9841948	3.848872	5.831081
afford	6.1310015	4.115807	6.1849484
service	5.536523	3.9903312	5.7604704
height	5.7212725	3.9076302	5.3144503
prospect	6.7202034	4.0952334	5.848677
pleasant	6.5170546	3.5757556	6.2699094
shade	5.1292996	3.777564	5.7244787
listen	5.5712175	3.8755987	5.520918
mighty	5.680802	4.4721594	5.6158867
country	5.8071055	4.145763	5.589708
title	5.7331357	4.2248807	5.1854234
choose	5.623426	3.6171684	6.0255256
village	5.716299	3.7528667	5.1667857
acquire	6.099697	4.081818	6.257952
rank	5.184244	4.000715	5.2633996
bow	5.4540815	3.1993392	5.6856375
doctor	4.2647543	3.6566966	4.72789
talent	6.0731964	4.3659854	6.261801
source	6.3362417	3.9651558	5.54812
lead	5.2124968	4.347806	5.7534404
question	5.1740584	4.4429765	5.586976
publish	5.329796	4.343376	5.069204
interest	6.131926	4.06586	6.0714498
serve	5.667205	3.8592281	6.003909
divine	5.8052397	4.024183	5.1409245
put	5.086276	3.914636	5.411581
shadow	4.8109894	3.9086375	4.9895234
practical	5.648016	4.075961	5.4429283
surface	5.7074623	3.0494223	5.620729
account	5.5234313	4.2673798	5.342466
loss	4.7332687	4.505022	4.742642
indian	5.1956124	4.49735	4.9646187
vine	6.3342056	3.70452	5.4114194
certain	5.54157	4.175421	5.4335966
sin	3.4041643	4.2437115	3.848825
necessity	4.656077	4.3566165	5.135946
lose	5.063464	4.2890964	5.2723274
private	5.329954	4.307395	5.3626018
gentleman	6.4623804	4.160517	6.1958394
daughter	6.010997	4.067191	5.77433
drive	4.685328	4.6607666	4.944439
strange	5.395602	4.144955	5.0652494
journey	5.952742	3.8831027	5.410657
uncle	6.0316744	4.12834	5.7423778
species	5.5729475	3.953923	5.1106377
think	5.5414095	4.200057	5.5029445
bed	5.9351153	3.4400458	5.4773474
wind	5.4720726	4.236346	5.309375
bless	6.250434	3.8880625	6.004335
destroy	3.408378	4.9725757	4.168462
author	5.7930408	4.684453	5.4835167
sustain	5.628126	4.1031594	5.682579
black	4.6837206	3.864598	5.0249543
event	5.931662	4.284229	5.959154
liberty	5.6671715	4.4713783	5.8776636
negro	4.8600473	3.8187156	5.4536033
little	5.964062	4.018716	5.7037754
fortune	6.02901	4.7213016	5.6626167
touch	5.9288063	4.125488	5.5858006
kill	3.819838	4.9421988	4.253303
feature	5.74799	4.0414653	5.7380066
happiness	6.703053	4.372122	6.0756254
assume	5.006695	4.030652	5.435276
notion	5.1398544	4.65458	4.761898
purchase	5.8411865	4.0541234	5.842395
faithful	6.132114	3.6898026	5.89592
soldier	5.111596	4.033779	5.204281
father	5.814904	4.1541586	5.5705976
narrow	4.899842	3.465785	5.320836
great	5.941264	4.183694	5.8727856
tear	5.075542	4.0885825	5.1759686
honorable	4.956393	4.2970257	5.2640247
previous	5.3334694	3.6135464	5.546528
good	5.92468	3.9511967	5.929736
domestic	5.610285	4.0726204	5.5014663
glory	6.689772	4.297486	6.4002085
lay	5.3869505	3.6795545	5.518295
occasion	5.686472	4.233692	5.6694174
guard	5.2857924	4.1936755	5.8565197
whole	5.8653903	3.923311	5.557262
mouth	5.2594404	3.9932818	4.838152
receive	5.9558773	4.0140414	6.001798
take	5.4252887	4.042867	5.65563
simple	6.4736543	4.060651	5.817611
error	4.19532	4.5171595	4.327975
wisdom	6.638134	3.5226018	6.0600386
rock	5.7810903	4.573315	5.543548
decide	5.1439347	3.7932065	5.576506
exclaim	5.491585	4.5565677	5.79321
assure	6.2693434	4.2588577	6.1623926
sign	5.1551523	3.867375	5.7386727
preserve	5.8102255	4.006694	5.8638453
commerce	6.0231023	3.7998106	5.8425307
plant	5.652597	4.138331	5.390568
walk	5.6359563	3.664603	5.832253
difference	5.3706956	4.208583	5.360479
hang	5.1051645	4.0250635	5.2110767
following	6.035251	3.7195377	5.9001813
employ	5.3698707	3.7684636	5.7527456
