deal	4.959292	4.1763763	5.4140234
study	6.362578	4.0144467	6.0684986
afford	6.2078176	3.629395	5.8271203
service	5.8654194	4.178267	5.8215356
height	5.6159444	3.7462547	5.725689
prospect	6.999609	4.606826	6.0752497
pleasant	7.3105097	3.6949992	6.379916
shade	5.3945866	3.5439184	5.6345005
listen	4.9089737	3.791345	5.398263
mighty	5.7923512	4.695388	5.6707034
country	5.927206	4.1224394	5.7726297
title	6.038624	4.5663767	5.9935026
choose	5.761413	3.695047	5.9392886
village	5.490982	3.9092026	5.1741343
acquire	6.387692	4.2298665	6.4131603
rank	5.2696123	4.701519	5.557809
bow	4.843954	3.725337	5.6162105
doctor	3.9655216	3.916089	4.6566434
talent	6.336871	4.1335344	6.394205
source	5.8304405	4.1523957	5.979081
lead	5.484619	4.2110133	5.701093
question	4.7950997	4.2141533	5.3100295
publish	5.709362	4.299638	5.7824535
interest	6.16276	4.0153966	6.0100822
serve	5.3589654	3.8575077	6.00148
divine	5.7909465	3.8369417	5.4750633
put	5.3026757	3.9155593	5.7177014
shadow	5.5953536	3.8634973	5.5358777
practical	6.546378	4.2642603	6.4880323
surface	5.615003	3.4279108	5.839162
account	5.4721785	4.136297	5.586206
loss	4.614963	4.359374	4.939342
indian	5.4259787	3.769932	4.9542294
vine	5.7715664	3.5057821	5.661686
certain	5.4250655	3.8388786	5.5822487
sin	4.316933	4.3715725	4.538249
necessity	5.2533445	4.3180056	5.107352
lose	5.6268387	4.0589385	5.5417404
private	5.2004294	4.1747265	5.710878
gentleman	5.999822	4.174469	6.047927
daughter	6.2323384	4.2390866	5.7960505
drive	4.5304985	4.4255443	4.715453
strange	5.260598	4.3277802	4.892546
journey	6.3315973	3.4636688	5.70559
uncle	5.4876537	4.3030443	5.347067
species	5.524273	3.4059355	5.585157
think	5.6426754	4.191825	5.7590322
bed	5.2645392	3.4720988	5.3707776
wind	4.950472	4.2285852	5.287262
bless	6.5213056	3.9651713	5.8834634
destroy	3.903604	4.748996	4.9007063
author	5.488006	4.4280663	5.571064
sustain	5.6665154	3.7764452	5.6081862
black	4.3317776	3.8250158	4.898703
event	5.4920216	4.679547	5.2763577
liberty	5.628495	4.679235	5.8259373
negro	5.147229	4.246837	4.8139524
little	5.9262304	3.8611553	5.782269
fortune	6.411271	5.047684	5.913815
touch	5.9619203	4.0434775	5.7634153
kill	4.158367	4.653097	4.718043
feature	5.085771	4.0461774	5.5850916
happiness	6.55008	4.5931807	6.3113995
assume	5.140151	4.3112836	5.616674
notion	4.9201846	4.575683	4.9243155
purchase	5.1337905	4.355896	5.5650744
faithful	5.9293976	4.491233	5.621489
soldier	5.1953387	4.599385	5.4695587
father	5.710658	4.0304418	5.5230007
narrow	4.3591366	3.791073	4.7856507
great	5.927623	4.2071548	5.9323645
tear	4.4562	3.9649215	4.8097405
honorable	5.5477405	4.65485	5.7835445
previous	4.960061	4.0545506	5.015071
good	6.111046	4.2251945	6.0145936
domestic	5.361147	4.011453	5.423956
glory	7.0199995	4.7050033	6.1022854
lay	5.3079243	3.3761048	5.7062054
occasion	5.3190937	4.2913246	5.236186
guard	4.790859	4.044443	5.3718634
whole	5.973632	3.8766408	5.7368283
mouth	4.679087	4.1040697	5.243992
receive	6.2398725	3.7722776	6.038323
take	5.617444	3.7935343	5.686811
simple	6.3855004	3.9948542	5.86675
error	3.9551637	4.2270527	4.697662
wisdom	6.608677	3.9132874	6.198358
rock	5.955999	3.8790133	5.551962
decide	5.0427737	4.207753	5.6413827
exclaim	5.745211	4.6648364	5.910164
assure	5.7622423	4.381839	5.8237367
sign	5.2986403	3.7843466	6.169913
preserve	5.5716214	3.6975353	5.876932
commerce	6.145474	4.221633	6.2717705
plant	5.076686	3.6046262	5.549594
walk	5.80436	3.6547518	5.6188736
difference	5.283263	3.381391	5.6273212
hang	4.5582085	3.9451075	5.277468
following	6.1242967	3.8301578	5.8985357
employ	5.79672	3.689665	5.84809
