deal	4.7607484	4.167512	5.4189577
study	6.022559	4.0808697	6.023039
afford	6.425824	4.0143266	6.2071
service	5.668689	3.865726	5.625358
height	5.8225827	4.0899982	5.4627438
prospect	6.240204	4.2343206	5.578651
pleasant	6.891926	3.4655933	6.342661
shade	5.7254	3.4161994	5.722612
listen	5.3983626	3.908406	5.7901115
mighty	5.4611106	3.882695	5.4647937
country	5.783534	4.1498528	5.772179
title	5.2943244	3.6352324	5.1055756
choose	5.626958	3.6449893	5.9802556
village	5.5755095	4.01467	5.335887
acquire	6.299327	3.8872452	6.3330054
rank	4.8228536	4.691943	5.0854807
bow	5.7565904	3.2625985	5.8732924
doctor	5.7746086	3.9043174	5.6836977
talent	5.9051294	4.8483624	6.0145693
source	5.92991	3.5518405	5.867361
lead	5.2941313	3.9318888	5.5464215
question	5.2506967	4.0803504	5.7213054
publish	5.5533237	3.4250317	5.4296885
interest	5.972096	4.2457657	6.179935
serve	5.4786916	3.8274512	5.918346
divine	5.831305	4.21036	5.3064265
put	5.3043017	3.683208	5.493897
shadow	5.214244	3.5289235	5.2711663
practical	5.5143943	4.0441904	5.711277
surface	5.7873178	3.0751472	5.472124
account	5.4305587	4.360778	5.2680717
loss	5.006079	3.9742918	5.0993395
indian	5.5860705	4.0101547	5.2586646
vine	5.3080835	3.9494188	4.788514
certain	5.448289	3.949562	5.6876364
sin	3.7028108	4.24881	3.982655
necessity	4.9834976	4.3869586	5.122805
lose	5.585705	3.812946	5.608087
private	4.9782724	4.151924	5.1610403
gentleman	5.9224496	4.080269	5.8022614
daughter	6.19549	4.0155015	5.568719
drive	4.943979	4.1120276	4.871464
strange	5.430091	4.0938005	4.9714565
journey	6.1982102	3.6805658	5.550524
uncle	6.5681467	4.7298656	6.021115
species	5.817387	4.111451	5.1245646
think	5.5859327	4.157076	5.5252304
bed	5.984211	3.5338523	5.4251156
wind	5.579933	4.1369705	5.2895756
bless	6.0109496	3.806826	5.6517706
destroy	4.1203365	4.4108725	4.5913553
author	6.01061	4.239755	5.9439826
sustain	5.7116556	3.8442955	5.851624
black	5.009563	3.7361667	4.9062138
event	5.264817	4.02531	5.355215
liberty	5.656717	4.216336	5.7990665
negro	5.627265	3.8719456	4.7827654
little	5.9358797	3.6477158	5.873383
fortune	5.7876782	4.5186195	5.558831
touch	5.7922344	4.0267105	5.583435
kill	4.2156086	4.885599	4.602288
feature	5.6734285	4.1693225	5.6360984
happiness	6.389731	3.93603	6.0039363
assume	5.3173103	4.004129	5.322469
notion	4.962396	4.362392	4.9640913
purchase	5.4884405	3.55325	5.7680793
faithful	5.8122993	3.993887	6.239387
soldier	5.177994	4.6834726	5.5835686
father	5.60894	4.1017528	5.40653
narrow	4.8398685	3.51943	5.205366
great	5.7353454	4.129322	5.7988863
tear	4.641823	4.176166	4.9685044
honorable	5.114722	4.353372	5.1443405
previous	5.4917097	4.008214	5.051612
good	5.990141	3.9651768	6.1272373
domestic	5.49287	4.031436	5.9567614
glory	6.537649	4.237971	6.119616
lay	5.5517817	3.6412978	5.799319
occasion	5.5913715	4.1611056	5.7686825
guard	4.864198	4.2322583	5.6894712
whole	5.7257648	3.6638687	5.5978546
mouth	5.482799	3.8666487	5.1524863
receive	5.905062	3.7396908	5.8444123
take	5.59757	3.720674	5.7083764
simple	6.5434904	3.9686518	5.9680967
error	4.1816406	4.2970266	4.3723598
wisdom	6.532444	3.5937064	6.035485
rock	6.0349607	3.9535058	5.327485
decide	5.538567	3.9318118	5.7926545
exclaim	5.009086	4.640696	5.514315
assure	5.8781266	3.8927953	5.7951045
sign	5.3099284	4.248961	5.7321405
preserve	6.040781	3.774863	5.988487
commerce	5.974942	4.323422	5.753894
plant	5.4584923	3.8902042	5.2332697
walk	5.807076	3.9404612	5.9088326
difference	5.161754	3.4843907	5.206829
hang	5.0725584	4.043382	5.1981134
following	6.076839	3.9905639	5.7589083
employ	5.597402	3.9100318	6.033851
