deal	4.531187	4.1039886	5.1793976
study	6.130377	4.150562	6.209367
afford	6.3486223	3.9225533	6.2915444
service	6.0494	3.9440026	6.285617
height	5.6973376	4.084129	5.652523
prospect	6.4538026	4.4474063	6.1307225
pleasant	6.85599	3.9582195	6.476915
shade	5.395634	3.2350864	5.5498476
listen	5.2417893	4.029572	5.5402055
mighty	5.6433783	4.0233035	5.603042
country	5.7628207	4.3609	5.613431
title	6.2996063	3.874882	6.1037683
choose	5.2123623	3.586485	5.5496087
village	5.715328	3.9574604	5.3499913
acquire	6.3652434	3.8380823	6.451212
rank	5.6475096	4.3945284	5.46075
bow	5.6442146	3.5654387	5.579057
doctor	5.3837433	3.6380694	5.4020433
talent	5.963633	4.3247213	6.123756
source	5.5054016	3.7526748	5.435454
lead	5.4016232	4.222299	5.698563
question	4.912589	4.1662655	5.530139
publish	5.510759	4.2374444	5.630049
interest	5.9600325	4.249812	6.0588827
serve	5.636363	3.856274	6.1414466
divine	6.367036	4.188303	5.4375753
put	4.8680987	3.9504867	5.3591194
shadow	5.2215652	3.5415552	5.3597093
practical	5.7040315	3.8547807	5.8919992
surface	5.7587705	3.7442656	5.64606
account	5.655325	4.40805	5.4416695
loss	4.906738	4.2259336	5.105946
indian	5.300507	4.1937647	5.0297966
vine	5.619483	3.9467332	4.8983474
certain	5.319395	4.2865105	5.4438543
sin	4.183545	4.2868266	4.479927
necessity	4.5999384	4.3030634	4.9567285
lose	5.451105	4.216801	5.4693074
private	5.2603416	4.442207	5.6091824
gentleman	6.121298	4.2116594	5.8957143
daughter	6.749952	4.1055355	5.7486353
drive	4.6399426	4.5250382	4.959697
strange	5.2694583	4.3321953	4.988205
journey	5.7661643	3.7015717	5.6638517
uncle	5.4379272	4.355448	4.879381
species	6.1060867	4.6361027	5.5138373
think	5.6850996	4.1887884	5.6201067
bed	5.4743648	3.5811102	5.3954115
wind	5.1370955	4.3924484	5.137907
bless	6.3924103	3.960325	6.171836
destroy	4.1125426	4.7928686	4.796205
author	5.7009974	4.3587217	5.615554
sustain	5.335349	4.3242497	5.5257654
black	4.7870035	4.216015	4.94944
event	5.490465	4.640246	5.391969
liberty	5.842638	4.894989	5.897686
negro	5.6510363	4.949994	5.39008
little	5.897662	3.9228547	5.7819004
fortune	6.2576337	4.5766377	5.6779547
touch	5.6144085	4.5984607	5.587138
kill	4.644087	4.9150987	4.9469357
feature	5.8246207	4.2436423	5.6984515
happiness	6.6985097	4.0379567	6.2753687
assume	4.934949	4.1514196	5.127632
notion	5.2712336	3.971112	4.754507
purchase	5.9712358	4.4358535	6.0588894
faithful	5.7385674	4.0116367	6.073389
soldier	4.937292	4.4695625	5.321982
father	5.877187	3.9590843	5.624512
narrow	3.8289194	3.3313723	4.7892046
great	5.754259	4.2868586	5.7236676
tear	4.5428324	4.305827	4.661565
honorable	5.5085354	4.139673	5.628279
previous	5.198568	4.1481986	5.192993
good	6.025997	4.0727067	6.035644
domestic	5.8543177	4.3864837	5.9474635
glory	6.5912232	4.6318164	6.3105574
lay	5.1216965	3.8087058	5.3988748
occasion	5.457943	4.5827355	5.499248
guard	4.4034605	4.4685526	5.4963326
whole	5.68172	3.9881163	5.57907
mouth	5.152135	4.3713737	5.270783
receive	6.1859727	4.100452	6.029477
take	5.5263133	3.9793372	5.634104
simple	6.6427193	3.8488255	5.582293
error	4.314386	4.082556	4.585351
wisdom	6.297242	3.5949569	5.917683
rock	5.6834903	4.070676	5.6172276
decide	5.6454306	3.80424	5.6284623
exclaim	5.896177	4.511104	6.206002
assure	6.64385	4.127716	6.0798907
sign	5.185619	4.2933273	5.492238
preserve	5.72198	4.287591	5.8281665
commerce	5.558561	4.0765243	5.5020385
plant	5.4185586	3.8392017	5.2054324
walk	5.653944	3.9255788	5.837016
difference	5.0972323	4.1992707	5.4697704
hang	5.050585	4.0846386	5.3785434
following	6.324086	4.196179	5.9354434
employ	5.5007524	3.8119915	6.078759
