deal	4.8368907	4.2928953	5.3140087
study	6.4213233	3.8801484	6.3128843
afford	6.0145183	3.865789	5.9641604
service	6.0972815	3.850883	6.0682034
height	5.490427	3.8252275	5.2668657
prospect	6.261633	4.9415092	5.2536254
pleasant	6.6213036	3.0824933	6.355961
shade	5.531695	3.7044067	5.953281
listen	5.5279207	3.9742029	5.566815
mighty	5.867805	4.245206	5.4079275
country	5.8049684	4.230489	5.6569734
title	6.2768364	4.038543	5.7937264
choose	5.6573553	3.348417	6.016815
village	5.9693937	4.158517	5.615878
acquire	5.859533	3.759702	6.1789885
rank	5.0734177	4.230032	5.312761
bow	6.0419183	3.032484	5.966749
doctor	5.338926	3.9228842	5.4112186
talent	6.3789864	4.2860126	6.545116
source	5.9458227	3.6974788	5.2623653
lead	5.166713	4.388092	5.3614492
question	5.1337614	4.161433	5.3614893
publish	6.434844	4.1902485	5.7839246
interest	5.824274	4.130178	5.8482966
serve	5.444014	3.8478627	5.8861065
divine	5.7199206	4.10464	5.355894
put	5.446607	3.743307	5.634367
shadow	5.460702	4.0362635	5.248758
practical	6.046731	3.9303608	6.3965325
surface	5.6094074	3.535192	5.7457986
account	5.246296	4.278991	5.240613
loss	4.6493015	3.8990188	4.8902316
indian	5.0552106	4.225873	5.0029144
vine	4.766411	3.657597	4.6463604
certain	5.3281875	4.0237694	5.4077344
sin	3.5448906	4.7212887	4.2980633
necessity	4.9836664	4.7542815	5.191163
lose	5.2077312	3.8662634	5.2030997
private	5.023971	3.8309631	5.1403832
gentleman	6.053116	3.994714	5.7630687
daughter	5.8796062	4.0325236	5.463859
drive	4.7630224	4.583593	5.0268826
strange	5.382667	4.0464573	4.9451613
journey	6.273246	3.509922	5.8726754
uncle	5.504143	4.598342	5.5058413
species	5.6203194	4.1054726	5.404846
think	5.6901817	3.9897842	5.697202
bed	5.2950068	3.4881377	5.230425
wind	5.3040366	4.073281	4.9804654
bless	6.4594216	4.11135	5.8954577
destroy	4.6964645	4.3553176	4.9364185
author	6.473295	4.237452	5.7986035
sustain	5.5844145	3.7853587	5.6863785
black	4.8902416	4.043915	4.938129
event	5.4368434	4.4209433	5.2905607
liberty	5.883909	4.205924	5.605037
negro	4.925657	4.567411	5.020878
little	5.9893255	3.7744563	5.7759237
fortune	5.8209004	4.407266	5.5317416
touch	5.836013	3.7759333	5.6186113
kill	4.202834	5.202825	4.847614
feature	6.06633	4.0584807	5.768694
happiness	6.669713	4.1676135	6.059526
assume	5.941645	3.4006414	5.868123
notion	5.016425	4.3492346	4.907634
purchase	5.9162817	4.3355055	5.8898835
faithful	5.6772065	3.7437968	5.633063
soldier	4.950598	4.2511463	5.255835
father	5.815692	3.992871	5.528859
narrow	3.9546986	3.6552582	4.342716
great	5.901688	4.187999	5.8099675
tear	4.8594046	3.9310603	5.049158
honorable	5.3601856	4.334899	5.6900764
previous	5.400304	3.9456956	5.088732
good	5.9823327	4.007161	5.9837227
domestic	5.919091	4.055938	5.8193216
glory	6.612303	4.4589915	5.8750896
lay	5.464413	3.5539255	5.6885834
occasion	5.3577385	4.442609	5.393738
guard	5.131571	4.4248466	5.5877695
whole	5.809212	3.834911	5.6088023
mouth	5.228452	4.4311404	5.2139616
receive	6.213751	3.961505	5.891773
take	5.5984263	3.7469287	5.6329207
simple	6.65236	3.725555	6.330911
error	4.262106	4.739083	4.7322826
wisdom	6.9507627	3.5840166	6.4452834
rock	5.7577987	4.2881765	5.3789506
decide	5.5435224	4.1276617	5.790932
exclaim	5.5876384	4.605318	5.8595505
assure	6.608453	4.2374287	6.040543
sign	5.2818193	4.135098	5.6151743
preserve	5.7146993	3.898964	5.872672
commerce	5.680437	4.149126	5.871819
plant	5.1031218	3.747166	5.080215
walk	5.92697	3.7503815	5.870593
difference	5.1312137	3.724975	5.2470474
hang	5.0131025	4.122069	4.9155264
following	6.258174	3.8625574	5.872379
employ	6.0644965	3.947101	6.2060957
