deal	4.7975545	4.3102307	5.362098
study	5.9952006	3.4513068	6.084144
afford	6.2411523	4.267324	6.101105
service	5.613103	3.940669	5.677051
height	5.4801393	3.8531573	5.452073
prospect	6.6022477	4.3019867	5.6099405
pleasant	7.025094	3.5542178	6.5475025
shade	5.5877724	3.383059	5.604418
listen	5.2223573	3.8482003	5.827936
mighty	5.3087564	4.6712523	5.0720725
country	5.8119583	4.0559397	5.4754066
title	6.07854	4.0476065	5.5010734
choose	5.6679525	3.5441835	5.822117
village	5.6322803	4.137541	5.342277
acquire	6.0337596	3.9382684	6.381898
rank	5.1837254	4.1034513	5.2435365
bow	6.2539325	3.191961	5.7944226
doctor	4.879423	3.9764967	4.916565
talent	6.43447	4.3990417	6.4087434
source	6.1238275	3.9795554	5.960293
lead	5.033331	4.191432	5.4110684
question	4.9366593	4.2650914	5.167451
publish	6.1512117	3.7982218	5.9055176
interest	5.936832	4.1379366	5.8789797
serve	5.427851	3.577105	5.7348423
divine	5.895833	4.352288	5.5804577
put	5.251529	3.6718383	5.4631624
shadow	5.1624985	3.550588	5.063784
practical	5.742295	3.7738748	6.021838
surface	5.5748105	3.3471324	5.331106
account	5.493388	4.32647	5.2366734
loss	4.686091	4.240576	5.061762
indian	5.2346144	4.042403	4.8185735
vine	5.771223	3.6962862	5.591574
certain	5.462882	4.396083	5.489141
sin	3.999401	4.290075	4.2756805
necessity	5.284383	4.277537	5.335301
lose	5.0021114	4.160107	5.234311
private	5.376122	3.948349	5.540427
gentleman	6.2315836	4.095005	5.912691
daughter	6.2542834	4.0584145	5.3404603
drive	4.532688	4.441306	4.7262144
strange	5.1085777	4.3843007	4.894029
journey	6.0480466	3.6583915	5.4883738
uncle	5.7745447	3.5621874	5.1460032
species	5.153534	4.116572	4.8791437
think	5.537352	4.22277	5.5858383
bed	5.9087777	3.642434	5.4595957
wind	4.9423156	4.3903675	4.816266
bless	6.1804	3.4480538	5.9050493
destroy	3.9683118	4.576003	4.4235644
author	6.352115	4.1132374	5.8663507
sustain	5.614726	3.9295022	5.5903964
black	4.444082	3.821797	4.890849
event	5.7303696	4.18078	5.3543
liberty	5.7660456	3.9440534	5.627407
negro	5.0418897	4.1453214	4.594305
little	6.0071754	3.9379597	5.8636327
fortune	6.0671835	4.3521624	5.559395
touch	5.8428993	3.891036	5.749071
kill	3.799263	4.9164066	4.5459847
feature	5.723702	4.0480843	5.5096607
happiness	6.824193	4.2827263	6.2341957
assume	5.0025644	3.9302804	5.5455403
notion	4.8454256	3.9795864	4.6946125
purchase	5.6539645	4.0324354	5.775303
faithful	5.7561626	4.2969313	6.0193405
soldier	4.203059	4.272529	4.9673376
father	5.895589	3.8286695	5.605204
narrow	4.9494195	3.48919	5.3053355
great	5.7808604	4.323607	5.770675
tear	4.787564	4.2495737	4.860279
honorable	5.4710135	4.534234	5.418107
previous	5.224947	3.7530627	4.9993496
good	5.9640756	4.398007	6.2175884
domestic	6.1286197	3.9398358	5.8224688
glory	6.379744	4.098007	5.797786
lay	5.5613074	3.485807	5.5448885
occasion	5.4002852	4.46686	5.3564744
guard	4.514387	3.9386027	5.308324
whole	5.609779	3.8557289	5.5149913
mouth	5.3598137	4.202141	5.284716
receive	5.871095	4.088978	5.881297
take	5.394367	3.689858	5.571081
simple	6.8435326	3.744648	6.362602
error	4.605604	4.2393003	4.3760095
wisdom	6.5693073	3.768225	6.427032
rock	5.5181637	3.9983468	5.2359424
decide	5.0919585	3.7700129	5.290021
exclaim	5.6761637	4.289981	5.957424
assure	5.8575497	4.4687304	5.9658127
sign	5.2008667	4.2068553	5.438317
preserve	5.364886	3.5616584	5.457387
commerce	5.3533125	3.829505	5.33275
plant	5.8449655	3.9340625	5.278739
walk	5.544823	3.4938216	5.8663864
difference	4.920104	3.7527697	5.2481465
hang	4.999554	4.0186243	5.278782
following	6.100294	3.4544215	5.747057
employ	5.656539	3.990183	5.911417
