deal	4.584667	4.047373	5.425071
study	6.232643	3.921234	5.9466825
afford	6.37734	4.1799073	5.9089026
service	5.982211	4.3380184	6.241808
height	5.642085	3.7187538	5.301049
prospect	6.7547936	4.519217	5.9007087
pleasant	7.147633	3.2670403	6.339527
shade	5.409415	3.6302967	5.593179
listen	5.705114	3.7141175	5.735133
mighty	5.4862995	4.1811204	5.5081587
country	5.7152658	4.2071095	5.4908285
title	5.8808265	3.8547437	5.756852
choose	5.519979	3.5572555	5.6822286
village	5.7536507	3.460805	5.19451
acquire	5.8641367	3.920315	6.3100677
rank	5.34672	4.448764	5.5955224
bow	5.6801586	3.4473166	5.649326
doctor	4.2092133	3.9219775	5.0221963
talent	6.591688	4.663736	6.3675203
source	5.7867436	4.1909814	5.4761505
lead	5.0319586	4.287846	5.39972
question	4.827731	4.253411	4.9723372
publish	6.0713644	3.6864464	5.7282524
interest	6.081282	4.3720016	5.838312
serve	5.6275854	4.142392	6.06233
divine	5.7081747	4.5456634	5.383792
put	5.03501	3.8767993	5.352184
shadow	5.143034	3.7512772	5.414632
practical	5.9587297	3.8531122	5.62651
surface	5.9212327	3.014632	5.642572
account	5.4933114	4.363285	5.5473495
loss	4.113493	4.3512225	4.641789
indian	5.266085	4.1931987	5.303322
vine	6.281249	3.9294496	5.787652
certain	5.58029	4.209723	5.582986
sin	4.1689153	4.2160482	4.5383663
necessity	5.198524	4.1138377	5.2173505
lose	5.2527885	4.0363994	5.2543607
private	5.0792675	4.472135	5.2193823
gentleman	6.1529694	4.009278	5.8761916
daughter	5.821114	3.844667	5.522658
drive	4.958913	4.507892	5.110719
strange	4.934432	4.4321113	4.69314
journey	5.9475994	3.7872007	5.874094
uncle	5.178361	4.5132217	5.076196
species	5.47338	4.5082555	5.506484
think	5.458678	4.080644	5.4269176
bed	5.072317	3.6772451	5.0378013
wind	5.255562	4.15532	5.1375766
bless	6.1645417	3.6229432	5.5659328
destroy	4.1063604	4.565546	4.4082584
author	5.9647584	4.485899	5.6338615
sustain	5.3315983	4.122982	5.3851585
black	4.7542605	3.9398088	5.1245527
event	5.250205	4.322417	5.2107058
liberty	6.137121	4.034311	5.915344
negro	4.952143	4.741864	5.2576194
little	6.037956	3.776979	5.752265
fortune	5.783692	4.554819	5.559633
touch	5.941841	4.384311	5.689427
kill	3.5761435	4.7187514	4.226835
feature	5.849648	4.147773	5.9193196
happiness	6.6181965	4.0877314	6.0069966
assume	4.9949417	4.036559	5.6606874
notion	4.847068	4.2955465	4.9589767
purchase	5.8936267	4.245298	6.307823
faithful	5.901718	4.3281007	6.1398563
soldier	5.0701365	4.421755	5.4333987
father	5.4860897	3.8028355	5.420763
narrow	4.5977235	3.7133634	4.8630157
great	5.704005	4.200433	5.5436735
tear	4.892298	4.0914927	4.9083505
honorable	4.916542	4.2813463	5.135049
previous	5.3414574	3.8608034	5.0059986
good	5.9384313	4.0645466	5.954171
domestic	5.9399137	3.8873816	5.311394
glory	6.828304	4.166385	6.2362213
lay	5.388777	3.5971208	5.5043387
occasion	5.5579057	4.3746142	5.3856483
guard	5.1087885	4.1813498	5.4652143
whole	5.656674	3.8106024	5.5614157
mouth	4.4946494	3.6757073	5.030512
receive	6.0852065	4.05428	5.8442397
take	5.4693065	3.8180172	5.5283427
simple	6.10128	3.915925	5.629908
error	3.892854	4.6890326	4.321106
wisdom	5.8219547	3.521325	5.703404
rock	5.7918825	3.9508274	5.5513515
decide	4.8507767	4.217633	5.022554
exclaim	5.6731606	4.2808714	5.6166563
assure	6.22812	4.263821	5.9673867
sign	5.6631904	4.3580103	5.869233
preserve	6.1073885	3.530354	5.7447295
commerce	5.8189206	4.001208	5.5395355
plant	5.6439414	3.8695142	5.2504663
walk	6.1243443	3.5717983	5.9251738
difference	5.16362	3.6016383	5.481246
hang	4.728918	4.347647	4.940935
following	6.22245	3.8788743	6.059352
employ	5.463355	3.8178072	5.719047
