deal	4.7792645	4.3286877	5.112595
study	6.0705285	3.8989854	6.3168387
afford	6.386636	3.9287734	5.7261333
service	5.686294	3.8436809	5.8399506
height	5.3692226	4.245256	5.2987394
prospect	6.7781014	4.428696	6.012895
pleasant	6.9237547	4.0125785	6.169997
shade	5.2298293	3.5534813	5.2511816
listen	5.255931	4.2398257	5.4529805
mighty	5.604496	4.427205	5.5355196
country	5.5195847	3.9600809	5.4149194
title	6.7391286	3.8039129	6.2109423
choose	5.5074625	3.4607725	5.8093095
village	6.187331	3.8671243	5.709292
acquire	6.5800767	4.4533887	6.734333
rank	5.030897	4.2245502	5.1113825
bow	5.9522347	3.3776932	5.726416
doctor	4.830635	3.954414	4.833688
talent	7.0591974	4.361486	6.9305534
source	6.3231373	4.288946	5.831103
lead	4.802816	3.8184993	5.4229035
question	5.2675343	3.8590841	5.5571275
publish	5.6798315	3.9031157	5.551957
interest	5.9808125	4.212493	5.933735
serve	5.373618	3.4421115	5.902167
divine	6.2232985	4.2897243	5.578636
put	5.6673727	3.8633947	5.6773486
shadow	4.852791	3.246292	5.124967
practical	5.634273	3.6620476	6.0106554
surface	5.045093	3.4810135	4.8546166
account	5.3187556	3.928154	5.467289
loss	4.690046	4.511023	4.688612
indian	5.2227893	4.6913657	5.4069786
vine	6.0046186	3.9650972	5.6568556
certain	4.9079957	4.528968	5.235939
sin	3.5519738	4.356319	4.5203953
necessity	4.558128	4.163861	4.907323
lose	5.000854	4.311244	5.320562
private	4.403526	3.7359657	5.2275567
gentleman	5.8232756	3.6615286	5.5206213
daughter	5.7246656	4.467712	4.9594765
drive	4.1505256	4.5678897	4.8029733
strange	4.6167097	4.823696	4.489306
journey	5.780045	3.785926	5.518402
uncle	6.0634527	3.4740167	6.076626
species	4.958162	4.4493175	4.901735
think	5.34929	4.0838656	5.568067
bed	5.7018356	3.463522	5.4261494
wind	4.755035	4.108656	4.728203
bless	7.277655	3.9588645	6.3044267
destroy	4.0331163	4.833799	4.998469
author	5.7661715	4.4310465	5.3044977
sustain	5.1793494	4.1041994	5.639333
black	4.4722342	4.923534	4.490881
event	6.1320004	4.204853	5.099616
liberty	7.034557	5.081718	5.977749
negro	4.28437	4.545541	4.6358366
little	5.2093368	3.7846982	5.1009035
fortune	6.4735546	4.355436	5.797475
touch	5.5134068	3.9623086	5.4927006
kill	4.348122	4.8476863	4.9181294
feature	5.02672	3.8849256	5.2675877
happiness	7.3888445	4.43195	6.6018047
assume	4.1346917	3.9922805	5.1159396
notion	5.464718	3.918364	5.6951547
purchase	6.2895374	3.7924488	6.416959
faithful	6.3311605	3.741275	5.9517684
soldier	4.389021	4.6834416	5.1384597
father	6.221736	4.1718607	5.636174
narrow	3.9193048	3.7100744	4.498795
great	5.141972	4.2820153	5.0054083
tear	4.4665422	4.0920744	4.7647953
honorable	5.4335117	4.20389	5.699582
previous	4.319862	3.9581392	4.8226953
good	6.239635	3.9146657	6.072724
domestic	5.198628	3.7045841	4.984449
glory	6.834999	4.3231087	6.200218
lay	5.0569496	3.519507	5.754035
occasion	4.829534	4.262648	4.6616583
guard	5.027041	4.0288568	5.3650093
whole	4.91398	4.30208	5.0870733
mouth	4.8105645	4.190015	5.1637754
receive	6.0000596	4.031907	5.8378954
take	5.4326344	3.8220696	5.8577633
simple	5.9690123	3.747834	5.8832655
error	3.8347943	4.492412	4.4309125
wisdom	6.4704556	3.8769436	6.258567
rock	5.701297	4.170335	5.2748055
decide	4.975703	4.0144134	5.503497
exclaim	5.886209	5.0002794	5.6611676
assure	6.8434787	3.9034922	6.666685
sign	5.1710434	3.6913671	5.2170625
preserve	6.097775	3.3050094	5.913594
commerce	5.4077334	4.337022	5.705453
plant	4.948571	4.0478854	4.9797773
walk	5.738425	3.7056804	5.936322
difference	5.3691845	3.7913496	5.3451457
hang	4.740392	3.5856876	4.9782615
following	6.3556466	3.5546675	5.9050884
employ	4.8515515	4.033596	6.104197
