deal	5.4755726	4.2044935	5.628824
study	6.0646505	4.0306525	6.0108547
afford	6.443108	3.984549	5.9809494
service	5.448892	3.8531296	5.806644
height	5.3165264	4.13725	5.232856
prospect	7.160858	4.1765685	6.205839
pleasant	6.906239	3.834154	6.19919
shade	5.1502724	3.6032577	5.244237
listen	5.1897106	3.9775465	5.549142
mighty	5.801983	4.4537587	5.7515683
country	4.932041	3.6446261	5.120312
title	6.8369327	3.9423583	6.209347
choose	5.458598	3.7915182	5.780469
village	6.2175894	4.1807203	5.562107
acquire	6.8225737	4.4120603	6.8209753
rank	5.244499	4.0877824	5.439077
bow	6.160018	3.663204	6.0390844
doctor	4.7587214	4.1154227	4.7470446
talent	6.838395	4.6139197	6.568215
source	6.144329	4.257007	5.675865
lead	5.104918	4.1119823	5.604039
question	5.315656	4.201795	5.634978
publish	5.691541	4.27328	5.736576
interest	5.924074	3.9814613	5.8233514
serve	5.1867237	3.383398	5.67204
divine	6.436021	3.776125	5.594358
put	5.764032	3.8738325	5.9779825
shadow	5.010877	3.3156054	5.1141105
practical	5.450442	3.8379657	5.781092
surface	5.130017	3.3694024	4.977522
account	5.533691	4.272144	5.560711
loss	4.7713356	4.758144	4.9442987
indian	5.2796407	5.0508833	5.4394965
vine	6.1318307	3.624865	5.701963
certain	4.952041	4.457531	5.0694647
sin	3.6003904	4.2943993	4.252163
necessity	4.293593	4.138844	4.813109
lose	4.6379395	4.5325875	4.995855
private	4.613394	3.8637245	5.4275956
gentleman	5.7265315	3.5886836	5.5123873
daughter	5.6302238	4.599881	5.061854
drive	4.403759	4.5647717	4.736177
strange	4.624421	4.8207417	4.40457
journey	6.085228	3.8303568	5.8420525
uncle	5.993418	3.5049436	5.602267
species	4.909237	4.656292	4.9320602
think	5.5312414	4.3895807	5.5568852
bed	5.196706	3.4801648	5.49518
wind	5.282428	4.1315017	5.0296464
bless	7.298396	3.9007492	6.4664655
destroy	4.1063857	4.8872986	4.8281455
author	5.78417	4.3031096	5.397278
sustain	5.1136274	4.0136576	5.807055
black	4.451505	4.501227	4.678911
event	6.1372147	4.535617	5.260916
liberty	6.590254	4.8718133	5.978022
negro	4.815823	4.0979586	4.8019724
little	5.2953553	4.2157125	5.071425
fortune	6.019725	4.443556	5.541333
touch	5.548994	3.7400198	5.5832605
kill	4.132477	5.134343	4.7502127
feature	5.2142367	3.9990957	5.307622
happiness	7.55631	4.6022468	6.6777215
assume	4.1405506	3.8818378	4.943983
notion	5.8977156	4.160079	5.6115117
purchase	6.4610844	3.634625	6.404041
faithful	6.2192535	3.41521	6.183857
soldier	4.510787	4.632215	5.1974583
father	5.9365015	3.9421291	5.2548957
narrow	3.8598764	3.7257674	4.424585
great	5.5710588	4.115407	5.279526
tear	3.6790552	4.193258	4.4472747
honorable	5.5926933	4.2366686	6.02304
previous	4.4608455	3.9330554	4.7760463
good	6.5714626	3.6766768	6.5151777
domestic	4.8584623	3.8756447	4.842209
glory	6.8034964	4.5093565	6.22178
lay	4.5997963	3.3643298	5.5583887
occasion	5.0611196	4.3520436	5.147352
guard	4.6026163	3.8000686	5.25193
whole	5.3167157	3.9195213	5.2983017
mouth	5.28135	4.0231137	5.3750634
receive	6.271569	3.6784945	6.1691103
take	5.284212	3.88301	5.4315095
simple	6.1519175	3.8333507	6.0698924
error	3.5486922	4.3083496	4.1704164
wisdom	6.671159	4.010351	6.1092796
rock	5.528408	4.2614946	5.283982
decide	5.0975432	4.1850166	5.3857756
exclaim	5.9549108	4.473439	5.7926674
assure	6.939004	4.0971513	6.552779
sign	4.9980025	3.5027041	5.032227
preserve	5.90838	3.490577	5.920946
commerce	5.3875465	4.2406254	5.5690336
plant	4.6916733	3.7538588	5.0086384
walk	5.885056	3.5802646	5.938859
difference	5.2596707	4.0336547	5.18627
hang	4.8871784	3.8083625	4.999751
following	6.529705	3.4649863	6.107936
employ	4.5267563	3.610784	5.731883
