deal	4.897298	4.309183	5.2829585
study	6.1830106	3.910796	6.2415314
afford	5.8677545	4.0505185	5.6644535
service	5.596104	4.020636	5.9598103
height	5.040544	4.1538196	5.089902
prospect	7.1461477	4.3538675	6.2603273
pleasant	7.222399	3.9606626	6.289018
shade	4.9969063	3.7376568	5.425159
listen	5.2753124	3.925136	5.682329
mighty	5.6449633	4.4488974	5.6029797
country	5.3202114	3.3388064	5.47722
title	6.2185335	3.9174821	6.072238
choose	4.984736	3.657938	5.8642945
village	6.0911922	3.9118748	5.58241
acquire	6.4300375	4.584974	6.588884
rank	5.1255507	4.1808414	5.310495
bow	5.6962357	3.498652	5.738662
doctor	4.668715	3.7282336	4.6346836
talent	6.827013	4.575122	6.7362576
source	6.0751266	4.4212604	5.8038425
lead	4.997057	3.810914	5.560643
question	4.8915095	4.2996492	5.2245073
publish	5.554468	4.035744	5.8295827
interest	5.9067335	4.0192304	5.6659203
serve	5.0492063	3.2837358	5.7725887
divine	6.4127746	4.0155144	5.5078497
put	5.7359447	4.1296577	5.8379154
shadow	4.9843817	3.5165892	5.2164946
practical	5.691325	3.8923674	5.748482
surface	4.9531975	3.3731003	4.7969346
account	5.8370686	4.1290636	5.5167065
loss	4.442872	4.652359	4.728677
indian	4.585373	4.904196	5.277195
vine	6.3860006	3.5826519	5.793093
certain	4.900472	4.512321	5.1992273
sin	3.8258955	4.1111326	4.3490906
necessity	4.165896	4.3438716	4.7921524
lose	5.0232043	4.731993	5.479386
private	4.428852	3.7777684	5.0731506
gentleman	5.665636	3.504528	5.438832
daughter	5.7844434	4.1394143	5.1222043
drive	4.4388585	4.477308	4.6377215
strange	4.9006314	4.501515	4.6672735
journey	6.3265667	3.4653938	5.8303695
uncle	5.7270365	3.5785766	5.9288344
species	5.5302825	4.3769655	5.235394
think	5.425582	4.2373505	5.5080013
bed	4.968933	3.3430805	5.2128315
wind	5.3832507	3.8596022	4.905612
bless	7.574217	4.03113	6.459914
destroy	4.02985	5.050091	4.942885
author	5.747228	4.0867596	5.551409
sustain	5.041999	3.908923	5.7411838
black	3.9588256	4.6059227	4.4496856
event	5.8302107	4.4038825	4.907731
liberty	6.6772356	4.755233	5.8473797
negro	4.058938	4.275452	4.2145615
little	4.8431354	4.389908	4.851932
fortune	6.25057	4.2103767	5.7002964
touch	5.6237745	3.6780224	5.5149455
kill	4.093748	5.0892296	4.5677032
feature	5.253318	3.9233575	5.3843613
happiness	7.427367	4.5629816	6.5665646
assume	3.9902318	3.9251924	4.989
notion	5.4685397	3.8921037	5.469878
purchase	6.0749745	3.772327	6.4029646
faithful	5.9889126	3.513813	5.785995
soldier	4.591454	4.595354	5.000465
father	5.7553687	3.8942003	5.316184
narrow	3.4317107	3.8469677	4.463483
great	5.6728625	4.1986604	5.331107
tear	4.337516	4.016101	4.7688565
honorable	5.7744007	4.147002	6.0438223
previous	4.3728266	4.0161667	4.9766073
good	6.7220826	3.743878	6.2237654
domestic	4.952711	3.5811954	4.661449
glory	6.7066183	4.4242487	6.1471667
lay	4.599981	3.5640483	5.626822
occasion	5.4204674	3.8729646	5.193115
guard	4.750889	3.7547925	5.1479845
whole	5.244922	4.04944	5.3099732
mouth	5.387476	4.1220784	5.501849
receive	6.302408	3.8920333	6.138439
take	5.3653383	3.7837934	5.6325874
simple	5.9723186	3.6689916	6.0792646
error	3.7037525	4.2500067	4.360346
wisdom	6.4319754	4.223259	6.104068
rock	5.235951	4.253769	5.1454215
decide	4.9693775	4.207141	5.626103
exclaim	5.814921	4.995749	5.652369
assure	6.78932	4.1967525	6.651322
sign	5.409702	3.676521	5.434342
preserve	5.9359846	3.3598104	5.9492984
commerce	5.8820267	4.2239575	5.7204976
plant	4.975621	3.5307293	5.1205463
walk	5.6223826	3.8935492	6.0547776
difference	4.884052	4.376005	5.1962547
hang	4.5950174	3.7715583	5.0700564
following	6.611311	3.542157	5.996114
employ	4.7248816	3.762166	6.051097
