deal	5.027487	4.3993874	4.9662437
study	6.307988	3.996605	6.5802126
afford	6.2681074	3.826263	5.905242
service	5.977972	3.8691435	5.9991617
height	5.365862	4.1941032	5.0487795
prospect	6.6513443	4.4103374	5.907536
pleasant	6.8731914	4.2062974	6.132264
shade	4.772437	3.610281	5.0779533
listen	5.278633	4.3172197	5.3932285
mighty	5.2597647	4.4664006	5.3380466
country	5.392471	4.062845	5.4172826
title	6.8448977	3.6453092	6.432691
choose	5.679157	3.6745691	5.679729
village	6.5270295	4.1720457	5.796916
acquire	6.9685764	4.5258446	7.137844
rank	4.8936815	3.9686618	5.0841303
bow	5.718714	3.1112995	5.7060475
doctor	5.0657873	4.0217986	4.9393244
talent	6.863141	4.612622	6.633359
source	6.37185	4.2535253	5.8719435
lead	4.855397	4.0758877	5.5278172
question	5.270968	3.956581	5.335322
publish	5.4824657	3.8709612	6.0368986
interest	5.6094475	4.0442605	5.4533415
serve	4.766699	3.2707236	5.413696
divine	6.3466554	3.834518	5.718851
put	5.428096	3.9496648	5.3559556
shadow	4.904712	3.203216	4.9907737
practical	5.5467124	3.9901915	5.934121
surface	5.195062	3.354272	4.986769
account	5.791791	4.287853	5.6048946
loss	4.6792164	4.5543647	4.640801
indian	5.4025393	4.8338265	5.6500835
vine	6.4379683	3.722868	5.883608
certain	5.3152018	4.4853587	5.5914326
sin	3.6501358	4.0247874	4.47835
necessity	4.4357505	4.3688917	4.8770723
lose	5.352441	4.517746	5.728833
private	4.464941	3.7780466	5.2684073
gentleman	5.532162	3.693801	5.2925506
daughter	5.6457453	4.187713	5.236799
drive	4.2202897	4.8067174	4.554753
strange	4.6934757	4.9355307	4.621532
journey	6.2668133	3.9431686	5.8090324
uncle	6.1123214	3.8363876	6.205714
species	5.3379393	4.625334	5.030971
think	5.54927	4.0781393	5.5851226
bed	5.5158534	3.305513	5.3938255
wind	5.615853	3.8794448	5.0953074
bless	7.2837877	4.02458	6.3473806
destroy	4.0337462	4.7480097	4.8779163
author	5.586808	4.2507477	5.2570486
sustain	5.197188	4.1749873	5.6384354
black	4.248143	4.6929474	4.450487
event	5.7507744	4.588702	5.086364
liberty	7.083425	4.8712225	6.1669087
negro	3.94408	4.2471566	4.4086933
little	5.219246	4.113913	5.2404723
fortune	6.048597	4.2456203	5.54526
touch	5.5786953	3.6283207	5.5985804
kill	4.6012034	4.970896	4.859446
feature	5.213531	3.934681	5.421548
happiness	7.1162286	4.2335196	6.6310625
assume	4.1153073	3.8220582	4.9580245
notion	5.831635	3.9922948	5.8116035
purchase	6.2484846	3.6234555	6.310518
faithful	6.0232644	3.60635	5.840543
soldier	4.356576	4.4619703	4.7549896
father	5.398968	4.0406303	5.0387006
narrow	3.3751283	3.8938913	4.3887987
great	5.332993	4.3406367	5.1928997
tear	4.015992	4.008157	4.427026
honorable	5.4741406	4.1493464	5.7584805
previous	4.71097	3.9449015	5.0145855
good	6.0562744	3.852767	5.813987
domestic	4.706828	3.7036235	4.802086
glory	6.8009596	4.3861303	6.073654
lay	4.614279	3.7048497	5.2799873
occasion	4.8259487	4.4200134	4.8781004
guard	4.525547	3.805428	5.2809415
whole	5.139128	4.179831	5.06548
mouth	5.3659945	4.197264	5.638282
receive	6.5860176	3.5356336	6.1987286
take	5.564411	3.826945	5.7239466
simple	5.999035	3.6640587	5.8998146
error	3.7180452	4.1726246	4.399816
wisdom	6.389554	4.182104	6.0660114
rock	5.6250486	4.2692575	5.4602313
decide	5.2435327	4.048866	5.6422462
exclaim	5.715202	4.648751	5.6058574
assure	6.814058	3.9981296	6.6190853
sign	5.3940797	3.358362	5.4811096
preserve	5.879566	3.5047612	6.1562796
commerce	5.1843457	4.3866496	5.4799953
plant	4.8956285	3.531775	5.1558633
walk	5.805154	3.7214494	5.8383427
difference	5.050095	4.058461	4.981878
hang	4.7807274	3.6873975	5.1277986
following	6.4946985	3.4492545	5.5651655
employ	5.1231937	3.8671193	6.230792
