deal	5.1353693	3.9101245	5.028127
study	6.338053	3.7909207	6.695626
afford	6.1444592	3.891255	5.73503
service	5.8286924	4.0365543	6.060037
height	5.209695	4.611695	5.275015
prospect	6.7444096	4.3570747	6.0669994
pleasant	6.7912636	3.8033128	6.0355387
shade	4.883604	3.4860663	5.312806
listen	5.2822742	4.062179	5.6436334
mighty	5.4938884	4.4738927	5.523587
country	5.457106	3.8002083	5.610627
title	6.688962	3.7816935	6.0521483
choose	5.0873117	3.493051	5.747534
village	6.071172	3.9625716	5.7182374
acquire	6.815942	4.492007	6.793537
rank	5.4001627	4.1125536	5.4105444
bow	6.0631104	3.8858635	6.075145
doctor	4.9586053	3.8072386	4.837234
talent	6.963835	4.5875835	6.7037616
source	5.975738	3.9143136	5.6655183
lead	4.986547	3.9958477	5.3561144
question	5.1429605	3.845497	5.687455
publish	5.981684	4.0611577	5.8699074
interest	6.1846075	4.1152816	5.8744946
serve	5.0771747	3.7119217	5.4340215
divine	6.3873167	3.988165	5.6221495
put	5.5552626	3.7705417	5.774631
shadow	4.9047704	3.3703265	5.258254
practical	5.7941504	3.745924	6.2087164
surface	5.0067534	3.4515643	4.7304354
account	5.406604	4.17821	5.4162436
loss	4.1805816	4.455752	4.4285545
indian	5.144216	4.9009395	5.366116
vine	6.1606812	4.0420012	5.614949
certain	4.851409	4.387872	5.0537987
sin	3.7779944	4.412614	4.488076
necessity	4.216626	4.2042255	4.65016
lose	4.8716073	4.718897	5.341943
private	4.313431	3.6311336	4.9964767
gentleman	5.832175	3.559092	5.5268245
daughter	5.456983	4.477366	5.0893836
drive	4.0432243	4.7904806	4.4885645
strange	4.469716	4.9528832	4.497388
journey	6.1122913	3.79646	5.7263427
uncle	5.7785034	3.826305	5.958374
species	5.3467865	4.559132	5.270835
think	5.529231	4.483173	5.5564976
bed	5.173278	3.6141632	5.603625
wind	5.155578	4.202708	4.9053164
bless	7.327711	4.120782	6.4722924
destroy	3.853996	4.7318144	4.7340503
author	5.8329844	4.3804197	5.37478
sustain	5.0558143	3.9703438	5.595062
black	4.3833346	4.677166	4.6515384
event	5.984951	4.5808053	5.1096897
liberty	6.8969393	4.9179616	6.099049
negro	4.8043127	4.4778695	4.99455
little	5.0299063	3.8044307	4.7729354
fortune	5.896989	4.3162627	5.398132
touch	5.84035	3.5412946	5.6782722
kill	4.191367	5.133463	4.7212934
feature	5.210245	3.7625394	5.5472393
happiness	7.2918277	4.3581567	6.7286196
assume	4.161617	3.8374882	5.1629677
notion	5.742445	4.361223	5.5211725
purchase	6.201373	3.6197093	6.493966
faithful	6.332326	3.442822	6.145273
soldier	4.482284	4.2135005	4.874788
father	5.464698	4.197966	5.365772
narrow	3.7507071	3.5665941	4.3062363
great	5.144204	4.513945	4.83583
tear	3.715268	4.080613	4.5276537
honorable	5.514403	4.1783786	5.777485
previous	4.439029	3.8355358	4.992107
good	5.7858086	3.4324865	5.8898187
domestic	5.0652246	3.4458492	5.003462
glory	6.9691253	4.4502735	6.2281284
lay	4.474977	3.130834	5.5758348
occasion	5.052058	4.3199587	5.04322
guard	4.675642	3.8848233	5.090928
whole	5.248543	3.9927142	5.146472
mouth	4.950675	3.8962772	5.722551
receive	6.3058977	3.7772074	6.1492453
take	4.924712	3.8552659	5.669171
simple	6.0779915	3.6948318	6.1717105
error	3.6484976	4.484738	4.244672
wisdom	6.326609	3.7692764	6.187113
rock	5.329624	4.530378	5.157654
decide	4.8366213	3.7908213	5.4129567
exclaim	5.6626806	4.9928637	5.5338326
assure	6.822094	4.2169523	6.337081
sign	5.053875	3.394883	5.2627063
preserve	5.7092595	3.5424457	5.6248174
commerce	5.4828987	4.2635083	5.514046
plant	4.7376328	3.8820186	5.250747
walk	5.567549	3.7843995	5.8188972
difference	5.0982385	3.9789422	5.145539
hang	4.8327394	3.5992389	5.1429
following	6.6891813	3.6146424	6.0752754
employ	4.7413893	3.8264606	5.930107
