deal	5.1647606	3.8181007	5.2258916
study	6.38124	4.015429	6.4981003
afford	5.9870515	4.272266	5.7257075
service	5.9188514	4.0401425	5.919159
height	5.055481	4.5984793	4.8349867
prospect	6.6901684	4.5047407	5.9848013
pleasant	6.9490232	4.034559	6.0895967
shade	4.903625	3.7819033	5.157877
listen	5.349285	4.207791	5.543422
mighty	5.8319445	4.5140014	5.4736385
country	5.875329	3.4228964	5.835682
title	6.066843	4.04351	5.6761613
choose	5.0931168	3.300108	5.660631
village	6.288342	3.741612	5.484229
acquire	6.4356837	4.325736	6.5727777
rank	5.046655	4.189389	5.0556397
bow	5.901107	3.5744514	5.8802505
doctor	4.789776	3.9783254	4.8995566
talent	6.729775	4.7139087	6.4752135
source	6.0732975	4.044597	5.868107
lead	5.298233	4.037697	5.653534
question	4.768778	3.9855516	5.3744116
publish	5.4503407	4.3014708	5.674798
interest	6.1900177	3.783143	5.853052
serve	5.152609	3.5322175	5.661002
divine	6.682494	3.921954	5.8448014
put	5.591214	3.957653	5.975376
shadow	4.7832584	3.5791106	5.0005136
practical	5.9844522	3.9012232	6.19322
surface	5.2291336	3.38576	4.779283
account	5.615138	3.9316616	5.4321404
loss	4.185313	4.438192	4.382262
indian	4.7443137	4.8139772	5.0739474
vine	6.02442	3.4661636	5.553198
certain	4.997469	4.41921	5.1876388
sin	3.9951162	4.239995	4.4093137
necessity	4.1898446	4.19439	4.68311
lose	4.6762295	4.395806	5.4541984
private	4.22141	3.7320516	5.3932343
gentleman	5.7025757	3.5889478	5.201001
daughter	5.760783	4.3233786	4.978652
drive	4.2421875	4.3848157	4.874216
strange	4.7957716	4.9813375	4.606479
journey	6.101122	3.6115282	5.7276483
uncle	6.3293595	3.6437776	6.207799
species	5.189865	4.474224	4.778231
think	5.6734695	4.262707	5.54774
bed	5.364787	3.2801623	5.33207
wind	5.0422535	3.8901198	4.5844736
bless	7.670069	3.9447231	6.609831
destroy	3.8027704	4.8533654	4.8279295
author	5.711522	4.1999035	5.357835
sustain	5.133772	3.8850093	5.6541233
black	3.8724513	4.5825586	4.323404
event	6.1287956	4.315216	5.144531
liberty	6.700207	4.9421244	6.1204925
negro	4.2066164	4.494371	4.620949
little	5.0490003	3.9478571	5.0211205
fortune	6.2416563	4.06827	5.544892
touch	5.812433	3.5495434	5.499311
kill	4.737575	4.7444386	4.9323845
feature	5.2569494	3.8869476	5.338458
happiness	7.710269	4.317502	6.887189
assume	3.9692068	3.6842642	5.0482445
notion	5.511306	3.9139452	5.3709683
purchase	6.245806	3.634075	6.3904514
faithful	6.6864543	3.3574	6.3631263
soldier	4.5530057	4.1452475	5.1572804
father	5.9967356	3.9290135	5.1257396
narrow	3.6676917	3.7448153	4.5619926
great	5.8216095	4.0055466	5.444367
tear	3.9038599	4.1441946	4.5792623
honorable	5.643819	4.488529	5.865922
previous	4.3142357	3.900075	4.8100996
good	6.332205	3.7887201	6.2317758
domestic	5.1149836	3.6006517	5.219566
glory	7.1158037	4.3113523	6.259055
lay	4.86544	3.1468282	5.505191
occasion	5.190255	4.1522617	4.8467712
guard	4.8770905	3.6718762	5.41306
whole	5.478278	4.0143137	5.2665143
mouth	5.3574758	4.1478796	5.41582
receive	6.198448	3.8338306	5.869656
take	5.1598625	3.665812	5.782828
simple	6.1783667	3.8753226	5.9089518
error	3.8505893	4.0493793	4.3063307
wisdom	6.560957	3.8571494	6.2079644
rock	5.2031584	4.4139752	4.877961
decide	4.9410243	4.0104933	5.5053267
exclaim	5.6091175	4.7628756	5.4566526
assure	6.7759647	3.9246678	6.508156
sign	5.0075336	3.6507254	5.2066
preserve	5.7319026	3.511233	5.78465
commerce	5.688141	4.0518627	5.690347
plant	4.653038	4.0049744	5.025469
walk	5.347365	3.5770693	5.7528815
difference	5.078936	4.2630353	5.109139
hang	4.668226	3.8771343	4.8367553
following	6.344589	3.6002724	5.8924756
employ	5.0172887	3.482717	6.4130282
