deal	5.223513	4.061139	5.006254
study	6.1914716	4.1315293	6.2586164
afford	6.050047	4.1914444	5.826051
service	5.5690613	3.7644117	5.811485
height	5.5430965	4.046828	5.2502756
prospect	6.784668	4.330968	6.1412706
pleasant	7.1042314	3.833497	6.210097
shade	5.1581073	3.7669215	5.268067
listen	5.137369	4.3627295	5.7050934
mighty	5.671504	4.3663774	5.5154076
country	5.335252	3.654824	5.7022767
title	5.9412937	3.6369228	5.610077
choose	5.2204413	3.5979822	5.9220476
village	6.056766	4.065887	5.629549
acquire	6.5985785	4.423139	6.865197
rank	5.237618	3.7880788	5.160189
bow	6.101836	3.6791973	5.970021
doctor	4.952615	3.9189963	5.0352135
talent	6.859345	4.4780273	6.7692394
source	6.47816	4.2307024	5.9036407
lead	4.8088655	3.7540803	5.527771
question	5.6854744	3.821566	5.68906
publish	5.2962837	4.0778713	5.5371842
interest	5.962553	4.229441	5.765254
serve	4.824028	3.287034	5.4205527
divine	6.532961	4.0794954	5.957353
put	5.303494	4.1745634	5.6371374
shadow	4.713391	3.4899745	4.8353605
practical	5.7672877	3.9925284	6.199556
surface	5.1589417	3.4048605	4.765145
account	5.4556327	3.6870086	5.361668
loss	4.6750045	4.2141356	4.700562
indian	4.976543	4.7107716	5.3819647
vine	6.3131714	3.883374	5.663641
certain	5.027064	4.382963	5.353052
sin	3.5102155	4.319568	4.0002546
necessity	4.3259826	4.35997	4.8195844
lose	4.5240884	4.6137214	5.1807585
private	4.530936	3.649765	5.361032
gentleman	5.583875	3.2954855	5.389331
daughter	5.3820024	3.9356496	4.968395
drive	4.2510996	4.6846642	4.7453957
strange	4.837258	4.7795796	4.883359
journey	6.1758127	3.6034086	5.654729
uncle	5.6962385	3.793631	5.897898
species	5.488229	4.7088976	5.3419833
think	5.3437386	4.0241504	5.404325
bed	5.4013357	3.2335227	5.3901525
wind	5.2319207	4.0139976	4.8756857
bless	7.3674493	3.9389112	6.5239706
destroy	3.809185	5.1983013	4.6589065
author	5.732957	4.146756	5.1455975
sustain	5.0349073	4.0645294	5.5886593
black	4.6285305	4.3903365	4.659526
event	5.612221	4.234605	4.9281063
liberty	6.963889	4.954522	6.134844
negro	4.154034	4.4804873	4.506978
little	5.0330143	4.108082	5.1816773
fortune	6.1267366	3.7875748	5.5058403
touch	5.532864	3.7591953	5.3309627
kill	4.2436953	5.0938187	4.6799173
feature	5.026411	3.7636738	5.269494
happiness	7.1980615	4.301631	6.509551
assume	3.9285293	3.4759493	4.7096877
notion	5.4229765	3.9202225	5.2534766
purchase	5.923084	3.7364473	6.441299
faithful	6.2731843	3.6508808	6.0457506
soldier	4.44235	4.1870375	4.936149
father	5.736302	3.9788551	5.6060286
narrow	3.6404207	3.8018942	4.5671673
great	5.676016	4.0654197	5.3983483
tear	4.39745	3.9943142	4.898505
honorable	5.4586635	4.1039658	5.747735
previous	4.4183154	3.8849652	4.966255
good	6.474818	3.6382089	6.1930857
domestic	4.6132054	3.6119306	4.8386793
glory	6.5175376	4.396684	6.137396
lay	4.772373	3.1134305	5.247957
occasion	4.839623	4.108085	4.875475
guard	5.0136366	3.8585181	5.393654
whole	5.384324	3.98945	5.1860447
mouth	5.0502396	4.143435	5.419358
receive	6.448982	3.5694737	6.2613773
take	5.303054	3.9258795	5.7706714
simple	5.9370384	3.5301404	5.7470384
error	3.4749374	4.43672	4.2889624
wisdom	6.4115133	4.1045136	6.4019966
rock	5.599737	4.170732	5.107325
decide	4.7872663	4.0887246	5.4351096
exclaim	5.879608	4.8122525	5.702436
assure	6.667778	4.0408025	6.6045294
sign	5.054212	3.4760437	5.419604
preserve	5.809421	3.4086623	5.801334
commerce	5.531795	4.107328	5.610216
plant	5.01514	3.842454	5.4612117
walk	5.7210407	3.7594395	5.745915
difference	5.169614	3.8721747	5.426653
hang	4.496684	3.829803	4.8614745
following	6.6587086	3.3372595	5.8401194
employ	4.521497	3.8808055	5.9341908
