deal	5.4585443	4.0056267	5.644242
study	6.355883	4.028759	6.566374
afford	5.581321	4.053718	5.675093
service	5.6220655	4.1307487	5.594986
height	4.8878565	4.081209	5.0142655
prospect	6.4825087	4.3041854	5.754561
pleasant	6.918354	3.8745217	6.1329293
shade	4.874728	3.7537029	5.184517
listen	5.2665462	4.0205197	5.5627007
mighty	5.4634624	4.5671687	5.5103836
country	5.5267525	3.9730904	5.5756364
title	6.456336	3.4562635	6.1748047
choose	5.270105	3.8824716	5.7637043
village	6.0001354	3.961847	5.4410167
acquire	6.7306805	4.271841	6.741843
rank	5.003925	4.1399837	4.94943
bow	5.6138496	3.6920657	5.693175
doctor	5.081187	3.7839794	5.008747
talent	6.779139	4.6294174	6.679454
source	5.92457	4.246926	5.480786
lead	4.7228255	3.8818743	5.463418
question	5.3027964	3.6942463	5.465594
publish	5.5107307	3.868971	5.856022
interest	6.00942	3.8155227	5.843211
serve	5.2088985	3.5429473	5.657614
divine	6.1790257	3.9492202	5.456575
put	5.236416	3.8063588	5.4980516
shadow	5.115483	3.6869478	5.26079
practical	5.726229	3.9099915	5.95875
surface	5.265053	3.2672324	4.759014
account	5.3002257	3.9227688	5.558589
loss	4.0029874	4.323601	4.4998426
indian	4.9947786	4.5642815	5.475238
vine	6.116164	3.7998595	5.9032946
certain	5.1731167	4.5093627	5.5424886
sin	3.496395	4.441594	4.2254167
necessity	4.0947146	4.277669	4.7579308
lose	4.643649	4.4085126	5.1851187
private	4.284667	3.7857852	5.1872993
gentleman	5.5707765	4.01343	5.1827025
daughter	5.2778573	4.3344493	4.7555184
drive	3.9013627	4.7188625	4.711668
strange	4.8936796	4.705358	4.694697
journey	6.2150316	3.9081793	5.9659486
uncle	5.077106	3.9224877	5.798371
species	5.4584966	4.8819575	5.161974
think	5.4649773	4.1832685	5.4629955
bed	5.562464	3.3028913	5.360537
wind	4.935217	4.3489923	4.9618697
bless	7.471259	4.0395083	6.5020494
destroy	3.9294372	4.8994083	4.9984846
author	5.7646937	4.247199	5.368764
sustain	4.960536	3.934057	5.7628627
black	4.0020843	3.9879832	4.4685364
event	6.0189238	4.304663	5.285345
liberty	6.898654	4.4524684	6.180526
negro	4.3520308	3.9457927	4.292937
little	5.145176	3.858447	5.264493
fortune	5.975933	4.17692	5.556272
touch	5.7986236	3.412212	5.661032
kill	4.4320574	4.9367013	4.875112
feature	5.405253	4.0527925	5.400191
happiness	7.080774	4.2711926	6.487071
assume	4.1990147	3.9223256	5.0933685
notion	5.7725325	4.0342464	5.612009
purchase	6.1068563	3.6895988	6.1988277
faithful	6.5086546	3.5409575	6.12822
soldier	4.608817	4.386495	5.076982
father	5.761704	3.9456508	5.20426
narrow	3.6530752	3.7194715	4.4311695
great	4.9197564	4.368087	5.167319
tear	3.8044856	3.8097994	4.4922967
honorable	5.302411	4.349974	5.66081
previous	4.6718197	3.9164617	5.24595
good	6.4640293	3.5200572	6.5789604
domestic	5.2262526	4.0020027	5.054806
glory	6.3964653	4.750051	5.8437176
lay	5.302525	3.3129766	5.8915462
occasion	4.770534	4.2484374	4.754858
guard	5.004525	3.7354188	5.5256753
whole	5.1426716	4.058357	5.230525
mouth	5.2357993	4.0208735	5.346409
receive	5.8258743	3.6730602	5.790396
take	4.9759417	3.7785401	5.670872
simple	5.621743	3.815762	5.5353007
error	3.4994147	4.240902	4.3000784
wisdom	6.1323576	4.3196306	5.907272
rock	5.4950013	4.229785	5.1855025
decide	5.1581717	3.914567	5.7267838
exclaim	5.7901654	4.693728	5.912057
assure	6.7574167	4.26708	6.7343407
sign	4.998103	3.3627625	5.140544
preserve	6.136815	3.6488428	6.045771
commerce	5.9692287	4.4772773	5.966259
plant	4.9546247	3.8324316	5.227516
walk	5.619939	3.820335	5.9131794
difference	5.1645026	4.137155	5.101737
hang	4.5909443	4.154519	4.991272
following	6.241164	3.4989095	6.045255
employ	4.965294	3.9237309	6.056021
