deal	5.0488853	4.103661	4.847546
study	6.1985836	4.030439	6.3205395
afford	6.395536	3.990798	5.5869784
service	5.7182555	3.9992287	5.861638
height	5.1548047	4.42376	5.062485
prospect	6.9096766	4.032763	6.054169
pleasant	6.664346	3.9567666	6.015412
shade	4.932576	3.610459	5.017255
listen	5.360292	4.141873	5.6468678
mighty	5.3399653	4.484828	5.2464495
country	5.53271	3.6835105	5.6333237
title	6.692218	3.6253207	5.973079
choose	5.0604906	3.3617704	5.6519346
village	5.820038	3.9083192	5.3004103
acquire	6.5853214	4.595635	6.573536
rank	5.263237	4.0541925	5.361001
bow	5.74645	3.4330122	5.8351774
doctor	5.032347	3.6176944	5.167247
talent	6.6875677	4.567573	6.6346397
source	6.1447124	3.9207048	5.421303
lead	5.0663786	4.396193	5.4088936
question	5.3326974	3.878364	5.5307856
publish	5.722124	4.0579343	5.929698
interest	6.1063957	3.65914	5.713533
serve	5.367496	3.3185143	5.751111
divine	6.5062695	3.9047532	5.7212524
put	5.340188	3.817292	5.654849
shadow	4.8329616	3.3870459	4.98097
practical	5.505536	4.097818	5.8927608
surface	5.277031	3.0210567	5.005676
account	5.594985	4.352987	5.3024654
loss	4.301001	4.2026587	4.2634845
indian	4.8117886	4.8852744	4.895944
vine	6.367193	3.577218	5.6541586
certain	4.9940047	4.58333	5.4003353
sin	3.8233268	4.0591407	4.4667397
necessity	4.069886	4.1526747	4.48629
lose	4.785486	4.9121084	5.1058435
private	4.6133914	3.6321664	5.4137907
gentleman	5.6216693	3.3572187	5.6858635
daughter	5.633937	4.2747846	5.0428486
drive	4.2320776	4.7728353	4.637702
strange	4.5944448	4.908567	4.563869
journey	5.9788356	3.7396097	5.8887596
uncle	5.679826	3.5485485	5.856822
species	5.4011803	4.869555	5.0591145
think	5.375592	4.20454	5.5432954
bed	5.1036315	3.2651536	5.153839
wind	5.18726	4.237057	4.93869
bless	7.732029	4.014436	6.4644623
destroy	3.634219	4.8949947	4.5666084
author	5.725561	4.0628605	5.3822074
sustain	4.9885406	3.9400616	5.619294
black	4.825558	4.076916	4.8612814
event	6.2973056	4.121724	5.290491
liberty	6.5126095	4.6680546	5.761345
negro	4.62914	3.824113	4.8615885
little	5.218206	4.2831707	4.9693465
fortune	6.1339474	3.893043	5.419073
touch	5.736007	3.5282183	5.6225257
kill	4.504205	4.965483	4.73822
feature	5.3353586	4.1632495	5.6029797
happiness	7.261436	4.386369	6.458215
assume	4.0046015	3.918826	4.9129148
notion	5.451161	4.0180917	5.327102
purchase	6.039736	3.9446926	6.3596582
faithful	6.2861443	3.4705768	5.999303
soldier	4.826933	4.31299	5.007054
father	5.7111936	3.7217493	5.114691
narrow	3.6761873	3.8982334	4.583259
great	5.373762	4.416306	5.2933507
tear	3.8893754	3.9921753	4.445643
honorable	5.68763	4.273439	6.161919
previous	4.2585964	3.8543165	4.7833114
good	6.0950794	3.751943	5.8435316
domestic	4.99242	3.8050363	5.074169
glory	6.914463	4.2530785	5.9754996
lay	4.422379	3.3592951	5.4130588
occasion	5.078358	4.1396074	5.1977386
guard	4.754199	3.887491	5.0952234
whole	5.1197157	3.9499424	5.2083216
mouth	5.042627	4.3161664	5.43757
receive	6.280033	3.7890697	6.1593666
take	4.746591	3.88835	5.43115
simple	5.5865164	3.7297478	5.642503
error	3.7731657	4.1574206	4.246368
wisdom	6.558671	4.1656704	6.1776733
rock	5.1744437	4.2450414	5.065161
decide	4.8702917	3.9837987	5.470785
exclaim	5.9486938	4.6304703	5.6692495
assure	6.8365245	4.2138586	6.4059443
sign	5.0124087	3.3573437	5.3978243
preserve	5.726452	3.6471786	5.7709556
commerce	5.599925	4.5344176	5.6005206
plant	4.8542247	3.743193	5.1844993
walk	5.631597	3.7569425	5.841569
difference	4.9976616	4.15219	5.201071
hang	4.9114285	3.8080814	5.190322
following	6.175133	3.3239367	5.728406
employ	4.7642407	4.378153	6.1111803
