deal	4.8444066	4.5502954	4.707986
study	6.193557	3.913667	6.411068
afford	6.137901	4.0150347	6.03576
service	5.687618	3.9493985	5.9806547
height	5.320652	3.9891176	5.1798306
prospect	6.8294573	4.533659	6.0464168
pleasant	6.7981176	3.983942	6.2045045
shade	5.063883	3.4655786	5.2688265
listen	5.54379	4.2800617	5.7496157
mighty	5.743504	4.5298214	5.5018787
country	5.5881763	3.87753	5.6581974
title	6.349451	3.7589562	6.287059
choose	5.3450513	3.5609026	5.8847837
village	6.2858896	3.9990034	5.7167277
acquire	6.287462	4.444785	6.604291
rank	5.099189	4.0593705	5.1735377
bow	5.8327327	3.3028014	5.881445
doctor	5.1011815	4.279548	4.978363
talent	6.9252367	4.5982738	6.7324924
source	6.1757774	4.023369	5.8028994
lead	4.8735075	3.9083571	5.5447536
question	5.2040234	3.7765355	5.279959
publish	5.5041494	3.942654	5.8637753
interest	6.0907936	3.8745346	5.7521524
serve	5.466022	3.5122688	5.7743225
divine	6.425988	3.9184418	5.7119164
put	5.1389093	3.7240677	5.3974676
shadow	4.7334914	3.3831887	4.999173
practical	5.848192	3.7605333	5.9503064
surface	5.226239	3.1595993	4.790789
account	5.385025	3.753444	5.377523
loss	4.469224	4.148694	4.387038
indian	4.7926865	4.5422	5.133918
vine	6.255172	3.6038074	5.577874
certain	4.6918473	4.6293707	5.282887
sin	3.5969322	4.4079175	4.3295283
necessity	4.2899227	4.292592	4.6650934
lose	4.369916	4.4188943	4.9346876
private	4.6268477	3.5886936	5.523227
gentleman	5.9093604	3.373619	5.403502
daughter	5.373482	4.040974	4.823925
drive	4.329176	4.5797257	4.741349
strange	4.7190533	4.8297677	4.592385
journey	5.9354033	3.905959	5.8506846
uncle	5.753676	4.0517406	5.890341
species	5.4470854	4.4374943	5.32259
think	5.6077166	4.4240174	5.582106
bed	5.6481767	3.1988862	5.563214
wind	5.097966	4.1252074	4.5375047
bless	6.8602133	3.8413324	6.2801094
destroy	3.8364167	5.0751157	4.698523
author	5.359937	4.160365	5.233885
sustain	5.063661	3.9705966	5.5531936
black	4.2763495	4.367177	4.8183007
event	5.9755907	4.3433995	4.9751043
liberty	6.606248	4.852501	5.8826094
negro	4.307194	4.323859	4.6906834
little	4.976665	4.17887	5.3186736
fortune	5.9683123	4.363205	5.296573
touch	5.561719	3.9229782	5.5199814
kill	4.3842564	5.0025682	4.739423
feature	5.3460417	3.8895268	5.4980574
happiness	7.167512	4.143616	6.4941273
assume	4.1169615	3.881662	4.95951
notion	5.7964077	4.039869	5.405508
purchase	6.3663173	3.6867318	6.442345
faithful	6.1691923	3.7147913	6.147451
soldier	4.4575753	4.5429873	4.813936
father	5.5727797	3.9815118	5.1293383
narrow	3.3622727	3.793178	4.290671
great	5.022131	4.502235	4.8926206
tear	4.003468	3.6563745	4.491024
honorable	5.7292905	3.9681802	6.0724597
previous	4.8895264	3.8132164	4.952437
good	5.7964163	3.9421177	5.7753234
domestic	4.905543	3.784171	4.940961
glory	6.992621	4.389183	6.2489934
lay	4.6581564	3.3608131	5.2695913
occasion	5.244311	4.0983057	4.9444523
guard	4.862279	4.1580067	5.25306
whole	4.8670564	4.381832	4.863477
mouth	4.9720974	4.1055765	5.547456
receive	6.5675325	3.6459422	6.2390456
take	5.516365	3.8464537	5.7169056
simple	6.0379486	3.7957444	5.7465625
error	3.693185	4.2940636	4.292346
wisdom	6.2111926	3.8859098	6.119937
rock	5.4956427	4.0552197	5.1370616
decide	4.968823	4.1194305	5.427674
exclaim	5.813716	4.6475296	5.896531
assure	6.676071	3.9787724	6.456812
sign	4.8664494	3.6865077	5.287183
preserve	5.6289635	3.5380812	6.005589
commerce	5.369174	4.2306733	5.4083776
plant	5.256339	3.7079825	5.2771616
walk	6.0015163	3.8702755	6.0011115
difference	5.0268693	3.8753748	5.167639
hang	4.7218356	3.9113765	5.1787777
following	6.688488	3.005352	6.0529804
employ	4.931468	4.133895	6.0718307
