deal	4.933398	4.025575	5.0825195
study	6.0734763	3.8291876	6.410978
afford	6.0574813	4.1331563	5.534381
service	5.578911	4.0259905	5.9115734
height	5.251109	4.058255	5.092135
prospect	6.703612	4.345304	6.1119633
pleasant	6.9222407	3.7840352	6.1927576
shade	4.9929166	3.7200022	5.253511
listen	4.982831	4.289022	5.5892816
mighty	5.781905	4.471063	5.6012006
country	5.6419554	3.6408815	5.5549026
title	6.5866756	3.823722	5.907692
choose	4.950543	3.6739993	5.531373
village	5.96375	4.2293253	5.2103477
acquire	6.694647	4.275126	6.7496104
rank	5.179844	3.9509065	5.173022
bow	5.437637	3.4853365	5.390968
doctor	4.6925955	4.062665	4.908786
talent	6.9831414	4.676687	6.607892
source	5.8583407	4.068733	5.372553
lead	4.9199824	4.0670333	5.615139
question	5.140747	3.906069	5.632484
publish	5.84696	4.1740303	5.7118607
interest	5.9524984	3.9886477	5.761508
serve	5.00763	3.6789312	5.6414566
divine	6.1819797	4.004558	5.7265406
put	5.7043123	3.8272207	5.9587903
shadow	4.926638	3.5029655	5.240013
practical	5.455422	3.9273448	5.7932854
surface	5.4407926	3.1356726	5.0218616
account	5.458594	4.1197624	5.6127286
loss	4.3081436	4.8075	4.641964
indian	5.0650835	5.019183	5.468149
vine	6.0459375	3.5401134	5.4713516
certain	5.068648	4.5590367	5.3326483
sin	3.802548	4.411901	4.273286
necessity	4.159574	4.426115	4.7356935
lose	4.5762806	4.40011	5.280016
private	4.210593	3.9305093	5.295574
gentleman	5.778144	3.4205608	5.3616943
daughter	5.616962	4.12181	4.8363333
drive	3.9093769	4.6438	4.3664713
strange	4.7252903	4.758292	4.6377597
journey	6.1966753	3.7314837	5.941946
uncle	6.0483685	3.7801743	6.2153554
species	5.082171	4.5809913	5.00067
think	5.6149735	4.0666	5.4320474
bed	5.3750763	3.3541164	5.339435
wind	4.97343	3.7851424	4.763257
bless	7.3489285	4.0553713	6.3426094
destroy	3.7578936	4.9672	4.6270046
author	5.6182356	4.3886704	5.21751
sustain	5.1973825	4.131583	5.7503443
black	4.4569554	4.677857	4.475219
event	5.904351	4.7033267	5.252196
liberty	6.1493917	4.8348165	5.6475067
negro	4.3467946	4.4569864	4.6376877
little	4.8803573	4.120158	4.997159
fortune	5.877544	4.3684406	5.2046204
touch	5.783269	3.7680848	5.7105026
kill	4.3358107	5.218196	4.697441
feature	5.539625	3.650729	5.5347986
happiness	6.9233127	4.278322	6.4435143
assume	4.366516	3.81072	5.227575
notion	5.795788	4.0605063	5.449491
purchase	6.066131	3.795393	6.160576
faithful	6.2758327	3.5407782	6.067745
soldier	4.2334347	4.6492543	4.81446
father	6.0651083	3.8527417	5.4693155
narrow	3.7910833	3.751368	4.4781814
great	5.27731	4.525752	5.1717257
tear	3.8307505	4.0486627	4.2072473
honorable	5.6741004	4.431074	5.867865
previous	4.612549	4.020663	5.17092
good	6.184889	4.06413	5.9005184
domestic	5.020694	3.7951396	5.179138
glory	6.8068542	4.704603	6.1502285
lay	4.8606005	3.4163046	5.6514244
occasion	5.295305	4.566469	5.3100076
guard	5.1135993	4.076116	5.3516674
whole	5.012742	4.1491475	5.2206087
mouth	5.446357	4.366061	5.7618427
receive	6.2884836	3.6061258	6.0678463
take	5.3832545	3.8520503	5.7010684
simple	5.9761653	3.6953318	6.017916
error	3.353526	4.272133	4.288458
wisdom	6.3883433	4.1059666	5.958194
rock	5.624469	4.256249	5.3601084
decide	4.8691974	3.9994078	5.4997687
exclaim	5.9245324	4.366401	5.528674
assure	6.768451	4.0201473	6.4898157
sign	4.95719	3.721665	5.1417027
preserve	5.9279976	3.7698128	6.057231
commerce	5.6969647	4.4023714	5.762552
plant	4.847232	3.7074351	4.9866033
walk	5.5880194	3.8104954	5.526812
difference	5.1472964	3.950721	5.244193
hang	4.659568	3.9405708	4.9827566
following	6.4199295	3.3099916	6.070818
employ	4.791585	3.9428637	6.0163064
