deal	5.0898304	4.486142	5.10929
study	6.1188912	3.9534173	6.319561
afford	6.1443834	4.03183	5.8535886
service	5.775363	3.9378312	6.0738482
height	5.0221553	3.9932666	5.1580544
prospect	6.795505	4.2941847	5.940167
pleasant	6.9714365	3.8479815	6.157369
shade	5.208441	3.7220626	5.363012
listen	5.018358	4.260914	5.56995
mighty	5.5060115	4.4992814	5.408406
country	5.6821413	3.9761562	5.410666
title	5.6839767	3.7136807	5.864144
choose	5.4979763	3.5679815	5.8658495
village	6.1780977	3.812323	5.5604925
acquire	6.1971087	4.4767675	6.536658
rank	4.9734325	3.926085	5.0335855
bow	6.0368137	3.49579	5.7585797
doctor	4.818188	4.1283264	5.01413
talent	6.883727	4.4337325	6.5514145
source	6.0068	4.2050114	5.6532083
lead	4.89893	3.9462848	5.8042164
question	4.945139	3.988413	5.632947
publish	5.367677	3.7113497	5.595108
interest	5.7291584	4.031035	5.671142
serve	5.0764213	3.545282	5.662975
divine	6.6762605	3.9814546	5.738622
put	5.404267	4.1867166	5.7064953
shadow	4.9868655	3.3163407	5.179574
practical	5.6259756	4.1789517	5.912349
surface	5.2627926	3.369189	4.982442
account	5.460928	4.1090555	5.4169593
loss	4.2558575	4.4384537	4.3426003
indian	4.6034527	4.768543	5.0107126
vine	6.3088665	3.9587407	5.685813
certain	5.0993514	4.4432564	5.2966957
sin	3.72261	4.193549	4.3080935
necessity	4.3004355	4.178432	4.6445374
lose	4.1181116	4.482956	5.1533294
private	4.376833	3.9753442	5.281608
gentleman	5.7397265	3.7596564	5.4831247
daughter	5.279321	4.18942	4.829895
drive	4.253701	4.756478	4.873584
strange	4.5655985	4.9140244	4.518195
journey	5.898224	3.8714166	5.702414
uncle	5.8013496	4.461013	5.8545246
species	5.394543	4.7102003	4.998578
think	5.4950438	4.201116	5.6757717
bed	5.5253305	3.2361283	5.4734983
wind	5.269371	4.1249485	5.017416
bless	7.290533	3.9656518	6.342778
destroy	4.0723066	4.883442	4.864701
author	5.591995	4.254764	5.3398023
sustain	5.070393	4.003909	5.5477486
black	4.6105413	4.4981565	4.673675
event	5.8471975	4.6282096	5.0231686
liberty	6.9218016	4.859533	6.1545696
negro	4.473683	4.3586454	4.8912168
little	5.1243362	3.8082662	5.0601506
fortune	5.8550797	4.149601	5.40998
touch	5.4126244	3.7894795	5.5714283
kill	4.204069	5.3794546	4.6708837
feature	5.2611966	3.7208118	5.3063593
happiness	7.030488	4.3897276	6.3802667
assume	4.037382	3.6332664	4.9073896
notion	5.9619837	3.8650806	5.6825566
purchase	6.027211	3.5966284	6.528311
faithful	6.123319	3.766809	5.8816023
soldier	4.46086	4.3266363	4.8723636
father	5.450272	4.169648	5.1213627
narrow	3.5373979	3.5545986	4.4617004
great	5.3260074	4.38328	5.3381987
tear	3.610365	4.0858603	4.446838
honorable	5.830512	4.5202403	6.0810385
previous	4.532093	4.1016192	5.0415215
good	6.116646	3.4925456	6.0987873
domestic	5.0576024	3.8173118	5.031136
glory	6.9472623	4.4059367	6.142071
lay	4.7637253	3.4733887	5.618968
occasion	5.2484684	4.4988394	5.3862624
guard	5.1695724	3.7819712	5.5620785
whole	5.10201	4.1492977	5.122264
mouth	4.8928895	3.9316535	5.295027
receive	6.1803274	3.857667	6.2160907
take	5.5536203	3.7412033	5.9637666
simple	6.019184	3.79839	5.873238
error	3.5646782	4.2883677	4.283987
wisdom	6.243711	3.8982441	6.1079245
rock	5.446272	4.289987	5.1924286
decide	4.870107	4.094453	5.5813107
exclaim	5.8397236	4.4983144	5.8577604
assure	6.7595863	3.966429	6.52987
sign	5.0989532	3.6335034	5.2145844
preserve	5.9564567	3.565651	5.847855
commerce	5.4523273	4.3897963	5.414363
plant	4.6273274	4.0837345	5.0204787
walk	5.7711673	3.824139	5.882178
difference	4.707861	3.9603438	4.9327083
hang	4.900847	3.745017	5.2528653
following	6.379524	3.6039567	5.998804
employ	5.089151	3.8376143	6.2874584
