deal	5.0207376	4.187482	5.4134564
study	6.2007723	3.8263624	6.4968815
afford	6.0229607	4.128713	5.4888415
service	5.7962084	4.0384917	5.9987144
height	5.2594604	4.225985	5.1094127
prospect	6.7685366	4.4653506	6.1053843
pleasant	6.715479	4.0336475	5.956855
shade	5.0633225	3.7083292	5.34589
listen	5.0612116	4.2356067	5.3083463
mighty	5.738328	4.6732154	5.6683464
country	5.4349995	3.7198405	5.6527147
title	6.3588924	3.486277	5.9431677
choose	5.235382	3.722614	5.718869
village	5.7545233	4.1022954	5.670051
acquire	6.4669814	3.9482105	6.644252
rank	5.319325	3.942541	5.1898384
bow	5.8464813	3.3417268	5.9420977
doctor	4.7887917	3.881531	4.635314
talent	7.0666847	4.6221666	6.7888947
source	5.731417	4.1574154	5.5043154
lead	4.830826	4.157559	5.546592
question	5.7426124	4.0606384	5.8415303
publish	5.474832	4.014639	5.750311
interest	5.837017	4.219879	5.966833
serve	4.9750004	3.7219257	5.398096
divine	6.3847203	3.9516447	5.551192
put	5.467167	3.9140096	5.6330004
shadow	4.694758	3.4286084	5.0477085
practical	5.8271494	3.913412	6.0877576
surface	5.3912096	3.1733952	4.963838
account	5.208025	4.050328	5.3117657
loss	4.831664	4.1501417	4.948714
indian	5.095244	4.595004	5.4414387
vine	6.327069	3.5006843	5.8222427
certain	4.7332745	4.478992	5.2563562
sin	3.2702591	4.5797906	4.2008595
necessity	4.2428846	4.4577003	4.705971
lose	4.477322	4.030661	5.2481456
private	4.689016	3.4689784	5.2728767
gentleman	5.9484153	3.3245568	5.455254
daughter	5.1319275	4.181194	4.8144956
drive	4.1844707	4.808979	4.7135067
strange	4.464247	5.009462	4.5862093
journey	6.0383244	3.9985	5.94306
uncle	5.9131145	3.5036588	6.1202703
species	5.0219865	4.6590085	5.184384
think	5.593939	4.4229064	5.65656
bed	5.5587587	3.4476461	5.3030667
wind	5.195822	3.9832673	5.1619673
bless	7.106224	3.816913	6.2812634
destroy	3.7333474	4.980397	4.6719418
author	5.766836	4.222205	5.4377723
sustain	5.27928	3.906517	5.684155
black	4.3827896	4.7018	4.6507773
event	5.942833	4.34145	5.19665
liberty	6.7509093	4.8722343	6.0637693
negro	4.513515	4.668996	4.6812906
little	5.0284157	4.0168624	5.17809
fortune	5.902599	4.3211336	5.646263
touch	5.4819775	3.780135	5.6369734
kill	4.1657934	5.08037	4.8147817
feature	5.078529	3.9786541	5.2716255
happiness	7.116214	4.244562	6.466873
assume	4.000607	3.6194706	4.964205
notion	5.5140905	4.1249976	5.5752883
purchase	6.2741075	3.8498979	6.283575
faithful	5.9977016	3.6408734	5.912738
soldier	4.2695146	4.336299	4.978957
father	6.039693	3.6455216	5.5428076
narrow	3.5764458	3.8392215	4.640496
great	5.4220667	4.2520313	5.4275117
tear	4.1164865	3.9943461	4.3876233
honorable	5.585906	4.321143	5.7182913
previous	4.604926	3.9471104	4.9626174
good	6.4430847	3.6796513	6.088109
domestic	5.068282	3.9628806	4.888084
glory	6.5413074	4.3836594	6.0539107
lay	4.6647444	3.454536	5.3344665
occasion	4.9800944	4.0853276	4.8602915
guard	4.473128	3.7220922	5.2287173
whole	5.224481	4.363629	5.3323226
mouth	4.9546723	4.0952992	5.440811
receive	6.1646643	3.794597	5.967128
take	5.427005	3.6807146	6.1158
simple	6.2017775	3.8770654	6.0352125
error	3.4425464	4.4073815	4.2697697
wisdom	6.2759438	4.136967	6.289259
rock	5.5709763	4.328483	5.263268
decide	5.065793	4.147286	5.8605
exclaim	6.058688	4.743897	5.677296
assure	7.0189486	4.045172	6.855348
sign	4.6296005	3.5040433	5.1272364
preserve	5.3652143	3.2984228	5.6743493
commerce	5.3196325	4.2448707	5.46641
plant	5.044049	3.8988996	5.2181115
walk	5.3236637	3.998614	5.7716208
difference	5.408946	3.699906	5.3832045
hang	4.6772437	3.6746204	5.111432
following	6.5252986	3.6067953	6.0899496
employ	4.907201	3.975934	5.8503823
