deal	5.3093467	4.198913	5.1640987
study	6.371514	3.760986	6.504173
afford	5.9552507	4.507675	5.7438455
service	5.6619453	3.7158923	5.967042
height	5.144409	4.490789	5.2161126
prospect	6.754985	4.3946776	5.863147
pleasant	7.0488834	3.9901183	6.260454
shade	5.1053643	3.6583216	5.2347713
listen	4.9349117	4.365626	5.269196
mighty	5.3130836	4.3765197	5.2907686
country	5.2727427	3.288507	5.284057
title	6.3586926	4.104886	6.0663443
choose	5.087979	3.6928403	5.504925
village	6.4998903	3.8769233	5.767454
acquire	5.993803	4.5352373	6.3918424
rank	4.7531457	4.2367783	5.046772
bow	5.8167396	3.1900253	6.023683
doctor	4.8185287	4.0009394	5.002465
talent	6.6687765	4.795208	6.5490117
source	5.888714	4.2421207	5.7637677
lead	4.7565794	3.8332791	5.4669623
question	5.26374	3.6680927	5.5507073
publish	5.34622	4.0098095	5.5954323
interest	5.6847672	4.1384335	5.599273
serve	5.2996435	3.3262076	5.7449336
divine	6.7267923	4.016045	5.8124523
put	5.175074	3.5780036	5.6489778
shadow	4.897877	3.5986643	5.062955
practical	5.7750525	3.6029902	5.92231
surface	5.1979246	3.3026776	5.0832376
account	5.6205072	4.227565	5.5012875
loss	4.72739	4.448692	4.729135
indian	4.8207884	4.8433256	5.201495
vine	6.092722	4.1542764	5.8051686
certain	4.7458835	4.357968	5.235945
sin	3.7140775	4.2694035	4.179498
necessity	4.343557	4.158389	4.8890595
lose	4.4907618	4.6138597	5.257891
private	4.331314	3.5123048	5.2481427
gentleman	5.740116	3.553052	5.371941
daughter	5.367609	4.368656	5.0790935
drive	4.105373	4.8567524	4.7715116
strange	4.571413	4.8220816	4.574069
journey	5.768592	3.6463509	5.836422
uncle	5.427828	3.5224307	5.991363
species	5.6537313	4.6436286	5.2679844
think	5.27123	4.2236624	5.4694552
bed	5.316968	3.4951506	5.2055225
wind	5.1423006	4.1729894	4.831253
bless	7.1762056	4.1555247	6.214657
destroy	3.975068	4.8516335	4.6587114
author	5.7273545	4.266661	5.3607306
sustain	5.219543	3.783817	5.55501
black	4.6397896	4.3892097	4.8426676
event	5.703229	4.4768257	5.012306
liberty	6.750304	4.8163047	6.047399
negro	4.699702	4.2257104	4.6028104
little	5.0467863	3.9840856	4.8077555
fortune	5.99454	4.1171527	5.465273
touch	5.506229	3.828349	5.522508
kill	4.5706615	5.011939	4.963693
feature	5.3592014	3.740821	5.588552
happiness	7.0865493	4.332039	6.6025934
assume	3.85647	3.750182	4.8680596
notion	5.364258	3.9569373	5.426323
purchase	6.118568	3.8960297	6.4370003
faithful	6.2305093	3.6129494	5.83783
soldier	4.534832	4.449681	5.0844283
father	5.6349964	3.7296495	5.3878236
narrow	3.609991	3.697484	4.3761506
great	5.586493	3.9929864	5.45982
tear	3.803029	4.075648	4.419384
honorable	5.4690914	4.070564	5.931312
previous	4.5240993	3.851479	5.0637207
good	6.519194	3.7660928	6.317584
domestic	5.501828	3.3998282	5.3402042
glory	6.7820463	4.3776803	6.00091
lay	4.7902517	3.4731207	5.10406
occasion	5.364067	3.9913483	5.181855
guard	4.654538	4.050255	5.0183573
whole	5.583987	3.9040916	5.5180635
mouth	5.0517607	4.1061416	5.35901
receive	6.144873	3.7821684	6.2139215
take	4.7587543	3.3977237	5.372312
simple	5.8915944	3.604048	5.909686
error	3.7978768	4.4597554	4.2174153
wisdom	6.336592	4.1718025	6.0606604
rock	5.224483	4.2032595	5.0457892
decide	4.805707	3.6829867	5.4079385
exclaim	5.693445	4.84586	5.547294
assure	6.57936	4.1462517	6.535422
sign	5.1121616	3.4978292	5.427293
preserve	5.4099016	3.4713771	5.752264
commerce	5.4898653	4.4075065	5.49946
plant	4.6343155	4.030506	5.0752163
walk	5.6945953	4.158327	5.77541
difference	5.5137043	3.8585162	5.357893
hang	4.801143	3.9630454	4.974474
following	6.520887	3.6202343	6.1948276
employ	5.0641003	3.8319254	5.763769
