deal	5.2696934	4.5012507	4.998485
study	6.156869	3.7410665	6.391979
afford	5.8001356	4.0133543	5.4741244
service	5.800466	3.7191594	6.126341
height	5.100808	4.2077036	4.8539233
prospect	6.4326596	4.2818384	5.924962
pleasant	6.86866	3.8456802	6.132491
shade	4.821733	3.6209373	4.9361143
listen	5.038511	4.356329	5.418871
mighty	5.7408385	4.5893927	5.3904862
country	5.243133	3.48486	5.444456
title	6.8178225	3.962684	6.2560825
choose	5.0412455	3.5674427	5.8923993
village	5.8697042	3.7298324	5.433115
acquire	7.0616126	4.563121	6.6584377
rank	5.323784	3.9859025	5.271158
bow	6.107479	3.1282642	5.7294335
doctor	4.963706	3.608265	5.142241
talent	6.9815106	4.6621504	6.481359
source	5.852624	4.1808543	5.544048
lead	4.8532434	3.9058754	5.263349
question	5.082758	4.088006	5.5802484
publish	5.324821	4.259953	5.6484694
interest	5.471075	4.236816	5.4881177
serve	5.161559	3.3090363	5.531196
divine	6.2204475	3.854282	5.4369283
put	5.379082	3.9893744	5.6195836
shadow	4.7394733	3.481506	4.9186354
practical	5.8545203	3.976672	5.963709
surface	5.344862	3.3765006	4.8680325
account	5.2220836	4.057023	5.465228
loss	4.4337196	4.470596	4.658841
indian	4.8480587	4.910265	5.240292
vine	6.4619355	3.5751705	6.143482
certain	4.668779	4.4269004	5.338098
sin	3.7990718	4.041925	4.1515107
necessity	3.7735574	4.29768	4.662242
lose	4.993407	4.5563865	5.362596
private	4.126268	3.7871203	5.1536627
gentleman	5.8562613	3.558929	5.444339
daughter	6.031989	4.0283723	5.158692
drive	4.2878447	4.557398	4.7024107
strange	4.419279	4.9538517	4.5352345
journey	5.996315	3.805081	5.7898016
uncle	5.9151254	3.629641	5.625556
species	5.384867	4.6764536	5.2533636
think	5.3630075	4.0549383	5.3265924
bed	5.3321695	3.2766147	5.3559
wind	5.264615	3.6727886	4.7917776
bless	7.338578	3.5888004	6.1373014
destroy	3.8602679	4.9379644	4.7755914
author	5.548037	4.4633822	5.413155
sustain	5.0048804	3.8936334	5.5658474
black	3.9103513	4.648644	4.6403427
event	5.5135922	4.5664635	4.94489
liberty	6.6458135	4.8000636	6.0225487
negro	3.805748	4.522235	4.1566224
little	4.851281	4.037176	4.9467597
fortune	6.237176	4.151285	5.527939
touch	5.658951	3.8590212	5.5679517
kill	4.541432	5.0800805	4.9872537
feature	5.186172	3.7877765	5.283102
happiness	7.228917	4.1158977	6.5021377
assume	4.394347	4.0115294	5.20182
notion	5.5338387	4.0198054	5.2894177
purchase	6.1519775	3.912698	6.2745132
faithful	6.3435354	3.557497	6.0011334
soldier	4.2505555	4.5143557	4.910349
father	6.037694	4.0038166	5.2564874
narrow	3.9360318	3.877143	4.2471566
great	4.858241	4.380631	4.9700923
tear	3.6892667	4.2192163	4.490231
honorable	5.7995973	3.9491541	6.1458864
previous	4.18088	4.0388637	4.8937197
good	6.195896	3.4802208	6.06118
domestic	4.740637	3.579327	4.9963884
glory	6.8727326	4.0954285	6.0886703
lay	4.5044756	3.4724293	5.571563
occasion	4.9267287	4.2010984	5.179266
guard	4.5569515	4.090414	5.009095
whole	5.1458945	4.103976	5.308756
mouth	5.1533794	4.1205335	5.3302326
receive	5.868279	3.6725564	5.9016743
take	4.919429	3.6530921	5.8147545
simple	6.233459	3.614476	5.836026
error	3.428329	4.34111	4.049962
wisdom	6.4371986	3.9256861	6.059285
rock	5.503167	4.2006507	5.0956597
decide	4.7825303	4.120488	5.4710865
exclaim	5.6363354	4.6935945	5.616168
assure	6.6390038	4.0170803	6.3522663
sign	5.0375366	3.7028565	5.306438
preserve	5.7298326	3.3757832	6.000085
commerce	5.794031	4.114217	5.7566185
plant	5.1480904	3.9086123	5.477097
walk	5.676636	3.7037213	5.6789837
difference	4.554984	4.158515	4.90439
hang	4.7790794	3.7044215	5.1201215
following	6.2602644	3.6938596	6.0355635
employ	4.4177	3.9868968	5.8538513
