deal	4.8052244	4.764744	5.2902613
study	5.7932596	4.2405314	6.191605
afford	6.1953025	4.023825	5.8114285
service	5.904375	3.9687505	5.967141
height	5.396123	4.1308227	5.198955
prospect	6.8643417	4.27727	5.974246
pleasant	7.2483673	3.745855	6.213383
shade	5.128729	3.7453508	5.186234
listen	5.4295673	4.2179146	5.6848636
mighty	5.6652746	4.388258	5.585465
country	5.516977	3.9287193	5.3179297
title	5.952022	3.8413095	5.8376484
choose	5.732901	3.626104	5.968333
village	6.194105	4.163802	5.515568
acquire	6.4727583	4.631295	6.5336595
rank	4.977373	4.0611215	5.1515393
bow	5.6559916	3.2708147	5.60221
doctor	4.8690114	4.035494	5.02029
talent	7.0168476	4.6655755	6.768872
source	5.9494505	4.367098	5.5017786
lead	5.2005258	3.8127851	5.5952945
question	5.2973614	3.9298398	5.655091
publish	5.4719505	3.7319336	5.898486
interest	6.090105	4.202985	5.8904514
serve	5.1199107	3.5328763	5.655337
divine	6.315795	3.818623	5.5408955
put	5.7939377	3.704384	5.727443
shadow	4.9326124	3.5396547	5.231886
practical	5.6551003	4.011527	5.934579
surface	4.9570737	3.2530317	4.8873653
account	5.5919576	3.9559603	5.5050135
loss	4.1151485	4.4266324	4.3773026
indian	4.8478193	5.109499	5.3381295
vine	6.1842346	3.9908547	6.006138
certain	4.916606	4.423474	5.4959946
sin	3.7358363	4.3222747	4.351534
necessity	4.451769	4.3197255	4.9113326
lose	4.549648	4.5191636	5.002655
private	4.5288577	3.5869734	5.353551
gentleman	5.4697213	3.423524	5.2375064
daughter	5.1862283	4.331878	4.788994
drive	4.1628504	4.638731	4.703385
strange	4.8979335	4.5539775	4.933857
journey	5.9911346	3.6630652	5.6783686
uncle	5.147495	3.6031384	5.694905
species	5.7373514	4.686367	5.4699554
think	5.610339	4.220194	5.684498
bed	5.5702257	3.6679676	5.6255565
wind	5.037736	4.1130695	4.9994907
bless	7.0302763	3.9993556	6.0058837
destroy	4.0004306	5.010868	4.854028
author	5.625903	4.3325386	5.277778
sustain	5.088623	4.008329	5.661495
black	4.096945	4.672625	4.275585
event	5.7554884	4.2156544	5.1279273
liberty	7.0817266	4.843584	6.008167
negro	4.4400887	4.1390023	4.7029114
little	5.178711	4.046772	5.173435
fortune	6.0529814	4.330312	5.666335
touch	5.670685	3.6964405	5.540601
kill	4.512573	5.265746	4.8800864
feature	5.1292515	3.9532623	5.181696
happiness	7.0788527	4.3064423	6.3937187
assume	3.975075	3.8294435	5.0717964
notion	5.767308	4.2478676	5.6030016
purchase	6.1883984	3.7033677	6.3465567
faithful	6.205453	3.5613394	6.037083
soldier	4.0291605	4.676846	4.7015452
father	5.7341456	4.0132227	5.2468176
narrow	3.533359	3.938047	4.3260875
great	5.3672643	3.9682872	5.4851785
tear	3.8563066	4.2783194	4.271167
honorable	5.5721025	4.022572	5.809691
previous	4.401738	4.110904	4.9438224
good	5.709505	3.674954	5.940793
domestic	4.934926	3.737183	4.951947
glory	6.798076	4.6062126	5.9640603
lay	4.8986974	3.7372134	5.6868315
occasion	5.1807013	4.297631	5.016293
guard	4.588509	4.026222	5.1467824
whole	5.1216984	3.9016032	5.143635
mouth	5.134143	3.964105	5.401079
receive	6.6680393	3.5211363	6.3261623
take	5.3520913	3.9570575	5.801775
simple	6.1610665	3.8303766	5.825439
error	3.5449429	4.2784514	4.0453753
wisdom	6.1847606	3.8756595	6.3237906
rock	5.492316	3.9829016	5.3169723
decide	4.8385143	4.1771297	5.461854
exclaim	5.7605653	4.5656505	5.6523924
assure	6.4626203	4.0976825	6.3493724
sign	5.0928273	3.610489	5.2057543
preserve	5.7827897	3.434551	5.7859216
commerce	5.6322627	4.303612	5.734844
plant	5.18147	3.704529	5.410318
walk	5.7493906	3.7220535	5.50826
difference	4.69984	3.8009706	5.1404138
hang	4.7603173	3.793798	5.1173606
following	6.7109156	3.4978137	5.981551
employ	4.8395433	3.9693475	6.0084343
