deal	5.380299	4.434392	5.843854
study	6.370035	4.1912913	6.6503916
afford	6.171671	4.231967	5.908576
service	5.928055	3.7920952	6.2035637
height	5.2786994	4.175213	4.919654
prospect	6.70024	4.143222	5.822503
pleasant	6.840481	3.9235494	6.0664825
shade	5.024542	3.5348656	5.2306232
listen	5.1210337	4.3030114	5.27644
mighty	5.757884	4.5073085	5.550497
country	5.138696	3.793836	5.2232237
title	6.3562803	3.642191	5.9751034
choose	5.413203	3.5230782	5.7421026
village	5.8720326	4.212803	5.640667
acquire	6.376731	4.541135	6.799328
rank	4.9455423	3.9103265	5.2303834
bow	5.810149	3.4876246	5.575594
doctor	5.00441	4.185192	4.9601793
talent	6.778059	4.6454725	6.6903
source	5.9279733	4.370236	5.903901
lead	5.117393	3.8842244	5.4559937
question	5.625556	4.14981	5.6135383
publish	5.4025574	3.7615652	5.838689
interest	5.6950865	4.2136717	5.5938506
serve	5.1414723	3.4520407	5.5747
divine	6.4665723	3.9041166	5.4687862
put	5.4509034	3.992332	5.6759615
shadow	4.9061193	3.51907	5.0559855
practical	5.7224255	4.0872526	6.044901
surface	5.1733356	3.1327763	4.8878036
account	5.3876023	3.9893274	5.368926
loss	4.3934135	4.062154	4.4564695
indian	5.1819863	4.9484177	5.5549097
vine	6.47582	3.471354	5.6579485
certain	5.077872	4.50644	5.299538
sin	3.654419	4.290588	4.4894505
necessity	4.351204	4.1942034	4.801508
lose	4.7553735	4.388814	5.1508665
private	4.19161	3.5332782	5.127369
gentleman	5.6559997	3.5446804	5.0312786
daughter	5.411884	4.176048	4.7939706
drive	3.9981153	4.459859	4.611566
strange	4.6370316	4.946391	4.5765085
journey	6.035841	3.5189905	5.764924
uncle	5.865765	4.0856075	6.1447597
species	5.241707	4.5052557	4.9668117
think	5.77967	4.047296	5.9519563
bed	5.1216087	3.3620663	5.2466183
wind	5.296644	4.194013	5.2153287
bless	7.4753876	4.009542	6.322111
destroy	3.838979	4.74457	4.745843
author	5.8638067	4.1118317	5.270229
sustain	4.9622808	3.8147762	5.4502497
black	4.3368263	4.375756	4.152996
event	5.85154	4.3627796	5.259397
liberty	6.9120502	5.072913	6.2187405
negro	4.736	4.209164	4.42179
little	5.014904	4.039812	5.1833515
fortune	5.843224	4.130149	5.3699455
touch	5.890897	3.566475	5.5652056
kill	4.3673363	4.968607	4.96903
feature	5.0115495	3.9982963	5.3282976
happiness	6.9280405	4.2217035	6.3561363
assume	4.0441713	3.6227288	4.907252
notion	6.0134945	4.078755	5.785138
purchase	6.2409296	3.7225792	6.579714
faithful	6.2698503	3.7875867	6.0597787
soldier	4.662759	4.667367	5.007182
father	5.597598	4.041244	5.025065
narrow	3.1961048	3.9431303	4.1441717
great	5.4021325	3.8837483	5.197828
tear	4.025086	3.8580747	4.399292
honorable	5.3865175	4.238596	5.6323442
previous	4.4477005	4.004754	5.0494566
good	6.3372784	3.6581233	6.250153
domestic	5.0022182	3.8244648	5.0657983
glory	6.642928	4.1968164	6.067859
lay	4.648631	3.777969	5.3400354
occasion	5.0172005	3.9620767	4.857107
guard	5.06576	3.9594615	5.4872217
whole	5.3521276	4.0485377	5.0634966
mouth	5.0366607	4.4801416	5.460336
receive	6.3992267	3.904021	6.3061
take	5.3144593	3.5651593	5.8391414
simple	6.419384	4.0380526	6.1170597
error	3.5207827	4.0137615	4.027484
wisdom	6.259489	4.305951	6.0457373
rock	5.5879683	4.1499267	5.1806774
decide	5.0527477	4.1143413	5.522258
exclaim	5.8280034	4.6832266	5.6430235
assure	6.79788	4.090264	6.4485826
sign	4.9684844	3.7648544	5.1503997
preserve	6.1166935	3.630429	6.0645223
commerce	5.6771874	4.63203	5.9064097
plant	4.961336	3.741328	5.152153
walk	5.4804554	3.632778	5.724614
difference	5.335311	3.7365644	5.359216
hang	4.888407	3.6996362	5.164872
following	6.77614	3.678787	5.84593
employ	5.0450926	4.1007013	6.2388034
