deal	5.6551566	3.8336825	5.429429
study	6.187149	3.8228757	6.6163883
afford	6.399269	3.9239206	5.990936
service	6.002635	4.0764737	6.012451
height	5.298473	4.108587	5.118545
prospect	6.7163305	4.101618	5.981066
pleasant	7.069976	3.7736197	6.2751713
shade	5.0343733	3.581316	5.1960506
listen	5.142913	4.340218	5.540287
mighty	5.6825237	4.3441496	5.455737
country	5.2997646	3.5704756	5.5137277
title	6.597186	3.9257474	5.8487597
choose	5.132908	3.5442743	5.8687787
village	6.070584	4.150902	5.521763
acquire	6.4329033	4.2133236	6.7135124
rank	5.059689	3.9413393	4.959948
bow	5.5121393	3.6768599	5.632298
doctor	4.803682	4.035745	5.122689
talent	7.1124725	4.1925635	6.7125697
source	6.3702574	4.1106505	5.7655845
lead	5.0347066	4.0384912	5.8173094
question	5.3238306	4.026135	5.8105936
publish	5.661501	4.2017684	5.8810306
interest	5.9311194	4.016672	5.4351616
serve	5.1445765	3.606241	5.6511965
divine	6.009373	4.0707455	5.3371987
put	5.460541	4.1556273	5.815554
shadow	5.059173	3.2802796	5.0480375
practical	5.628283	4.09599	5.9615617
surface	5.0893636	3.2565324	4.8785467
account	5.605327	4.109041	5.6180296
loss	4.6920066	4.4608426	4.755222
indian	4.878239	4.95928	4.904815
vine	6.255477	3.6127872	5.570661
certain	5.077873	4.53197	5.239139
sin	3.7896276	4.2850065	3.957883
necessity	4.4190154	3.9758382	4.709629
lose	4.5719213	4.650392	5.2157354
private	4.313175	3.83713	5.1795626
gentleman	5.5188656	3.4199624	5.336542
daughter	5.718701	3.9870608	5.17078
drive	4.1720448	4.5724335	4.873898
strange	4.7121663	4.861756	4.4930243
journey	6.224484	3.7227411	5.908725
uncle	5.7767086	4.205209	5.8466015
species	5.192499	4.8560734	4.996292
think	5.404025	4.334974	5.443804
bed	5.534366	3.3097978	5.570855
wind	5.2748227	4.1685243	4.899539
bless	7.0116053	4.091441	6.139307
destroy	3.7269173	5.187108	4.5180945
author	5.66514	4.5082393	5.414165
sustain	5.0228987	3.9813058	5.7685666
black	4.2373166	4.240634	4.265108
event	5.8390603	4.4530087	4.7607346
liberty	6.9897137	4.715196	6.086057
negro	3.9799066	4.377332	4.2598467
little	5.2118115	4.1490397	5.0870333
fortune	6.253877	4.0981464	5.571278
touch	5.5877285	3.8323717	5.7537217
kill	4.5338693	5.219718	4.8128214
feature	5.10127	3.6764212	5.448432
happiness	7.1897926	4.047314	6.367859
assume	4.146348	3.6501374	5.1013055
notion	5.8908377	4.1169763	5.414859
purchase	6.2578526	3.9484553	6.3759623
faithful	6.156103	3.5741284	6.2171736
soldier	4.427633	4.4841976	5.115675
father	5.811511	4.1169415	4.9924927
narrow	3.592737	3.594889	4.564342
great	5.7717757	4.3365993	5.1600256
tear	3.9036865	4.0051804	4.6038084
honorable	5.727058	4.2668104	5.9403963
previous	4.581512	3.9565153	5.069992
good	6.3123355	3.6649947	6.2538133
domestic	4.8045096	3.693528	4.9138193
glory	6.8191624	4.5228086	6.034994
lay	5.1184826	3.4581137	5.6714363
occasion	4.920385	4.4272585	4.95088
guard	4.3740883	3.877678	5.0033345
whole	5.2234373	4.2163134	5.195723
mouth	4.9318347	4.1393614	5.4572864
receive	6.517465	3.8811965	6.0655346
take	5.5661883	3.9223516	5.8947344
simple	6.0695457	3.8723354	5.864803
error	3.7909107	4.5148478	4.470582
wisdom	6.623125	3.9322891	6.251244
rock	5.454895	4.030166	5.170157
decide	5.1489534	3.8625505	5.95711
exclaim	5.6561284	4.53728	5.4769607
assure	6.841054	4.1148744	6.642629
sign	4.8073997	3.5543466	4.94297
preserve	5.8116727	3.6444569	6.0999455
commerce	5.43948	4.080314	5.4312205
plant	4.764983	3.820207	4.853941
walk	5.696891	3.7207022	5.8593464
difference	5.503136	3.9208155	5.382511
hang	4.824156	4.080784	5.199441
following	6.6371856	3.4569287	6.070212
employ	4.872568	4.047101	5.9505973
