deal	4.7862086	4.271469	5.0170407
study	6.359252	3.7966151	6.590642
afford	6.4905224	3.9867387	6.115714
service	6.316615	3.934172	6.236343
height	4.959718	4.1755867	5.002524
prospect	7.233921	4.352681	6.1637354
pleasant	6.973201	3.79829	6.080353
shade	5.0996485	3.5449626	5.3771224
listen	5.0766582	4.0466247	5.625938
mighty	5.5594773	4.678223	5.5476637
country	5.423411	4.0142207	5.5854015
title	6.713188	3.594296	6.0307035
choose	5.254104	3.564924	6.025093
village	6.007103	3.8688006	5.2999654
acquire	6.2591248	4.4699597	6.3995714
rank	5.0645475	4.235629	5.264908
bow	5.832153	3.6490474	5.6772733
doctor	4.976672	3.8954096	5.1292343
talent	6.9905043	4.551297	6.8521748
source	5.947183	3.8362858	5.6434426
lead	4.8844247	4.2778063	5.5775204
question	5.298029	3.8974066	5.770962
publish	5.4950767	4.1445503	5.762563
interest	5.8360925	3.8666883	5.681922
serve	5.1207867	3.4122303	5.808242
divine	6.24701	4.2018423	5.655233
put	5.78607	4.1731167	5.8995075
shadow	5.2319503	3.3511248	5.1172857
practical	5.3896756	4.0214996	5.8679194
surface	5.0251913	3.0327685	4.962449
account	5.621492	4.0346212	5.500004
loss	4.508626	4.269925	4.433333
indian	4.802736	4.817742	4.90908
vine	6.3796415	3.7114205	5.834545
certain	4.9624467	4.6527724	5.3122406
sin	3.5800548	4.484843	4.123054
necessity	4.4443245	4.459204	4.70034
lose	5.0718284	4.389146	5.1139655
private	4.458925	3.8697	5.222871
gentleman	5.3450356	3.6098309	5.452768
daughter	5.4758177	3.861937	4.963201
drive	3.9140105	4.8318067	4.6226764
strange	4.6101427	4.8316345	4.39439
journey	6.4719667	3.8134122	5.8939056
uncle	6.211597	3.8625863	6.237017
species	5.070897	4.6058726	4.927973
think	5.7562423	4.3639913	5.606976
bed	5.3147936	3.2274394	5.3689313
wind	4.9443874	4.327955	4.689106
bless	7.2682734	4.1984167	6.3666496
destroy	4.1450953	5.157713	4.9588227
author	5.4372387	4.1625495	5.3140025
sustain	5.311924	4.273044	5.5789013
black	4.339471	4.478444	4.3999104
event	5.9595685	4.503098	5.0291333
liberty	6.829933	4.719981	5.9532466
negro	4.2748547	4.527895	4.5800886
little	5.1061873	4.0665083	5.066286
fortune	6.2139177	4.2992086	5.66569
touch	5.6282177	3.874889	5.366388
kill	4.237485	5.3440995	4.608043
feature	5.1454515	3.8081977	5.345571
happiness	7.196662	4.6612315	6.466734
assume	4.3488564	3.6448007	5.1969404
notion	5.6357336	4.037559	5.2643504
purchase	6.3665547	3.731329	6.324445
faithful	6.470332	3.7494617	6.083919
soldier	4.3275843	4.497624	4.8313656
father	6.0232496	3.7366529	5.4855223
narrow	3.8363292	3.910086	4.3974895
great	5.040022	4.3047657	4.9594584
tear	3.8776	3.849833	4.8367076
honorable	5.6123004	4.4836383	5.958289
previous	4.7587605	3.7516418	5.0793033
good	6.0443645	3.9042826	5.774156
domestic	5.253101	3.8140137	4.8416414
glory	6.9187946	4.4944186	6.2899656
lay	4.694999	3.5416303	5.423027
occasion	5.4739823	4.264663	5.060574
guard	5.1232443	3.9104786	5.289409
whole	5.07217	4.1173234	5.3162723
mouth	5.3377266	4.088652	5.5324945
receive	6.1871743	3.650097	5.9652214
take	5.59835	3.7588682	5.8354273
simple	6.010005	3.4854465	5.6974797
error	3.4320774	4.1290607	4.069963
wisdom	6.2132516	3.9874856	6.09754
rock	5.165018	4.2544208	5.0540066
decide	5.031776	3.9392	5.7662306
exclaim	5.717603	4.6800942	5.438939
assure	6.7981524	4.0190234	6.6341133
sign	5.424396	3.8976555	5.3078737
preserve	6.257861	3.6294065	6.04941
commerce	5.571572	4.645721	5.465465
plant	4.8891606	3.8213615	5.3092504
walk	5.786302	3.8943095	5.810662
difference	4.9989996	4.098423	4.7709527
hang	5.0901356	3.938931	5.244347
following	6.603112	3.188768	5.8314896
employ	4.702044	3.8630333	5.9969945
