deal	5.461436	4.365215	5.0481205
study	6.1111503	4.0559344	6.200488
afford	5.954911	3.9474683	5.962966
service	5.908293	4.024452	6.313238
height	5.147687	4.0299473	5.1848955
prospect	6.6975384	4.387912	6.0099354
pleasant	6.9248047	3.897964	6.1411448
shade	5.083373	3.5394309	5.3329535
listen	5.2667274	3.9123902	5.6071925
mighty	6.009774	4.376226	5.641773
country	5.273143	3.69972	5.3645053
title	6.789896	4.1016083	5.994381
choose	5.3897233	3.320088	6.0372458
village	6.0028934	4.2442284	5.5573926
acquire	6.834173	4.3898134	6.7177925
rank	5.2302856	4.1679187	5.4972715
bow	5.9294767	3.4392328	5.903348
doctor	4.869011	3.8193789	4.9889197
talent	7.0424805	4.6362553	6.777411
source	6.00622	4.0835032	5.5899334
lead	4.9016523	3.9301693	5.5177493
question	5.5239854	3.918038	5.5828
publish	5.7126083	4.175867	5.788754
interest	5.513343	4.1224	5.448577
serve	5.179405	3.4926138	5.8033113
divine	6.4926567	3.9989953	5.67886
put	5.568477	3.8306546	5.9297075
shadow	4.8190784	3.5911613	5.0260134
practical	5.55317	3.8336654	5.822154
surface	5.336233	3.0066762	5.171763
account	5.549776	3.908726	5.6176925
loss	4.1840367	4.4494996	4.6528616
indian	4.984599	5.0025625	5.358023
vine	6.305546	3.6058424	5.5844326
certain	5.0155168	4.6640673	5.2570653
sin	3.4136915	4.2982154	4.0410104
necessity	4.319132	4.3362017	4.7561007
lose	4.9530115	4.464053	5.520172
private	4.4593697	3.7921772	5.237764
gentleman	5.9238453	3.2422905	5.4915986
daughter	5.3326864	4.14839	4.945155
drive	4.2837963	4.708334	4.7381063
strange	4.76669	4.8867073	4.728833
journey	5.862635	3.9347625	5.5747147
uncle	5.6128387	3.4031906	5.578456
species	5.149276	4.4533195	5.000025
think	5.679123	4.361045	5.7766123
bed	5.1880226	2.9981005	5.1705723
wind	5.2030916	4.2256556	4.7130723
bless	7.283806	4.0102468	6.1763015
destroy	4.028529	5.0478077	4.815347
author	5.808313	4.3871856	5.399443
sustain	5.0581274	3.9954042	5.741043
black	4.7274003	4.793547	4.7297306
event	6.058364	4.543504	5.2001104
liberty	6.765358	4.9681444	6.020572
negro	4.5363393	4.502708	4.619358
little	4.7571845	4.271721	4.8222585
fortune	6.1303825	4.4776096	5.517728
touch	5.5555487	3.50477	5.510705
kill	4.326539	4.9452066	4.817307
feature	5.161413	3.9637349	5.4209957
happiness	7.042582	4.3214865	6.311871
assume	4.309444	3.6470585	5.1662645
notion	5.8281116	4.1495624	5.613556
purchase	6.2057996	3.8309374	6.330488
faithful	6.209222	3.7412477	5.871699
soldier	4.589897	4.4695473	5.06721
father	5.6117206	3.9350054	5.1235805
narrow	3.3683794	3.687488	4.305773
great	5.6324944	4.5121174	5.187661
tear	4.0496454	4.079583	4.6036386
honorable	5.61934	4.229544	5.8016753
previous	4.573073	3.7940254	5.2233953
good	6.1699524	3.9269147	6.1672096
domestic	4.6578465	3.5533524	4.9439244
glory	6.8030405	4.2564325	6.091995
lay	4.9079986	3.4889712	5.4007754
occasion	5.159771	4.073416	5.2424912
guard	4.961785	3.6136189	5.4378996
whole	5.4518595	4.1347184	5.2122345
mouth	5.106791	3.87438	5.3685536
receive	6.2770605	3.9724839	6.1246166
take	5.6423874	3.9400492	6.040936
simple	6.022484	3.6514156	5.764722
error	3.5715914	4.3862414	4.2403107
wisdom	6.1883087	4.028818	6.019507
rock	5.6200523	4.026775	5.3331423
decide	5.1806345	4.0984845	5.6430936
exclaim	5.7764015	4.765934	5.686667
assure	6.898342	4.098337	6.54912
sign	4.909798	3.642175	5.1543617
preserve	6.0025477	3.3253362	6.100902
commerce	5.313407	4.0875854	5.323338
plant	4.7126684	3.6848755	5.0574355
walk	5.8576035	3.8402495	5.829323
difference	4.916136	4.040858	5.2725015
hang	4.727087	3.8673363	5.029868
following	6.677707	3.5282953	5.974637
employ	5.037998	3.8252792	6.125987
