deal	4.802778	4.571364	5.1683755
study	6.414631	4.0197678	6.5336456
afford	6.1178975	4.238407	5.7759867
service	5.7293196	4.060407	5.877531
height	5.1261806	4.2722135	5.097716
prospect	6.6548266	4.361012	6.1625624
pleasant	6.8183417	3.7526586	6.1204157
shade	4.930521	3.81128	5.208022
listen	5.2507052	4.035423	5.343438
mighty	5.6869326	4.600988	5.7539015
country	5.365648	3.4926407	5.360931
title	6.617058	3.6658657	6.097189
choose	5.0931625	3.9037695	5.7446127
village	5.7438717	3.8599699	5.3013844
acquire	6.871552	4.261498	6.773415
rank	5.0853677	4.1227016	5.4482727
bow	6.026003	3.724166	5.811677
doctor	4.9906316	4.0707774	5.032641
talent	6.999845	4.5480723	6.809517
source	5.9955196	4.1127377	5.4908524
lead	4.709023	3.9425936	5.2539434
question	5.147751	4.2070274	5.659872
publish	5.638817	4.010287	5.7606115
interest	6.016421	4.063417	5.9130487
serve	5.1602135	3.4090495	5.57847
divine	6.412348	3.7932572	5.726795
put	5.263914	3.8158202	5.7184134
shadow	4.837509	3.7036853	5.1290956
practical	5.656477	3.9525266	6.0895615
surface	5.120799	3.2030778	4.9501677
account	5.466943	3.5864215	5.24206
loss	4.3737288	4.1453147	4.6278296
indian	5.0437603	4.807854	5.1140785
vine	6.327529	3.7759478	5.8880587
certain	5.156158	4.3939915	5.4309216
sin	3.9614248	4.2123885	4.380219
necessity	4.119596	4.407276	4.640829
lose	4.4811773	4.533144	5.2580686
private	4.3960934	3.5545132	5.196164
gentleman	6.0386567	3.5575628	5.80415
daughter	5.4422255	4.188632	5.1860347
drive	4.1651697	4.85071	4.5134325
strange	4.5872703	5.0528264	4.6695952
journey	5.9829197	3.7350006	5.7424703
uncle	6.3403397	3.9848268	6.001144
species	5.634682	4.3121653	5.0043206
think	5.2423005	4.5247974	5.524912
bed	5.2396545	3.153779	5.2856245
wind	5.0133224	4.153751	5.0120287
bless	7.306417	3.945216	6.2912636
destroy	3.8676095	5.0772176	4.7247252
author	5.730219	4.0523767	5.350585
sustain	5.0888095	3.9838295	5.511939
black	3.8438869	4.429253	4.277054
event	5.7520237	4.3114853	4.873328
liberty	6.832202	4.6370316	6.24928
negro	4.5302896	4.337713	4.7161164
little	4.5815816	3.9992812	5.0302167
fortune	6.143683	4.1364923	5.7076616
touch	5.685313	3.839527	5.608318
kill	4.6151395	5.062415	4.714138
feature	5.0789056	3.9894495	5.368531
happiness	7.2806115	4.1202974	6.6061897
assume	4.4353867	3.7805595	5.181449
notion	5.6070786	4.116802	5.5969486
purchase	6.4556913	3.650695	6.4520073
faithful	6.0549135	3.71332	6.0058985
soldier	4.2882204	4.2491207	5.054754
father	6.099122	4.2782044	5.423918
narrow	3.5446565	3.737931	4.3815355
great	4.9206505	4.034784	4.999418
tear	4.324636	3.8748627	4.903803
honorable	5.4966507	4.1199393	5.9379435
previous	4.41172	3.9696357	5.069048
good	5.921282	3.4111562	5.8932686
domestic	5.0166187	3.768089	4.8770566
glory	6.678124	4.4224415	6.134065
lay	4.920018	3.2615862	5.647376
occasion	5.146959	3.9085736	4.923109
guard	5.0758033	3.8119264	5.3902564
whole	5.37794	4.0591264	5.470875
mouth	4.7818685	3.877652	5.050503
receive	5.8771377	3.8500328	6.0179343
take	5.037565	4.0126634	5.7192173
simple	5.9861817	3.836698	5.8421216
error	3.2076077	4.0723634	3.9044247
wisdom	5.9983835	3.960034	6.204165
rock	5.489751	4.218801	5.262008
decide	4.7161856	4.1484203	5.5480003
exclaim	5.7100363	5.055807	5.6644793
assure	6.8709774	3.963136	6.5810738
sign	4.8514304	3.5144508	5.479744
preserve	5.800674	3.515636	5.685154
commerce	5.9729357	4.267472	5.9494514
plant	5.026412	3.7153342	5.270841
walk	5.540886	4.2174644	5.594119
difference	4.7020645	3.9147396	5.07749
hang	4.5462074	4.0866194	4.9428487
following	6.115936	3.40851	5.755586
employ	4.7936773	3.9574597	5.871422
