deal	5.0357385	4.5890775	5.0341444
study	6.0640707	4.2837906	6.438068
afford	6.2326775	3.8178706	5.4753566
service	5.800471	3.9012704	6.0214334
height	5.109087	4.015598	5.4217496
prospect	6.6441793	4.3222055	5.958319
pleasant	7.214026	3.8983836	6.3384647
shade	4.985017	3.8247259	5.211548
listen	5.199079	4.4821105	5.3675714
mighty	5.5638056	4.609027	5.3249063
country	5.352849	3.7611876	5.5716734
title	6.2019672	3.56909	6.0262666
choose	5.6874204	3.737389	5.82928
village	6.3350735	3.854259	5.650874
acquire	6.6070843	4.327688	6.623657
rank	5.047401	3.9791272	5.127526
bow	5.750336	3.3024862	5.722731
doctor	4.4936957	4.236902	4.6194925
talent	6.7367597	4.782957	6.5760756
source	5.9214735	4.0319667	5.5804014
lead	5.4988213	3.6686683	5.631565
question	5.0031023	4.0673766	5.1812687
publish	5.6039343	3.9040444	6.027776
interest	5.7815194	4.19541	5.4731402
serve	5.165932	3.3194723	5.57191
divine	6.3717017	3.8504615	5.398547
put	5.504225	3.8616238	5.4217014
shadow	4.741	3.6559703	5.11372
practical	5.559249	4.0617733	5.9025745
surface	4.5603166	3.2123287	4.804992
account	5.6348963	4.0550137	5.370724
loss	4.564144	4.2511425	4.399381
indian	5.1568527	5.0136585	5.366584
vine	5.8389897	3.8394237	5.964136
certain	5.1095486	4.5970726	5.4845533
sin	3.530976	4.146092	4.2701726
necessity	4.6386366	4.3221254	4.926218
lose	4.490775	4.348412	4.919356
private	4.473666	3.6243284	5.1451144
gentleman	5.4427576	3.7915132	5.4488034
daughter	5.367902	4.2224665	5.0167966
drive	4.4274545	4.5253563	4.8548417
strange	4.9205966	4.730044	4.7596908
journey	6.5120134	3.7983146	6.154748
uncle	6.153844	4.295901	5.901351
species	5.006012	4.8823385	4.9677086
think	5.733	4.0156283	5.584381
bed	5.3191338	3.217802	5.546898
wind	5.3072195	4.044438	5.173807
bless	7.0111046	3.8191502	6.214928
destroy	4.0844274	4.9328218	4.748988
author	5.565747	4.278597	5.4048853
sustain	5.2663927	3.9612322	5.6594853
black	4.297059	4.5452456	4.5413513
event	5.66924	4.3993216	4.9505563
liberty	6.5405154	4.6394973	5.84832
negro	4.0532627	4.614559	4.2771807
little	5.2699986	4.305044	5.230153
fortune	5.849254	4.004052	5.3523593
touch	5.7697735	3.7186646	5.467098
kill	4.421706	5.0214233	4.6519203
feature	5.223979	4.20898	5.3094826
happiness	6.81619	4.169559	6.470138
assume	4.2966995	4.077854	5.255194
notion	5.4910707	4.0497265	5.453054
purchase	6.255815	3.5502439	6.2476087
faithful	6.4710674	3.6138325	6.107686
soldier	4.880499	4.485111	5.022971
father	5.6411877	4.04508	5.478223
narrow	3.719611	3.7051888	4.4763756
great	4.538743	3.9197536	4.5693054
tear	3.8098707	4.168709	4.391177
honorable	5.45338	4.03564	5.6840954
previous	4.5613246	3.8802283	5.010938
good	6.3290524	3.519514	5.974586
domestic	5.2246537	3.706095	5.0853643
glory	6.5865746	4.3519616	6.033705
lay	4.935391	3.671194	5.6275043
occasion	4.923635	4.115247	4.79875
guard	4.987042	3.816946	5.2281017
whole	5.1904745	4.0055423	5.13241
mouth	5.1127706	4.147025	5.440703
receive	6.200611	3.4792733	6.0100775
take	5.7435837	3.672008	5.7238493
simple	6.299148	3.8008065	5.818887
error	3.5470946	4.161979	4.189282
wisdom	6.041888	3.8819647	6.114479
rock	5.309679	4.016849	5.1589203
decide	5.1716094	3.9539022	5.497433
exclaim	5.555313	4.6869392	5.3778663
assure	6.768615	3.9035995	6.5785728
sign	4.9700713	3.753805	5.0099974
preserve	6.079466	3.4962962	5.7936516
commerce	6.0287566	4.491691	5.7931485
plant	4.6365905	3.8401587	5.1927724
walk	5.7959504	3.6630669	5.8828173
difference	4.3451066	3.6978984	4.8440814
hang	4.386925	3.7574694	4.976895
following	6.540306	3.27299	5.918702
employ	5.0643716	3.771676	5.8324795
