deal	5.176566	4.257207	5.202809
study	6.38861	3.971623	6.402765
afford	6.243149	4.0395346	5.8808537
service	5.725834	3.9489536	5.7401476
height	5.321192	4.3598595	5.3420863
prospect	6.7224503	4.5858793	5.8826513
pleasant	6.9509144	3.903253	6.1503134
shade	5.0869164	3.892027	5.2635207
listen	5.1834517	4.365123	5.404148
mighty	5.8440976	4.5207334	5.6788445
country	5.5892634	3.9151297	5.581664
title	6.1402874	3.6557074	5.925942
choose	5.1554637	3.5384378	5.432971
village	6.021376	4.1586742	5.5293565
acquire	6.6243753	4.4088564	6.5449753
rank	5.1520214	4.2703853	5.439366
bow	6.1767416	3.3486018	5.92637
doctor	5.0840893	3.9719596	4.8320017
talent	7.097907	4.498683	6.710184
source	6.071887	4.2177567	5.4995756
lead	5.0303993	4.149014	5.424105
question	5.4820247	3.9663968	5.3531146
publish	5.283983	3.9094996	5.723246
interest	5.8023214	4.012428	5.568087
serve	5.0908766	3.3519406	5.5855713
divine	6.4005203	4.0177283	5.695722
put	5.662882	4.0022984	5.7797117
shadow	4.8422375	3.6666489	5.0506682
practical	5.738249	4.0534534	6.096615
surface	5.237028	3.108089	4.89841
account	5.0192213	4.15188	5.288414
loss	4.384665	4.39271	4.7001824
indian	4.9823475	4.806721	5.570963
vine	6.205737	3.8497066	5.587403
certain	5.1134787	4.230118	5.3630266
sin	3.6309633	4.3312616	4.4231377
necessity	4.205675	4.285429	4.812626
lose	4.7744913	4.7262683	4.9960723
private	4.360793	3.8944123	5.0180593
gentleman	5.4497285	3.7378201	5.3277802
daughter	5.4945326	4.2614374	4.8646517
drive	4.0107813	4.634775	4.5294604
strange	4.332951	4.7349157	4.2710238
journey	5.9790826	3.6467652	5.5636435
uncle	5.731091	3.9806552	5.76972
species	5.4346967	4.5194016	5.148191
think	5.1704445	4.3033524	5.2931094
bed	5.1324472	3.5944133	5.239602
wind	5.077299	4.0659986	4.7623334
bless	7.2748957	3.9975603	6.347232
destroy	3.8014457	5.1181755	4.7716017
author	5.5557685	4.0010743	5.240575
sustain	5.129283	3.9846082	5.7001433
black	4.26322	4.3229685	4.571913
event	5.624955	4.4968653	4.8052855
liberty	6.9714203	4.935285	6.3678846
negro	3.919909	4.483864	4.5680795
little	5.2741127	4.104742	5.2935433
fortune	5.7900863	4.1202836	5.2225533
touch	5.590085	3.484424	5.5548778
kill	4.1238317	4.9139104	4.732432
feature	5.1191006	4.0321565	5.406581
happiness	7.137766	4.7082915	6.374509
assume	4.0420737	3.7034063	5.0139985
notion	5.775159	4.1376004	5.6717443
purchase	6.264348	3.8280828	6.303023
faithful	6.000208	3.629592	5.8601837
soldier	4.308652	4.5017376	5.0587883
father	5.6662035	3.6794522	5.248098
narrow	4.0137806	3.6605327	4.5944295
great	5.608828	4.223399	5.2690544
tear	3.8912914	4.099015	4.4976854
honorable	5.8441663	4.2717886	5.8876276
previous	4.4624033	4.1228085	4.9549074
good	5.9310265	3.7832603	6.00968
domestic	5.0611973	3.7300825	5.0963845
glory	6.876526	4.920106	6.4455233
lay	5.0681415	3.3205485	5.771594
occasion	5.208053	4.307381	4.9084215
guard	4.8621883	3.8049288	5.468488
whole	5.0261145	3.792674	5.1941233
mouth	5.190009	4.361817	5.485156
receive	6.3042517	3.817029	6.04836
take	5.389254	4.1475067	5.709861
simple	6.15229	3.6579437	5.9189653
error	3.5916812	4.3064346	4.4153666
wisdom	6.515393	4.0058255	6.334082
rock	5.4198256	4.130064	5.0551977
decide	5.31497	4.0142555	5.498176
exclaim	5.640083	4.648114	5.8330994
assure	6.859644	3.8024008	6.770671
sign	5.160759	3.495819	5.3048954
preserve	5.8673196	3.7887754	5.7966986
commerce	5.560146	4.352191	5.6048956
plant	4.6938534	3.775097	4.926112
walk	5.9082747	3.7648263	5.8722506
difference	5.3522215	3.9821312	5.6026382
hang	4.9797573	3.8246408	5.251817
following	6.5949373	3.5313635	6.0282383
employ	4.6823244	4.04912	5.837834
