deal	5.116332	4.2956495	5.2627883
study	6.174569	3.7233024	6.463652
afford	5.940799	4.1217637	5.950739
service	5.725856	3.7398834	5.96123
height	4.9974403	4.4535317	5.118659
prospect	6.647107	4.4840946	6.184783
pleasant	6.8525352	3.7294672	6.230963
shade	5.0144634	3.6757503	5.347445
listen	5.2118545	4.365236	5.626142
mighty	5.6405616	4.416341	5.5468984
country	5.5051174	3.454987	5.4883733
title	5.9414454	3.6466746	5.889141
choose	5.0676475	3.729956	5.4933324
village	6.2481284	3.9070706	5.483239
acquire	6.380531	4.514612	6.5827255
rank	4.842394	4.1322284	5.253796
bow	5.748687	3.5779114	5.6306863
doctor	4.979179	3.7856221	5.1509757
talent	6.798826	4.6524835	6.705675
source	5.6590643	4.2700796	5.6336017
lead	4.8774056	3.8227975	5.413727
question	5.3198733	4.120739	5.5785446
publish	5.467644	3.8582659	5.732339
interest	5.823193	4.201933	5.638115
serve	5.0185995	3.1883388	5.5398736
divine	6.3053074	4.0978994	5.5856123
put	5.67257	3.9841144	5.8971405
shadow	4.697044	3.5165682	5.0529475
practical	5.7085385	3.7640393	6.0204673
surface	5.0366225	3.24741	4.930597
account	5.6201606	3.963012	5.6624093
loss	4.5177436	4.4346395	4.6771193
indian	5.0979214	5.2033916	5.2369328
vine	6.4037933	3.7056336	5.820654
certain	5.08826	4.370297	5.2728443
sin	3.6112354	4.4984207	4.372476
necessity	4.215631	4.338189	4.776339
lose	4.501508	4.567765	4.9495525
private	4.1321526	3.5233536	5.1885242
gentleman	5.8796163	3.800012	5.5652623
daughter	5.338314	4.268169	4.9551444
drive	3.8851836	4.421534	4.6052685
strange	4.536065	4.8001804	4.6710696
journey	6.06347	3.5834143	5.71054
uncle	6.418184	3.8204558	6.3744974
species	5.391681	4.4473543	5.151099
think	5.266832	4.2290463	5.4667454
bed	5.1956253	3.6896586	5.3779683
wind	4.8375926	3.8569627	4.807666
bless	7.1112037	4.1626916	6.1923175
destroy	3.9413328	5.001883	4.901299
author	5.7542024	4.312517	5.2758245
sustain	5.5775795	3.9804268	5.915653
black	4.6424465	4.626041	4.7050295
event	6.1428595	4.386097	5.2307367
liberty	6.7311606	4.946396	5.9379554
negro	4.3547444	4.325329	4.502599
little	5.0657616	3.9097013	4.8490467
fortune	5.9872518	4.260132	5.530457
touch	5.5647407	3.8232975	5.5781775
kill	4.443013	5.1296034	4.8502316
feature	5.3338413	3.7851574	5.3782663
happiness	6.9291368	4.5532207	6.3389707
assume	3.9987392	3.9147851	4.8741193
notion	5.509777	3.9637003	5.355849
purchase	6.1078315	3.6430225	6.1956577
faithful	6.3551054	3.7067876	5.989435
soldier	4.261076	4.091497	4.7288404
father	6.0456605	4.095156	5.5479813
narrow	3.7622705	3.6655934	4.323602
great	5.552792	4.0761695	5.3632693
tear	3.95331	4.0667257	4.4346337
honorable	5.511857	4.0317926	5.8754363
previous	4.6657195	3.977044	5.122445
good	6.060842	3.573298	6.255857
domestic	5.1550827	3.5404296	5.0520506
glory	6.5282083	4.3831506	5.9480505
lay	4.9704	3.6383476	5.43546
occasion	5.2422514	4.0660086	5.21678
guard	4.744275	3.9669254	5.163058
whole	5.1802773	4.237085	5.256584
mouth	5.423025	4.2224345	5.537602
receive	6.134373	3.649392	5.9136233
take	4.9780154	3.8860254	5.530163
simple	6.091228	3.9645588	5.8639297
error	3.6827395	4.391479	4.130366
wisdom	5.83521	4.035821	5.9312534
rock	5.25359	4.583927	5.1332636
decide	4.9689913	3.8566742	5.5246115
exclaim	5.698701	4.846368	5.520544
assure	6.683072	4.102683	6.378468
sign	5.346444	3.688973	5.4047356
preserve	5.9603076	3.5529273	5.7725677
commerce	5.8556433	4.4230223	5.5918694
plant	4.755355	3.9762418	5.2414594
walk	5.7924104	3.7138746	5.8244486
difference	5.103281	3.9188795	5.080695
hang	4.8330708	3.7645195	5.24473
following	6.7919445	3.7523866	6.0950823
employ	5.0346117	3.6482186	6.0555916
