deal	4.9359703	4.6000085	5.110956
study	6.069945	3.7985473	6.344753
afford	6.1444035	4.084801	5.5104513
service	5.738626	3.5677695	6.0135093
height	5.1013594	4.347085	5.1145854
prospect	6.788815	4.375932	6.0521035
pleasant	6.845712	4.0521464	6.2855735
shade	4.716783	3.778462	5.1243954
listen	5.2365875	4.1972837	5.636754
mighty	5.6106997	4.449537	5.4742813
country	5.1792736	3.464323	5.1327734
title	6.757126	3.675486	6.0982437
choose	5.264393	3.4158134	5.602962
village	6.2308397	3.8598335	5.485526
acquire	6.3567843	4.427676	6.5447507
rank	4.947034	3.9856234	5.2036543
bow	5.752759	3.5367408	5.543298
doctor	4.950639	4.054148	4.7581162
talent	6.835644	4.527085	6.6164684
source	5.9858894	4.364373	5.577793
lead	4.875267	3.9240563	5.6191955
question	5.5010815	3.6234477	5.6739864
publish	5.6009636	4.2302847	5.6793385
interest	5.7095814	3.4300356	5.7064157
serve	4.928831	3.3202097	5.3450003
divine	6.407119	3.8111398	5.5807457
put	5.454651	3.6531863	5.646187
shadow	5.0612936	3.2521822	5.295411
practical	5.573676	3.9335575	5.886579
surface	4.962321	3.1772573	4.7069197
account	5.454613	4.0557823	5.4232926
loss	4.582585	4.332748	4.7260904
indian	5.4020367	4.7978153	5.57922
vine	5.9402647	4.1008	5.5224905
certain	5.0869913	4.555206	5.479795
sin	3.6176872	4.196622	4.423069
necessity	4.512269	4.2352133	4.905643
lose	4.1087017	4.004669	4.768128
private	4.147099	3.863735	5.0487323
gentleman	5.5965705	3.5248299	5.458124
daughter	5.4681854	4.2545724	4.6903234
drive	4.1330895	4.624831	4.619982
strange	4.5742364	5.0431747	4.5806823
journey	6.348625	3.708007	5.9760995
uncle	5.0312333	4.105707	5.379176
species	5.199135	4.498998	5.1890936
think	5.5813065	4.410984	5.4971366
bed	5.57144	3.5484362	5.5143285
wind	5.065755	4.2634344	4.618001
bless	7.161923	4.119664	6.349192
destroy	3.696023	5.0995216	4.562136
author	5.5268545	4.0857043	5.29664
sustain	4.99218	4.0278788	5.6887836
black	4.65911	4.9183235	4.758018
event	5.745737	4.589012	4.9451003
liberty	6.864355	4.6917863	6.1704354
negro	5.0286493	4.2753673	4.873102
little	5.338668	3.8708937	5.3378963
fortune	5.9341598	4.2189164	5.43994
touch	5.593721	3.717503	5.476249
kill	4.6404986	5.2013845	4.5920105
feature	5.2310224	3.956421	5.1180377
happiness	7.2147813	4.1972623	6.558936
assume	3.9995408	3.7273054	5.0063963
notion	5.520687	3.7206807	5.2107835
purchase	6.3046665	3.5905826	6.269969
faithful	6.330186	3.6032064	5.986439
soldier	4.508644	4.4762254	4.9050035
father	5.7236247	3.811406	5.090311
narrow	3.625787	3.567572	4.6625657
great	5.4246993	4.327367	5.4466777
tear	3.6935377	3.9735045	4.4791284
honorable	5.828933	4.0182304	6.074779
previous	4.478221	3.8175735	4.9828515
good	6.364577	4.1550026	6.1856127
domestic	5.2931285	3.8171535	5.121991
glory	6.789304	4.24657	5.971353
lay	4.747976	3.0944262	5.522602
occasion	5.024314	4.1118507	5.0392604
guard	4.7340226	4.0101895	5.05758
whole	5.1537623	4.057636	5.2482457
mouth	5.4437943	4.271924	5.6912518
receive	6.4271417	3.762259	5.890567
take	5.3117523	3.9709125	5.787673
simple	5.947139	3.7296984	5.703906
error	3.5469337	4.14716	4.2910323
wisdom	6.3612337	3.917699	6.051179
rock	5.403366	4.232182	5.0895877
decide	5.0130806	3.8551698	5.5993843
exclaim	6.3471003	4.7320027	5.796216
assure	6.6692696	4.0536723	6.3535557
sign	5.055939	3.491172	5.412528
preserve	5.902958	3.6792374	5.69503
commerce	5.5841527	4.33968	5.6252437
plant	4.410473	3.9765918	5.0465026
walk	5.341903	3.6596346	5.7366114
difference	4.9768806	4.1081467	5.3463907
hang	4.6427627	3.9006958	4.858555
following	6.8767686	3.7487583	5.9725513
employ	4.8121424	3.8769789	5.7488337
