deal	4.7547555	4.088781	4.928244
study	6.0113134	3.6187565	6.266953
afford	6.2816057	4.2756553	5.8078604
service	5.724673	3.9939475	5.930041
height	4.8385396	4.2586555	4.9601736
prospect	6.6765375	4.412863	5.9710517
pleasant	7.050319	3.8569865	6.1803956
shade	5.2390833	3.828689	5.3150387
listen	5.2260027	4.175726	5.6683683
mighty	5.454519	4.2320747	5.238134
country	5.568706	3.7800753	5.3566265
title	6.285161	3.9873247	6.0434117
choose	5.385837	3.7392778	5.8664494
village	5.796026	4.2131944	5.3359046
acquire	6.5094213	4.4953327	6.4650745
rank	5.370049	4.0537295	5.2125945
bow	6.094621	3.5117114	5.9340096
doctor	4.8143415	3.9050152	4.919638
talent	6.4819403	4.548632	6.436886
source	6.0547657	4.1254034	5.771652
lead	4.9451795	4.2083015	5.4293165
question	5.5562353	3.8256688	5.7535286
publish	5.4054003	3.9403744	5.5774803
interest	5.5936213	3.7131832	5.662842
serve	5.2984686	3.3725653	5.7353816
divine	6.7037582	3.9206707	5.857135
put	5.7578006	3.8497932	5.9487906
shadow	4.930791	3.6422112	5.1743526
practical	5.409294	3.906968	5.5780683
surface	5.151529	3.1599138	4.9049397
account	5.7814493	4.254317	5.7333503
loss	4.2786155	4.43036	4.3800097
indian	4.937579	4.874563	5.291005
vine	6.250582	3.850627	5.8644376
certain	4.716165	4.3690267	5.157327
sin	3.298005	4.299762	4.1998944
necessity	4.1335483	4.1886168	4.6964393
lose	4.654966	4.245303	5.3073106
private	4.1997914	3.7288857	5.173389
gentleman	5.939355	3.337558	5.404669
daughter	5.65473	4.3152866	5.034422
drive	3.9791877	5.016951	4.5362287
strange	4.605806	4.729022	4.5145726
journey	5.9570265	3.8073683	5.7928886
uncle	5.984989	3.704568	5.813693
species	5.4204392	4.6111894	5.3205376
think	5.252006	4.168204	5.2718296
bed	5.4797654	3.447824	5.4097376
wind	5.1824903	3.8762798	4.731774
bless	7.6034536	3.8755503	6.4823227
destroy	3.9216707	4.9259453	4.7166843
author	5.6606903	4.2159266	5.4642386
sustain	4.924264	4.101439	5.5593476
black	4.090396	4.4228654	4.325015
event	5.8529835	4.217015	5.1146045
liberty	6.96276	4.4980073	6.34643
negro	4.2757807	4.2599225	4.5586057
little	5.1411495	4.043224	5.2968283
fortune	5.9173355	4.3026266	5.6429014
touch	5.6515403	3.8803675	5.4127827
kill	4.330561	5.0379596	4.7090464
feature	5.268538	4.0794315	5.4664464
happiness	7.082369	4.165115	6.536719
assume	4.169547	4.0519843	5.199982
notion	5.6823587	4.1085935	5.377021
purchase	6.3624725	3.916673	6.5582004
faithful	6.377095	3.7641838	6.0270023
soldier	4.462187	4.3507805	4.870333
father	5.7894263	4.4026084	5.0619807
narrow	3.4883099	3.6220732	4.413441
great	5.048124	4.136494	4.940735
tear	4.0891438	4.1606035	4.578014
honorable	5.6047506	4.417735	5.983342
previous	4.4758143	3.9582653	4.9367642
good	5.8218765	3.8750796	5.8298693
domestic	4.9791355	3.7484846	5.287425
glory	6.5041146	4.4712944	5.8713126
lay	4.939397	3.1602085	5.4253626
occasion	5.132567	4.3965697	5.2220154
guard	4.974393	3.671227	5.015706
whole	4.6016064	4.072087	4.951523
mouth	4.9412627	4.270117	5.2623644
receive	6.4396935	3.9609883	5.9186754
take	5.2187643	3.9705825	5.532004
simple	6.165758	3.9065819	5.7819495
error	3.4331083	4.316322	3.8387146
wisdom	6.0667295	4.112057	5.7050104
rock	5.7083225	3.9054828	5.2551527
decide	4.9137754	3.720665	5.512471
exclaim	5.8648796	4.7136636	5.3964553
assure	6.742943	3.88565	6.466456
sign	4.895332	3.659264	5.166742
preserve	5.9635277	3.5396652	5.7889967
commerce	5.773519	4.3078094	5.8635745
plant	4.98068	3.8689132	5.2101903
walk	5.4168625	3.869586	5.671688
difference	4.952291	3.879189	5.029137
hang	4.7040224	3.8393207	4.9218802
following	6.7544956	3.8524525	6.098715
employ	4.8629246	3.884888	6.049054
