deal	5.160837	4.2030807	5.2373867
study	5.888114	4.202132	6.310493
afford	6.2232766	4.009626	5.799735
service	5.8003006	3.9964724	5.9306555
height	5.1577253	4.3034005	5.0043244
prospect	6.776182	4.3117166	5.941981
pleasant	7.0347567	3.7303245	6.2835646
shade	5.067249	3.6211147	5.256895
listen	5.4487295	4.130425	5.6811953
mighty	5.736076	4.241773	5.5721684
country	5.2592287	3.555907	5.401981
title	6.6214676	3.335095	5.991986
choose	5.524072	3.775124	5.966257
village	5.8451576	4.0147924	5.4600663
acquire	6.6007037	4.1366925	6.7364264
rank	5.365494	3.9110847	5.200191
bow	5.8702087	3.606145	5.807019
doctor	4.6432066	4.392164	5.052324
talent	6.9279137	4.4960585	6.5753903
source	6.040248	4.47281	5.787268
lead	4.92417	4.112927	5.4986486
question	5.1288376	4.243485	5.625528
publish	5.3286824	4.0472975	5.3862486
interest	5.983899	4.001738	5.819319
serve	5.1460533	3.6367025	5.626282
divine	6.1396523	4.0464444	5.732836
put	5.578147	3.7586079	5.4624968
shadow	4.789293	3.6006358	4.856005
practical	5.28994	3.931624	5.76209
surface	5.0608897	3.179422	4.848189
account	5.6330214	4.077553	5.581149
loss	4.450965	4.4022017	4.722447
indian	5.4142694	4.4874625	5.5886197
vine	6.5268893	3.6094027	5.691755
certain	5.152449	4.5062513	5.4093046
sin	3.5412583	4.4133716	4.1085157
necessity	4.550279	4.362026	4.791183
lose	5.150313	4.394868	5.3900075
private	4.600276	3.728313	5.556558
gentleman	5.8991203	3.5445318	5.382308
daughter	5.4497347	4.416485	4.636567
drive	4.028264	4.8801637	4.5288153
strange	4.7233305	4.751078	4.6322846
journey	6.0137434	3.848008	5.691103
uncle	5.8878517	4.211226	5.9545026
species	5.4100285	4.412398	4.994869
think	5.442087	4.2320995	5.49238
bed	5.3743167	3.2460375	5.020607
wind	4.856079	4.1826096	4.86639
bless	7.3425026	3.804335	6.5148277
destroy	3.8717945	4.8648825	4.6196027
author	5.785273	4.3956037	5.4735765
sustain	5.1540947	3.733317	5.5964375
black	4.803122	4.360062	4.560021
event	6.1730056	4.2709937	5.3556004
liberty	6.917495	4.881843	6.2444577
negro	4.5558305	4.4661574	4.6025524
little	4.76966	4.2045846	4.9100533
fortune	5.96323	4.267455	5.5230236
touch	5.5216823	3.649187	5.577253
kill	4.7124977	4.906883	4.9566307
feature	5.2778506	3.9797583	5.462267
happiness	7.219735	4.264756	6.3668547
assume	4.155921	3.8558393	4.875184
notion	5.6186266	4.2380815	5.355271
purchase	5.920619	3.6807547	6.385501
faithful	6.017044	3.6851068	6.018494
soldier	4.766503	4.494202	5.3120275
father	5.624156	3.9957623	4.895117
narrow	3.4309156	3.581501	4.44353
great	5.328768	4.4404645	5.3383856
tear	3.9516063	4.2120852	4.6787357
honorable	5.4392986	4.2954607	5.865831
previous	4.2993193	3.9913452	4.931407
good	6.3855033	3.573431	6.450456
domestic	4.689501	3.636433	4.8893375
glory	6.517535	4.566575	5.784998
lay	5.002724	2.6895719	5.5310884
occasion	5.1958985	4.116065	5.174351
guard	4.6377378	3.8664932	5.189481
whole	5.478715	4.106427	4.977119
mouth	4.9771433	4.149186	5.5309153
receive	6.3572636	3.6780717	6.185338
take	5.1481504	4.11477	5.4973955
simple	6.137717	3.7644184	6.03147
error	3.5440102	4.7241225	4.2425146
wisdom	5.876868	4.059579	5.892261
rock	5.6869245	4.125087	5.3590255
decide	4.84963	4.1258483	5.487743
exclaim	5.7753963	4.8599973	5.725214
assure	6.829493	3.8058925	6.399619
sign	5.3287344	3.5952458	5.615079
preserve	5.927112	3.539783	5.9264483
commerce	5.4130783	4.22129	5.506154
plant	5.0887537	3.6665518	5.1402693
walk	5.7936707	3.856392	5.700093
difference	5.1395473	3.8579226	5.2924128
hang	4.552399	3.9533312	4.8153768
following	6.5652146	3.788183	6.136841
employ	5.0085964	3.9000921	6.0892973
