deal	5.0590024	3.969645	5.063376
study	6.186376	4.044001	6.2982063
afford	6.373293	4.0239754	5.828649
service	5.9268465	3.747478	6.091119
height	5.244748	4.1716785	5.350222
prospect	6.9461155	4.386567	6.0593576
pleasant	6.873043	3.8303008	6.2240505
shade	5.225745	3.5652452	5.149943
listen	5.584176	4.0475245	5.6468153
mighty	5.8441043	4.4023037	5.760773
country	5.16826	3.9117312	5.334449
title	6.0365324	3.662704	5.8402023
choose	5.4885592	3.7756565	5.935994
village	5.8918076	4.1256495	5.507014
acquire	6.196842	4.312229	6.890985
rank	4.855483	4.0806465	4.9137425
bow	5.6934853	3.4450274	5.7295704
doctor	5.165743	3.9780505	5.0060186
talent	6.920854	4.7184405	6.7766275
source	5.9999123	4.349376	5.3466015
lead	4.8905635	3.9133396	5.2938104
question	5.4183326	3.7456124	5.7377167
publish	5.1790676	4.293125	5.7195683
interest	6.1652513	3.9944143	5.7990403
serve	4.8294406	3.2850673	5.4546413
divine	6.6306477	4.0948076	5.595286
put	5.5087357	4.1821103	5.6876307
shadow	5.094159	3.2850323	5.2942996
practical	5.688158	4.0271597	6.0797963
surface	5.099767	3.266389	5.0974293
account	5.568605	4.0443473	5.4893723
loss	4.684235	4.510766	4.5264273
indian	5.3887787	4.643243	5.6883802
vine	5.950483	3.829153	5.5371537
certain	4.9706345	4.4275227	5.365614
sin	3.660128	4.3140273	4.2599545
necessity	4.675653	4.1673555	4.7890124
lose	4.501483	4.5324287	5.289523
private	4.1922736	3.6421657	5.1815147
gentleman	5.237372	3.5169683	5.2226143
daughter	5.435505	4.453488	4.9329476
drive	4.2521625	4.5531936	4.5923634
strange	4.547155	4.757252	4.74069
journey	5.85212	3.5766597	5.7058783
uncle	5.789093	3.7137728	5.8394756
species	5.265835	4.7295747	5.102477
think	5.6819916	4.1069336	5.5091367
bed	5.7136307	3.3898742	5.2328277
wind	5.1663074	3.8715277	4.861714
bless	7.371936	4.0658092	6.460166
destroy	3.8081036	4.889859	4.6332793
author	5.369114	4.4272633	5.091419
sustain	5.124134	3.9220457	5.397157
black	4.69358	4.4629545	4.6255264
event	5.670554	4.3019485	5.133962
liberty	6.8777313	4.687776	6.165279
negro	4.5630794	4.29375	4.614712
little	5.336374	3.9338312	5.0576925
fortune	5.576227	4.1583185	5.2864294
touch	5.9479465	3.6582785	5.751444
kill	4.475746	5.1369853	4.6834846
feature	5.164771	3.803493	5.5997443
happiness	7.2445536	4.643057	6.538555
assume	3.993301	3.6936421	4.774754
notion	5.632429	4.0767326	5.5113087
purchase	6.126195	3.7011597	6.3563733
faithful	6.477482	3.4627752	5.9668536
soldier	4.5743017	4.3787947	4.9990206
father	5.653981	4.2484565	5.313367
narrow	3.3937068	3.7435136	4.41117
great	4.9653044	4.409792	4.965014
tear	3.9967685	4.2393684	4.3106937
honorable	5.7379427	4.249133	5.9638495
previous	4.2830877	3.849708	4.8533115
good	6.4664607	3.623888	6.329091
domestic	4.562163	3.8975244	4.5883145
glory	7.0527887	4.5518394	5.964333
lay	4.7466025	3.308594	5.2680383
occasion	4.67947	4.2815475	4.6797595
guard	5.0620694	3.9992304	5.197992
whole	5.0327263	3.8707073	5.1537485
mouth	5.027179	4.322129	5.54268
receive	6.465198	3.6761556	6.1734266
take	5.753641	3.8640032	5.6322236
simple	6.178397	3.6509142	6.151952
error	3.4727128	4.5826397	3.9818048
wisdom	6.4924726	4.3027935	6.4131203
rock	5.4544315	4.142667	5.1237564
decide	5.0238447	3.853454	5.572477
exclaim	6.2803593	4.851697	5.8261275
assure	6.743817	4.1359696	6.4248724
sign	4.952566	3.697669	5.5448575
preserve	5.959057	3.5857487	5.9417067
commerce	5.364138	4.469368	5.502655
plant	4.69035	3.8461165	4.786431
walk	5.741149	3.6123772	5.602893
difference	4.9944115	4.0281696	4.8752785
hang	4.8575535	3.8537188	4.963499
following	6.844718	3.1974	6.278717
employ	4.73882	3.8039587	5.791728
