deal	5.120385	4.282092	5.470743
study	6.2573376	3.8999045	6.4385266
afford	6.301893	4.0778112	5.859429
service	6.3425617	3.7848005	6.1300764
height	5.226261	4.1773863	5.233643
prospect	6.5747013	4.630867	5.973434
pleasant	6.815744	3.8417966	6.1550713
shade	5.1557813	3.8261251	5.2881474
listen	5.0117593	4.3183765	5.36184
mighty	5.764392	4.2780585	5.750369
country	5.5415688	3.6175554	5.475758
title	6.580158	3.5126562	6.1452847
choose	5.6148887	3.738165	5.703148
village	5.636269	3.9249396	5.3483233
acquire	6.635247	4.4354014	6.858446
rank	5.418661	4.014143	5.0813475
bow	6.1321115	3.3891735	6.137536
doctor	4.3042955	4.0417905	4.878771
talent	6.87551	4.719623	6.479445
source	5.6548414	4.2538743	5.5036945
lead	5.057758	4.114604	5.5129657
question	5.168282	4.0423536	5.3680897
publish	5.679059	3.9270203	6.061145
interest	6.0198298	4.145973	5.9701977
serve	5.3250637	3.2349825	5.672398
divine	6.2013607	3.7415006	5.3799925
put	5.2793837	4.1599383	5.4305334
shadow	5.192668	3.4887607	5.225561
practical	5.7718267	4.006952	6.0202546
surface	5.2091784	3.2127206	5.0371013
account	5.324563	4.003589	5.528297
loss	4.3962884	4.8318896	4.5757217
indian	4.866434	5.067145	5.3297405
vine	6.079835	3.6639056	5.568321
certain	4.812408	4.4606943	5.158713
sin	3.6150553	4.108969	4.3370094
necessity	4.143694	4.276029	4.869345
lose	4.5205154	4.496554	4.989557
private	4.6578574	3.6421156	5.343524
gentleman	5.755451	3.613377	5.46642
daughter	5.3776126	4.535204	5.01949
drive	4.051077	4.488463	4.6289606
strange	4.5676494	4.829671	4.430539
journey	6.018547	3.7915847	5.7410197
uncle	5.4954195	4.394238	5.676214
species	5.2698393	4.837266	4.9314456
think	5.7539206	4.2679787	5.628463
bed	5.510149	3.5216775	5.4037967
wind	5.328277	3.853875	4.9970584
bless	7.4381227	3.9000192	6.4446497
destroy	3.7650828	4.783977	4.6401906
author	5.7051506	4.111891	5.498564
sustain	5.1554174	4.059436	5.620149
black	4.370786	4.730549	4.358003
event	5.849223	4.420406	4.999834
liberty	6.7082863	4.5403156	6.127827
negro	4.384416	4.2754335	4.6208663
little	5.394107	4.368251	5.2935715
fortune	5.7106895	4.152888	5.5543137
touch	5.608486	3.7258806	5.6208253
kill	4.132772	4.9854054	4.766341
feature	5.0687957	3.9145107	5.465744
happiness	7.1293383	4.122521	6.54117
assume	4.4444065	3.8542461	5.1022153
notion	5.9438934	4.064535	5.7727075
purchase	6.1645937	3.6537755	6.3983655
faithful	6.415139	3.6119385	6.1627245
soldier	4.487854	4.464803	4.95225
father	5.9180307	4.312295	5.386794
narrow	4.044088	3.6545596	4.9170246
great	4.922627	4.0929956	5.2027597
tear	3.6015053	4.0781407	4.2669625
honorable	5.7153974	4.120881	5.8591123
previous	4.5065703	3.8941295	4.9739285
good	5.9661083	3.6273289	5.8624487
domestic	5.452082	3.4883466	5.455331
glory	6.7039776	4.4183974	6.0301704
lay	4.9595513	3.529313	5.6636105
occasion	5.018792	4.2645597	5.1516905
guard	5.052374	3.9467473	5.460093
whole	5.131487	4.1075974	5.0682826
mouth	5.1446886	4.143361	5.3008866
receive	5.980587	3.8312829	5.7668176
take	4.9908185	3.8001075	5.3866186
simple	6.219322	3.9837055	5.9835596
error	3.6949139	4.318388	4.3864813
wisdom	6.01468	4.2403975	6.0154905
rock	5.6229362	4.3009005	5.459986
decide	4.6246758	4.237574	5.236663
exclaim	5.920483	4.570562	5.551941
assure	6.9809685	4.163912	6.6322064
sign	4.900694	3.7018218	5.1286073
preserve	5.817032	3.5163465	5.647424
commerce	5.7222743	4.162986	5.7979965
plant	5.015675	3.8146815	5.1680913
walk	5.91744	3.683617	6.0191965
difference	5.221794	4.268065	5.2901587
hang	5.0775337	4.055563	5.106407
following	6.049013	3.4862175	5.6761227
employ	5.002858	3.6498291	5.8252473
