deal	5.0115895	4.1049247	5.3696966
study	6.253508	3.9309673	6.2791944
afford	6.1533575	4.071097	5.692475
service	5.808296	4.0230227	6.048472
height	5.0516644	4.1709704	5.0998607
prospect	6.7635255	4.267679	5.9566364
pleasant	6.7836423	3.7704887	6.009641
shade	5.0081043	3.7194095	5.0043163
listen	5.3206577	3.9422972	5.657343
mighty	5.66555	4.1802773	5.5803094
country	5.36738	3.746738	5.361801
title	6.1438303	3.8102496	5.7445107
choose	5.2609177	3.4891496	5.7113123
village	6.1741114	4.067167	5.6702724
acquire	6.7269773	4.385559	6.8054566
rank	5.302967	3.8620784	5.1816335
bow	5.9591036	3.5435328	5.744155
doctor	4.2927785	3.916329	4.8881693
talent	6.9779778	4.512676	6.678374
source	6.1269956	4.4141407	5.645276
lead	5.038596	4.0512524	5.445614
question	4.9806	3.9074767	5.501115
publish	5.40076	4.0343323	5.737096
interest	6.2296114	4.117317	5.919181
serve	5.2319813	3.4070134	5.482482
divine	6.1939197	3.9769182	5.426382
put	5.782146	3.75632	6.0005035
shadow	4.6757135	3.6403852	4.870146
practical	5.7090006	3.831293	6.027029
surface	5.096453	3.2341223	4.8467393
account	5.3373003	4.247089	5.5556254
loss	4.5393925	4.3329887	4.747424
indian	5.156297	4.968871	5.5049734
vine	6.2294245	3.8909607	5.5708838
certain	4.8844852	4.624162	5.2184634
sin	3.4090304	4.57009	4.338127
necessity	4.045645	4.225503	4.618539
lose	4.8229837	4.526127	5.502074
private	4.5192437	3.7951586	5.2282405
gentleman	5.5367002	3.4712777	5.1520743
daughter	5.606809	4.331538	4.946721
drive	4.029153	4.8600945	4.514186
strange	4.3973055	4.804764	4.4804683
journey	6.2653623	3.6963997	5.838949
uncle	6.447869	4.4807415	6.261438
species	5.345592	4.611415	5.315113
think	5.3426332	4.3456655	5.463035
bed	5.3426447	3.2285872	5.4314284
wind	4.9266872	4.111988	4.709106
bless	7.340704	4.109624	6.3425045
destroy	4.0945635	4.9051447	4.778906
author	5.554455	4.1410313	5.376182
sustain	5.2693596	4.03652	5.6775694
black	3.827095	4.1365676	4.456086
event	5.7409043	4.388754	4.87252
liberty	6.6949835	4.794699	5.9552174
negro	3.964621	4.339779	4.205243
little	4.756698	4.0311804	4.8089495
fortune	5.998023	4.380352	5.488427
touch	5.688434	3.8239534	5.6715107
kill	4.619811	5.011904	5.002639
feature	5.1476235	3.9758532	5.4371433
happiness	7.435177	4.538528	6.654549
assume	4.07209	3.8988981	4.8755403
notion	5.486762	4.1834226	5.5109196
purchase	6.170678	3.758378	6.322135
faithful	6.082508	3.4817905	6.032197
soldier	4.556283	4.375758	5.1775994
father	5.8399153	4.31659	5.1596437
narrow	3.7626035	3.7316651	4.598919
great	5.2380834	3.907815	5.000816
tear	3.8002203	4.0057607	4.1916084
honorable	5.6345396	4.0362706	5.92764
previous	4.5021787	3.8887444	4.9331965
good	6.3810477	3.3853807	6.260825
domestic	5.064527	3.6160326	4.9011245
glory	6.621911	4.3466287	5.8033414
lay	4.902459	2.9533916	5.4874754
occasion	5.2478933	4.0664325	5.1506987
guard	4.699119	3.7459435	5.430505
whole	5.3561244	4.0777297	5.048148
mouth	5.3825006	4.2295322	5.7469277
receive	6.286997	3.6741831	6.082455
take	4.832178	3.7492125	5.566594
simple	6.2225757	3.5015268	6.1314087
error	3.5746384	4.4434094	4.3103366
wisdom	6.4487543	4.0819798	6.2902727
rock	5.504879	3.9395678	5.211958
decide	4.960302	3.9780297	5.5274377
exclaim	5.5191655	4.8805046	5.487926
assure	6.9076242	4.172427	6.4441957
sign	5.166344	3.6050081	5.48974
preserve	6.026121	3.4766288	5.756172
commerce	5.778345	4.265669	5.7558823
plant	5.1223907	3.6348653	5.1047406
walk	5.4558105	3.6135256	5.5737185
difference	4.7804313	4.1594324	4.8585124
hang	4.873815	3.7302148	4.9923453
following	6.360535	3.397759	5.9024544
employ	5.1838646	3.9132314	6.184772
