deal	5.793125	3.943125	5.69375
study	6.070625	4.244375	6.255
afford	5.813125000000001	3.9468750000000004	5.85125
service	5.766875000000001	3.9868749999999995	5.755
height	5.132499999999999	3.896875	5.407500000000001
prospect	6.078750000000001	4.5225	5.623125
pleasant	6.334375	4.433125	5.928749999999999
shade	5.82	4.0675	5.404375000000001
listen	5.87	3.9237499999999996	5.869375
mighty	5.691250000000001	4.583749999999999	5.494999999999999
country	5.470624999999999	3.9475	5.198749999999999
title	5.731875	3.9793749999999997	5.710625
choose	5.890624999999999	3.6549999999999994	5.97375
village	5.751250000000001	3.7868749999999993	5.4975000000000005
acquire	5.943124999999999	4.14	6.2318750000000005
rank	5.903125000000001	4.2225	5.726249999999999
bow	5.696875	4.105625000000001	5.539375
doctor	5.0225	3.965625	5.239374999999999
talent	6.19375	4.154375	6.07125
source	5.81625	3.8206249999999993	5.967499999999999
lead	5.766875000000001	4.0325	5.659375000000001
question	5.835	4.131875	5.97375
publish	5.571875	3.758125	5.960625
interest	5.922499999999999	4.215	6.2262499999999985
serve	5.610625000000001	3.484375	5.78125
divine	5.893125	4.1518749999999995	5.541250000000001
put	5.585	3.589375	5.684375
shadow	5.72125	4.125	5.079374999999999
practical	5.633750000000001	3.879375	5.558749999999999
surface	5.301875000000001	3.6306250000000007	5.125
account	5.7475000000000005	3.58875	5.95125
loss	4.48625	4.52625	4.809375
indian	5.429375	4.059375	5.048750000000001
vine	5.328124999999998	3.774375	5.375
certain	5.685000000000001	3.7525000000000004	5.9725
sin	5.580625	4.439374999999999	5.4750000000000005
necessity	5.370625000000001	3.864375	5.381874999999999
lose	5.7475	3.9581249999999994	5.708125000000001
private	5.368124999999999	4.060625000000001	5.63875
gentleman	5.75125	3.7812499999999996	5.585625
daughter	6.25	4.75625	5.303750000000001
drive	5.913124999999999	4.234375	5.441875
strange	5.273125	4.348125	5.144375
journey	5.7625	4.208749999999999	5.679375
uncle	5.726875	4.130625	5.261875000000001
species	5.585625	4.223125	5.514375
think	5.919374999999999	3.733125	5.80125
bed	6.088125	3.51125	5.8043749999999985
wind	6.046250000000001	4.26125	5.075
bless	6.359999999999999	4.520625	6.003124999999999
destroy	4.7075	4.442500000000001	5.195624999999999
author	5.678750000000001	3.9475000000000007	5.8187500000000005
sustain	5.1125	4.030625	5.213125
black	5.523125000000001	4.011875	5.378124999999999
event	5.50875	4.186875	5.641249999999999
liberty	5.681875000000001	4.073125	5.5225
negro	4.289375000000001	4.5249999999999995	4.683749999999999
little	5.863750000000001	3.5981249999999996	5.715625
fortune	6.491250000000001	4.564375000000001	5.970625
touch	6.078125000000001	4.32125	5.552499999999999
kill	3.6412500000000003	5.221875	4.36625
feature	5.9662500000000005	3.8993749999999996	5.842499999999999
happiness	6.713125000000001	4.741249999999999	6.138125
assume	5.71375	3.7131250000000007	5.900625
notion	5.843125000000001	4.366875	5.688125
purchase	5.98875	4.41	5.68375
faithful	6.31625	4.828125	6.041875
soldier	4.583125	4.961250000000001	4.9556249999999995
father	5.930624999999999	4.16125	5.525625000000001
narrow	5.279375	3.598125	4.9350000000000005
great	5.708124999999999	3.7937500000000006	5.75125
tear	4.987500000000001	4.7975	4.850625
honorable	6.135000000000001	4.675624999999999	6.246875000000001
previous	5.684374999999999	3.9675000000000002	5.921250000000001
good	5.725624999999999	3.7349999999999994	5.811875
domestic	5.81125	3.9256250000000006	5.807499999999999
glory	6.9193750000000005	4.703125	6.020625
lay	5.44375	3.9968750000000006	5.72375
occasion	5.839374999999999	3.5437499999999993	5.96875
guard	4.91125	4.0737499999999995	5.19125
whole	5.826249999999999	3.689375	5.641874999999999
mouth	5.493750000000001	3.925	5.4662500000000005
receive	5.7924999999999995	3.98875	5.803125
take	5.86125	3.75125	5.7524999999999995
simple	6.368125000000001	3.5375	6.079999999999999
error	5.17125	4.137499999999999	5.6175
wisdom	6.290625	4.225625	5.928749999999999
rock	5.88375	4.055000000000001	5.393750000000001
decide	5.599374999999999	4.064375	5.7318750000000005
exclaim	5.8175	4.110625	5.796874999999999
assure	5.667500000000001	3.6606249999999996	5.8500000000000005
sign	5.435624999999999	3.8406249999999997	5.590625
preserve	6.108125000000001	3.674375	5.916875
commerce	5.301874999999999	3.993124999999999	5.315624999999999
plant	5.705	3.7075	5.614375
walk	5.824999999999999	3.8606249999999998	5.72125
difference	5.6875	3.7318750000000005	5.898749999999999
hang	5.608125	3.8243749999999994	5.545625
following	5.897500000000001	3.6300000000000003	5.885625
employ	5.071249999999999	4.095	5.373125000000002
