deal	5.908125	3.7912500000000007	5.7906249999999995
study	5.921875000000002	4.2475	6.0725
afford	5.790000000000001	3.815625	5.9025
service	5.59875	3.8225	5.59875
height	5.430000000000001	3.743125	5.684375000000001
prospect	6.171875000000002	4.452500000000001	5.964999999999999
pleasant	6.858125	4.608124999999999	6.188124999999999
shade	5.99875	4.008750000000001	5.540625
listen	5.900000000000001	3.77125	5.806875000000001
mighty	5.650625000000001	4.775625	5.4643749999999995
country	5.3306249999999995	3.770625	5.490624999999999
title	5.855625	3.9868750000000004	5.908125
choose	5.890625000000001	3.739375	5.92875
village	5.6975	3.8524999999999996	5.464375000000001
acquire	5.8525	4.0024999999999995	6.106875000000001
rank	5.755625	4.155	5.8149999999999995
bow	5.584999999999999	4.20875	5.645625
doctor	5.25375	3.87125	5.468749999999999
talent	6.311249999999999	4.468749999999999	6.179375
source	5.474999999999999	3.7231249999999996	5.873124999999999
lead	5.6606250000000005	3.9550000000000005	5.533125
question	5.817500000000001	4.155625000000001	6.1075
publish	5.619375000000001	3.713125	5.950625
interest	5.795625	4.074375	6.1656249999999995
serve	5.865	3.66	5.880625
divine	5.983750000000001	4.209375	5.498750000000001
put	5.68125	3.728125	5.82375
shadow	5.889375	4.128125	5.3825
practical	5.786875	3.805	5.884999999999999
surface	5.095	3.675625	5.0875
account	5.8575	3.6256250000000003	6.029375
loss	4.458750000000001	4.453125	4.5600000000000005
indian	5.544374999999999	4.238125	5.314375
vine	5.3656250000000005	3.744375	5.485
certain	5.68	3.8581250000000002	6.11
sin	5.523124999999999	4.331875	5.36375
necessity	5.145625	4.331875	5.50375
lose	5.975624999999999	3.9374999999999996	5.523750000000001
private	5.203125	4.022500000000001	5.494375000000001
gentleman	6.178125000000001	3.7925	5.825625
daughter	6.440625	4.675000000000001	5.434375
drive	5.57	4.12	5.206874999999999
strange	5.739375000000001	4.013749999999999	5.4175
journey	6.0550000000000015	4.216875	6.04125
uncle	6.113125000000001	4.063125	5.73
species	5.480000000000001	4.175625	5.4875
think	6.0737499999999995	3.8249999999999997	5.8725
bed	5.7	3.639375	5.421249999999999
wind	6.118750000000001	4.19625	5.263125
bless	6.413750000000001	4.521875	5.918125000000001
destroy	5.001874999999999	4.76	5.431874999999999
author	5.7056249999999995	3.88875	5.753125
sustain	5.229375	4.008125	5.378125000000001
black	5.72125	4.0325	5.376874999999999
event	5.30375	4.3425	5.702500000000001
liberty	5.664375000000001	4.165625	5.459375000000001
negro	4.574375000000002	4.176875	5.05875
little	5.984999999999999	3.756875000000001	5.793749999999999
fortune	6.247499999999999	4.435	5.786875
touch	5.963125	4.225	5.66625
kill	4.054375	4.9312499999999995	4.724374999999999
feature	5.718750000000001	3.6175	5.658125
happiness	6.7406250000000005	4.679374999999999	6.1606250000000005
assume	5.6537500000000005	3.7781250000000006	5.8875
notion	5.61375	4.0737499999999995	5.80875
purchase	6.037499999999999	4.3375	5.733749999999999
faithful	6.43375	4.52875	5.871874999999999
soldier	4.641875	4.859999999999999	5.125
father	6.350625	4.259375	5.639374999999999
narrow	5.151249999999999	3.778125	4.974374999999999
great	5.673125	3.694375000000001	5.775
tear	5.028749999999999	4.7143749999999995	4.93625
honorable	5.719375	4.37125	5.994375000000001
previous	5.222499999999999	4.02875	5.87125
good	6.06625	3.8399999999999994	5.796250000000001
domestic	6.000625	4.0625	5.876875000000001
glory	6.86625	4.8668749999999985	6.14625
lay	5.400625000000001	3.9450000000000003	5.5275
occasion	5.848125	3.6975	6.16875
guard	5.45	3.8525	5.57
whole	5.743125	3.4850000000000003	5.5975
mouth	5.348750000000001	3.9381250000000003	5.565625000000001
receive	5.799375	3.9074999999999993	5.60375
take	6.043124999999999	3.841875	5.69625
simple	6.183125	3.7356250000000006	6.0675
error	4.9156249999999995	4.055	5.501875
wisdom	6.066875	4.293125000000001	5.803125000000001
rock	5.699999999999999	3.933125	5.56125
decide	5.531249999999999	3.9493750000000003	5.7775
exclaim	6.1481249999999985	4.16875	5.981875
assure	6.029375000000001	3.618125	5.843124999999999
sign	5.576875	3.8018750000000003	5.670625000000001
preserve	6.206875	3.9343749999999997	5.897499999999999
commerce	4.9781249999999995	4.02375	5.219375
plant	5.915	3.50875	5.611875
walk	5.499375	3.7868749999999993	5.515
difference	5.225624999999999	3.6637500000000003	5.8774999999999995
hang	5.604374999999999	3.8449999999999998	5.656874999999999
following	5.866249999999999	3.7081250000000012	5.8793750000000005
employ	5.355	4.310625000000001	5.722499999999999
