deal	6.00375	3.789375	5.753125
study	5.78875	4.298125	6.210625
afford	5.883125000000001	3.840625	5.94
service	5.675	4.155625	5.861249999999998
height	5.313125	3.8831249999999997	5.58
prospect	6.045624999999999	4.516875000000001	5.633125
pleasant	6.28625	4.278125	5.8025
shade	5.868125000000001	4.004375	5.2337500000000015
listen	5.717500000000001	3.770625	5.7581250000000015
mighty	5.550624999999999	4.689374999999999	5.475625
country	5.470625	3.819375	5.351875
title	5.783124999999999	3.8549999999999995	5.87125
choose	5.720625000000001	3.8249999999999993	5.798750000000001
village	5.99125	3.8524999999999996	5.6362499999999995
acquire	5.855625000000001	4.033125	6.242500000000001
rank	5.70875	4.333125000000001	5.80375
bow	5.660000000000001	4.135000000000001	5.705
doctor	5.265625	4.12375	5.3256250000000005
talent	6.275	4.240000000000001	6.019999999999999
source	5.5756250000000005	3.5925	5.633749999999999
lead	5.508125	3.8381250000000002	5.503125
question	5.853750000000001	4.10125	6.0200000000000005
publish	5.394375	3.71125	5.699375
interest	5.954374999999999	4.1375	6.218125
serve	5.839375	3.674375	5.8656250000000005
divine	6.050000000000002	4.108124999999999	5.414999999999999
put	5.604375	3.68625	5.771875000000001
shadow	5.901249999999999	4.081875	5.178124999999999
practical	5.389374999999999	3.845625	5.343749999999999
surface	5.4125	3.5218749999999996	5.323125
account	5.955625	3.73625	6.085
loss	4.2875	4.473125	4.881875000000001
indian	5.512499999999999	4.204375000000001	5.174375
vine	5.334375	3.708125000000001	5.2787500000000005
certain	5.718124999999999	3.7793750000000004	6.1
sin	5.0275	4.5249999999999995	5.20375
necessity	5.153124999999999	4.198125	5.35875
lose	5.985625000000001	3.8124999999999996	5.848750000000001
private	5.630624999999998	3.9631250000000007	5.8687499999999995
gentleman	6.088749999999999	3.6956249999999997	5.64375
daughter	6.6293750000000005	4.531875	5.506250000000001
drive	5.639375	4.2025	5.3618749999999995
strange	5.8	4.234375	5.539375000000001
journey	6.0825000000000005	3.9812499999999997	5.950625
uncle	6.012499999999999	3.9181250000000003	5.4174999999999995
species	5.6937500000000005	4.165000000000001	5.601249999999999
think	6.090625	3.6975	5.914375
bed	5.840625000000001	3.5893749999999995	5.5387499999999985
wind	6.213125000000001	4.0125	5.41
bless	6.046875	4.14	5.915625
destroy	4.715	4.867500000000001	5.131874999999999
author	5.85	3.810625000000001	5.7875
sustain	5.2875000000000005	3.9356249999999995	5.40625
black	5.706875	4.155	5.42375
event	5.436249999999999	4.226875	5.57375
liberty	5.495625000000001	4.27625	5.3931249999999995
negro	4.605625000000001	4.1137500000000005	4.784375
little	5.8831250000000015	3.788125	5.76125
fortune	6.133125000000001	4.343750000000001	5.5775
touch	5.936250000000001	4.141249999999999	5.60625
kill	4.203125	4.774375	4.809374999999999
feature	5.950625000000001	3.86125	5.91
happiness	6.449999999999999	4.3725000000000005	5.859999999999999
assume	5.83375	3.9256250000000006	6.065625
notion	5.846875000000001	3.9306250000000005	6.2387500000000005
purchase	5.71375	4.1431249999999995	5.606874999999999
faithful	6.4275	4.454375	6.011875000000001
soldier	4.55	4.984374999999999	5.06625
father	6.054375	4.1275	5.471875
narrow	4.984999999999999	3.489375	4.908125
great	5.973749999999999	3.8356250000000007	6.0275
tear	4.87375	4.905625	4.849375
honorable	5.900000000000001	4.5093749999999995	6.143125000000001
previous	5.399375	3.891875	5.851875
good	6.0268749999999995	3.729374999999999	5.786250000000001
domestic	6.020625000000001	3.9325000000000006	6.00125
glory	6.727500000000001	4.785625	5.920625
lay	5.435	4.0525	5.45125
occasion	5.9906250000000005	3.801875	6.301875000000001
guard	4.9025	4.319375000000001	5.233125
whole	5.834375	3.579375	5.592499999999999
mouth	5.5125	3.8543750000000006	5.556875000000001
receive	5.890000000000001	3.964375	5.961875
take	5.880625000000001	3.6925000000000003	5.686875
simple	6.500000000000002	3.6056250000000003	6.218749999999999
error	5.508125000000001	3.9662500000000005	5.742500000000001
wisdom	6.215625	4.06625	5.83125
rock	6.00125	3.8912500000000003	5.529999999999999
decide	5.834999999999999	4.063124999999999	5.950000000000001
exclaim	5.695625000000001	4.060625	5.587499999999999
assure	6.003749999999999	3.5493749999999995	5.6875
sign	5.524375	3.8749999999999996	5.631875000000001
preserve	6.063124999999999	3.7775	5.909999999999999
commerce	4.89	3.996249999999999	5.1975
plant	5.631874999999999	3.886875	5.392500000000001
walk	5.923749999999999	3.8074999999999997	5.772500000000001
difference	5.624374999999999	3.8674999999999997	6.091249999999999
hang	5.519375	3.9549999999999996	5.46375
following	6.035	3.7887500000000003	5.83375
employ	5.09625	4.388125	5.635000000000001
