deal	6.137500000000001	3.8012500000000005	5.898124999999999
study	5.8706249999999995	4.25125	6.261874999999999
afford	5.6575	3.916875	5.745
service	5.704999999999999	4.0825	5.781875
height	5.273750000000001	3.660625	5.3475
prospect	6.131250000000001	4.425625	5.544375
pleasant	6.735000000000001	4.441875	6.175000000000001
shade	6.364375	3.96875	5.52625
listen	5.7700000000000005	3.59375	5.948125
mighty	5.704375	4.5893749999999995	5.58625
country	5.235625	3.9006250000000007	5.25
title	5.852499999999999	4.031874999999999	5.847499999999999
choose	5.791250000000002	3.5375	5.974375
village	5.816875	3.7737499999999997	5.288124999999999
acquire	5.93875	4.101875000000001	6.124375000000001
rank	5.600625000000001	4.310625	5.968125000000001
bow	5.65375	4.009375	5.725
doctor	5.226875	4.1475	5.32375
talent	6.424375	4.428125	6.350625
source	5.678125	3.7225	5.833125
lead	5.561875000000001	3.75125	5.4975000000000005
question	5.9125000000000005	4.261875	6.18
publish	5.585625	3.7881249999999995	5.803125000000001
interest	5.938124999999999	4.053125	6.193124999999998
serve	5.996250000000002	3.505	5.880625
divine	6.0912500000000005	4.208125	5.6925
put	5.6725	3.8081249999999995	5.865625
shadow	6.20375	4.1693750000000005	5.314999999999999
practical	5.690625	3.9181250000000003	5.759999999999999
surface	5.080625	3.59	5.01125
account	5.78375	3.655625	5.77875
loss	4.4106250000000005	4.473750000000001	4.740000000000001
indian	5.546874999999999	4.130000000000001	5.198125
vine	5.471875000000001	3.7525	5.421875
certain	5.718125	3.660625	5.905625000000001
sin	5.152500000000001	4.32875	5.410625
necessity	5.1312500000000005	3.965	5.286249999999999
lose	5.84	3.7862500000000003	5.549375
private	5.390000000000001	3.9718750000000007	5.576875
gentleman	5.977500000000001	3.9762499999999994	5.846875000000001
daughter	6.01125	4.593125	5.303125
drive	5.650625	4.003125	5.335624999999999
strange	5.69875	4.311875	5.41875
journey	6.133750000000001	4.19125	5.934375
uncle	6.096875000000001	3.9075000000000006	5.635625
species	5.823750000000001	4.045625	5.561249999999999
think	6.185	3.706875	6.1118749999999995
bed	5.50125	3.5443749999999996	5.448749999999999
wind	6.150625000000002	4.2749999999999995	5.171250000000001
bless	6.393125	3.9656249999999997	6.148125
destroy	4.392499999999999	4.6587499999999995	5.055625
author	5.548749999999999	3.94375	5.604375
sustain	5.138750000000001	3.9975	5.240625
black	5.565000000000001	3.9037500000000005	5.3187500000000005
event	5.427499999999999	4.14375	5.530625
liberty	5.855625000000001	4.23125	5.7175
negro	4.2425	4.425624999999999	4.630000000000001
little	5.680625000000001	3.6362500000000004	5.676875
fortune	6.363125	4.4025	5.6825
touch	5.896875	4.126875	5.693124999999999
kill	4.829375	4.6118749999999995	5.160625
feature	5.884375000000001	3.828125	5.75125
happiness	6.733124999999999	4.762500000000001	6.0806249999999995
assume	5.751250000000001	3.6281250000000003	5.765624999999998
notion	5.751875	4.315625	5.586250000000001
purchase	5.9537499999999985	4.255	5.651875
faithful	6.50875	4.41625	5.9712499999999995
soldier	4.8825	4.73375	5.3999999999999995
father	6.246250000000001	3.9968750000000006	5.843749999999999
narrow	5.133749999999999	3.54875	4.958125000000001
great	5.7906249999999995	3.8956250000000003	5.737499999999999
tear	5.38875	4.8225	5.12875
honorable	6.091250000000001	4.515625	6.17875
previous	5.251875	3.8193750000000004	5.744375000000001
good	6.118125	3.714375	5.958125000000001
domestic	5.976875000000001	4.13625	5.780625000000001
glory	6.643125000000001	4.7974999999999985	6.108125000000001
lay	5.495625	4.04875	5.536875
occasion	5.893750000000001	3.676874999999999	5.9925
guard	4.898124999999999	4.1293750000000005	5.365625
whole	5.753749999999999	3.535	5.4750000000000005
mouth	5.489375	3.8612500000000005	5.371250000000001
receive	5.782500000000001	3.96875	5.79
take	5.880000000000001	3.7331250000000002	5.82875
simple	6.345625	3.704375	5.879375
error	5.08	3.961875	5.581875
wisdom	6.184375	4.099375	5.976875000000001
rock	5.948125	4.08	5.351875
decide	5.477499999999999	4.043125000000001	5.75875
exclaim	5.805000000000001	4.0925	5.7543750000000005
assure	6.046874999999999	3.62125	5.918124999999999
sign	5.556875	3.7225	5.64125
preserve	6.188750000000001	3.8962499999999998	5.7662499999999985
commerce	5.084374999999999	4.000624999999999	5.181875
plant	5.706875	3.5975	5.455
walk	5.971875	3.694374999999999	5.808125
difference	5.6025	3.74625	5.833749999999998
hang	5.694999999999999	3.8043749999999994	5.699374999999999
following	5.814374999999999	3.6718750000000004	5.718125000000001
employ	5.431875	4.16	5.6087500000000015
