deal	5.940625000000001	3.8375000000000004	5.84875
study	5.9643749999999995	4.181875	6.236249999999999
afford	5.655625000000001	3.9325000000000006	5.760624999999999
service	5.6325	4.142499999999999	5.61625
height	5.383125	3.6362499999999995	5.57375
prospect	6.145625000000002	4.638125	5.684375
pleasant	6.915625	4.427499999999999	6.106249999999999
shade	6.1725	4.003749999999999	5.400625000000001
listen	6.0718749999999995	3.71875	5.98375
mighty	5.598125	4.257499999999999	5.517499999999999
country	5.72	4.008125	5.581875
title	5.579375	3.8631249999999997	5.806875000000001
choose	5.881875	3.9312499999999995	5.91
village	5.62875	3.859375	5.424375
acquire	5.88125	4.145625	6.1937500000000005
rank	5.679375	4.385625	5.8725
bow	5.50125	4.085625	5.624375
doctor	5.284375	3.9956250000000004	5.378125
talent	6.6343749999999995	4.469374999999999	6.406874999999999
source	5.6875	3.8256249999999996	5.773749999999999
lead	5.698124999999999	4.015625	5.679375
question	5.823750000000001	4.12875	5.99625
publish	5.515	3.6912500000000006	5.900625
interest	5.91375	4.10375	6.12875
serve	5.786875000000001	3.77875	5.88375
divine	5.804999999999999	4.448125	5.64625
put	5.653124999999999	3.8874999999999993	5.684375
shadow	5.838749999999999	3.9775	5.139999999999999
practical	5.615	3.9574999999999996	5.7299999999999995
surface	5.303749999999999	3.4224999999999994	5.19625
account	5.815625	3.6593750000000007	6.015
loss	4.305625	4.486250000000001	4.610625000000001
indian	5.546875	4.072500000000001	5.17375
vine	5.413749999999999	3.545625	5.272499999999999
certain	5.745000000000001	3.8556250000000003	6.115
sin	4.3343750000000005	5.024374999999999	4.738125000000001
necessity	5.298750000000001	3.9531249999999996	5.3149999999999995
lose	6.0131250000000005	3.7468749999999997	5.798124999999999
private	5.6343749999999995	3.8831250000000006	5.712500000000001
gentleman	5.983125000000001	4.031875	5.88625
daughter	6.633750000000001	4.49125	5.626250000000001
drive	5.718749999999999	3.9981249999999995	5.442499999999999
strange	5.748125	4.269374999999999	5.480625000000001
journey	6.271875	4.22375	6.0562499999999995
uncle	6.116875	4.003125	5.723750000000001
species	5.506250000000001	4.220625	5.52375
think	6.258125	3.7743749999999996	5.940624999999999
bed	5.8362500000000015	3.4837499999999997	5.680624999999999
wind	6.321875	4.1031249999999995	5.25125
bless	7.005624999999999	4.47	6.268750000000001
destroy	4.791875	4.731875	5.09125
author	5.813749999999999	3.937500000000001	5.798125
sustain	5.284375	3.8981249999999994	5.363750000000001
black	5.773125000000001	4.016249999999999	5.385000000000001
event	5.59625	4.03875	5.5718749999999995
liberty	5.825000000000001	4.2575	5.651875000000001
negro	4.6225	4.13375	4.904374999999999
little	5.9506250000000005	3.8112500000000002	5.801875
fortune	6.585624999999999	4.4193750000000005	5.77
touch	6.261875	4.215625	5.865625
kill	4.445625	4.635624999999999	4.9125
feature	5.612500000000001	3.6849999999999996	5.529374999999999
happiness	7.018125	4.546875	6.370625
assume	5.664375000000001	3.8056250000000005	5.9887500000000005
notion	5.829375000000001	4.1425	5.9575000000000005
purchase	5.9643749999999995	4.27125	5.63375
faithful	6.1875	4.51875	5.716875000000001
soldier	4.671874999999999	4.889374999999999	5.084375
father	6.469375	4.100625	5.709375
narrow	5.146875	3.740625	5.1187499999999995
great	5.793125	3.9843750000000004	6.068125
tear	5.80625	4.691875	5.280625000000001
honorable	5.863750000000001	4.5718749999999995	6.120000000000001
previous	5.624375000000001	3.8025	5.8881250000000005
good	6.0581249999999995	3.7199999999999993	5.826250000000001
domestic	6.049375	3.9750000000000005	5.835625
glory	6.626250000000001	4.888124999999999	5.968750000000001
lay	5.63125	3.8506250000000004	5.716875
occasion	5.7825	3.625	6.0925
guard	4.999375	4.185	5.288125
whole	5.848125	3.6437499999999994	5.560625000000002
mouth	5.481250000000001	4.012499999999999	5.430625000000001
receive	5.828125	4.08	5.781875
take	5.9975	3.8850000000000002	5.781249999999999
simple	6.492500000000002	3.73125	6.2749999999999995
error	4.986249999999999	4.131875	5.482500000000001
wisdom	6.340624999999999	4.34875	5.954999999999999
rock	6.01625	3.9325	5.60375
decide	5.52125	4.045625	5.819375
exclaim	5.825000000000001	4.171874999999999	5.758749999999998
assure	6.066250000000001	3.6337500000000005	5.911874999999999
sign	5.682499999999999	3.956875	5.72
preserve	6.270624999999999	3.784375	5.949374999999999
commerce	5.3725	4.093124999999999	5.497499999999999
plant	5.88125	3.561875	5.56
walk	6.0024999999999995	3.725625	5.759375
difference	5.633125	3.75625	6.058749999999999
hang	5.80625	3.8093749999999993	5.765625
following	5.819375000000001	3.664375	5.953749999999999
employ	5.476875	4.180625	5.599375
