deal	5.991875	3.7525	5.94625
study	5.830000000000001	4.388125	5.979374999999999
afford	5.659375	3.9537500000000003	5.79
service	5.524375	4.18	5.671875
height	5.2856250000000005	3.8125	5.5025
prospect	6.231250000000001	4.5325	5.679375
pleasant	6.612500000000002	4.7375	6.108749999999999
shade	5.976249999999999	3.9856249999999993	5.52625
listen	5.725	3.856875	5.706874999999999
mighty	5.914375	4.770625000000001	5.739999999999999
country	5.578749999999999	3.8618749999999995	5.364999999999999
title	5.776249999999999	3.8756250000000003	5.8774999999999995
choose	5.831249999999999	3.608125	5.955
village	5.706875000000001	3.7962499999999997	5.494375
acquire	5.845	3.816875000000001	6.183750000000002
rank	5.729375000000001	4.39	5.804375
bow	5.589375000000001	3.8049999999999997	5.63
doctor	4.81375	4.176875	5.105625
talent	6.414999999999999	4.498125	6.088749999999999
source	5.67625	3.8768749999999996	5.848124999999999
lead	5.683125	3.883125	5.6381250000000005
question	5.815625	3.995625	5.870625
publish	5.426875	3.803125	5.809374999999999
interest	6.174375	4.113124999999999	6.309999999999999
serve	5.8987500000000015	3.626875	5.869375
divine	5.94125	4.185625	5.70375
put	5.6693750000000005	3.7125	5.856250000000001
shadow	5.914999999999999	4.155625000000001	5.194374999999999
practical	5.348749999999999	3.96375	5.559375
surface	5.1325	3.805	5.0875
account	5.923125	3.6668750000000006	5.85125
loss	4.023124999999999	4.63	4.663125
indian	5.484375	4.155	5.093125
vine	5.575624999999999	3.6312499999999996	5.443124999999999
certain	5.962500000000001	3.868125	6.031875
sin	5.114375	4.718750000000001	5.309374999999999
necessity	5.1725	3.8918749999999998	5.35
lose	5.921249999999999	4.05	5.630625
private	5.536875	3.81875	5.6000000000000005
gentleman	5.846875000000001	3.9368749999999997	5.755625
daughter	6.586250000000001	4.716875	5.444375000000001
drive	5.473125	4.242500000000001	5.323124999999999
strange	5.591875000000001	4.34375	5.365000000000001
journey	6.1525	4.079375	6.019374999999999
uncle	6.179375000000001	4.0375000000000005	5.5525
species	5.5756250000000005	3.8449999999999998	5.5962499999999995
think	6.053125	3.789999999999999	6.024374999999999
bed	5.778125	3.6249999999999996	5.478124999999999
wind	6.108750000000001	4.1875	5.358750000000001
bless	6.5125	4.637499999999999	6.120625
destroy	4.7675	4.755	5.126249999999999
author	5.593125	4.03	5.769375000000001
sustain	5.306250000000001	3.7831250000000005	5.391875000000001
black	5.601250000000001	3.961874999999999	5.3325
event	5.34125	4.133750000000001	5.50125
liberty	5.768125000000001	4.110625000000001	5.648125
negro	4.523750000000001	4.145	4.885
little	5.901875	3.83	5.900625000000001
fortune	6.25	4.7025	5.569375
touch	6.333125000000001	4.2425	5.79625
kill	4.358750000000001	5.039375	4.8975
feature	5.71125	3.8056249999999996	5.726249999999999
happiness	7.0875	4.745624999999999	6.3637500000000005
assume	5.836250000000001	3.8250000000000006	5.972500000000001
notion	5.670625	3.9575000000000005	5.655625000000001
purchase	5.72125	4.226875000000001	5.481249999999999
faithful	6.5975	4.566875	5.82125
soldier	5.015	4.803125	5.136875
father	6.421875000000001	4.283125	5.543125
narrow	5.36375	3.549375	4.90375
great	5.7943750000000005	3.7600000000000007	5.805625000000001
tear	5.329375000000001	4.79625	5.1118749999999995
honorable	5.706875	4.329375	5.895
previous	5.556875	4.0075	5.745625
good	5.972499999999999	3.8637499999999996	5.965625
domestic	6.1812499999999995	4.114375000000001	5.866250000000001
glory	6.825000000000001	4.864374999999999	6.085000000000001
lay	5.394375	4.1325	5.53125
occasion	5.940624999999999	3.565	6.071875
guard	4.81375	4.239375000000001	5.025625000000001
whole	5.885	3.68	5.635
mouth	5.426875	4.016875000000001	5.500000000000001
receive	5.799374999999999	3.9074999999999998	5.819375
take	6.003125	3.8237500000000004	5.844374999999999
simple	6.156250000000002	3.56625	5.834999999999999
error	5.4556249999999995	3.8137500000000006	5.809375
wisdom	6.278125	4.3125	5.757499999999999
rock	5.69625	3.8600000000000008	5.353125
decide	5.7625	3.8775000000000004	5.941249999999999
exclaim	6.135624999999999	4.1850000000000005	5.974375
assure	5.921250000000001	3.579375	5.887499999999999
sign	5.378124999999999	3.870625	5.58375
preserve	6.141249999999999	3.8293749999999998	5.740625
commerce	4.913749999999999	3.9493749999999994	5.0337499999999995
plant	5.751875	3.6731249999999993	5.524375
walk	5.805624999999999	3.7299999999999995	5.869375
difference	5.475624999999999	3.670000000000001	5.774999999999999
hang	5.509375	3.9099999999999997	5.506874999999999
following	5.989375	3.79625	5.811249999999999
employ	5.141875000000001	4.19625	5.403125
