deal	6.14875	3.8100000000000005	5.923749999999999
study	5.840000000000002	4.496249999999999	6.011249999999999
afford	5.881875000000001	3.6743749999999995	6.029999999999999
service	5.498125	3.8593749999999996	5.471875
height	5.340625000000001	3.7587499999999996	5.45875
prospect	6.034375000000001	4.469375	5.909375
pleasant	6.84125	4.300625	6.2631250000000005
shade	5.7825	4.095	5.363125000000001
listen	5.718125	3.8525	5.818125
mighty	5.836875000000001	4.891875	5.525625
country	5.76375	3.7506249999999994	5.608749999999999
title	5.838124999999999	3.8187499999999996	5.6575
choose	6.016249999999999	3.6275000000000004	6.085624999999999
village	5.841875	3.6649999999999996	5.440625000000001
acquire	5.9712499999999995	3.8825	6.254375000000001
rank	5.930625000000001	4.261875000000001	5.931875
bow	5.571875	4.309375	5.7325
doctor	5.000624999999999	3.9724999999999997	5.1625000000000005
talent	6.592499999999999	4.505625	6.15375
source	5.8025	3.735	5.989374999999999
lead	5.748749999999999	3.8875	5.64375
question	5.876875000000002	4.233125	6.02375
publish	5.531249999999999	3.6012499999999994	5.645
interest	5.825624999999999	4.1118749999999995	5.9875
serve	6.00375	3.3618750000000004	5.854375
divine	5.925000000000001	4.439374999999999	5.781250000000001
put	5.774375	3.721875	5.756875
shadow	5.926875	4.165	5.209999999999999
practical	5.699999999999999	3.7912500000000002	5.6899999999999995
surface	5.271875	3.599375	5.2562500000000005
account	5.87	3.5600000000000005	5.9487499999999995
loss	4.8931249999999995	4.574375	5.010625000000001
indian	5.48625	4.091875000000001	5.13625
vine	5.293125	3.7768750000000004	5.378749999999999
certain	5.910625	3.614375000000001	6.189375
sin	5.09875	4.584375	5.352500000000001
necessity	5.121875	4.105625	5.3062499999999995
lose	5.985	3.8543750000000006	5.701249999999999
private	5.509375	4.0125	5.555
gentleman	5.825625	3.8556249999999994	5.596875000000001
daughter	5.971875	4.733125	5.220625
drive	5.362500000000001	4.283125	5.13125
strange	5.8462499999999995	4.21	5.52875
journey	6.065	4.045000000000001	5.844374999999999
uncle	5.879375	4.07375	5.56
species	5.886875	4.085624999999999	5.7749999999999995
think	6.164375	3.70125	6.033125
bed	5.6325	3.623125	5.461875
wind	6.153749999999999	4.03125	5.23375
bless	6.394374999999999	4.484999999999999	6.1
destroy	4.8968750000000005	4.345625	5.3706249999999995
author	5.625	3.96	5.757499999999999
sustain	5.892499999999998	3.900625	5.78875
black	5.735625000000001	4.058125	5.316875
event	5.344375	4.35125	5.66125
liberty	5.513749999999999	4.391875000000001	5.215625
negro	4.3031250000000005	4.023125	4.894375
little	5.915625	3.7306250000000007	5.744999999999999
fortune	6.481875	4.440625	5.8825
touch	6.111249999999999	4.120000000000001	5.795624999999999
kill	4.37625	5.016875000000001	4.8062499999999995
feature	5.772500000000001	3.9125	5.766875
happiness	6.544375	4.928125	5.935625
assume	5.924375	3.6924999999999994	6.008750000000001
notion	5.788125000000001	4.0424999999999995	5.826874999999999
purchase	5.8668749999999985	4.2143749999999995	5.6225
faithful	6.055624999999999	4.493125000000001	5.732500000000001
soldier	4.921249999999999	5.025625	5.464999999999999
father	6.165	4.29375	5.378125
narrow	5.083124999999999	3.605	4.963125
great	5.958749999999999	3.8431250000000006	5.96
tear	5.116874999999999	4.683125	5.114999999999999
honorable	6.102500000000001	4.423125	6.188750000000001
previous	5.6156250000000005	3.960625	5.774375000000001
good	5.933125	3.6762499999999996	5.909375000000001
domestic	5.7275	4.005625	5.46375
glory	6.76	4.78625	5.9712499999999995
lay	5.485	4.015625	5.649375
occasion	6.099375	3.9599999999999995	6.216875
guard	5.186249999999999	4.01625	5.529375
whole	5.9399999999999995	3.4949999999999997	5.595000000000001
mouth	5.615625	3.90125	5.470000000000001
receive	5.965000000000001	3.963125	5.986249999999999
take	5.96875	3.6656250000000004	5.824375
simple	6.290000000000002	3.5487499999999996	6.111875
error	5.223125	3.9875000000000003	5.531875
wisdom	6.198125	4.42375	6.008749999999999
rock	5.666249999999999	4.211250000000001	5.24125
decide	5.58625	4.058750000000001	5.661875000000001
exclaim	5.747499999999999	4.06375	5.67375
assure	5.960625	3.5775	5.6674999999999995
sign	5.651874999999999	3.720625	5.648125
preserve	6.114375	3.9037500000000005	5.819375
commerce	5.461874999999999	4.143749999999999	5.668749999999999
plant	5.630625	3.9375	5.608750000000001
walk	5.575625	3.8474999999999997	5.609999999999999
difference	5.658125	3.7512499999999998	6.080624999999999
hang	5.514374999999999	4.004375	5.341875
following	5.8256250000000005	3.586875000000001	5.810625
employ	5.4125	4.173125000000001	5.686250000000001
