deal	6.140000000000001	3.910625	5.913125
study	6.005	4.198125	6.208749999999999
afford	5.730625000000001	3.8381250000000007	5.661875
service	5.628749999999999	4.03875	5.717499999999999
height	5.34875	4.003125	5.358750000000001
prospect	6.058125	4.406874999999999	5.597499999999999
pleasant	6.6425	4.055625	6.0025
shade	5.98125	3.8100000000000005	5.46
listen	5.851875	3.6587500000000004	5.930625000000001
mighty	6.046875	4.730625000000001	5.720624999999999
country	5.588749999999999	3.8825	5.376250000000001
title	5.63125	3.8362500000000006	5.803749999999999
choose	5.765624999999998	3.825624999999999	5.8237499999999995
village	5.6243750000000015	3.8818749999999995	5.400625
acquire	6.02	4.118125	6.148125
rank	5.684375000000001	3.9687500000000004	5.7562500000000005
bow	5.628125000000001	4.196875000000001	5.6968749999999995
doctor	5.067499999999999	3.97125	5.2725
talent	6.420000000000001	4.416874999999999	6.22625
source	5.76375	3.8874999999999997	5.9825
lead	5.553125000000001	3.99375	5.53
question	5.568125000000001	3.9881249999999997	5.7299999999999995
publish	5.51125	3.8200000000000007	5.975
interest	5.834375	4.094374999999999	6.026249999999999
serve	5.885000000000002	3.710625	5.8218749999999995
divine	5.7906249999999995	4.128125	5.563125
put	5.621874999999999	3.66	5.743125
shadow	6.068125	4.0475	5.243124999999999
practical	5.500625	4.078125	5.729375
surface	5.100625000000001	3.633125	4.99
account	5.83375	3.5781250000000004	5.963125
loss	4.11875	4.445625000000001	4.50875
indian	5.519374999999999	4.181875	5.215
vine	5.600624999999998	3.63	5.349374999999999
certain	5.705625000000001	3.633125	5.8931249999999995
sin	4.761250000000001	4.64375	4.909375
necessity	5.186875	4.1675	5.303125
lose	6.05375	3.754375	5.6518749999999995
private	5.339374999999999	4.041250000000001	5.559375
gentleman	5.9975000000000005	3.740625	5.86875
daughter	5.998125	4.556875	5.26375
drive	5.518125	3.8925	5.294999999999999
strange	5.9175	4.053124999999999	5.40875
journey	5.626875000000001	3.9225	5.531875
uncle	6.153125	3.955625	5.471875
species	5.702500000000001	4.083125	5.595624999999999
think	6.283125	3.6743749999999995	5.9125
bed	5.56125	3.49625	5.234999999999999
wind	5.92125	4.099375	5.076875
bless	6.4975000000000005	4.4312499999999995	5.88875
destroy	4.231875	4.92625	4.998125
author	6.089375	3.8974999999999995	5.786875000000001
sustain	5.08875	3.8850000000000002	5.162500000000001
black	5.808750000000001	3.873125	5.388125
event	5.611875	4.12375	5.551874999999999
liberty	5.798125000000001	4.2475000000000005	5.563125
negro	4.206875	4.4956249999999995	4.6899999999999995
little	5.983750000000001	3.7643750000000002	5.719375
fortune	6.455625	4.543750000000001	5.665625
touch	6.264375	4.1275	5.7725
kill	4.031874999999999	4.92375	4.875
feature	5.8031250000000005	3.61875	5.41625
happiness	6.3875	4.438750000000001	5.924375
assume	5.715625000000001	3.638125	5.9156249999999995
notion	5.80375	4.215625	5.7006250000000005
purchase	5.8549999999999995	4.256875	5.700625
faithful	5.9781249999999995	4.673124999999999	5.655000000000001
soldier	4.340000000000001	5.096875000000001	4.779999999999999
father	6.218125000000001	4.3168750000000005	5.51
narrow	5.17625	3.5287499999999996	4.8500000000000005
great	5.78375	3.6750000000000003	5.771875
tear	4.811875	4.626875	4.890625
honorable	5.622500000000001	4.420625000000001	5.783125
previous	5.579374999999999	3.8812499999999996	5.704375
good	6.1225000000000005	3.7593749999999995	5.8774999999999995
domestic	6.135	4.0125	5.8774999999999995
glory	6.57875	4.69625	5.7768749999999995
lay	5.17875	3.9725	5.55875
occasion	5.926875	3.6918749999999996	6.126249999999999
guard	5.0337499999999995	3.7737499999999997	5.3925
whole	5.7837499999999995	3.6012500000000003	5.630000000000001
mouth	5.5475	3.810625000000001	5.41125
receive	6.208125000000001	3.63625	5.7925
take	5.9799999999999995	3.680625	5.698125
simple	6.277500000000001	3.6693750000000005	6.0475
error	5.159375	4.1656249999999995	5.7075
wisdom	6.285	4.36375	5.94375
rock	5.942500000000001	4.053125	5.507500000000001
decide	5.48875	3.94875	5.680625
exclaim	5.699999999999999	4.35	5.494375
assure	6.03	3.533125	5.824999999999999
sign	5.7975	3.6412500000000003	5.718125
preserve	5.97625	3.7493749999999997	5.775624999999999
commerce	4.919999999999999	3.8931249999999995	5.2162500000000005
plant	5.934374999999998	3.725	5.381874999999999
walk	5.383124999999999	3.6512499999999997	5.599375
difference	5.581875000000001	3.636875	5.8975
hang	5.583749999999999	3.7956250000000002	5.596874999999999
following	5.9799999999999995	3.6793750000000007	5.889999999999999
employ	5.120625	4.290625	5.559375000000001
