deal	5.885625000000001	3.8143750000000005	5.845624999999999
study	5.974375	4.302499999999999	6.211874999999999
afford	5.70125	3.9493750000000003	5.838749999999999
service	5.4125	3.824375	5.7174999999999985
height	5.274375	3.655	5.451250000000001
prospect	5.855625000000001	4.389375	5.733124999999999
pleasant	6.583125000000001	4.397499999999999	5.971874999999999
shade	6.02875	3.905625	5.51375
listen	5.838125000000001	3.8368750000000005	5.822500000000002
mighty	5.938124999999999	4.5575	5.892499999999999
country	5.613125	3.6899999999999995	5.423749999999999
title	5.963125	3.8143749999999996	5.8325
choose	5.764999999999999	3.5499999999999994	5.945
village	5.813125000000001	3.9325	5.4906250000000005
acquire	5.988749999999999	3.9818750000000005	6.254375000000001
rank	5.570000000000001	4.049375	5.888749999999999
bow	5.479375000000001	4.431875000000001	5.215000000000001
doctor	5.054375	3.9018750000000004	5.0874999999999995
talent	6.501249999999999	4.428749999999999	6.274375
source	5.616875	3.7812500000000004	5.794375
lead	5.644374999999999	3.85	5.7025
question	5.88125	4.099375	5.94875
publish	5.60125	3.78125	5.85
interest	5.8881250000000005	4.105625	6.124999999999999
serve	5.979375	3.5587500000000003	5.895625
divine	6.046875000000001	4.329374999999999	5.57875
put	5.65375	3.6275	5.7612499999999995
shadow	5.631875	3.9256250000000006	5.156874999999999
practical	5.660625	3.913125	5.765
surface	5.376250000000001	3.7675000000000005	5.206875
account	5.905625	3.591875	6.06125
loss	3.9887499999999996	4.5962499999999995	4.59375
indian	5.43625	4.36875	5.041875
vine	5.481249999999999	3.8193749999999995	5.331874999999999
certain	5.894375	3.6806250000000005	6.125625
sin	5.255625	4.603750000000001	5.373749999999999
necessity	5.179375	4.08	5.319999999999999
lose	6.064375	3.7406249999999996	5.795
private	5.414999999999999	3.9075	5.645625000000001
gentleman	6.073125000000001	3.634375	5.685625
daughter	6.110000000000001	4.688125	5.421874999999999
drive	5.548749999999999	4.1674999999999995	5.31
strange	5.768125	4.206249999999999	5.635000000000001
journey	6.135	4.06625	5.961875
uncle	6.029374999999999	4.015625000000001	5.593125
species	5.96875	4.11125	5.800625
think	6.1775	3.6362499999999995	6.08625
bed	5.661250000000001	4.021875	5.404375
wind	6.080625	3.961875	5.15625
bless	6.15625	4.350625	5.976249999999999
destroy	4.3825	4.6825	5.018749999999999
author	5.691874999999999	4.068125	5.85
sustain	5.442499999999999	3.994999999999999	5.48625
black	5.493125000000001	3.914375	5.205
event	5.3575	4.3375	5.70125
liberty	5.51125	4.345625	5.400625000000001
negro	4.268125000000001	4.4525	4.619375
little	5.8725	3.5137500000000004	5.84125
fortune	6.14125	4.561875	5.6375
touch	5.968750000000002	4.180625	5.664375
kill	4.208125	4.92375	4.905625000000001
feature	5.818125	3.8231249999999997	5.860625
happiness	6.2725	4.58	5.875625
assume	5.8412500000000005	3.7793750000000004	5.965625
notion	5.94875	4.061249999999999	6.0975
purchase	5.932499999999999	4.24125	5.61625
faithful	6.043749999999998	4.471875	5.577500000000001
soldier	4.265000000000001	4.940625	4.82625
father	6.29375	4.091875	5.767500000000001
narrow	5.262499999999999	3.4675	5.108125
great	5.745624999999999	3.8312500000000007	5.878749999999999
tear	4.97	4.49125	4.98
honorable	5.8881250000000005	4.341875000000001	5.956250000000001
previous	5.46125	3.901875	5.682500000000001
good	6.095624999999999	3.6574999999999993	5.993125000000001
domestic	5.965	3.9043750000000004	5.8343750000000005
glory	6.5825	5.003749999999998	5.981875000000001
lay	5.301875	3.9562500000000003	5.645625000000002
occasion	5.759999999999999	3.74125	5.977500000000001
guard	5.298125	3.810625	5.631875
whole	6.015	3.5250000000000004	5.7425
mouth	5.445	3.7531250000000003	5.3325000000000005
receive	6.081875	3.764375	5.948124999999999
take	5.9975000000000005	3.7443750000000002	5.8525
simple	6.368750000000001	3.6368750000000003	6.088750000000001
error	5.096875000000001	4.078125000000001	5.701249999999999
wisdom	6.265000000000001	4.154375	5.862499999999999
rock	5.881875	3.9850000000000003	5.3774999999999995
decide	5.571875	4.02	5.6743749999999995
exclaim	6.077500000000001	4.235625	5.777499999999999
assure	5.970000000000001	3.6525	6.029999999999999
sign	5.751875	3.715625	5.74625
preserve	6.11875	3.81875	5.920625
commerce	5.4506250000000005	4.075624999999999	5.580624999999999
plant	5.62625	3.69375	5.4662500000000005
walk	5.8325	3.7562499999999996	5.841874999999999
difference	5.51375	3.725625	5.920624999999999
hang	5.321250000000001	4.04625	5.3393749999999995
following	5.998125000000001	3.821875000000001	5.755625
employ	5.108750000000001	4.3075	5.330625
