deal	5.970000000000001	3.8893750000000002	5.879999999999999
study	6.155625000000001	4.437499999999999	6.208749999999999
afford	5.71	3.768125	5.8062499999999995
service	5.729374999999999	4.014375	5.903749999999999
height	5.364999999999999	3.7575	5.591875000000001
prospect	6.38125	4.750000000000001	5.7368749999999995
pleasant	6.374375000000001	4.608124999999999	6.011875
shade	5.871875	4.120625	5.40125
listen	5.621875	3.7143750000000004	5.650000000000001
mighty	5.453124999999999	4.7375	5.295624999999999
country	5.588124999999999	3.9031249999999993	5.530624999999999
title	5.734999999999999	3.713749999999999	5.731874999999999
choose	5.870625	3.9043749999999995	5.89875
village	6.000625000000001	3.7406249999999996	5.3999999999999995
acquire	5.9331249999999995	3.9168749999999997	6.272500000000001
rank	5.590000000000001	4.1725	6.039999999999999
bow	5.575000000000001	3.9631250000000007	5.695625
doctor	5.150625	3.92875	5.369375000000001
talent	6.500624999999999	4.534375	6.359375
source	5.650625	3.763125	5.871874999999999
lead	5.5043750000000005	3.9275000000000007	5.531249999999999
question	6.040625	4.0475	6.18875
publish	5.445	3.6956249999999997	5.864375000000001
interest	5.836874999999999	4.0975	6.0562499999999995
serve	5.7925	3.576875000000001	5.885624999999999
divine	5.83	4.245	5.605625
put	5.628124999999999	3.6275000000000004	5.701875
shadow	5.807499999999998	4.300625	5.232499999999999
practical	5.623125000000001	3.893125	5.77
surface	5.29125	3.7781249999999997	5.095625
account	5.751875	3.569375000000001	5.968124999999999
loss	4.081250000000001	4.516875	4.718125000000001
indian	5.411875	4.309375	5.0962499999999995
vine	5.479374999999999	3.6418749999999998	5.3275
certain	5.642500000000001	3.7181250000000006	5.9037500000000005
sin	5.14375	4.67125	5.081249999999999
necessity	5.015625	3.916875	5.235625
lose	5.88	3.813125	5.739375000000001
private	5.479999999999999	4.065625	5.451875
gentleman	6.02625	3.735625	5.7787500000000005
daughter	6.4662500000000005	4.610625000000001	5.4725
drive	5.436249999999999	4.0356250000000005	5.219374999999999
strange	5.483124999999999	4.2325	5.201875
journey	6.235000000000001	4.21125	5.915
uncle	6.21875	4.021875	5.527500000000001
species	5.823750000000001	4.30875	5.616874999999999
think	6.073124999999999	3.596875	5.88125
bed	5.8343750000000005	3.8343749999999996	5.708125000000001
wind	6.23125	4.0218750000000005	5.433750000000001
bless	6.84875	4.589375	6.1381250000000005
destroy	4.350625	4.821875	5.0024999999999995
author	5.7375	3.83625	5.855625
sustain	5.689374999999999	3.8606249999999998	5.748125000000002
black	5.51125	3.910625	5.2768749999999995
event	5.210624999999999	4.4125000000000005	5.52375
liberty	5.66375	4.329375000000001	5.393750000000001
negro	4.683750000000001	4.1725	4.833749999999999
little	5.792499999999999	3.7025	5.619999999999999
fortune	6.126250000000001	4.46875	5.621875
touch	6.044375	4.315625000000001	5.581874999999999
kill	3.6068750000000005	4.935625	4.504375
feature	5.670000000000001	3.6937499999999996	5.428125
happiness	6.786875	4.736874999999999	6.163749999999999
assume	5.649375000000001	3.72	5.815625
notion	5.81125	4.32875	5.595625
purchase	5.92625	4.2212499999999995	5.868125
faithful	6.7543750000000005	4.5649999999999995	6.07625
soldier	4.695000000000001	4.826875	4.926875
father	6.414375	4.358125	5.571874999999999
narrow	5.3237499999999995	3.5925000000000002	5.08375
great	5.637500000000001	3.7218750000000003	5.695
tear	4.9331249999999995	4.65625	4.914375
honorable	5.9193750000000005	4.601875	5.999375000000001
previous	5.426875	4.01375	5.7175
good	5.9312499999999995	3.7799999999999994	5.86625
domestic	6.233125	4.036875	5.672500000000001
glory	6.894375	4.69625	5.70625
lay	5.19625	3.849375	5.551875
occasion	6.13375	3.8375	6.2681249999999995
guard	5.231875	4.1675	5.296875
whole	5.914375000000001	3.56625	5.568125
mouth	5.483125	4.029999999999999	5.343125
receive	5.7875000000000005	3.995625	5.6656249999999995
take	5.915	3.710625	5.686249999999999
simple	6.370625000000001	3.603125	5.955000000000001
error	5.3025	4.035625	5.811875
wisdom	6.36	4.2275	5.934374999999998
rock	5.836249999999999	3.951250000000001	5.421250000000001
decide	5.819374999999999	4.1025	6.095625
exclaim	5.854375000000001	4.0375000000000005	5.7875
assure	5.829999999999999	3.66125	5.84
sign	5.6625	3.886875	5.91125
preserve	5.922499999999999	3.73	5.8175
commerce	5.31875	4.059375	5.56125
plant	5.63875	3.9299999999999997	5.344375
walk	5.749375000000001	3.5881249999999993	5.80625
difference	5.4956249999999995	3.6612500000000003	5.914375000000001
hang	5.256874999999999	3.890625	5.2562500000000005
following	5.814999999999999	3.5862500000000006	6.02
employ	4.936875	4.245625	5.318125000000001
