deal	6.056875000000002	3.8868750000000003	5.991874999999999
study	5.893125	4.200624999999999	6.1706249999999985
afford	5.591875	3.745	5.875
service	5.34125	4.126875	5.785625
height	5.105	3.834375	5.218749999999999
prospect	6.170624999999999	4.435625000000001	5.698125
pleasant	6.578749999999999	4.5775	6.048124999999999
shade	6.148750000000001	4.145625	5.478750000000001
listen	5.988125	3.7125000000000004	6.043750000000001
mighty	6.0425	4.499375	5.900625
country	5.48875	3.8943750000000006	5.499375
title	5.684374999999999	3.873125000000001	5.79375
choose	5.762500000000001	3.730625	5.911875
village	5.955000000000001	3.614375	5.668749999999999
acquire	5.916250000000001	3.99875	6.130000000000002
rank	5.458125000000001	4.285	5.823124999999999
bow	5.4775	3.87125	5.579375
doctor	5.075625	4.02875	5.391250000000001
talent	6.456875	4.406249999999999	6.2524999999999995
source	5.711874999999999	3.6937499999999996	5.7437499999999995
lead	5.614375	3.9518750000000002	5.706250000000001
question	5.738750000000001	4.01375	5.857500000000001
publish	5.300625	3.7468749999999997	5.85
interest	5.948124999999998	4.08625	6.205624999999999
serve	5.700625000000001	3.6312499999999996	6.025
divine	6.170625	4.171875	5.724375
put	5.609374999999999	3.665	5.827500000000001
shadow	5.7562500000000005	4.301875000000001	5.3325
practical	5.508124999999999	3.843125	5.7225
surface	5.2875000000000005	3.7081250000000003	5.126875
account	5.750625	3.5487500000000005	6.056875000000001
loss	4.175625000000001	4.621875	4.843125000000001
indian	5.4975000000000005	4.053750000000001	5.1375
vine	5.324374999999999	3.6624999999999996	5.2749999999999995
certain	5.716250000000001	3.835625	6.153125
sin	4.578125000000001	4.626875	5.12625
necessity	5.348125	4.315	5.3812500000000005
lose	5.815625000000001	3.8212499999999996	5.7875000000000005
private	5.510624999999999	3.9718750000000007	5.60625
gentleman	6.075625	3.8149999999999995	5.896875000000001
daughter	5.895625000000001	4.960000000000001	5.235625
drive	5.749375	4.045625	5.525624999999999
strange	5.576875	4.29125	5.328125
journey	5.748125	3.9056249999999997	5.765625
uncle	6.183125000000001	4.14625	5.8256250000000005
species	5.469375	4.129999999999999	5.516875000000001
think	5.999375	3.6531249999999993	5.9575
bed	5.835625000000001	3.4856249999999993	5.531249999999998
wind	6.01875	4.21125	5.368125000000001
bless	6.570625	4.34375	6.2368749999999995
destroy	4.860625	4.564375	5.2143749999999995
author	5.773124999999999	4.00125	5.953125
sustain	5.319375	4.018125	5.506875000000001
black	5.626875000000001	3.9881249999999997	5.330625
event	5.795000000000001	3.9025000000000007	5.829999999999998
liberty	5.882500000000001	4.529375	5.689375000000001
negro	4.486249999999999	4.42125	4.708124999999999
little	5.846250000000001	3.6293750000000005	5.8925
fortune	6.533125	4.433125	5.909375000000001
touch	5.956874999999998	4.172499999999999	5.823125
kill	4.31625	5.0093749999999995	5.008750000000001
feature	5.89875	3.8962499999999993	5.645
happiness	6.678749999999999	4.568124999999999	6.13875
assume	5.6381250000000005	3.7462500000000007	5.835624999999999
notion	5.9281250000000005	4.0581249999999995	6.025
purchase	5.848125	4.301875	5.569999999999999
faithful	6.036874999999999	4.32125	5.711250000000001
soldier	4.715	4.942499999999999	5.251874999999999
father	6.241874999999999	4.193125	5.976249999999999
narrow	5.04625	3.5700000000000003	4.718125000000001
great	5.7943750000000005	3.7437500000000004	5.788749999999999
tear	4.961875	4.818125	4.8881250000000005
honorable	6.099375	4.5268749999999995	6.274375
previous	5.514374999999999	3.89125	5.945000000000001
good	5.978750000000002	3.7662499999999994	6.115625
domestic	6.0	4.1225000000000005	5.82875
glory	6.7681249999999995	4.6899999999999995	5.98375
lay	5.591250000000001	3.66375	5.624999999999999
occasion	5.961874999999999	3.7575	6.245
guard	4.805625	4.174999999999999	5.250624999999999
whole	5.818125	3.611875	5.683125
mouth	5.635000000000001	4.0512500000000005	5.4906250000000005
receive	5.739375000000001	3.98	5.9125000000000005
take	5.86875	3.6762500000000005	5.966874999999999
simple	6.292500000000001	3.5593750000000006	5.8425
error	4.720000000000001	4.093125	5.3831250000000015
wisdom	6.40125	4.270624999999999	6.0112499999999995
rock	5.71125	3.990625	5.235625000000001
decide	5.666874999999999	3.943125	5.7625
exclaim	5.866250000000001	4.298125000000001	5.737499999999999
assure	5.859375	3.61625	5.894374999999999
sign	5.3925	3.65625	5.574375
preserve	5.922500000000001	3.7262499999999994	5.767499999999999
commerce	5.048125	4.061875	5.43625
plant	5.378125000000001	3.6231249999999995	5.411250000000001
walk	5.751875	3.6349999999999993	5.885625
difference	5.63125	3.786875	6.133749999999998
hang	5.686249999999999	3.7293749999999997	5.806249999999999
following	5.835	3.6168750000000003	5.978749999999999
employ	5.341875000000001	4.421250000000001	5.4887500000000005
