deal	5.94625	3.8806250000000007	5.92875
study	6.0356250000000005	4.3725	6.200625
afford	5.698125	3.7843749999999994	5.8149999999999995
service	5.8218749999999995	4.075625	5.715625
height	5.282500000000001	3.6362499999999995	5.46875
prospect	6.07125	4.62375	5.633125
pleasant	6.726875	4.37	6.107499999999999
shade	6.07	3.958125	5.487500000000001
listen	5.8812500000000005	3.8168750000000005	5.719375
mighty	5.41375	4.609999999999999	5.343125000000001
country	5.519375	3.9187499999999997	5.643124999999999
title	5.76125	4.020625	5.832500000000001
choose	5.7925	3.750625	5.91375
village	5.800000000000001	3.76	5.568124999999999
acquire	5.904999999999999	3.9699999999999998	6.228125000000002
rank	5.720625	4.2456249999999995	5.770625
bow	5.615	4.060625000000001	5.73875
doctor	5.20375	4.18	5.356250000000001
talent	6.301875000000001	4.369375	6.048125
source	5.703749999999999	3.5999999999999996	5.949375000000001
lead	5.695625	3.9962500000000003	5.694375000000001
question	5.558750000000001	4.040625	5.846875
publish	5.495625	3.655	5.8825
interest	5.79	4.130625	6.081249999999999
serve	5.889375000000001	3.7193749999999994	5.97625
divine	5.942500000000001	4.170624999999999	5.414375
put	5.8031250000000005	3.71375	5.935000000000001
shadow	5.9174999999999995	4.192500000000001	5.1899999999999995
practical	5.700625	3.6831249999999995	5.798125
surface	4.9156249999999995	3.3081249999999995	5.106874999999999
account	5.892499999999999	3.7481250000000004	6.0375000000000005
loss	4.256875	4.648125	4.666875
indian	4.695	4.32625	4.780000000000001
vine	5.326250000000001	3.690625	5.338125000000001
certain	5.779375000000002	3.8925000000000005	6.07625
sin	5.958124999999999	4.27625	5.53125
necessity	5.109375	4.3168750000000005	5.424375
lose	5.928750000000001	3.74625	5.625624999999999
private	5.45875	3.9700000000000006	5.54
gentleman	5.8500000000000005	3.850625	5.565625000000001
daughter	6.300625	4.61875	5.401875
drive	5.555	4.1125	5.3999999999999995
strange	5.721250000000001	4.208749999999999	5.485000000000001
journey	5.943125000000001	4.0725	5.750624999999999
uncle	6.014374999999999	4.005000000000001	5.583125
species	5.807500000000001	4.148124999999999	5.693125
think	6.0575	3.666874999999999	5.932499999999999
bed	5.58	3.5306249999999997	5.359374999999999
wind	5.870625	4.156875000000001	5.0575
bless	6.197500000000001	4.375	5.80875
destroy	4.7675	4.6075	5.165
author	5.629375	3.8450000000000006	5.6812499999999995
sustain	5.309375	4.095	5.480625000000001
black	5.6625000000000005	3.9293749999999994	5.341249999999999
event	5.4956249999999995	4.080625	5.61625
liberty	6.020000000000001	4.356250000000001	5.7125
negro	4.375	4.2725	4.67875
little	5.94	3.745	5.87375
fortune	6.115625	4.333125	5.578125000000001
touch	6.1118749999999995	4.1850000000000005	5.765
kill	4.391875000000001	4.848124999999999	4.7768749999999995
feature	5.758750000000001	3.8674999999999997	5.434375
happiness	6.54125	4.521249999999999	5.840625000000001
assume	5.649375000000001	3.7387499999999996	5.9106250000000005
notion	5.665625	4.21125	5.681875000000001
purchase	5.846875	4.036875	5.516874999999999
faithful	6.2768749999999995	4.60125	5.702500000000001
soldier	4.579375	4.811249999999999	5.045
father	6.285	4.19375	5.8075
narrow	5.32625	3.7456249999999995	5.108125000000001
great	5.646249999999999	3.8200000000000003	5.83
tear	5.185625000000001	4.759375	5.139999999999999
honorable	5.949375	4.5525	6.027500000000001
previous	5.368125	3.856875	6.0287500000000005
good	6.025625	3.873124999999999	6.0131250000000005
domestic	5.850625000000001	4.18375	5.6556250000000015
glory	6.531875000000001	4.686875	5.776249999999999
lay	5.681250000000001	3.83375	5.706875000000001
occasion	5.866875	3.75	6.219375000000001
guard	4.995625	4.22125	5.19
whole	5.7924999999999995	3.5531249999999996	5.592500000000001
mouth	5.338125	4.168125000000001	5.61625
receive	5.9193750000000005	4.0225	5.764375
take	5.874999999999999	3.675	5.780625
simple	6.243750000000002	3.618125	5.8187500000000005
error	4.943125	3.86375	5.588125000000001
wisdom	6.26875	4.381875000000001	5.924999999999999
rock	5.958125000000001	4.149375	5.4956249999999995
decide	5.465624999999999	4.108124999999999	5.698125
exclaim	5.906250000000001	4.186874999999999	5.796874999999999
assure	6.080625000000001	3.583125	5.771875
sign	5.674375	3.725	5.616875
preserve	6.222500000000001	3.9675	5.9468749999999995
commerce	5.1925	4.085624999999999	5.493125
plant	5.693125	3.6575	5.465000000000001
walk	5.455	3.6537500000000005	5.690624999999999
difference	5.548749999999999	3.7437500000000004	6.00125
hang	5.42	3.985625	5.6975
following	5.936249999999999	3.6987500000000004	5.92875
employ	5.601875	4.232500000000001	5.819375000000001
