deal	6.189375000000001	3.9775	5.821250000000001
study	5.781875	4.142499999999999	6.113124999999998
afford	5.75	3.816875	5.7056249999999995
service	5.5531250000000005	3.9887499999999996	5.742500000000001
height	5.205000000000001	3.81	5.4887500000000005
prospect	5.940000000000001	4.55	5.820624999999999
pleasant	6.215	4.134375	5.8687499999999995
shade	5.714375	3.8899999999999997	5.379375
listen	5.8025	3.8637499999999996	5.700000000000001
mighty	5.709374999999999	4.70375	5.63
country	5.4712499999999995	3.8881249999999996	5.607499999999999
title	5.77875	3.9450000000000003	5.791250000000001
choose	5.778124999999999	3.9206249999999994	5.770624999999999
village	5.8012500000000005	3.78	5.5675
acquire	5.850625	4.08125	6.114375000000001
rank	5.57125	4.323125	5.8025
bow	5.589375000000001	3.8312500000000003	5.5581249999999995
doctor	4.761875	4.263124999999999	4.965000000000001
talent	6.3531249999999995	4.403124999999999	6.1575
source	5.641249999999999	3.525	5.873125
lead	5.711875000000001	3.97625	5.59375
question	5.876875	3.9874999999999994	6.069375000000001
publish	5.3774999999999995	3.600625	5.82625
interest	5.772500000000001	4.011875	6.073125
serve	5.678750000000001	3.6337500000000005	5.640000000000001
divine	6.101875	4.3975	5.519375
put	5.586874999999999	3.5906249999999997	5.62625
shadow	5.8512499999999985	4.111249999999999	5.12875
practical	5.344999999999999	4.1625	5.683750000000001
surface	4.88625	3.6643749999999997	4.961875
account	5.897499999999999	3.6950000000000003	6.0668750000000005
loss	4.144375	4.525625	4.765625
indian	5.3862499999999995	4.24625	5.128125
vine	5.349374999999998	3.655	5.2718750000000005
certain	5.76625	3.7931250000000007	6.0575
sin	5.285000000000001	4.585624999999999	5.157500000000001
necessity	5.600625	3.75125	5.6812499999999995
lose	5.906875	3.8987499999999997	5.727499999999999
private	5.721875	3.935625000000001	5.7700000000000005
gentleman	5.971875000000001	3.9743749999999998	5.701250000000001
daughter	6.520625000000001	4.7775	5.488125000000001
drive	5.664999999999999	3.9837499999999997	5.400625
strange	5.631875000000001	4.248749999999999	5.398750000000001
journey	6.135	3.9768749999999997	5.9262500000000005
uncle	6.015625	4.1762500000000005	5.4975
species	5.67375	4.179375	5.5600000000000005
think	6.249375	3.756874999999999	5.9712499999999995
bed	5.881875	3.554375	5.61875
wind	6.253125000000001	3.985	5.561875000000001
bless	6.628125	4.445625	6.055625
destroy	4.003125000000001	4.893750000000001	4.77375
author	5.697499999999999	3.750000000000001	5.896249999999999
sustain	5.469374999999999	4.0962499999999995	5.566250000000001
black	5.516250000000001	4.0175	5.369375
event	5.378125	4.001250000000001	5.546250000000001
liberty	5.893125	4.335625	5.635
negro	4.1450000000000005	4.40625	4.723749999999999
little	5.87375	3.8418750000000004	5.701875
fortune	6.452500000000001	4.4750000000000005	5.645625
touch	6.138125	4.293124999999999	5.708124999999999
kill	3.9324999999999997	4.901249999999998	4.66
feature	5.737500000000001	3.82625	5.87625
happiness	6.72125	4.501249999999999	6.09875
assume	5.8881250000000005	3.7756250000000002	6.071875
notion	5.764375000000001	4.03375	5.940625000000001
purchase	5.993124999999999	4.374375000000001	5.7162500000000005
faithful	6.308125	4.637500000000001	5.870625
soldier	4.5112499999999995	4.804374999999999	5.060625
father	6.421875	4.288749999999999	5.573124999999999
narrow	5.249375	3.5137499999999995	4.8975
great	5.920625	3.9143749999999997	6.1425
tear	5.1812499999999995	4.664375	5.050625
honorable	5.89625	4.676874999999999	6.15625
previous	5.42875	3.8443750000000003	5.720625000000001
good	6.038124999999999	3.732499999999999	5.888749999999999
domestic	5.957500000000001	4.186875000000001	5.79375
glory	6.464375	4.679375	5.735624999999999
lay	5.579375000000001	3.80625	5.71
occasion	5.861249999999999	3.6643749999999997	6.18875
guard	5.060625	4.051875	5.2943750000000005
whole	5.910625	3.6687499999999997	5.608750000000001
mouth	5.4575000000000005	3.9075000000000006	5.494375000000001
receive	5.987500000000001	4.055	5.918125
take	6.014374999999999	3.7337500000000006	5.706249999999999
simple	6.2125	3.831875	5.857500000000001
error	4.98375	4.0625	5.565625
wisdom	6.329375000000001	4.2775	5.878124999999999
rock	5.8218749999999995	3.933125	5.517500000000001
decide	5.61875	4.048125000000001	5.76
exclaim	5.569375000000001	4.253125	5.411874999999999
assure	6.04875	3.5649999999999995	5.66875
sign	5.485	3.8337499999999998	5.621875
preserve	6.12625	3.745625	5.754375
commerce	5.328749999999999	4.0181249999999995	5.645
plant	5.59	3.8225	5.2943750000000005
walk	5.77	3.738749999999999	5.755625
difference	5.556875	3.6425	6.0699999999999985
hang	5.484375	3.8631249999999997	5.46375
following	5.88125	3.6181250000000005	5.94
employ	5.069375000000001	4.226875000000001	5.380625
