deal	6.076875000000001	3.7256250000000004	5.958125
study	6.1031249999999995	4.248125	6.3081249999999995
afford	5.6537500000000005	3.76375	5.870625
service	5.904999999999999	4.018125	5.862499999999999
height	5.255	3.6612499999999994	5.539375000000001
prospect	6.185625000000001	4.495	5.868125
pleasant	6.4437500000000005	4.516249999999999	5.857499999999999
shade	5.7543750000000005	3.8874999999999997	5.41875
listen	5.909375000000001	3.7074999999999996	5.935625
mighty	5.933749999999999	4.450625	5.8
country	5.77	3.8443749999999994	5.608124999999999
title	5.968125	4.0756250000000005	6.015625
choose	5.690625000000001	3.62	5.835
village	5.6293750000000005	3.783125	5.458125000000001
acquire	5.878124999999999	4.069375	6.210000000000002
rank	5.931875	4.100625000000001	5.7875
bow	5.5618750000000015	4.1625000000000005	5.804375
doctor	5.001874999999999	4.061875	5.181875
talent	6.498125000000001	4.453749999999999	6.41
source	5.609374999999999	3.6925	5.795
lead	5.774375000000001	3.8450000000000006	5.6575
question	6.00375	4.136875000000001	6.234375
publish	5.4275	3.8874999999999997	5.804375
interest	5.949374999999999	4.056875	6.325624999999999
serve	5.675625	3.515	5.8875
divine	6.13125	4.25125	5.735625000000001
put	5.585	3.645625	5.711875
shadow	5.60625	4.197500000000001	5.100625
practical	5.578125	3.9275	5.734375
surface	5.058750000000001	3.760625	5.055
account	5.826250000000001	3.637500000000001	6.135000000000001
loss	3.9993749999999997	4.765625	4.560625
indian	5.490625	4.10125	5.068125
vine	5.191874999999999	3.7418750000000003	5.325
certain	5.951874999999999	3.6537500000000005	6.1187499999999995
sin	5.310000000000001	4.588125	5.157500000000001
necessity	5.61875	3.9875000000000003	5.6762500000000005
lose	5.881875000000001	3.9418749999999996	5.80625
private	5.768749999999999	4.056875000000001	5.83375
gentleman	5.992500000000001	3.65125	5.673125
daughter	6.736875	4.595625000000001	5.577500000000001
drive	5.74625	3.965	5.365625
strange	6.053125	3.9731249999999996	5.739999999999999
journey	6.3	4.140000000000001	6.0275
uncle	6.23625	3.955	5.675000000000001
species	5.411250000000001	3.9668749999999995	5.525
think	6.083125	3.7112499999999997	6.047499999999999
bed	5.819999999999999	3.5993749999999998	5.519374999999998
wind	6.304375	4.01875	5.269375
bless	6.50125	4.52125	6.00875
destroy	4.716875000000001	4.686875000000001	5.218124999999999
author	5.803750000000001	4.026875000000001	6.016875
sustain	5.31875	3.7525	5.499375000000001
black	5.7093750000000005	4.014375	5.43
event	5.59625	4.24375	5.696250000000001
liberty	5.436874999999999	4.360625	5.554374999999999
negro	4.309375	4.234375	4.75625
little	5.8931249999999995	3.586875	5.789375
fortune	6.396875	4.421875	5.819375000000001
touch	6.373750000000001	4.0675	6.0775
kill	4.774374999999999	4.565624999999999	5.083125
feature	5.764375	3.9431249999999998	5.6431249999999995
happiness	7.150625	4.731875	6.358124999999999
assume	5.6575	3.8737500000000007	5.925625
notion	5.846875000000001	4.04375	6.002500000000001
purchase	6.034375	4.373749999999999	5.709374999999998
faithful	6.471875	4.68	5.873750000000001
soldier	4.629375	4.890625000000001	5.193749999999999
father	6.08875	4.210625	5.47
narrow	5.23375	3.6937499999999996	5.085625000000001
great	5.960624999999999	3.790625000000001	6.00875
tear	5.551875	4.894375	5.2475000000000005
honorable	6.301875	4.453749999999999	6.335000000000001
previous	5.571249999999999	3.8206250000000006	5.804375
good	5.85875	3.723125	5.790625
domestic	6.105	4.055625	6.00125
glory	6.783124999999999	4.874375	5.963125000000001
lay	5.3637500000000005	4.111250000000001	5.448125
occasion	5.868125	3.8812499999999996	6.197500000000001
guard	5.055	4.154375	5.351875000000001
whole	5.844374999999999	3.6368750000000003	5.590624999999999
mouth	5.5725	4.0062500000000005	5.503125000000001
receive	5.675625	3.98	5.861875
take	5.814375	3.7	5.810624999999999
simple	6.381875000000001	3.5574999999999997	6.1431249999999995
error	5.1425	4.085625	5.73375
wisdom	6.495	4.4225	6.1274999999999995
rock	6.00125	3.9537500000000003	5.72125
decide	5.813125	3.9375000000000004	6.008125000000001
exclaim	5.6018750000000015	4.285625	5.518124999999999
assure	6.1425	3.485	6.032499999999999
sign	5.593124999999999	3.6762500000000005	5.59
preserve	6.1724999999999985	3.713125	5.873125
commerce	5.436874999999999	4.106249999999999	5.610625000000001
plant	5.740625	3.80625	5.501875000000001
walk	5.8125	3.775	5.6431249999999995
difference	5.60375	3.7800000000000002	5.949999999999999
hang	5.628749999999999	3.8231249999999997	5.5768749999999985
following	5.76	3.663125	5.829375
employ	5.071875	4.305000000000001	5.4025
