deal	5.768125000000001	3.921875000000001	5.6987499999999995
study	5.906250000000001	4.428125	6.1968749999999995
afford	5.897500000000001	3.919375	5.84
service	5.730624999999999	4.0718749999999995	5.676874999999999
height	5.326250000000001	3.714375	5.493125000000001
prospect	6.126250000000001	4.3875	5.801874999999999
pleasant	6.423125	4.209375	5.953749999999999
shade	6.18	4.053125	5.608750000000001
listen	6.01	3.67375	5.908125
mighty	6.253749999999999	4.484375	5.768749999999999
country	5.484999999999999	3.7574999999999994	5.539375
title	5.933749999999999	3.9056249999999997	5.835000000000001
choose	5.853124999999999	3.595625	5.906874999999999
village	5.891250000000001	3.858125	5.682500000000001
acquire	6.1537500000000005	4.1375	6.36625
rank	5.695000000000001	4.3575	5.828125
bow	5.73875	3.94125	5.6225000000000005
doctor	5.129375	4.050000000000001	5.28625
talent	6.499375000000001	4.569374999999999	6.23375
source	5.708125000000001	3.7668749999999998	5.908125
lead	5.746875000000001	3.8912500000000003	5.558125
question	5.8881250000000005	4.151250000000001	6.083125
publish	5.606875	3.6756249999999997	5.831250000000001
interest	5.92	4.156874999999999	6.179999999999999
serve	5.955625000000001	3.656875	5.883125
divine	5.86125	4.410625	5.599375000000001
put	5.8625	3.7618750000000003	5.823125
shadow	5.785	4.2425	5.1393749999999985
practical	5.282500000000001	3.9974999999999996	5.498749999999999
surface	5.186250000000001	3.7775000000000007	5.0725
account	5.988124999999999	3.575	5.94125
loss	4.448125	4.593125	4.8881250000000005
indian	5.561874999999999	3.96375	5.1325
vine	5.379999999999998	3.6012500000000003	5.2368749999999995
certain	5.686249999999999	3.6168750000000007	5.97625
sin	5.282499999999999	4.635000000000001	5.379375
necessity	5.36	4.1693750000000005	5.505
lose	5.955625	3.9943750000000002	5.5875
private	5.3931249999999995	3.859375000000001	5.384375
gentleman	5.958750000000002	3.8656249999999996	5.741875
daughter	5.766249999999999	4.739375	5.213125
drive	5.675	4.241875	5.531874999999999
strange	5.349375000000001	4.271875	5.26125
journey	5.928749999999999	4.135	5.936249999999999
uncle	5.862499999999999	3.8706250000000004	5.456875
species	5.619375	4.173125000000001	5.603125
think	6.099375000000001	3.8218750000000004	5.8275
bed	5.673125000000001	3.4118749999999998	5.426249999999999
wind	6.133750000000001	4.05875	5.274375
bless	6.302499999999999	4.50125	5.90625
destroy	4.800000000000001	4.446875	5.267499999999999
author	5.805624999999999	3.8125	5.758125
sustain	5.4775	3.8775	5.341875
black	5.432500000000001	3.9906250000000005	5.305
event	5.557499999999999	4.28375	5.665
liberty	5.860625	4.245625	5.758750000000001
negro	4.828749999999999	4.191875	4.874374999999999
little	5.870625	3.6156250000000005	5.722499999999999
fortune	6.498749999999999	4.578125	6.015
touch	6.2943750000000005	4.2625	5.847499999999999
kill	4.504375	4.826249999999999	4.965
feature	5.5525	3.675	5.498749999999999
happiness	6.8462499999999995	4.691875	6.199999999999999
assume	5.821875	3.7181250000000006	5.87625
notion	6.074375000000001	4.1225	5.983125
purchase	5.9175	4.516249999999999	5.6831249999999995
faithful	6.490000000000001	4.57625	5.793125000000001
soldier	4.538125000000001	4.695625	5.1187499999999995
father	6.079375	4.215	5.4175
narrow	5.1518749999999995	3.5112500000000004	5.088125000000001
great	6.098125	3.783750000000001	6.000624999999999
tear	5.3325000000000005	4.626874999999999	5.1187499999999995
honorable	6.029375000000001	4.486249999999999	6.195000000000001
previous	5.63	3.880625	5.890000000000001
good	5.980625	3.8368749999999996	5.7225
domestic	5.970624999999999	3.8550000000000004	5.73625
glory	6.811875000000001	4.93375	6.0125
lay	5.789999999999999	3.995625	5.685625
occasion	5.986875	3.7593749999999995	6.1325
guard	4.99625	4.0600000000000005	5.298125000000001
whole	5.999375000000001	3.68125	5.684374999999999
mouth	5.4906250000000005	3.935625000000001	5.428125
receive	5.963125000000002	3.975	5.9125
take	5.9887500000000005	3.8906250000000004	5.835
simple	6.6068750000000005	3.68125	6.09125
error	4.9225	3.9787500000000002	5.5625
wisdom	6.2575	4.416875	5.8618749999999995
rock	5.948125	3.8962499999999998	5.534375000000001
decide	5.60375	3.9843750000000004	5.825000000000001
exclaim	6.050000000000001	4.23875	5.8912499999999985
assure	5.9437500000000005	3.723125	5.799999999999999
sign	5.630625	3.7793750000000004	5.682500000000001
preserve	6.230625	3.9725000000000006	6.0093749999999995
commerce	5.065625	4.113124999999999	5.264375
plant	5.6537500000000005	3.754375	5.408125000000001
walk	5.4937499999999995	3.709375	5.674375
difference	5.646875	3.7143750000000004	5.951874999999999
hang	5.6968749999999995	3.8975	5.724374999999999
following	6.00875	3.7387500000000005	5.8374999999999995
employ	5.1937500000000005	4.3575	5.738125000000001
