deal	6.254374999999999	3.875625	6.1518749999999995
study	5.966875000000001	4.2275	6.194375000000001
afford	5.82875	3.9050000000000002	5.855
service	5.99125	4.053125	5.906874999999999
height	5.354375	3.6931249999999998	5.50375
prospect	6.093125000000001	4.471875	5.715625
pleasant	6.58375	4.789374999999999	5.9937499999999995
shade	5.855625000000001	4.054375	5.519375
listen	6.054375	3.8975	6.11625
mighty	5.439375000000001	4.59375	5.175624999999999
country	5.605625	3.838125	5.392499999999999
title	5.91625	3.869999999999999	5.774999999999999
choose	5.840624999999999	3.5562500000000004	6.099374999999999
village	5.646875000000001	3.7475	5.46375
acquire	6.076875	3.9943750000000002	6.261875000000002
rank	5.958125000000001	4.1925	5.959999999999999
bow	5.43875	4.058125	5.483750000000001
doctor	4.936875	4.095	5.370625
talent	6.391875	4.397499999999999	6.433749999999999
source	5.530624999999999	3.788125	5.931874999999999
lead	5.716875	3.9812500000000006	5.8306249999999995
question	5.782500000000001	4.095625	5.8775
publish	5.4937499999999995	3.5731249999999997	5.681875
interest	5.984375	4.241875	6.186874999999999
serve	5.70125	3.56875	5.760625
divine	6.3293750000000015	4.31375	5.648125000000001
put	5.57625	3.595	5.763125
shadow	5.966875	4.22625	5.269374999999999
practical	5.351875	3.940625	5.4868749999999995
surface	5.258125000000001	3.5743750000000003	5.17
account	5.891249999999999	3.64875	5.965000000000001
loss	3.5925000000000007	4.77375	4.350625
indian	5.555	4.0425	5.165000000000001
vine	5.348124999999999	3.7474999999999996	5.166250000000001
certain	5.863125000000001	3.8637500000000005	6.015625
sin	5.229375	4.675625	5.065
necessity	5.053125	4.059375	5.336875
lose	5.916875	3.9106249999999996	5.755625
private	5.517499999999998	4.034375000000001	5.594374999999999
gentleman	5.889375	3.9087499999999995	5.765625000000001
daughter	5.850624999999999	4.776875	5.233125
drive	5.497499999999999	4.1068750000000005	5.38125
strange	5.717500000000001	4.440625	5.449375
journey	6.133125000000001	4.0181249999999995	6.092499999999999
uncle	6.108125000000001	4.0356250000000005	5.516875000000001
species	5.564375000000001	4.15	5.515624999999998
think	6.13	3.8674999999999997	6.02875
bed	5.351875000000001	3.476875	5.3618749999999995
wind	6.214375	4.254375	5.2075
bless	6.593750000000001	4.415	6.0925
destroy	4.180000000000001	4.8375	4.989999999999999
author	5.72625	4.116875	5.738124999999999
sustain	5.235000000000001	3.950625	5.29375
black	5.786875000000001	3.9649999999999994	5.47125
event	5.418125	4.14125	5.692500000000001
liberty	5.900625000000001	4.335625000000001	5.574375
negro	4.166250000000001	4.3925	4.7124999999999995
little	5.80375	3.8331249999999994	5.88
fortune	6.456874999999998	4.5843750000000005	5.786874999999999
touch	6.380625	4.048125	6.09875
kill	3.76	5.153125	4.4750000000000005
feature	5.777500000000001	3.745625	5.619999999999999
happiness	6.734375	4.763124999999999	6.076874999999999
assume	5.79875	3.8200000000000003	6.075
notion	5.888125000000001	4.18375	5.7631250000000005
purchase	5.919375	4.056875000000001	5.523124999999999
faithful	6.445625	4.484999999999999	6.035
soldier	4.22125	4.874375	5.007499999999999
father	5.986249999999999	4.2212499999999995	5.501249999999999
narrow	5.223125	3.504375	5.052500000000001
great	5.72	3.9506250000000005	5.878125
tear	5.117500000000001	4.91125	4.953125
honorable	5.9750000000000005	4.556249999999999	6.115625000000001
previous	5.208749999999999	3.9525000000000006	5.645625
good	6.080625	3.7681249999999995	6.0112499999999995
domestic	6.083125	4.185625000000001	5.886875
glory	6.721875000000001	4.719999999999999	5.83
lay	5.718750000000001	3.7531250000000007	5.600000000000001
occasion	5.988750000000001	3.9737500000000003	6.172499999999999
guard	4.890625	4.063125000000001	5.320625000000001
whole	5.735	3.516875	5.506875000000001
mouth	5.680000000000001	3.8874999999999997	5.556875000000001
receive	6.043125000000001	4.025625	5.881874999999999
take	5.9087499999999995	3.7150000000000003	5.88375
simple	6.172500000000001	3.63	6.110625000000001
error	4.8125	4.034375	5.42375
wisdom	6.400625000000001	4.36875	6.123124999999999
rock	5.824999999999999	3.9987500000000007	5.398124999999999
decide	5.812499999999998	4.039375000000001	5.868124999999999
exclaim	5.9906250000000005	4.2456249999999995	5.839999999999999
assure	6.00375	3.6712499999999997	5.95125
sign	5.618125	3.9137500000000003	5.6875
preserve	6.1	3.95125	5.917499999999999
commerce	5.100625000000001	3.973124999999999	5.158749999999999
plant	5.7612499999999995	3.91875	5.590625000000001
walk	5.666875	3.6556249999999997	5.817500000000001
difference	5.789375	3.794375	6.04125
hang	5.616874999999999	3.82125	5.658124999999999
following	5.7956249999999985	3.773750000000001	5.875625
employ	5.2787500000000005	4.12125	5.5562499999999995
