deal	5.963750000000001	3.9106250000000005	5.7025
study	5.9387500000000015	4.22875	5.966874999999999
afford	6.180000000000001	3.8125000000000004	6.0337499999999995
service	5.683125	3.925	5.66625
height	5.315625	3.8875	5.661874999999999
prospect	6.085000000000002	4.44375	5.62125
pleasant	6.566249999999999	4.144375	5.913749999999999
shade	5.983750000000001	3.9356249999999995	5.505625000000001
listen	5.746250000000001	3.6887499999999998	5.864375000000001
mighty	5.621874999999998	4.46875	5.598125
country	5.48375	3.9456249999999997	5.238124999999999
title	5.765625	4.158125	5.918125
choose	5.8881250000000005	3.689375	5.800625
village	5.7025000000000015	3.748125	5.48625
acquire	5.9799999999999995	4.2525	6.221875000000002
rank	5.727500000000001	4.357500000000001	5.85625
bow	5.955625	3.82125	5.750625
doctor	4.84875	4.1275	4.991875
talent	6.6293750000000005	4.359999999999999	6.379999999999999
source	5.680624999999999	3.8543749999999997	5.847499999999999
lead	5.711875	3.9206250000000002	5.658125000000001
question	5.9037500000000005	4.216875000000001	5.956875
publish	5.335625000000001	3.7506250000000003	5.76125
interest	6.17625	4.198125	6.313749999999999
serve	6.114375	3.3693750000000007	6.031874999999999
divine	6.142499999999999	4.320625000000001	5.650625
put	5.75125	3.5781249999999996	5.669375
shadow	6.093125	3.962500000000001	5.265624999999999
practical	5.531875	3.900625	5.574375000000001
surface	5.145625	3.609375	5.1775
account	5.703125	3.6962500000000005	6.0925
loss	4.2175	4.533125	4.610000000000001
indian	5.418749999999999	4.056875000000001	5.1693750000000005
vine	5.576249999999999	3.5081249999999997	5.283124999999999
certain	5.875	3.745	6.26
sin	5.30875	4.655625	5.26625
necessity	5.058125	3.9737500000000003	5.230625
lose	5.8	3.7856249999999996	5.706250000000001
private	5.498124999999999	4.013750000000001	5.636875
gentleman	5.843125000000001	3.8587499999999992	5.5475
daughter	6.324375000000001	4.61375	5.359375
drive	5.666250000000001	3.9625	5.356875
strange	5.73375	4.271875	5.3793750000000005
journey	6.15125	4.30375	5.9425
uncle	5.802500000000001	4.073125	5.3975
species	5.638750000000001	3.75375	5.715625
think	6.021875	3.533749999999999	5.961875
bed	5.804375000000001	3.4174999999999995	5.563125
wind	6.220000000000001	4.161874999999999	5.329375000000001
bless	6.285000000000001	4.46125	5.95125
destroy	4.451874999999999	4.784375000000001	5.01375
author	5.7875	3.9037500000000005	5.71
sustain	5.148750000000001	3.9475	5.265625
black	5.669375000000001	3.9056249999999997	5.440625
event	5.484999999999999	4.1675	5.60875
liberty	5.816875000000001	4.483750000000001	5.583125000000002
negro	4.483124999999999	4.418125	4.749375
little	5.7093750000000005	3.663125	5.556875
fortune	6.203125000000001	4.6850000000000005	5.640000000000001
touch	6.06875	4.3081249999999995	5.674375
kill	4.06625	4.758124999999999	4.706250000000001
feature	5.684375	3.8706249999999995	5.811874999999999
happiness	6.652500000000001	4.6431249999999995	6.06875
assume	5.84	3.8606249999999998	6.0668750000000005
notion	5.7125	4.131875	5.897500000000001
purchase	5.8675	4.198125	5.566875
faithful	6.58125	4.608125000000001	5.899375000000001
soldier	4.671250000000001	4.788125	5.014999999999999
father	6.069999999999999	4.33	5.4775
narrow	5.198125	3.55	5.188124999999999
great	5.732499999999999	3.876875	6.0425
tear	5.555	4.472499999999999	5.35875
honorable	6.056875000000001	4.660625	6.1375
previous	5.516875	3.99125	5.744375
good	5.865625	3.6068749999999996	5.869375
domestic	6.084375	4.19125	5.824375000000001
glory	6.749375000000001	4.718125	5.78375
lay	5.244375000000001	3.859375	5.60125
occasion	6.031250000000001	3.687499999999999	6.201250000000001
guard	5.0718749999999995	4.105625	5.54
whole	5.8287499999999985	3.7362499999999996	5.641874999999999
mouth	5.655625000000001	3.9125000000000005	5.48875
receive	5.8575	4.019374999999999	5.721875
take	5.8975	3.5537499999999995	5.6775
simple	6.1	3.5700000000000007	5.998125000000001
error	5.2718750000000005	4.1312500000000005	5.7924999999999995
wisdom	6.0649999999999995	4.43125	5.8568750000000005
rock	5.975625000000001	3.9706249999999996	5.407500000000001
decide	5.723749999999999	4.1743749999999995	5.7925
exclaim	5.8425	4.088125	5.640625
assure	5.784375000000001	3.6974999999999993	5.836250000000001
sign	5.670624999999999	3.5424999999999995	5.783125
preserve	6.05375	3.9074999999999998	5.8462499999999995
commerce	5.2368749999999995	4.10375	5.105624999999999
plant	5.619375	3.74625	5.335000000000001
walk	5.840624999999999	3.6799999999999997	5.7925
difference	5.679374999999999	3.8618750000000004	6.075624999999999
hang	5.614375	3.8531250000000004	5.681875
following	5.847499999999998	3.580000000000001	5.9
employ	5.461874999999999	4.0625	5.766875
