deal	6.1781250000000005	3.88625	6.095625000000001
study	6.043750000000001	4.536874999999999	6.0356250000000005
afford	5.955	4.065625	5.9418750000000005
service	5.453749999999999	4.1118749999999995	5.659375
height	5.3812500000000005	3.9143749999999997	5.45375
prospect	6.085625	4.538125	5.71125
pleasant	6.65875	4.4525	5.984999999999999
shade	5.845	3.9681249999999997	5.545000000000001
listen	5.93125	3.714375	5.925625
mighty	6.121249999999999	4.5112499999999995	5.8824999999999985
country	5.58375	4.09375	5.569375
title	5.855	3.7199999999999998	5.964374999999999
choose	5.633125	3.730625	5.839999999999999
village	5.655000000000001	3.8031249999999996	5.438125000000001
acquire	5.9156249999999995	3.98625	6.3618749999999995
rank	5.861875000000001	4.18625	5.97
bow	5.635000000000001	3.9906250000000005	5.7875
doctor	5.25625	4.005	5.352500000000001
talent	6.25125	4.575625	6.1656249999999995
source	5.784375	3.863125	5.984999999999999
lead	5.7212499999999995	4.043750000000001	5.614375
question	6.135625	4.046874999999999	6.273125
publish	5.728125	3.745624999999999	5.83875
interest	6.182499999999998	4.2281249999999995	6.346874999999999
serve	5.78375	3.5443750000000005	5.84875
divine	5.936249999999999	4.3618749999999995	5.881250000000001
put	5.809375	3.7218750000000003	5.719375
shadow	5.926874999999999	4.023124999999999	5.298124999999999
practical	5.747499999999999	4.014374999999999	5.888125
surface	5.165625	3.861875	5.045000000000001
account	5.896875	3.6693750000000005	6.0718749999999995
loss	4.82625	4.479375	4.951250000000001
indian	4.95875	4.381875	4.698124999999999
vine	5.488124999999999	3.738125	5.356250000000001
certain	5.766875	3.7325000000000004	6.100625000000001
sin	5.208749999999999	4.59	5.273125
necessity	5.1875	4.159999999999999	5.367500000000001
lose	6.10125	3.851875	5.703750000000001
private	5.271249999999999	4.2162500000000005	5.516249999999999
gentleman	5.858125	3.9625	5.853125
daughter	6.2275	4.496875	5.460000000000001
drive	5.573124999999999	4.046874999999999	5.266249999999999
strange	5.692500000000001	4.31	5.489375
journey	6.133125000000001	4.325	5.97875
uncle	6.205	3.9006250000000002	5.6918750000000005
species	5.512500000000001	4.199375	5.46375
think	6.253125	3.7649999999999997	5.990625
bed	5.693125	3.6581249999999996	5.336875
wind	5.994375	3.9181250000000003	5.1375
bless	6.594374999999999	4.205	6.2281249999999995
destroy	4.619375000000001	4.936250000000001	5.124999999999999
author	5.858125	3.935	5.790000000000001
sustain	5.339375	4.173749999999999	5.3256250000000005
black	5.6825	4.1293750000000005	5.400625
event	5.7275	4.300000000000001	5.8774999999999995
liberty	5.51625	4.380625	5.277500000000001
negro	4.82625	3.904375	5.139999999999999
little	5.884375	3.791875	5.620625
fortune	6.40875	4.488125	5.939375
touch	6.16	4.02375	5.8374999999999995
kill	4.1525	4.7993749999999995	4.99125
feature	5.785	3.6774999999999998	5.70125
happiness	6.73625	4.7593749999999995	6.120625
assume	5.831250000000001	3.8225000000000002	6.079375000000001
notion	5.866875	4.27	5.920625000000001
purchase	5.633749999999999	4.035625	5.488124999999999
faithful	6.508750000000001	4.6775	5.86375
soldier	4.618125000000001	4.642499999999999	4.9624999999999995
father	6.4775	3.90375	5.9125000000000005
narrow	5.081874999999999	3.651875	4.907500000000001
great	5.846874999999999	3.9243750000000004	5.955000000000001
tear	5.51375	4.605624999999999	5.265624999999999
honorable	6.090625000000001	4.41125	6.250625
previous	5.336874999999999	3.87875	5.825
good	6.135	3.7262499999999994	5.98
domestic	6.045	3.9787500000000007	5.854375
glory	6.625625	4.76875	5.8531249999999995
lay	5.49875	3.995	5.586875000000001
occasion	6.12375	3.700625	6.403125
guard	5.001875	4.195625	5.33625
whole	5.844375000000001	3.455	5.777500000000001
mouth	5.511875000000001	3.8050000000000006	5.568125
receive	5.83875	3.9606250000000003	5.835625
take	5.943125	3.665	5.735625
simple	6.553750000000001	3.6306250000000007	6.1762500000000005
error	5.389375	4.06	5.7175
wisdom	6.05125	4.3	5.755625
rock	5.892499999999999	4.18125	5.321249999999999
decide	5.7475000000000005	4.195625000000001	5.769375000000001
exclaim	6.113124999999999	4.331250000000001	5.882499999999999
assure	6.0668750000000005	3.71125	5.993124999999999
sign	5.504375	3.9468750000000004	5.774375
preserve	6.16625	3.88375	5.904374999999999
commerce	5.44375	3.997499999999999	5.4293749999999985
plant	5.233125	3.8874999999999997	5.263750000000001
walk	5.385	3.6968750000000004	5.548125000000001
difference	5.528125	3.708125	5.913124999999999
hang	5.575624999999999	3.8243750000000003	5.612499999999999
following	5.746874999999999	3.6500000000000004	5.87125
employ	5.201249999999999	4.250624999999999	5.468750000000001
