deal	6.10875	3.9212500000000006	5.927500000000001
study	5.8375	4.326249999999999	6.098749999999999
afford	5.7075000000000005	3.6818750000000002	5.85625
service	5.69375	4.15125	5.658124999999999
height	5.351875	3.886875	5.5550000000000015
prospect	5.9275	4.4875	5.814375
pleasant	6.633125000000001	4.51375	6.189375
shade	6.125	3.98125	5.495625
listen	5.823125	3.806875	5.940625000000002
mighty	5.420000000000001	4.590625	5.289999999999999
country	5.564375	3.775	5.560625
title	5.66625	4.000624999999999	5.781250000000001
choose	5.815625000000001	3.9118749999999993	5.8931249999999995
village	5.849375000000001	3.5956250000000005	5.484375
acquire	5.853125	4.035	6.210625000000001
rank	5.835000000000001	4.14125	6.088125
bow	5.566250000000001	4.26375	5.675
doctor	5.068124999999999	4.114375	5.256875
talent	6.279375	4.305625	6.1862499999999985
source	5.653125	3.65875	5.834375
lead	5.635000000000001	4.15375	5.735625
question	5.881875000000001	4.20375	6.140625
publish	5.37375	3.8118749999999997	5.77375
interest	5.82375	4.145625	6.178749999999999
serve	5.835000000000001	3.66875	5.830000000000001
divine	6.052499999999999	4.386875000000001	5.801875
put	5.9106250000000005	3.889375	5.843750000000001
shadow	6.0962499999999995	4.0925	5.39875
practical	5.385000000000001	3.76625	5.561875
surface	4.935625	3.529375	5.05375
account	5.93125	3.7131250000000007	5.99125
loss	4.034375	4.532500000000001	4.656250000000001
indian	5.389375	4.289375	5.163749999999999
vine	5.369374999999999	3.6043750000000006	5.333124999999999
certain	5.660625	3.718750000000001	6.135625
sin	5.128749999999999	4.685624999999999	5.1850000000000005
necessity	5.29125	4.135625	5.505625
lose	6.07125	3.950624999999999	5.695
private	5.306875000000001	4.08875	5.42
gentleman	5.855	3.9518750000000002	5.671250000000001
daughter	6.259375	4.62875	5.388750000000001
drive	5.270625000000001	4.169375	5.302499999999998
strange	5.245	4.438749999999999	5.09375
journey	5.966875	3.9868750000000004	5.864999999999999
uncle	6.006875000000001	4.15875	5.506875
species	5.516875000000001	3.9931250000000005	5.595625000000001
think	6.22875	3.691874999999999	5.9825
bed	6.02625	3.5368749999999998	5.603749999999999
wind	6.08875	4.1925	5.263749999999999
bless	6.415625	4.521249999999999	5.896875
destroy	4.123125	4.96375	4.9425
author	5.501250000000001	3.9481250000000006	5.781874999999999
sustain	5.168125000000001	3.825625	5.28875
black	5.441250000000001	4.0756250000000005	5.3325
event	5.698125	4.29	5.8793750000000005
liberty	5.234375	4.105625	5.210624999999999
negro	4.403124999999999	4.14	4.655625
little	5.904999999999999	3.9687500000000004	5.6587499999999995
fortune	6.30125	4.481875	5.673125
touch	6.1187499999999995	4.198125	5.6918750000000005
kill	4.170624999999999	4.85	4.766249999999999
feature	5.949375	3.8449999999999998	5.759375
happiness	6.6762500000000005	4.823124999999999	6.086250000000001
assume	5.636875	4.0512500000000005	6.05375
notion	5.687500000000001	4.124375000000001	5.827500000000001
purchase	5.68375	4.17875	5.53625
faithful	6.163125	4.5024999999999995	5.681875
soldier	4.414374999999999	5.113124999999999	5.0093749999999995
father	6.318125	4.480625000000001	5.62125
narrow	4.97625	3.574375	5.115000000000002
great	6.0443750000000005	3.88875	6.147500000000001
tear	4.821875000000001	4.9275	4.788749999999999
honorable	6.063125000000001	4.623749999999999	6.181875000000001
previous	5.5387499999999985	3.9825000000000004	5.800000000000001
good	5.8412500000000005	4.055	5.735625
domestic	6.079375000000001	4.008750000000001	5.811250000000001
glory	6.901250000000001	4.76	5.9125000000000005
lay	5.27375	4.15875	5.51625
occasion	5.9293749999999985	3.8556249999999994	6.260000000000001
guard	4.6375	4.27375	5.267499999999999
whole	5.811250000000001	3.4287499999999995	5.704375
mouth	5.16625	4.033125	5.4662500000000005
receive	5.6975	4.131874999999999	5.854374999999999
take	6.036875	3.8531249999999995	5.746875
simple	6.400625000000002	3.648125	6.199375000000001
error	5.033749999999999	4.130625	5.515000000000001
wisdom	6.076875	4.283125	5.9
rock	5.6987499999999995	4.1431249999999995	5.1587499999999995
decide	5.720625	4.033125	6.088125
exclaim	5.8375	4.0875	5.81625
assure	6.370625	4.0024999999999995	6.025
sign	5.675624999999999	3.9187499999999997	5.783125
preserve	6.052499999999999	3.891875	5.954374999999999
commerce	5.031875	3.9343749999999993	5.363125
plant	5.33625	3.968125	5.301875000000001
walk	5.46	3.865625	5.60125
difference	5.542499999999999	3.7768750000000004	6.089374999999999
hang	5.313125	3.9856249999999998	5.495625
following	5.9025	3.8300000000000005	5.875625
employ	5.0806249999999995	4.301875000000001	5.773125
