deal	6.060625	3.8343750000000005	5.882499999999999
study	5.8725000000000005	4.188124999999999	6.11
afford	5.864375000000001	3.7750000000000004	5.8637500000000005
service	5.59875	4.009375	5.864999999999999
height	5.290000000000001	3.760625	5.40875
prospect	6.326250000000002	4.6325	5.821875
pleasant	6.57375	4.50625	5.994375
shade	5.773750000000001	3.863125	5.483125
listen	5.7575	3.7481250000000004	5.898750000000001
mighty	5.715000000000002	4.691875	5.3999999999999995
country	5.193124999999998	3.8387500000000006	5.334375
title	5.788749999999999	4.046250000000001	5.823125
choose	5.891875	3.6399999999999997	5.96
village	6.017500000000001	3.6768749999999994	5.665
acquire	6.154374999999999	4.047499999999999	6.3675000000000015
rank	5.691875000000001	4.236875	6.038125
bow	5.6575	4.3256250000000005	5.781249999999999
doctor	5.109999999999999	4.128749999999999	5.298125
talent	6.200625	4.310624999999999	6.101249999999999
source	5.585000000000001	3.7581249999999997	5.905625
lead	5.8812500000000005	3.9056250000000006	5.8425
question	5.781875	4.12875	5.956250000000001
publish	5.346875000000001	3.8912500000000003	5.779999999999999
interest	5.826874999999999	4.146875	6.254999999999998
serve	6.063125000000001	3.5624999999999996	6.135625
divine	6.170000000000001	4.269374999999999	5.565625
put	5.7525	3.58125	5.800000000000002
shadow	5.434375	3.8843750000000004	5.12125
practical	5.49375	3.855625	5.55875
surface	4.9712499999999995	3.5281249999999997	5.158125
account	5.81375	3.6800000000000006	6.077500000000001
loss	4.25375	4.690625000000001	4.790625
indian	5.407500000000001	4.3475	5.204374999999999
vine	5.155625	3.8043749999999994	5.288749999999999
certain	5.745000000000001	3.7931250000000007	6.1075
sin	4.994375000000001	4.670625	4.958125
necessity	5.422499999999999	4.26875	5.764375
lose	6.145	3.8943749999999997	5.689375000000001
private	5.806249999999999	3.845000000000001	5.793749999999999
gentleman	6.165000000000001	3.7687500000000003	5.850625
daughter	6.7625	4.561875000000001	5.553750000000001
drive	5.781875000000001	4.07625	5.34375
strange	5.868125000000001	4.053125	5.491874999999999
journey	6.076875000000001	4.365	5.775625
uncle	6.211875	4.118125000000001	5.6075
species	5.616875	3.976875	5.763750000000001
think	6.138750000000001	3.79	6.016249999999999
bed	5.4506250000000005	3.54	5.248749999999999
wind	6.1025	4.128125	5.273125
bless	6.401875	4.48375	5.886875
destroy	4.782499999999999	4.798125000000001	5.241250000000001
author	5.511874999999998	4.109375000000001	5.725
sustain	5.348750000000001	3.789375	5.455625000000001
black	5.713125000000001	3.918125	5.425
event	5.373125	4.313124999999999	5.764375
liberty	5.797500000000001	4.224375	5.531250000000001
negro	4.1937500000000005	4.515000000000001	4.596875
little	5.921250000000001	3.6075	5.804999999999999
fortune	6.529375	4.446875	5.916875
touch	6.101875	4.270625	5.680625
kill	4.027500000000001	4.9624999999999995	4.61
feature	5.898750000000001	3.8943749999999997	5.784375
happiness	6.969375	4.603124999999999	6.346875
assume	5.777500000000002	3.6768750000000003	5.898750000000001
notion	5.696875	4.418125	5.83
purchase	5.943125	4.293125	5.686874999999999
faithful	6.037499999999999	4.385	5.596875
soldier	4.519375000000001	4.854375	5.021249999999999
father	6.414375000000001	4.306875	5.688125
narrow	5.08375	3.51625	4.826874999999999
great	5.5	3.857500000000001	5.827500000000001
tear	5.153125	4.620625	5.10125
honorable	5.966875000000001	4.519375	6.038125000000001
previous	5.371874999999999	3.921875	5.925000000000001
good	6.14625	3.7681249999999995	5.9300000000000015
domestic	6.129375	4.01625	5.9056250000000015
glory	6.6293750000000005	4.755625000000001	5.796250000000001
lay	5.381250000000001	3.98375	5.434374999999999
occasion	5.891874999999999	3.7268749999999997	6.191250000000001
guard	5.349375	3.7350000000000003	5.4175
whole	5.795	3.491875	5.698125
mouth	5.45125	4.060625	5.61875
receive	6.0325	3.835625	5.883749999999999
take	6.1137500000000005	3.74375	5.8774999999999995
simple	6.285000000000002	3.77375	5.9575000000000005
error	5.10375	4.0981250000000005	5.5475
wisdom	6.4174999999999995	4.288749999999999	5.970624999999999
rock	5.6343749999999995	3.9924999999999997	5.4818750000000005
decide	5.572500000000001	4.143125	5.851249999999999
exclaim	6.05375	4.314375	5.825625
assure	6.20875	3.6350000000000002	6.118749999999999
sign	5.485	3.8225000000000002	5.590625
preserve	6.075000000000001	3.721875	5.796875
commerce	4.949999999999999	3.8774999999999995	5.336250000000001
plant	5.218125	3.9243749999999995	5.156874999999999
walk	5.7231250000000005	3.87875	5.639375
difference	5.548124999999999	3.7874999999999996	6.052499999999998
hang	5.768750000000001	3.8824999999999994	5.60625
following	5.835624999999999	3.6312500000000005	5.766249999999999
employ	5.1575	4.255000000000001	5.603125000000001
