deal	6.116250000000001	3.7425	6.023124999999999
study	5.826875000000001	4.23875	5.973749999999999
afford	5.6537500000000005	3.765625	5.695625000000001
service	5.6274999999999995	3.919375	5.6937500000000005
height	5.261875000000001	3.753125	5.545625000000001
prospect	6.031875000000001	4.458749999999999	5.5424999999999995
pleasant	6.409375	4.3725	6.010624999999999
shade	6.1225000000000005	3.9562499999999994	5.52375
listen	5.904375	3.746875	5.986875
mighty	5.764375	4.76	5.7768749999999995
country	5.4525	3.7806249999999997	5.253125
title	5.779999999999999	3.999375	5.788125000000001
choose	5.9712499999999995	3.7556249999999993	5.920624999999999
village	5.7675	3.7237500000000003	5.557499999999999
acquire	5.946249999999999	4.03125	6.208125
rank	5.725625000000001	4.18625	5.9281250000000005
bow	5.650625000000002	3.9299999999999997	5.504375
doctor	5.364999999999999	3.9243749999999995	5.456875
talent	6.631250000000001	4.475625	6.365625
source	5.586874999999999	3.77125	5.750624999999999
lead	5.841249999999999	4.01875	5.74875
question	5.890625000000001	4.0687500000000005	6.0268749999999995
publish	5.480625	3.80875	5.880624999999999
interest	5.855	4.028124999999999	6.114999999999998
serve	5.729375000000001	3.579375	5.934375
divine	5.97875	4.345000000000001	5.495625
put	5.79	3.5662499999999997	5.86625
shadow	6.161875	4.0356250000000005	5.258124999999999
practical	5.258124999999999	3.8074999999999997	5.4193750000000005
surface	4.96375	3.6449999999999996	5.119375
account	5.831875	3.628750000000001	6.0287500000000005
loss	4.1762500000000005	4.398124999999999	4.699375000000001
indian	4.860625	4.10875	4.818124999999999
vine	5.422499999999999	3.889375	5.4275
certain	5.71375	3.768125000000001	6.038125
sin	5.3481250000000005	4.355625000000001	5.154374999999999
necessity	5.101875000000001	4.111875	5.23375
lose	5.972500000000001	3.7024999999999997	5.770625000000001
private	5.62875	3.911250000000001	5.576875
gentleman	6.151875000000001	3.93375	5.981250000000001
daughter	6.48125	4.3687499999999995	5.6381250000000005
drive	5.78375	4.17	5.318125
strange	5.6812499999999995	4.383125	5.489375
journey	6.07375	4.04	5.924374999999999
uncle	6.015625	3.9575000000000005	5.650625000000001
species	5.556875000000002	3.9737499999999994	5.62125
think	6.074375	3.6931249999999998	6.028124999999999
bed	5.534375	3.6106249999999998	5.338125
wind	6.170624999999999	4.007499999999999	5.569375
bless	6.644375	4.0912500000000005	5.999375000000001
destroy	4.259375	4.761875000000001	5.02
author	5.868124999999999	3.8537500000000007	5.793749999999999
sustain	5.3481250000000005	3.8456249999999996	5.411250000000001
black	5.771875000000001	3.9750000000000005	5.499375
event	5.529375	4.243125	5.588125
liberty	5.738125	4.506875	5.2875000000000005
negro	4.568750000000001	4.265624999999999	4.878124999999999
little	6.1475	3.5475000000000003	5.944374999999999
fortune	6.365625	4.508125000000001	5.82125
touch	5.994999999999999	4.208124999999999	5.756875
kill	4.798124999999999	4.782500000000001	5.321249999999999
feature	5.679375	3.959375	5.6825
happiness	6.43375	4.535	5.8812500000000005
assume	5.873750000000001	3.6168750000000003	6.0275
notion	5.716875000000001	4.17125	5.786250000000001
purchase	5.923750000000001	4.585625	5.65625
faithful	6.093125	4.38125	5.755
soldier	4.887500000000001	4.480625	5.426875
father	6.491875	3.98875	5.755
narrow	5.066249999999999	3.5162500000000003	5.024375
great	5.769375	3.79875	5.8462499999999995
tear	5.241875	4.485	4.989999999999999
honorable	6.093125000000001	4.2475	6.160000000000001
previous	5.535625	3.861875	5.7125
good	6.12	3.5712499999999996	6.086875
domestic	6.080000000000001	4.07875	5.752500000000001
glory	6.825	4.6425	5.82625
lay	5.574375000000001	3.9725	5.45625
occasion	5.953125000000001	3.7150000000000003	6.270624999999999
guard	5.215625	4.025	5.59375
whole	5.888125	3.59	5.538125000000001
mouth	5.426875000000001	3.8050000000000006	5.353125
receive	5.8862499999999995	3.93625	5.7275
take	6.057499999999999	3.635625	5.840624999999999
simple	6.036875	3.6012500000000003	5.905625000000001
error	5.061875	4.045625	5.496875
wisdom	6.25	4.3975	5.923749999999999
rock	5.653124999999999	3.998125	5.340000000000002
decide	5.5843750000000005	3.90125	5.723125
exclaim	6.181875000000001	4.1431249999999995	6.023749999999999
assure	5.9506250000000005	3.5775	5.761874999999999
sign	5.669999999999998	3.8662499999999995	5.755
preserve	6.019375	3.864375	5.872499999999999
commerce	5.163125	4.0581249999999995	5.246874999999999
plant	5.788125	3.8481250000000005	5.56125
walk	5.968749999999999	3.750625	5.8525
difference	5.4781249999999995	3.7506250000000003	5.964999999999999
hang	5.7375	3.94	5.648749999999999
following	5.795	3.6150000000000007	5.87375
employ	5.058749999999999	4.20625	5.474375000000001
