deal	5.978750000000002	3.8193750000000004	5.7875000000000005
study	5.825000000000001	4.2993749999999995	6.0287500000000005
afford	5.8218749999999995	3.9306250000000005	5.719374999999999
service	5.503125	4.243125	5.800624999999999
height	5.183125	3.8156249999999994	5.5112499999999995
prospect	6.166250000000002	4.59875	5.68625
pleasant	6.616874999999999	4.355625	6.1274999999999995
shade	6.1693750000000005	3.93375	5.57625
listen	5.775	3.7375	5.890625000000001
mighty	5.415	4.532499999999999	5.383125
country	5.469374999999999	4.11875	5.536875
title	5.892499999999999	4.0125	5.711875
choose	5.81625	3.6093749999999996	5.853125
village	5.824375000000001	3.645625	5.557500000000002
acquire	5.825625	4.0024999999999995	6.103125
rank	5.606250000000001	4.55875	5.931875
bow	5.481874999999999	4.043125000000001	5.619375
doctor	4.8175	4.154999999999999	5.0
talent	6.12625	4.2768749999999995	6.017499999999999
source	5.645	3.6949999999999994	5.83125
lead	5.615624999999999	3.925	5.716875
question	5.630625	4.126875	5.63375
publish	5.423125000000001	3.7456249999999995	5.631875000000001
interest	5.9556249999999995	4.159375	6.2281249999999995
serve	5.98	3.628125	5.985624999999999
divine	6.0975	4.19125	5.682500000000001
put	5.808750000000001	3.6637500000000003	5.956250000000001
shadow	5.59125	4.09	5.217499999999999
practical	5.33625	3.9087499999999995	5.5687500000000005
surface	5.0775	3.6687499999999997	5.0649999999999995
account	5.9575000000000005	3.7193750000000008	5.928125
loss	4.139375	4.6125	4.710625
indian	5.309375	4.244375	5.0675
vine	5.503125	3.725	5.42375
certain	5.878125000000001	3.96125	6.153125
sin	5.341875	4.4025	5.435
necessity	5.2	4.159999999999999	5.369375
lose	5.9037500000000005	3.8881249999999996	5.754375
private	5.47375	4.063125	5.674375
gentleman	5.879375000000001	3.9325	5.7006250000000005
daughter	6.101875	4.615	5.50875
drive	5.410625	4.03625	5.342499999999999
strange	5.201875	4.523124999999999	5.0756250000000005
journey	6.200624999999999	4.248125000000001	5.990625
uncle	5.710625000000001	4.124375000000001	5.397499999999999
species	5.59	4.20875	5.6625
think	6.116875	3.6993749999999994	5.981874999999999
bed	5.905000000000001	3.673125	5.967499999999999
wind	5.890625000000001	4.13125	5.0625
bless	6.3075	4.16	6.044374999999999
destroy	4.7875	4.378125000000001	5.475625
author	5.51375	3.991250000000001	5.6312500000000005
sustain	5.438125	3.97875	5.516250000000001
black	5.7093750000000005	3.9749999999999996	5.33625
event	5.498125	4.34125	5.6675
liberty	5.51875	4.27625	5.264375
negro	4.14625	4.585	4.5649999999999995
little	5.6825	3.6725	5.7775
fortune	6.061875000000001	4.397500000000001	5.56875
touch	5.89625	4.106875	5.593125
kill	4.25125	4.649375	4.960624999999999
feature	5.6800000000000015	3.7225	5.578125
happiness	6.844999999999999	4.579999999999999	6.251875
assume	5.786250000000001	3.7987500000000005	5.913749999999999
notion	5.795625	4.345624999999999	5.766875
purchase	5.889374999999999	4.23125	5.666249999999999
faithful	5.949375000000001	4.503125000000001	5.843750000000001
soldier	5.098125	4.655	5.350625
father	6.567500000000001	4.06625	6.001875
narrow	5.116874999999999	3.4824999999999995	4.98375
great	5.786874999999998	3.814375	5.897499999999999
tear	5.16875	4.69125	4.875
honorable	5.835000000000001	4.57625	6.05375
previous	5.801874999999999	3.654375	5.995
good	5.6525	3.87	5.75625
domestic	6.12625	4.139375	5.855625
glory	6.846875000000001	4.719999999999999	5.914375000000001
lay	5.313125	4.1118749999999995	5.531250000000001
occasion	5.977500000000001	3.835	6.186249999999999
guard	5.163125	4.125	5.494375000000001
whole	5.914999999999999	3.623125	5.67375
mouth	5.383125000000001	3.9018750000000004	5.4275
receive	5.98625	3.950625	5.840625
take	6.036875	3.7775000000000003	5.905624999999999
simple	6.362500000000002	3.644375000000001	5.906875
error	5.2143749999999995	4.093125000000001	5.62875
wisdom	6.213125000000001	4.2368749999999995	5.934999999999999
rock	5.876250000000001	4.109375	5.399375000000001
decide	5.738124999999999	4.3275	5.846874999999999
exclaim	5.717500000000001	4.2675	5.539375000000001
assure	6.009375	3.6131249999999997	5.815625
sign	5.655000000000001	3.7656250000000004	5.678750000000001
preserve	6.313750000000001	3.886875	5.989374999999999
commerce	5.042499999999999	4.1	5.19375
plant	5.793125	3.835625	5.432500000000001
walk	5.369999999999999	3.7199999999999998	5.698124999999999
difference	5.666874999999999	3.755625	5.964374999999999
hang	5.524374999999998	3.71625	5.629375
following	5.902500000000001	3.7500000000000004	5.851875
employ	5.3575	4.31625	5.6625
