deal	5.990625	3.8781250000000003	5.77875
study	6.009375	4.351875	6.144375
afford	5.784375	3.6718750000000004	5.670000000000001
service	5.626875	4.2681249999999995	5.789374999999999
height	5.345625	3.8137499999999998	5.591875
prospect	5.909999999999999	4.353750000000001	5.422499999999999
pleasant	6.955625	4.421250000000001	6.113124999999999
shade	5.76	3.9081249999999996	5.284999999999999
listen	6.0575	3.69875	5.969375
mighty	5.4506250000000005	4.564374999999999	5.450625
country	5.2375	3.823125	5.355624999999999
title	5.639375	3.96125	5.848750000000001
choose	5.688750000000001	3.6362499999999995	5.928750000000001
village	5.7718750000000005	3.756875	5.410625
acquire	5.8625	3.8575000000000004	6.247500000000001
rank	5.560000000000001	4.265000000000001	5.9125000000000005
bow	5.5618750000000015	3.8243750000000007	5.62875
doctor	4.804375	4.044375	5.04375
talent	6.406874999999999	4.360625	5.990625
source	5.650624999999999	3.680625	5.724374999999999
lead	5.815624999999999	3.9625000000000004	5.868125
question	5.753125000000001	4.09625	5.92125
publish	5.666875	3.6331249999999997	5.889999999999999
interest	5.969999999999999	4.181875	6.348749999999998
serve	5.8168750000000005	3.54375	5.8512499999999985
divine	6.013125000000001	4.244374999999999	5.43
put	5.791875	3.753125	5.90875
shadow	5.626875	4.0043750000000005	4.989999999999999
practical	5.444999999999999	3.998125	5.555624999999999
surface	5.161249999999999	3.463125	5.213125
account	5.811875	3.6975000000000007	6.09875
loss	4.041875	4.550000000000001	4.49125
indian	5.601875000000001	4.211250000000001	5.19625
vine	5.659374999999999	3.59125	5.487499999999999
certain	5.8100000000000005	3.7506250000000003	6.072500000000001
sin	5.68375	4.50375	5.4475
necessity	5.264374999999999	3.9706250000000005	5.425625
lose	5.755	3.7299999999999995	5.538125
private	5.358124999999999	3.970625	5.696250000000001
gentleman	5.839375	3.834375	5.658125000000001
daughter	5.764375000000001	4.786874999999999	5.168749999999999
drive	5.604374999999999	3.98875	5.351875
strange	5.383750000000001	4.231874999999999	5.1987499999999995
journey	6.175625	4.190625000000001	6.0581249999999995
uncle	5.996250000000001	4.086875	5.5225
species	5.546875	4.026875	5.611249999999999
think	6.107499999999999	3.7362499999999996	5.976875
bed	5.789375000000001	3.619375	5.513124999999999
wind	6.035625	4.325	5.12
bless	6.525625	4.441875	6.110625
destroy	5.050624999999999	4.639375	5.437499999999999
author	5.755625000000001	3.8856249999999997	5.8306249999999995
sustain	5.233750000000001	3.7725	5.392500000000001
black	5.764375	4.21125	5.405625000000001
event	5.45625	4.126250000000001	5.779375000000001
liberty	5.718750000000001	4.074375	5.520625
negro	4.323125	4.269375	4.630624999999999
little	5.947500000000001	3.713125	5.804375
fortune	6.508750000000001	4.516875000000001	5.8706249999999995
touch	6.346875	4.266874999999999	5.6975
kill	3.718125	5.044375	4.383125
feature	5.7043750000000015	3.623125	5.468125000000001
happiness	6.55875	4.63875	6.030625000000001
assume	5.508750000000001	3.8362500000000006	5.846875
notion	5.66375	4.1975	5.90625
purchase	5.9575000000000005	4.26375	5.8581249999999985
faithful	6.0337499999999995	4.530625000000001	5.482500000000001
soldier	4.6225	4.96625	5.19375
father	6.245	4.33625	5.586874999999999
narrow	5.195625	3.5124999999999997	5.074375000000001
great	5.624375	3.8187500000000005	5.8275
tear	5.001875	4.7575	4.963125
honorable	5.82	4.5249999999999995	6.0531250000000005
previous	5.27	3.8993750000000005	5.770625
good	5.864999999999999	3.7381249999999993	5.771249999999999
domestic	5.765624999999999	3.9950000000000006	5.758124999999999
glory	6.904375000000001	4.783125	6.006250000000001
lay	5.703125	4.068125	5.600625
occasion	5.816875000000001	3.8087500000000003	6.1875
guard	5.077500000000001	4.0475	5.386875
whole	5.746875	3.580625	5.574375
mouth	5.385624999999999	3.908125	5.34
receive	5.871875000000001	3.9637499999999997	5.835
take	5.951875	3.7950000000000004	5.818125
simple	6.4975000000000005	3.681250000000001	6.0125
error	5.467499999999999	3.9131250000000004	5.78125
wisdom	6.449375000000001	4.243125	5.867499999999999
rock	5.766875	3.9468749999999995	5.4799999999999995
decide	5.640000000000001	4.0975	5.93
exclaim	5.615000000000001	4.095	5.652499999999999
assure	6.2231250000000005	3.6774999999999993	6.119375
sign	5.763125	3.7512499999999998	5.791875
preserve	6.130624999999999	3.7975	5.80375
commerce	5.140625000000001	3.862499999999999	5.376250000000001
plant	5.475624999999999	3.7624999999999997	5.438125
walk	5.7075	3.75	5.628125
difference	5.413124999999999	3.72875	5.9849999999999985
hang	5.3999999999999995	3.874375	5.4868749999999995
following	5.8999999999999995	3.6968750000000012	5.789375000000001
employ	5.470624999999999	4.15125	5.516875000000001
