deal	6.321874999999999	3.7206250000000005	6.122499999999999
study	5.730625000000001	4.343124999999999	6.09875
afford	5.789375000000001	3.968125	5.87875
service	5.34375	4.08375	5.7625
height	5.47875	3.8662500000000004	5.705000000000001
prospect	6.309375000000001	4.5443750000000005	5.6175
pleasant	6.6850000000000005	4.580625	6.07125
shade	6.073125000000001	3.92	5.565625000000002
listen	5.891875000000001	3.61125	5.936875000000001
mighty	5.9243749999999995	4.721875	5.559999999999999
country	5.558125	3.95875	5.352499999999999
title	5.967499999999999	3.893125	5.773125
choose	5.851874999999999	3.764375	5.939999999999999
village	5.904375	3.6687499999999997	5.61125
acquire	5.815624999999999	4.0025	6.259375000000001
rank	5.588750000000001	4.424375000000001	5.970625
bow	5.601875000000001	4.405625000000001	5.54625
doctor	4.9262500000000005	4.046875	5.197500000000001
talent	6.242499999999999	4.347499999999999	6.149375
source	5.731875	3.824375	5.826874999999999
lead	5.802500000000001	3.9331250000000004	5.81
question	5.92375	4.060625	6.1525
publish	5.461875000000002	3.69	5.74375
interest	5.99625	4.0775	6.279999999999999
serve	5.86375	3.6281250000000003	5.87875
divine	5.990625	4.184999999999999	5.638750000000001
put	5.87125	3.62	5.7425
shadow	5.852500000000001	4.15125	5.3081249999999995
practical	5.809999999999999	4.031875	5.8393749999999995
surface	5.215625	3.6999999999999997	5.069375
account	5.919375	3.783750000000001	6.214375
loss	3.9250000000000003	4.99125	4.630625
indian	5.329375	4.4731250000000005	5.051875
vine	5.324375000000001	3.6624999999999996	5.253749999999999
certain	5.804375000000001	3.8706250000000004	6.083124999999999
sin	5.6343749999999995	4.38625	5.554374999999999
necessity	5.351875000000001	4.163749999999999	5.403125
lose	6.1137500000000005	3.84125	5.766875000000001
private	5.450624999999999	3.9918750000000007	5.617500000000001
gentleman	6.257500000000002	3.728125	5.92
daughter	6.73625	4.660625000000001	5.494375
drive	5.8875	3.9406250000000003	5.449999999999999
strange	5.548125000000001	4.101875	5.323125
journey	6.018750000000001	4.014375	5.923749999999999
uncle	6.090625000000001	4.01625	5.607500000000001
species	5.761250000000001	3.985625	5.75625
think	6.23875	3.7456249999999995	6.079374999999999
bed	5.670000000000001	3.639375	5.441874999999999
wind	6.043125000000001	4.050000000000001	5.15625
bless	6.291250000000001	4.465624999999999	5.79125
destroy	5.00875	4.717500000000001	5.2456249999999995
author	5.8225	3.9050000000000007	5.941875
sustain	5.2231250000000005	3.958125	5.30625
black	5.775625000000001	4.1525	5.520625000000001
event	5.60375	4.2725	5.813125
liberty	5.963750000000001	4.158125	5.6525
negro	4.550000000000001	4.2456249999999995	4.880624999999999
little	6.1418750000000015	3.5868749999999996	5.912499999999999
fortune	6.5024999999999995	4.335624999999999	5.811875
touch	6.08	4.379375	5.569999999999999
kill	3.9331250000000004	5.025625	4.61875
feature	5.870625	3.975	5.89
happiness	6.52875	4.647499999999999	5.8862499999999995
assume	5.86875	3.823125	6.022499999999999
notion	5.838125	4.52	5.915000000000001
purchase	5.964374999999999	4.33125	5.5975
faithful	6.491874999999999	4.5481250000000015	5.899375000000001
soldier	4.676874999999999	5.173749999999999	5.12625
father	6.319375000000001	4.34375	5.43
narrow	5.473749999999999	3.6043749999999997	5.1975
great	5.99125	3.9037500000000005	5.875
tear	5.45	4.690625	5.17875
honorable	5.69	4.679374999999999	6.07875
previous	5.2543750000000005	3.945625	5.72125
good	6.325	3.6968749999999995	6.100000000000001
domestic	6.07375	4.245625	5.802499999999999
glory	6.894375	4.839999999999999	5.97625
lay	5.541250000000001	3.786875	5.560000000000001
occasion	5.9262500000000005	3.7231249999999996	6.203750000000001
guard	5.223124999999999	4.092499999999999	5.438750000000001
whole	5.73625	3.524375	5.48125
mouth	5.39875	3.91875	5.4437500000000005
receive	5.640625000000002	4.144375	5.8325000000000005
take	6.093125	3.6756250000000006	5.92125
simple	6.305625000000001	3.5325	5.96125
error	5.1975	4.150625	5.630625
wisdom	6.144375	4.421250000000001	5.766249999999999
rock	5.6274999999999995	3.9875000000000003	5.239375000000001
decide	5.604999999999999	4.126875	5.826875
exclaim	5.835625	4.359375	5.60875
assure	6.311249999999999	3.584375	6.043749999999999
sign	5.6587499999999995	3.821875	5.583749999999999
preserve	6.161250000000001	3.8875	5.899374999999999
commerce	5.466875	4.078749999999999	5.56875
plant	5.625624999999999	3.8299999999999996	5.455000000000002
walk	5.82125	3.7606249999999997	5.701875
difference	5.7212499999999995	3.85625	6.228124999999999
hang	5.4875	3.861875	5.5775
following	5.905625	3.622500000000001	5.83875
employ	5.156875000000001	4.188124999999999	5.420000000000001
