deal	6.036874999999999	3.7706250000000003	5.961875
study	5.855625000000001	4.206874999999999	6.070625
afford	5.563125	3.77125	5.90875
service	5.544999999999999	4.164375	5.773749999999999
height	5.394375000000001	3.705625	5.628125000000001
prospect	6.135000000000002	4.4575	5.7425
pleasant	6.664375000000001	4.445	6.034375
shade	6.124375	4.022499999999999	5.49625
listen	5.749375	3.789375	5.819375
mighty	5.31625	4.629375	5.270625
country	5.283125	4.1625	5.31
title	5.413125	4.108124999999999	5.8025
choose	5.79125	3.7199999999999998	5.914999999999999
village	6.029375	3.8131249999999994	5.680625
acquire	5.678125	3.855	5.920625000000001
rank	5.614375	4.390625	5.8175
bow	5.561875000000001	3.8056249999999996	5.595
doctor	5.2225	3.808124999999999	5.379375
talent	6.358125	4.340624999999999	6.051874999999999
source	5.526875	3.744999999999999	5.806875
lead	5.745	4.0043750000000005	5.7631250000000005
question	5.74	4.12375	5.909375
publish	5.323125000000001	3.7249999999999996	5.867500000000001
interest	5.88625	4.048125	6.06
serve	5.644375	3.6393750000000002	5.915625
divine	6.025625	4.310625	5.74625
put	5.584375	3.713125	5.7775
shadow	5.92125	4.13875	5.178124999999999
practical	5.588125	4.059375	5.614375
surface	5.421875	3.626875	5.29
account	5.67125	3.6350000000000002	6.050000000000001
loss	4.284375	4.4525	4.810625
indian	5.36625	4.072500000000001	5.070625000000001
vine	5.562499999999999	3.5593749999999997	5.4350000000000005
certain	5.594375	3.8862500000000004	6.158125
sin	5.29	4.403125	5.266249999999999
necessity	5.324375	4.016875	5.2924999999999995
lose	5.805000000000001	3.89	5.643125
private	5.44625	4.04375	5.820625000000001
gentleman	5.8225	3.8718749999999993	5.661875
daughter	6.315	4.682500000000001	5.338750000000001
drive	5.448125	3.97125	5.2924999999999995
strange	5.930624999999999	4.063749999999999	5.661250000000001
journey	5.916250000000002	4.20125	5.5581249999999995
uncle	6.04875	3.8950000000000005	5.604375000000001
species	5.7625	3.965625	5.797499999999999
think	5.98375	3.7143749999999995	5.979374999999999
bed	5.745	3.6662500000000002	5.31875
wind	6.2175	3.89625	5.351875000000001
bless	6.37125	4.20875	5.8825
destroy	4.857500000000001	4.665	5.408125
author	5.496874999999999	4.027500000000001	5.756875
sustain	5.260000000000001	3.93125	5.346875000000001
black	5.672500000000001	3.738125	5.4925
event	5.329375	4.16375	5.634375
liberty	5.801250000000001	4.144375	5.59375
negro	4.40875	4.32125	4.7924999999999995
little	5.784375000000001	3.73625	5.79125
fortune	6.078749999999999	4.3725	5.595625
touch	5.805625000000001	4.19375	5.742499999999999
kill	4.253125000000001	4.920624999999999	4.784375
feature	5.644375000000001	3.6631249999999995	5.583125
happiness	6.931875	4.758125	6.179999999999999
assume	5.750000000000001	3.9050000000000007	5.975625000000001
notion	5.779999999999999	4.140625	5.68375
purchase	5.828125000000001	4.346875000000001	5.571874999999999
faithful	6.071875	4.4193750000000005	6.003125
soldier	4.948125	4.740625	5.32125
father	6.077500000000001	4.253749999999999	5.4243749999999995
narrow	5.057499999999999	3.586875	5.135
great	5.66	3.8175000000000003	5.887500000000001
tear	5.283125	4.6725	5.04375
honorable	6.110625	4.451249999999999	6.3343750000000005
previous	5.376249999999999	4.01375	5.739375
good	5.784375	3.7293749999999997	5.7775
domestic	5.759375	4.117500000000001	5.784375
glory	6.766249999999999	4.669375	5.869375
lay	5.462500000000001	4.04375	5.5756250000000005
occasion	5.9018749999999995	3.66375	6.26625
guard	5.463124999999999	4.0375000000000005	5.734375000000002
whole	5.836874999999999	3.6493749999999996	5.615625
mouth	5.461875000000001	4.065625	5.489375000000001
receive	5.750000000000001	3.9081249999999996	5.763125
take	5.8637500000000005	3.800625	5.8706249999999995
simple	6.205625000000001	3.556875	5.965625
error	4.63125	4.125000000000001	5.353125
wisdom	6.189375	4.199375	5.9125
rock	5.902499999999999	3.9181250000000003	5.5181249999999995
decide	5.941250000000001	4.3125	6.10125
exclaim	6.1450000000000005	4.154999999999999	6.010624999999999
assure	5.969374999999999	3.5237499999999997	6.114375
sign	5.713749999999998	3.7250000000000005	5.72125
preserve	6.09375	3.8449999999999998	5.861875
commerce	5.1537500000000005	4.114999999999999	5.402500000000001
plant	5.989375000000001	3.7856250000000005	5.599374999999999
walk	5.595	3.8312500000000003	5.64
difference	5.3999999999999995	3.6081250000000002	5.914374999999999
hang	5.593749999999999	3.84375	5.637499999999999
following	5.88875	3.6600000000000006	5.819999999999999
employ	5.311875000000001	4.29375	5.56125
