deal	5.73625	3.976875	5.67125
study	5.8187500000000005	4.366874999999999	6.078125000000001
afford	5.965000000000001	3.83	5.938750000000001
service	5.6274999999999995	4.04875	5.6293750000000005
height	5.325	3.638125	5.386875
prospect	6.370000000000001	4.670625	5.765
pleasant	6.554375	4.454375	5.929374999999999
shade	5.798125	3.9243749999999995	5.51625
listen	5.779375	3.71125	5.920625000000001
mighty	5.5756250000000005	4.44	5.386874999999999
country	5.569999999999999	3.899374999999999	5.36375
title	5.856874999999999	4.0375000000000005	5.873125000000001
choose	5.718125	3.655	5.927499999999999
village	5.543125	3.928125	5.529374999999999
acquire	6.0668750000000005	4.061875	6.345000000000001
rank	5.778125000000001	4.25	5.8618749999999995
bow	5.201250000000001	3.8243750000000003	5.3687499999999995
doctor	4.869999999999999	4.16125	5.150625
talent	6.488124999999999	4.484375	6.2925
source	5.680000000000001	3.70375	5.976874999999999
lead	5.6381250000000005	4.0843750000000005	5.716875
question	5.7525	3.935625	5.775625000000001
publish	5.3125	3.678125	5.7875000000000005
interest	5.775625000000001	4.0843750000000005	5.9975000000000005
serve	5.7506249999999985	3.5312500000000004	5.7775
divine	5.901250000000001	4.224374999999999	5.36625
put	5.57	3.644375	5.8881250000000005
shadow	5.708749999999999	4.1031249999999995	5.222499999999999
practical	5.5	3.910625	5.588125
surface	5.11375	3.476875	5.011874999999999
account	6.0275	3.7362500000000005	5.837499999999999
loss	4.366875	4.4506250000000005	4.855625
indian	5.515	4.202500000000001	5.182499999999999
vine	5.615624999999999	3.7118750000000005	5.3125
certain	5.777499999999999	3.78875	5.748749999999999
sin	4.51375	4.699375000000001	4.656874999999999
necessity	5.25875	3.995625	5.331249999999999
lose	6.0756250000000005	3.893125	5.88875
private	5.465624999999999	3.8425000000000002	5.4
gentleman	5.740625	3.8987499999999997	5.678125
daughter	6.0218750000000005	4.64875	5.311875
drive	5.132500000000001	4.265625	5.248749999999999
strange	5.733125	4.258125	5.4593750000000005
journey	6.048125000000001	4.078125	5.8306249999999995
uncle	5.87	4.08	5.365625
species	5.44	4.06875	5.64
think	6.073125	3.7393749999999994	6.06625
bed	5.4731250000000005	3.55	5.410625
wind	5.7124999999999995	4.1850000000000005	5.131875
bless	6.3	4.35	5.952500000000001
destroy	4.96125	4.451250000000001	5.473124999999999
author	5.741874999999999	3.889375	5.7525
sustain	5.321249999999999	3.9837499999999997	5.350625000000001
black	5.485000000000001	4.063124999999999	5.405625
event	5.4225	4.074375	5.560624999999999
liberty	6.036875000000002	4.4174999999999995	5.786875000000001
negro	4.126875	4.4075	4.68
little	5.651249999999999	3.7562499999999996	5.694999999999999
fortune	6.26	4.47375	5.756875
touch	5.874374999999999	4.1899999999999995	5.685625
kill	4.450625	4.686875	4.763750000000001
feature	5.595625	3.889375	5.7075
happiness	6.515625	4.4818750000000005	6.075625
assume	5.849375	3.7950000000000004	5.94125
notion	6.0875	4.046875	5.8881250000000005
purchase	5.865625	4.482500000000001	5.525
faithful	6.026875	4.5962499999999995	5.706875
soldier	4.66375	4.673125	5.11875
father	6.050000000000001	4.161875	5.43125
narrow	5.368125	3.71	4.831875
great	5.7056249999999995	3.864375	5.839375
tear	4.41	4.944999999999999	4.410000000000001
honorable	5.738125000000001	4.463749999999999	5.800625000000001
previous	5.518749999999999	3.9125	5.791875
good	5.85	3.7712499999999993	5.9025
domestic	6.190000000000001	3.8425000000000007	5.8900000000000015
glory	7.0225	4.737499999999999	5.970625000000002
lay	5.408125000000001	3.9243749999999995	5.418749999999999
occasion	5.87	3.8631249999999997	6.039374999999999
guard	4.825625	4.173125	5.248749999999999
whole	5.861875	3.5631250000000003	5.753125000000001
mouth	5.5200000000000005	4.00875	5.425000000000001
receive	5.978125	3.9987499999999994	5.944375
take	5.991875	3.8056250000000005	5.891874999999999
simple	6.1400000000000015	3.7287500000000007	6.005
error	4.864999999999999	4.141875	5.382499999999999
wisdom	6.11625	4.305625	5.954999999999999
rock	5.97	3.8743750000000006	5.4750000000000005
decide	5.641875000000001	4.1625000000000005	5.681875
exclaim	5.7681249999999995	4.3100000000000005	5.67125
assure	5.92125	3.5956249999999996	5.77
sign	5.816875	3.730625	5.72375
preserve	6.080625	3.8118749999999997	5.959375
commerce	5.143125	3.9387499999999993	5.235625
plant	5.788124999999999	3.8200000000000003	5.529375
walk	5.571249999999999	3.7893749999999997	5.7524999999999995
difference	5.52625	3.7331250000000002	5.903749999999998
hang	5.639374999999999	3.821249999999999	5.6812499999999995
following	5.994375000000001	3.7531250000000003	5.790625
employ	5.392499999999999	4.3706249999999995	5.598750000000001
