deal	6.05875	3.875625	5.7925
study	6.021875000000001	4.470624999999999	6.09
afford	5.755000000000001	3.794375	5.651875
service	5.6075	4.1725	5.716249999999999
height	5.405	3.94875	5.5512500000000005
prospect	6.139375000000001	4.5874999999999995	5.6625
pleasant	6.8393749999999995	4.3637500000000005	6.180624999999999
shade	6.111875	3.964374999999999	5.630625000000001
listen	5.7225	3.6793750000000003	5.820625000000001
mighty	5.7725	4.4525	5.554374999999999
country	5.47375	3.7093749999999996	5.371249999999999
title	5.749374999999999	3.92375	5.831875
choose	5.849375000000001	3.5450000000000004	6.01
village	5.829375000000001	3.6987499999999995	5.5756250000000005
acquire	6.004375	4.088125	6.257500000000001
rank	5.636875000000001	4.333125000000001	5.9487499999999995
bow	5.6693750000000005	4.0375000000000005	5.67375
doctor	5.12375	4.21125	5.371250000000001
talent	6.396249999999999	4.35375	6.169999999999999
source	5.644999999999999	3.79875	5.9781249999999995
lead	5.687500000000001	4.003125	5.66
question	5.526250000000001	4.056875	5.678749999999999
publish	5.557500000000001	3.69125	5.891875
interest	5.886875	4.171875	6.246249999999999
serve	5.730000000000001	3.723125	5.873125
divine	6.013124999999999	4.289375	5.689375
put	5.581874999999999	3.826875	5.842499999999999
shadow	5.936875	4.043125000000001	5.305
practical	5.405625	3.976875	5.5975
surface	5.118125000000001	3.6149999999999998	5.004375
account	5.743125	3.6175000000000006	5.933125
loss	4.223125	4.43875	4.755625
indian	5.21625	4.299375	4.98375
vine	5.482499999999999	3.6868750000000006	5.41375
certain	5.719375	3.654375000000001	6.021875
sin	4.61625	4.778125	4.919375
necessity	5.2387500000000005	4.226875000000001	5.41125
lose	5.789375	3.9375	5.618125
private	5.484375	4.035	5.638125
gentleman	6.036875	3.8168749999999996	5.6850000000000005
daughter	6.233125	4.708124999999999	5.395625
drive	5.59	4.006875	5.350625
strange	5.453125	4.329374999999999	5.326875
journey	6.051875000000001	4.264999999999999	5.865
uncle	5.796250000000001	3.991250000000001	5.53
species	5.527500000000001	4.083125	5.55125
think	6.058750000000001	3.7868749999999998	6.003749999999999
bed	5.515000000000001	3.49625	5.346874999999999
wind	6.184375000000001	3.9974999999999996	5.498125000000001
bless	6.286875	4.5874999999999995	5.97625
destroy	4.488125	4.7475	5.043125
author	5.582499999999999	3.9250000000000003	5.884375
sustain	5.238124999999999	4.076249999999999	5.1925
black	5.519375000000001	4.0725	5.337499999999999
event	5.297499999999999	4.296875	5.609375
liberty	5.772500000000001	4.265	5.4037500000000005
negro	4.604375	3.89875	4.76625
little	6.0112499999999995	3.604375	5.880624999999999
fortune	6.045625000000001	4.346875	5.685625
touch	5.995000000000001	4.118124999999999	5.665
kill	4.313124999999999	4.766249999999999	4.985625
feature	5.8012500000000005	3.649375	5.791874999999999
happiness	6.571875	4.6049999999999995	5.99625
assume	5.7825	3.67375	5.943125
notion	5.7787500000000005	4.043125	5.981875
purchase	5.962499999999999	4.249375	5.681875
faithful	6.3375	4.689375000000001	5.770625
soldier	4.361875000000001	4.83125	5.13375
father	6.0875	4.163749999999999	5.608124999999999
narrow	5.23125	3.4431249999999998	5.170625000000001
great	5.945625000000001	3.7875	5.869999999999999
tear	5.30875	4.81375	5.04625
honorable	6.0756250000000005	4.328125	6.1675
previous	5.386875	3.9287500000000004	5.7975
good	5.923749999999999	3.7943749999999996	5.83375
domestic	6.06625	4.180625	5.755
glory	6.925625	4.884999999999999	6.0325
lay	5.463125000000001	4.000625	5.4818750000000005
occasion	5.7825	3.5574999999999997	6.14125
guard	4.99125	4.230625	5.379375
whole	5.8168750000000005	3.43	5.650625
mouth	5.51125	3.6818750000000002	5.474375
receive	5.818125	4.071249999999999	5.621874999999999
take	5.949375000000001	3.8662500000000004	5.891249999999999
simple	6.128125000000002	3.7050000000000005	5.975625000000001
error	4.779999999999999	4.158125	5.343125000000001
wisdom	6.068125000000001	4.348750000000001	5.919375
rock	5.9243749999999995	3.9556250000000004	5.446250000000001
decide	5.619375000000001	4.00875	5.919999999999999
exclaim	6.028750000000001	4.014999999999999	5.979374999999999
assure	5.8462499999999995	3.8181249999999998	5.775
sign	5.6	3.689375	5.697500000000001
preserve	6.08	3.8212500000000005	5.87625
commerce	5.052499999999998	4.069999999999999	5.220624999999999
plant	5.80875	3.6737499999999996	5.4799999999999995
walk	5.741875	3.668125	5.748125
difference	5.4068749999999985	3.6218749999999997	5.863124999999999
hang	5.7225	3.8099999999999996	5.714999999999999
following	5.810624999999999	3.6787500000000004	5.805624999999999
employ	5.32375	4.256875	5.612500000000001
