deal	6.0706250000000015	3.83875	5.893749999999999
study	5.855	4.347499999999999	6.0093749999999995
afford	5.70875	3.76	5.8325000000000005
service	5.4937499999999995	4.0756250000000005	5.683124999999999
height	5.2875000000000005	3.7562499999999996	5.49375
prospect	6.3518750000000015	4.614375	5.70125
pleasant	6.938124999999999	4.47375	6.13
shade	5.70125	3.8675	5.416875000000001
listen	5.531875	3.9062499999999996	5.630000000000001
mighty	5.691250000000001	4.583749999999999	5.494999999999999
country	5.313124999999999	3.71	5.47
title	5.835	3.995	5.811875
choose	5.7943750000000005	3.6531249999999997	5.845625
village	5.8275000000000015	3.63875	5.563749999999999
acquire	5.8393749999999995	3.901875	6.187500000000001
rank	5.651250000000001	4.500000000000001	5.975625
bow	5.5475	3.96875	5.58625
doctor	4.57125	4.119375000000001	4.94875
talent	6.275	4.340625	6.244375
source	5.720000000000001	3.7312499999999997	5.76375
lead	5.66125	3.981875	5.564375000000001
question	5.9262500000000005	4.195625	6.035625
publish	5.2837499999999995	3.7037500000000003	5.756875
interest	6.029375	4.02875	6.262499999999999
serve	5.943750000000001	3.5437499999999997	5.991875
divine	5.914375000000001	4.250624999999999	5.655
put	5.630625	3.651875	5.76125
shadow	5.935624999999999	4.2250000000000005	5.2456249999999995
practical	5.451874999999999	3.905625	5.6775
surface	5.284375	3.5231249999999994	5.120625
account	5.78125	3.6325	6.014374999999999
loss	4.326875	4.51625	4.81125
indian	5.45625	4.366875000000001	5.14
vine	5.7418749999999985	3.618124999999999	5.460000000000001
certain	5.728750000000001	3.8025000000000007	6.166875
sin	5.26375	4.6125	5.289375
necessity	5.403125	4.189375	5.55375
lose	6.005625000000001	3.79875	5.8425
private	5.553125	3.8918750000000006	5.699375
gentleman	6.039375000000001	3.7325	5.698125000000001
daughter	6.916875000000001	4.63	5.720625
drive	5.638749999999999	3.9281249999999996	5.403124999999999
strange	5.806250000000001	4.275624999999999	5.4906250000000005
journey	5.885624999999999	4.140625000000001	5.829374999999999
uncle	5.826875	4.259375	5.398125
species	5.407500000000001	4.11	5.536875
think	6.1325	3.6768749999999994	5.990625
bed	5.710625	3.3949999999999996	5.554374999999999
wind	6.233125	4.029375	5.431875
bless	6.5475	4.343125	6.108124999999999
destroy	5.2162500000000005	4.613125	5.475
author	5.534999999999999	3.9518750000000007	5.931875
sustain	5.33375	3.793125	5.388125000000001
black	5.513750000000001	3.920625	5.31125
event	5.52375	4.318125	5.903125
liberty	5.568125	4.52	5.3412500000000005
negro	4.239375000000001	4.461874999999999	4.658124999999999
little	5.843125000000001	3.8	5.74375
fortune	6.267499999999999	4.466875	5.701875
touch	5.995000000000001	4.302499999999999	5.632499999999999
kill	4.2275	4.840624999999998	4.88125
feature	6.085625000000001	3.9225000000000003	6.069375
happiness	6.868125	4.761874999999999	6.1450000000000005
assume	5.9662500000000005	3.746875	6.086875
notion	5.661875000000001	4.038749999999999	5.92875
purchase	5.927499999999999	4.1325	5.693749999999999
faithful	6.3475	4.70125	5.948125000000001
soldier	4.641249999999999	4.902499999999999	5.1274999999999995
father	6.475625	4.184375	5.791874999999999
narrow	5.061875	3.5275	5.0175
great	5.903749999999999	3.850000000000001	5.975
tear	5.344375	4.505625	5.07625
honorable	5.7856250000000005	4.398750000000001	5.9906250000000005
previous	5.475625	3.985625	5.8475
good	5.991875	3.7356249999999998	5.936875
domestic	6.237500000000001	3.950625	6.135000000000001
glory	6.6850000000000005	4.75875	5.880624999999998
lay	5.483125000000001	4.070625	5.569375000000001
occasion	5.82	3.650625	6.1781250000000005
guard	4.864999999999999	4.115625	5.206875000000001
whole	5.994375000000001	3.5150000000000006	5.749375000000001
mouth	5.76875	3.9106250000000005	5.651875
receive	5.729375000000001	4.0175	5.85625
take	5.861250000000001	3.69875	5.676874999999999
simple	6.293750000000001	3.5749999999999997	6.161249999999999
error	4.725	4.146250000000001	5.438125000000001
wisdom	6.4781249999999995	4.291875	5.965624999999999
rock	5.8975	4.0218750000000005	5.205625
decide	5.706875	4.05375	5.809375
exclaim	5.838749999999999	4.385	5.654999999999999
assure	5.907500000000001	3.4549999999999996	5.784999999999999
sign	5.499374999999999	3.883125	5.618125
preserve	6.11875	3.879375	6.074999999999999
commerce	5.089375	3.9118749999999993	5.375
plant	5.663125	3.8175	5.424375
walk	5.731249999999999	3.7681249999999995	5.660625
difference	5.6606250000000005	3.77125	6.173749999999999
hang	5.583124999999998	3.833125	5.564374999999999
following	5.849374999999998	3.638125000000001	5.8475
employ	5.066249999999999	4.414375	5.549375000000001
