deal	6.238125	3.6750000000000003	6.118125
study	5.89375	4.3862499999999995	6.141874999999999
afford	5.83375	3.9381250000000003	5.765625
service	5.7006250000000005	4.154374999999999	5.775625
height	5.335625	3.8362499999999997	5.586875000000001
prospect	6.151250000000002	4.5375	5.728125
pleasant	6.549375	4.606249999999999	6.0424999999999995
shade	6.111875	4.176875	5.347499999999999
listen	5.835625	3.67375	5.81625
mighty	5.470625	4.688124999999999	5.551875
country	5.563749999999999	3.8693750000000002	5.4624999999999995
title	5.671874999999999	3.823125	5.813124999999999
choose	5.811874999999999	3.6081250000000002	5.9125
village	5.9350000000000005	3.7318749999999996	5.518750000000001
acquire	5.980624999999999	3.96375	6.098125000000001
rank	5.688750000000001	4.31125	5.923125
bow	5.4275	4.310625000000001	5.791875
doctor	4.963749999999999	4.1587499999999995	5.2525
talent	6.640624999999999	4.5024999999999995	6.418125
source	5.750624999999999	3.7087499999999998	5.713125
lead	5.771875	3.92625	5.736875
question	5.8825	4.165000000000001	6.0425
publish	5.425625	3.756875	5.9037500000000005
interest	5.93375	4.225	6.12625
serve	6.0	3.5587500000000003	5.958749999999999
divine	5.965625	4.118124999999999	5.360625
put	5.77375	3.5362500000000003	5.754375
shadow	5.8175	4.0424999999999995	5.102499999999999
practical	5.809999999999999	3.70625	5.7143749999999995
surface	4.956250000000001	3.6950000000000003	5.118124999999999
account	5.96	3.6875000000000004	6.040625
loss	3.7156250000000006	4.685624999999999	4.451875
indian	5.296875	4.14125	4.983125
vine	5.18	3.861875	5.249999999999999
certain	5.85	3.5793750000000006	6.095
sin	5.4193750000000005	4.43375	5.244375
necessity	5.063750000000001	3.994375	5.116874999999999
lose	6.135	3.7824999999999998	5.8256250000000005
private	5.531875	3.8706250000000004	5.595625000000001
gentleman	6.032500000000001	3.8225	5.89125
daughter	6.03625	4.64625	5.31375
drive	5.963125	3.9099999999999997	5.477499999999999
strange	6.068124999999998	4.034999999999999	5.705625
journey	6.233125	4.23875	6.063125
uncle	5.99875	4.0075	5.52125
species	5.57625	4.074999999999999	5.440625000000001
think	6.155625	3.7068749999999997	6.06875
bed	5.49375	3.7375000000000003	5.49375
wind	6.133750000000001	3.989375	5.523125000000001
bless	6.175625000000001	4.302499999999999	5.829375
destroy	4.16375	4.748125	4.844374999999999
author	5.731249999999998	4.166875000000001	5.885625
sustain	5.594374999999999	4.1825	5.603125000000001
black	5.494375000000001	4.029999999999999	5.33125
event	5.534999999999999	4.2575	5.43625
liberty	5.650624999999999	4.32375	5.636875
negro	4.28875	4.454375	4.6625000000000005
little	5.87125	3.6381250000000005	5.820625
fortune	6.318125000000001	4.2775	5.714375
touch	6.28125	4.187499999999999	5.9375
kill	4.046875	5.003125000000001	4.62625
feature	6.017500000000001	3.86	5.89375
happiness	6.379375	4.4868749999999995	5.9418750000000005
assume	5.8412500000000005	3.821875000000001	5.96875
notion	5.745624999999999	4.26125	5.753125000000001
purchase	5.8599999999999985	4.2231250000000005	5.598125
faithful	6.62375	4.589375	5.932500000000001
soldier	4.568124999999999	4.861249999999998	5.139374999999999
father	6.165625	4.265625	5.499375
narrow	5.145625	3.585	4.976875
great	5.784999999999999	3.7006250000000005	5.7318750000000005
tear	5.138125	4.820625	4.886250000000001
honorable	6.235000000000001	4.275625	6.376250000000001
previous	5.670625	3.9293750000000003	5.775
good	6.19125	3.6131249999999993	6.058125
domestic	6.027500000000001	4.013125	6.015000000000001
glory	6.614375000000001	4.705625	5.8912499999999985
lay	5.628125000000001	3.8437500000000004	5.560625
occasion	5.86125	3.6475	6.065
guard	4.926874999999999	4.156875	5.3950000000000005
whole	5.9125	3.7337500000000006	5.584375
mouth	5.623125000000001	3.82	5.536875
receive	5.834999999999999	3.8481249999999996	5.734999999999999
take	6.02	3.69375	5.923749999999999
simple	6.381875000000002	3.686875	5.91
error	5.015	4.118125	5.516249999999999
wisdom	6.448125	4.5668750000000005	6.011874999999999
rock	5.786875	4.259375	5.261874999999999
decide	5.7524999999999995	3.9737500000000003	5.907500000000001
exclaim	5.925000000000001	3.8337500000000007	5.98375
assure	6.086875000000001	3.65125	5.97
sign	5.703125	3.7224999999999997	5.55875
preserve	6.117499999999999	3.7399999999999998	5.78625
commerce	5.340624999999999	3.9831249999999994	5.636249999999999
plant	5.418125	3.75	5.395625
walk	5.651249999999999	3.625	5.658125
difference	5.596875	3.711875	6.009999999999999
hang	5.469374999999999	3.8093749999999997	5.611249999999999
following	5.9300000000000015	3.76125	5.805
employ	5.54625	4.243125000000001	5.846875000000001
