deal	5.531838	5.495157	6.233161
study	6.4692035	4.4969006	6.38373
afford	6.518855	5.019101	6.134721
service	6.367151	4.7425747	6.056658
height	5.1887417	5.3085523	5.5141935
prospect	7.7914085	4.9270053	6.377928
pleasant	7.5281973	4.126122	5.018004
shade	4.0274973	3.7473576	3.1567392
listen	5.479951	5.5114155	4.73698
mighty	6.3905587	5.9088182	7.6176176
country	5.784317	4.0873065	5.7407513
title	7.9460754	4.348019	7.0456104
choose	5.144839	4.45833	4.7463255
village	6.3910174	4.7296896	5.6828947
acquire	7.8296022	5.794925	8.06369
rank	5.6669064	5.2476773	5.714872
bow	6.0053787	4.4141273	4.9074044
doctor	5.324485	4.3054266	5.086988
talent	7.8912945	5.8946276	7.597289
source	6.3959303	5.1119614	5.8874927
lead	4.626467	5.463587	5.065048
question	5.0611567	4.196644	5.1568446
publish	5.5659604	5.00121	5.4219456
interest	6.362823	5.1300573	5.922592
serve	5.110658	4.098709	4.393187
divine	7.4959116	4.600165	7.0725994
put	5.11862	4.6738462	4.212017
shadow	4.1885304	3.473642	3.9491978
practical	5.9987	4.604022	6.35124
surface	4.460232	3.196611	3.8844135
account	5.78596	4.25315	5.4452076
loss	3.8071742	5.378133	3.9428449
indian	5.202115	5.046064	5.5707636
vine	6.7074842	3.6713781	5.8468122
certain	5.41868	5.098399	5.9585304
sin	2.9335992	5.48454	4.398741
necessity	4.67202	5.4388776	5.9141173
lose	4.211093	5.4117303	4.44627
private	4.134936	4.1324105	4.359374
gentleman	6.655173	4.2799163	5.7301273
daughter	5.732937	4.5706553	5.462076
drive	3.1255429	6.830157	4.7981772
strange	4.3931255	5.57763	4.4835677
journey	6.122765	4.079669	4.6581573
uncle	7.308396	3.4843857	5.926483
species	5.6034613	4.988059	4.7602687
think	5.8851204	4.687643	5.1113334
bed	5.294309	3.1042607	3.3226113
wind	4.561024	4.6688423	4.1820207
bless	8.474386	4.1962295	6.206579
destroy	3.4700894	6.6109333	5.1506677
author	5.7708373	4.64977	5.2122197
sustain	5.642092	4.913366	6.060564
black	3.856042	5.293055	4.673875
event	6.729077	5.117746	6.6485825
liberty	7.7785444	5.8803554	7.668665
negro	4.0209017	5.171593	4.50176
little	4.5062404	4.2578087	3.5863147
fortune	6.760043	4.689634	6.0065756
touch	5.50556	4.3606586	4.383179
kill	3.6645727	6.4292574	4.7225304
feature	5.225526	3.9442964	5.240571
happiness	8.396118	4.56286	6.1895437
assume	4.1692033	5.2337523	5.256083
notion	5.7602158	4.602593	5.360608
purchase	7.054211	4.2366214	5.716694
faithful	6.868057	4.12436	6.2291527
soldier	4.832749	5.914163	5.831057
father	6.195464	4.9620466	6.0747833
narrow	3.144224	4.228188	3.636313
great	5.402936	5.87759	6.455311
tear	2.6751606	5.0440063	2.7371926
honorable	5.9220195	5.194904	6.336186
previous	4.575976	4.834057	4.78574
good	7.2042494	4.286971	6.3436413
domestic	4.567529	3.3729465	3.9160638
glory	7.4815373	5.5208516	6.9846916
lay	4.4720087	4.4164724	4.2591295
occasion	5.256478	5.168278	5.070933
guard	4.497297	5.395292	5.981273
whole	5.554687	4.606919	5.6675296
mouth	5.0974307	4.6682043	4.5628653
receive	6.8580084	4.868123	5.4447412
take	4.688864	5.453323	5.3176904
simple	6.650157	4.3741508	5.852756
error	1.8755407	5.6040273	3.7612166
wisdom	6.9177303	4.778961	7.20485
rock	5.0828133	5.2287765	5.515073
decide	4.8354077	5.1574254	5.918307
exclaim	5.7654986	6.4883666	5.866019
assure	7.5033226	5.1577406	6.305212
sign	5.418291	4.062105	4.85307
preserve	5.971288	3.7555661	5.68437
commerce	6.2543707	5.066126	6.9453526
plant	4.803941	4.1968846	4.7530465
walk	6.0663495	4.6923933	4.3025966
difference	4.675883	4.2561884	4.878456
hang	4.2412186	4.402111	4.213259
following	7.5007586	3.6292348	6.0694532
employ	4.769096	4.8824987	5.4225655
