deal	5.3717017	5.4455237	6.128148
study	7.0021377	4.1795487	6.799327
afford	6.961012	4.683119	6.021547
service	6.247838	4.8802114	6.059668
height	5.045689	5.4120197	5.8279285
prospect	7.5505705	5.413848	6.47276
pleasant	7.548877	4.281449	5.06495
shade	4.190135	3.634737	3.1929488
listen	5.3293734	5.603356	4.862765
mighty	6.2238374	5.723145	7.085972
country	5.3019066	4.123108	5.7496605
title	7.3875446	4.333794	6.758748
choose	5.293324	4.3194213	4.9733443
village	6.236	4.663439	5.76253
acquire	7.6141224	5.664105	8.07431
rank	6.0164614	5.598236	6.147972
bow	6.040759	4.3101416	5.0789905
doctor	5.07186	4.1687217	5.4157324
talent	8.112417	5.9253955	7.9738884
source	6.445938	4.44085	5.9562335
lead	4.746311	5.5600686	5.3455925
question	5.385959	4.388693	5.6427402
publish	5.6636324	4.857063	5.609295
interest	6.911549	5.106398	6.2078247
serve	5.0495405	4.044027	4.569541
divine	7.253475	4.7214274	7.022625
put	5.0663915	4.371207	4.149684
shadow	4.3837423	3.199871	3.682656
practical	6.0738306	4.2681427	6.1354012
surface	4.774729	2.9398568	3.9505982
account	5.407382	4.9834633	5.661422
loss	3.3197227	5.192432	3.7276444
indian	4.91723	4.904295	5.3280497
vine	6.916751	4.12544	5.6573033
certain	5.5412474	5.4037027	6.007019
sin	3.0256872	5.134487	4.513297
necessity	4.079224	5.229651	5.480649
lose	4.511855	4.920559	4.68097
private	3.8754854	4.4488497	4.3370533
gentleman	6.6043797	4.318072	5.577144
daughter	5.975594	4.4576187	5.879348
drive	3.212629	6.488958	4.542744
strange	4.3372793	5.82875	4.4783807
journey	6.1471004	4.2581563	4.438019
uncle	6.7574177	3.8484566	5.59414
species	5.2776613	5.4254074	4.926753
think	5.5630665	4.6091022	5.101079
bed	4.7068515	3.1188505	3.4841597
wind	4.694931	4.5834274	4.2902794
bless	8.65254	4.372095	6.540877
destroy	3.316287	6.497004	5.0619006
author	5.860499	4.341239	5.1375265
sustain	5.203987	4.949218	5.783698
black	3.4491873	4.812635	3.966983
event	6.7521696	5.4419026	6.7994013
liberty	7.689941	6.135121	7.747509
negro	3.7299428	5.4031897	4.337017
little	4.4203715	3.6581235	3.4933412
fortune	6.599024	5.2437277	6.2268915
touch	5.683878	4.0396285	4.114904
kill	4.018091	6.333122	4.8793144
feature	5.357836	3.84069	5.33832
happiness	8.500842	4.69573	6.1662397
assume	3.9907997	5.2786074	4.854614
notion	5.6690545	4.455656	5.3088717
purchase	6.526676	4.5855064	5.794058
faithful	6.915742	3.7758417	6.052509
soldier	4.7452445	5.9808664	5.98852
father	5.6014876	4.8590937	5.9685802
narrow	3.2505412	4.2011757	3.9118571
great	5.201984	5.942129	6.168776
tear	3.181172	4.6710415	2.7307472
honorable	6.024232	5.462804	6.3131404
previous	4.38404	4.6018734	4.461238
good	7.0095735	4.3966136	6.4497757
domestic	4.601071	3.3183584	3.658513
glory	7.537867	5.4710035	7.2826653
lay	4.579254	4.1711636	4.3669944
occasion	5.0753775	5.280881	5.0601835
guard	5.367197	5.015559	6.165142
whole	5.4037256	4.58606	5.4325166
mouth	4.937389	4.474901	4.5892153
receive	6.6722918	4.882078	5.508593
take	4.740982	4.7500806	4.977205
simple	6.223757	4.0982046	5.717137
error	2.313147	5.209182	3.9547124
wisdom	7.112775	4.8047347	7.303092
rock	4.8423796	4.851424	5.2918644
decide	5.33945	5.153389	6.096657
exclaim	5.9626164	6.506364	5.7384863
assure	7.7149906	5.2349463	6.519561
sign	5.2610087	3.8226352	4.6700287
preserve	6.1428967	4.0094833	5.7656903
commerce	6.617704	5.000233	6.7177296
plant	5.40528	4.54923	5.216311
walk	5.9813766	4.3184834	4.400964
difference	4.416548	4.6858687	4.836741
hang	4.4417686	4.4057207	4.1800017
following	7.311569	4.0256567	5.708186
employ	4.7329564	5.031337	5.520909
