deal	5.075432	5.5181212	5.749397
study	6.4422336	4.234128	6.1135416
afford	6.3531075	5.070653	6.163111
service	6.379996	4.6640663	6.2005944
height	5.2773747	5.240444	5.763488
prospect	7.1441493	5.2796316	6.45565
pleasant	7.322934	4.1983194	4.8213224
shade	4.5337653	3.6620164	3.3453088
listen	5.1004863	5.5243893	4.7300014
mighty	5.907239	5.5727067	6.9420586
country	5.15973	4.6032653	5.5320807
title	7.594269	4.108216	6.5316386
choose	5.405552	4.263638	4.856086
village	6.351864	4.778005	5.737756
acquire	7.6011167	5.553836	7.5619216
rank	5.795018	5.175368	5.615222
bow	5.8866286	4.3116636	5.0674844
doctor	4.986498	4.1153274	5.0606794
talent	7.8622313	5.934895	7.668069
source	6.3471107	5.126444	6.14057
lead	4.6435046	5.82599	5.2096133
question	4.786072	4.66195	5.311759
publish	5.7463465	5.152209	5.7727757
interest	6.3137245	5.515471	6.280405
serve	5.3849435	3.903326	4.533559
divine	7.6202116	4.196784	7.04329
put	4.7760973	4.9871726	4.4993505
shadow	4.516001	3.306419	3.796259
practical	5.9489355	4.5476155	6.277972
surface	4.7398643	2.8946264	3.7903836
account	5.836446	4.475034	5.522951
loss	3.3078485	5.5864725	3.8788705
indian	5.2644687	4.828364	5.253903
vine	7.17968	3.5348244	5.564675
certain	5.444212	5.144644	5.8285503
sin	2.9595304	5.3694067	4.376049
necessity	4.37638	5.197267	5.5515556
lose	4.1549234	5.263798	4.4155564
private	4.057947	4.2517233	4.662018
gentleman	6.532195	4.2672586	5.664436
daughter	5.91261	4.6745663	5.5581455
drive	2.7964172	6.9944215	4.533004
strange	4.207554	5.6194925	4.248306
journey	6.014777	4.3874373	4.721842
uncle	6.95928	4.5675073	6.8558855
species	5.558628	5.24905	4.8004656
think	5.789749	4.7222395	5.125103
bed	5.0723443	3.131725	3.3573952
wind	4.5539026	4.584847	4.201937
bless	8.640644	4.214057	6.356271
destroy	3.3563304	6.3759894	4.9866986
author	6.0645337	4.533917	5.167019
sustain	5.296578	5.162673	5.9678755
black	3.7315154	4.479868	4.2576823
event	6.5481563	5.7554846	6.989037
liberty	7.8510504	5.9292	8.048577
negro	3.9904716	5.1524916	4.6003046
little	4.7289705	4.12704	3.7188337
fortune	6.4961357	5.107437	6.043518
touch	5.4575777	4.2378883	4.3707833
kill	3.9936426	6.5405183	4.8135915
feature	5.636801	3.8222675	5.320976
happiness	7.994102	4.6911144	6.0566964
assume	4.405658	4.7612805	4.847397
notion	5.91784	4.3240676	5.2843027
purchase	6.676263	4.47817	5.710103
faithful	6.613371	4.3201404	6.28487
soldier	4.3924065	5.826156	5.805463
father	5.64986	5.0533056	5.851253
narrow	2.8297966	4.5978622	3.6761444
great	5.2822714	5.9694963	6.1956453
tear	2.9037814	4.7795634	2.4510324
honorable	5.944725	5.2036624	6.1676965
previous	4.6397433	4.5777845	4.440464
good	7.288002	4.467593	6.349359
domestic	4.9627585	3.8037946	4.448254
glory	7.383816	5.4867077	7.018671
lay	4.9548283	4.1749945	4.093653
occasion	5.1130376	5.2945557	5.264417
guard	4.973904	4.989638	6.1282916
whole	5.165552	4.665118	5.683814
mouth	5.2841234	4.647207	4.750734
receive	6.384287	4.837308	5.396015
take	4.444552	5.202527	4.942415
simple	6.4115534	4.0987344	5.714268
error	2.5708828	5.1686025	3.866747
wisdom	7.1460304	4.5410233	7.1578975
rock	4.950274	5.054309	5.6177835
decide	5.0760937	5.239086	6.022702
exclaim	5.8293743	6.1992803	5.626716
assure	7.6888433	5.198467	6.48573
sign	4.9220076	4.0746913	4.5794587
preserve	6.2281528	3.8428745	5.817519
commerce	6.485519	5.2805247	6.828015
plant	5.048226	3.9933805	4.4835463
walk	6.1130667	4.5128927	4.2371187
difference	4.8183675	4.3163824	4.689577
hang	4.0198393	4.541347	4.1836715
following	7.3500414	3.670005	5.721775
employ	4.7526345	4.7684298	5.3376646
