deal	5.348647	5.6024985	5.705734
study	6.492757	4.241926	6.569761
afford	6.5008144	4.8061438	6.019197
service	6.449178	4.7046995	5.9573874
height	5.7334805	5.3570895	6.0090084
prospect	7.7203856	5.3705134	6.6087837
pleasant	7.8607464	4.0972023	5.1774173
shade	4.2716203	3.7635274	3.3676767
listen	5.254019	5.3965635	4.890455
mighty	6.0450215	5.6710124	6.9312806
country	5.658558	4.373011	5.618312
title	7.5737853	4.178362	6.946189
choose	5.2867327	4.299026	4.920574
village	6.4834204	4.703757	5.707427
acquire	7.885805	5.8861547	8.448808
rank	5.692779	5.206791	5.750547
bow	5.7812886	4.183822	4.7790384
doctor	5.1941147	4.0967665	5.220638
talent	8.259064	6.009655	7.92225
source	6.5672345	4.8716693	5.665963
lead	5.0250115	5.6066556	5.177876
question	5.021375	4.5126934	5.5959916
publish	5.723157	4.781868	5.5762806
interest	7.017439	5.058234	6.1694403
serve	5.0754232	3.6931357	4.5792775
divine	7.5226183	4.4373636	7.095999
put	4.818067	4.64116	4.2317185
shadow	4.1031194	3.3547988	3.734242
practical	6.271915	4.3384495	6.3778496
surface	4.72497	2.8588786	3.791358
account	5.936824	4.7416224	5.724951
loss	3.5186782	5.6809063	3.5383763
indian	5.0947285	5.375062	5.533229
vine	6.8129225	4.255454	5.5032315
certain	5.2387204	5.1689286	5.7352614
sin	3.2858434	5.285612	4.6366625
necessity	4.2481174	5.408083	5.422897
lose	4.5219927	5.1239247	4.5196943
private	4.0459843	4.519616	4.496728
gentleman	6.139967	4.2683825	5.3851933
daughter	5.854618	4.5205445	5.372387
drive	2.9069195	6.7802124	4.4149942
strange	4.4044676	5.3653197	4.318159
journey	6.3679705	4.1465816	4.7469053
uncle	6.934659	4.1626735	5.9180746
species	5.5871124	5.314952	5.1583023
think	5.8625593	4.867277	5.1644926
bed	5.0307918	2.930664	3.2877085
wind	4.8663263	4.666315	4.497573
bless	8.257425	4.309103	6.483847
destroy	3.0054865	6.844874	5.0930505
author	5.7035284	4.432686	5.156925
sustain	5.265376	5.322274	5.981272
black	3.0545044	5.2178755	3.906114
event	6.495713	5.586301	6.836442
liberty	7.8434486	5.8950286	7.2916126
negro	3.6753435	5.199103	4.3212776
little	4.8702354	3.804495	3.4851515
fortune	6.802063	5.433538	6.087078
touch	5.9325056	4.315611	4.539014
kill	3.9464645	6.8176947	5.1091266
feature	5.5798035	3.7718754	5.320618
happiness	8.210643	4.8458805	6.0519953
assume	3.8867745	4.9028325	4.8709536
notion	5.5556965	3.8959146	4.6690416
purchase	7.0307326	4.5746794	6.021894
faithful	6.8549833	4.150239	6.054182
soldier	4.596307	6.0106053	5.6335297
father	5.832328	4.753213	6.1723976
narrow	3.379005	4.3684473	3.6093848
great	5.379013	5.6770716	6.392454
tear	3.0269961	4.9525447	2.7957325
honorable	6.041426	5.412798	6.323729
previous	4.532352	4.6781673	4.777573
good	7.266263	4.6355925	6.911908
domestic	4.837564	3.4786494	3.7125156
glory	7.4483147	5.3946004	7.0581975
lay	4.716601	4.4917345	4.2509317
occasion	5.305671	5.1655545	5.3191714
guard	4.3841624	5.227684	6.0271254
whole	5.2789807	4.725768	5.322195
mouth	5.3191276	4.773759	4.7966986
receive	6.8160934	4.5780234	5.4382377
take	4.573384	4.989417	5.078907
simple	6.4992046	3.9938807	5.551881
error	2.9276295	5.325582	4.2352786
wisdom	7.3654346	4.855448	7.5463705
rock	4.871158	4.8786864	5.1787586
decide	5.485013	5.127275	6.2771263
exclaim	5.75877	6.555421	5.8448086
assure	7.451558	5.13581	6.268153
sign	5.0673347	3.6714878	4.7342114
preserve	5.7418785	3.9861107	5.555109
commerce	6.6375084	5.3423696	7.055826
plant	4.9518833	4.149275	4.7487564
walk	5.9721575	4.403791	4.558465
difference	4.631774	4.4357443	4.5151205
hang	3.9444923	4.398148	3.7755814
following	6.9258866	3.7760773	5.5784655
employ	4.8614244	4.823906	5.4973507
