deal	4.999556	5.2810516	5.70381
study	6.775251	4.297077	6.5680075
afford	6.8168287	4.712456	6.0411415
service	6.520954	4.8530216	6.117594
height	5.365027	5.3835487	5.876919
prospect	7.789123	5.3123193	6.8106546
pleasant	7.6754737	3.985897	5.035761
shade	4.412573	3.675147	3.2459345
listen	5.1275616	5.2646027	4.387973
mighty	6.4424443	5.5877323	7.363518
country	5.4659147	4.387912	6.1877756
title	7.4031124	4.5949736	6.6939363
choose	5.384267	4.4700403	5.091303
village	6.530396	4.835237	5.864442
acquire	7.9499564	5.5839605	7.881219
rank	5.9314585	5.5114813	5.938703
bow	6.096665	4.01462	5.119292
doctor	5.180939	3.981433	5.34501
talent	7.978915	5.826452	7.590364
source	6.821003	4.9370923	6.166074
lead	4.7921767	5.845016	5.237705
question	5.185256	4.4055023	5.640061
publish	5.6146436	4.9381957	5.441649
interest	6.61081	4.793702	5.988372
serve	5.0960274	3.940377	4.474165
divine	7.2212334	4.652157	7.1743574
put	4.7869606	4.7042527	4.3237643
shadow	4.4694586	3.4289968	3.846725
practical	5.910027	4.3951516	6.0861077
surface	5.1021037	2.8377988	4.0856843
account	5.216275	4.696678	5.437867
loss	3.771751	5.202617	3.7123063
indian	4.791341	5.047426	4.8984733
vine	7.0697203	4.1496115	5.9605536
certain	5.0948195	5.361081	5.943913
sin	3.0184028	5.3872976	4.506323
necessity	4.236685	5.17015	5.4821978
lose	4.729557	5.0838485	4.7654223
private	4.2520328	4.274086	4.470695
gentleman	6.316641	4.45441	5.68138
daughter	6.229548	4.8558707	6.0683565
drive	2.9173784	6.8606496	4.5445256
strange	3.9333699	5.4327	4.041125
journey	6.6088915	4.205612	4.8214507
uncle	6.6844964	3.90412	5.9788713
species	5.2880206	5.1452374	4.81773
think	5.8677664	4.5973344	5.059081
bed	5.307088	2.933841	3.386456
wind	4.847126	4.8505607	4.603943
bless	8.441852	4.0790863	6.5391564
destroy	3.2477818	6.6412764	5.1497507
author	5.644185	4.4815416	5.1194034
sustain	5.314828	5.155848	6.0227413
black	3.2568355	5.314123	4.49587
event	6.4415503	5.5938644	6.9284143
liberty	7.734738	5.995249	7.7302947
negro	3.508806	5.4659476	4.4885497
little	3.7711544	4.0456133	2.965158
fortune	6.6282687	5.152775	6.1662893
touch	5.746175	4.13639	4.3756933
kill	3.623729	6.3360085	4.6215825
feature	5.204212	4.003649	5.086008
happiness	8.453716	4.6355195	6.327464
assume	4.167618	5.210716	4.895605
notion	5.8912134	4.117037	5.253804
purchase	6.979653	4.505016	5.721471
faithful	6.8694563	4.172598	6.2995396
soldier	4.7283993	5.891798	5.9013977
father	5.9909105	4.9490275	6.3250694
narrow	3.1078472	4.351596	3.6738086
great	5.322196	5.5771527	6.097197
tear	2.866382	4.7944903	2.5570889
honorable	6.0526085	5.63211	6.3955755
previous	4.389638	4.610074	4.427899
good	6.9720955	4.2587986	6.4100647
domestic	4.3638315	3.3809166	4.193884
glory	7.5821657	5.3748484	7.2320232
lay	4.4432063	4.2555137	4.183878
occasion	5.1046233	5.3990846	5.4792824
guard	5.1338854	4.902741	6.167462
whole	5.325263	4.7178473	5.673418
mouth	4.720538	4.8771696	4.5854654
receive	7.126922	4.9690437	5.945186
take	4.2046204	5.481375	5.047577
simple	6.655449	4.1726847	5.6196465
error	2.091949	5.641731	3.834958
wisdom	7.180944	4.954723	7.3298683
rock	5.502744	4.9115376	5.547336
decide	5.0490575	5.369656	6.217957
exclaim	5.7951393	6.2640886	5.749061
assure	7.7513494	5.1832166	6.532995
sign	5.0761123	4.012688	4.607093
preserve	5.752721	3.8646483	5.7357936
commerce	6.365326	5.297886	7.005348
plant	5.1429443	4.2277737	4.8344603
walk	5.7566247	4.519006	4.238037
difference	4.3115826	4.8223457	4.7631717
hang	4.2967176	4.5288944	4.301333
following	7.13863	3.8971105	5.8579383
employ	4.461047	5.0129447	5.447464
