deal	4.8879113	5.0999193	5.3939304
study	7.023152	4.5339966	6.7454453
afford	6.6525774	4.841025	6.011681
service	6.336669	4.9347553	6.168975
height	5.339534	5.109802	5.792011
prospect	7.5033145	5.1944137	6.559746
pleasant	7.3773756	3.9941888	4.763817
shade	4.58887	3.8945146	3.46165
listen	5.5988727	5.197347	4.7384133
mighty	6.4186788	5.384552	7.1662636
country	5.486693	4.2861614	5.5871935
title	7.769264	4.250747	7.1255193
choose	5.5793514	4.6382036	5.210731
village	6.0811872	4.743896	5.4689326
acquire	7.7079678	5.659967	7.830793
rank	5.8676987	5.2499714	6.061383
bow	5.802433	4.268182	5.0072813
doctor	4.8454466	4.047448	5.0603104
talent	7.8178477	6.0906854	7.6369395
source	5.8356705	4.8805366	5.682058
lead	4.993643	6.03323	5.489968
question	5.761158	4.49175	6.0016356
publish	5.767351	5.063962	5.768668
interest	6.612902	4.984595	5.8864584
serve	5.262437	3.8245769	4.4856234
divine	7.41504	4.354614	6.8550744
put	4.9299555	4.890892	4.5678515
shadow	4.2268	3.523644	3.9589703
practical	6.3149037	4.4061804	6.3181224
surface	4.483675	3.080368	3.7899861
account	5.480077	4.5849314	5.460624
loss	3.1684272	5.4958878	3.745154
indian	4.8482127	5.3666253	5.493857
vine	6.79941	3.5782542	5.3148885
certain	5.2205815	5.366349	5.800548
sin	2.6889157	5.372281	4.345962
necessity	4.034333	5.1003647	5.301087
lose	4.25443	5.444836	4.384094
private	4.1767845	4.52518	4.755098
gentleman	6.544138	4.2438293	5.555204
daughter	5.8417807	4.8391623	5.7172184
drive	2.8220747	6.6418767	4.1756043
strange	4.4563017	5.645149	4.429109
journey	6.0836973	4.256235	4.601432
uncle	6.729212	4.2636585	5.9065466
species	5.414831	5.2469487	4.9260917
think	5.827877	4.689355	5.1206684
bed	4.98457	2.9982798	3.7147593
wind	4.4708676	4.5593953	4.1412416
bless	8.541785	4.1545186	6.115163
destroy	3.1939921	6.7917905	5.0907
author	5.8926144	4.3157635	5.1766863
sustain	5.260116	5.0983562	5.9797144
black	3.8165476	4.809212	3.5584674
event	6.489907	5.718283	6.830941
liberty	7.734513	5.769444	7.3452454
negro	3.7411754	5.35827	3.9844322
little	4.2133894	4.256309	3.398698
fortune	6.7945595	5.134654	6.258315
touch	5.416339	4.156953	4.202137
kill	3.5443707	6.6138396	4.7919745
feature	5.3975077	4.1478605	5.343585
happiness	8.528185	4.9232364	6.4479084
assume	4.115288	4.974038	5.0437155
notion	5.5527883	3.8814604	4.8524413
purchase	6.9246697	4.8926396	5.888669
faithful	6.6262207	4.039457	6.182135
soldier	4.6037254	5.924421	5.846117
father	5.510946	4.806167	5.7888584
narrow	3.0450292	4.6602187	3.8836455
great	5.389335	5.152657	5.97576
tear	3.0216448	5.0024395	2.7044573
honorable	6.051455	5.807287	6.681795
previous	4.378053	4.623179	4.6599355
good	7.071609	4.274479	6.1549683
domestic	4.7834663	3.5731297	3.9603186
glory	7.5405126	5.5168085	7.237338
lay	5.098135	4.125482	4.4542685
occasion	5.1561747	5.119609	5.238643
guard	4.956598	5.056383	6.1116962
whole	5.5464153	4.593314	5.5979047
mouth	5.0475645	4.959407	4.73287
receive	6.5267	4.804983	5.5131664
take	4.868295	5.4306545	5.2562623
simple	6.426243	4.142927	5.83376
error	2.2345133	5.41564	3.8583975
wisdom	7.251112	4.7105465	7.086954
rock	5.0297737	4.8664017	5.334282
decide	5.5661287	5.321189	6.3942246
exclaim	5.4824815	6.3713923	5.2538667
assure	7.7115464	5.1946974	6.3088627
sign	4.954029	4.121588	4.760105
preserve	5.861669	4.0135913	5.6378236
commerce	6.547368	4.90378	6.74024
plant	4.977382	4.3629894	4.9785204
walk	6.047701	4.29665	4.4525523
difference	4.8231916	4.3467245	4.892595
hang	4.429362	4.151865	4.1804132
following	6.723425	3.5244963	5.529948
employ	4.9775386	4.651002	5.1091557
