deal	5.2452664	5.11606	5.9485083
study	6.6503134	4.1585484	6.106471
afford	6.784053	5.1013203	6.009714
service	6.713382	4.695616	6.012843
height	5.2312446	5.2946906	5.5548015
prospect	7.8310385	5.2374845	6.4604263
pleasant	7.2579155	4.1882796	4.891889
shade	4.3891973	3.8106275	3.3929687
listen	5.488509	5.260272	4.981332
mighty	6.213037	5.3816423	7.3211365
country	5.4826	4.030164	5.8618703
title	7.121332	4.40689	6.7516356
choose	5.6493087	4.4968557	5.028204
village	6.4051795	4.7106133	5.915963
acquire	7.6175127	5.9877405	8.1380005
rank	5.8729568	5.0658774	5.8393517
bow	6.049124	3.8992329	4.851693
doctor	4.71055	4.263235	5.018148
talent	7.945264	5.838032	7.6963606
source	6.5886946	4.6587806	5.770008
lead	5.00977	5.6652765	5.2839932
question	5.15381	4.3555603	5.572498
publish	5.740284	4.8717647	5.6772327
interest	7.016074	4.7541494	6.3222246
serve	5.4852705	3.7805498	4.664204
divine	7.2927065	4.5959496	6.9999394
put	5.3646264	4.4269238	4.4356194
shadow	4.2387953	3.356321	3.7007537
practical	6.0819144	4.2013702	6.0836344
surface	4.431195	2.933793	3.847516
account	5.4277387	4.819471	5.694319
loss	3.675969	5.617221	3.8800497
indian	4.8254943	5.0773807	5.4350176
vine	6.5606546	3.6956973	5.3737497
certain	5.268507	5.2436647	5.7536173
sin	3.2048182	5.129682	4.6721754
necessity	4.507529	5.0999384	5.5233955
lose	4.200818	5.3800044	4.417958
private	4.3045745	4.2975645	4.8415833
gentleman	6.4434996	4.5491595	5.5855308
daughter	5.920664	4.3886447	5.3727255
drive	3.043198	6.5932074	4.452912
strange	4.1531143	5.3430843	4.1922936
journey	6.3103495	4.0012836	4.7041826
uncle	7.320913	3.8424344	5.873991
species	5.326173	5.066391	5.0135117
think	6.0433197	4.430523	4.840996
bed	4.868174	2.9972506	3.164273
wind	4.566171	4.6819844	4.2971973
bless	8.086929	4.5175543	6.305978
destroy	3.2453296	6.712205	5.2642198
author	5.928824	4.5708094	5.391169
sustain	5.377585	5.1065807	6.073922
black	3.417253	4.579987	3.7619863
event	6.3361073	5.666709	6.932597
liberty	7.872381	6.2259254	7.8750854
negro	3.7672286	5.230362	4.2603993
little	4.6827	3.9249673	3.7436228
fortune	6.8815565	5.2254734	6.368677
touch	5.434002	4.278774	4.391643
kill	3.6849146	6.5156016	4.8091803
feature	5.693578	3.642081	5.223827
happiness	8.392275	4.7378235	6.014101
assume	3.9828732	4.8729444	4.81052
notion	5.609067	3.9901226	4.992704
purchase	6.992109	4.7193794	6.191206
faithful	6.7141	4.0305448	6.1332664
soldier	4.5329533	6.0834737	5.862365
father	5.7911906	4.9048214	5.8917117
narrow	3.0586958	4.395902	3.7409682
great	5.6104136	5.3591948	6.3624115
tear	3.037515	5.1443725	2.8071165
honorable	5.8651085	5.3986225	6.2217555
previous	4.361173	4.589988	4.61174
good	6.7523212	4.4136367	6.5540204
domestic	4.5010676	3.1658056	3.7755487
glory	7.5688124	5.3810673	7.1851068
lay	4.920606	4.3096905	4.4293265
occasion	5.1103106	5.11973	5.0649734
guard	4.8396773	5.1870623	6.0858
whole	5.5950503	4.284484	5.5841384
mouth	5.029802	4.776588	4.667614
receive	6.699	4.869451	5.4275246
take	5.0449977	5.1862774	5.010891
simple	6.277752	4.0293574	5.385773
error	2.1471455	5.4277687	3.9587076
wisdom	7.008422	4.824404	7.0733385
rock	5.045925	4.993576	5.4063754
decide	5.093349	5.4319773	6.083766
exclaim	5.8703766	6.319805	5.7128353
assure	7.5728054	5.2305293	6.398587
sign	5.083517	3.9496193	4.4186344
preserve	5.7015653	3.8579662	5.6681595
commerce	6.32199	4.8630395	6.97701
plant	4.8848467	4.2333617	5.049383
walk	6.0485067	4.4615765	4.463594
difference	4.5757327	4.505183	4.7685013
hang	4.5126257	4.1674147	4.0819526
following	6.992009	3.6613836	5.746046
employ	4.9014397	4.9758353	5.8341684
