deal	5.4211664	5.051128	6.095293
study	6.8060026	4.630303	6.5034156
afford	6.2619243	4.816415	5.898334
service	6.4289856	4.4624023	6.108828
height	5.377438	5.4716096	5.8510265
prospect	7.510196	5.4745336	6.420658
pleasant	7.3561945	4.0577784	4.800457
shade	4.511973	3.7319508	3.341735
listen	5.096649	5.1799793	4.5084586
mighty	6.3120747	5.543587	7.185835
country	5.5263996	4.8085566	5.632227
title	7.6245704	4.480477	7.065015
choose	5.212479	4.309565	4.736545
village	6.2251153	4.9995136	5.841981
acquire	7.7015266	5.65629	7.725012
rank	5.809389	5.163343	6.04377
bow	6.0596123	4.1284413	5.102211
doctor	4.6499496	4.294993	4.726419
talent	7.6946297	6.0128756	7.624777
source	6.2030635	4.94672	5.8580093
lead	4.624345	5.759378	5.1890297
question	5.394376	4.1953535	5.618995
publish	5.4918394	5.086055	5.651663
interest	6.557142	4.7312694	5.84822
serve	5.3086996	3.920903	4.536219
divine	7.499549	4.355716	7.045299
put	5.0822406	4.233901	4.121259
shadow	4.356218	3.2455032	3.804543
practical	6.0739336	4.316569	6.2724953
surface	4.8163867	2.8958	4.0364156
account	5.413726	4.596472	5.667297
loss	3.2189078	5.0805526	3.6730955
indian	5.2082314	5.0189576	5.491088
vine	7.268695	3.750153	5.620431
certain	5.0231037	5.3330817	5.70986
sin	3.0108929	5.026215	4.5311236
necessity	4.256648	5.1442137	5.427227
lose	4.3483405	5.284159	4.1966314
private	4.228141	4.3783407	4.635946
gentleman	6.4261174	4.202168	5.4535856
daughter	6.1705885	4.766481	5.703743
drive	3.1739805	6.5524907	4.5477495
strange	4.096901	5.9219904	4.2165174
journey	6.115859	4.0356493	4.637316
uncle	6.930969	4.078474	5.487271
species	5.028179	5.284502	4.6862044
think	5.766988	4.725962	4.8892555
bed	5.093313	2.7980866	3.4082384
wind	4.8188324	4.4789324	4.370081
bless	8.617426	4.2713833	6.6967297
destroy	3.2568383	6.535282	5.030154
author	5.8086143	4.5605197	5.3180065
sustain	5.411074	4.9438305	5.8246794
black	3.6167274	4.968254	3.8126335
event	6.3441343	5.809075	6.7292876
liberty	7.782361	5.9332623	7.5348787
negro	4.1143184	5.1088433	4.1404524
little	4.3330717	3.9989128	3.295808
fortune	6.4787397	5.192519	6.15678
touch	5.485675	3.9464881	4.2673573
kill	3.5863116	6.4869847	4.9929585
feature	5.56989	4.0074263	5.2356887
happiness	8.310084	4.880806	6.1802483
assume	4.152931	4.7402663	4.8080363
notion	5.716812	4.0567203	5.037347
purchase	6.6717052	4.4103684	5.6430387
faithful	6.8576746	3.9918106	6.3079624
soldier	4.425373	5.9755883	6.07841
father	6.063518	4.8320656	6.14766
narrow	2.7711983	4.520644	3.4932647
great	5.0701556	5.215446	6.213192
tear	3.0048254	4.8257246	2.7092
honorable	6.3316145	5.254693	6.2782125
previous	4.472097	4.586595	4.6592984
good	6.722823	4.311183	6.427754
domestic	4.995823	3.6407266	4.0352707
glory	7.523615	5.2352586	6.9915514
lay	4.5911427	4.3959312	4.2831345
occasion	5.108046	5.0548444	5.2714353
guard	4.5231223	5.5077605	6.404438
whole	5.4404945	4.4577017	5.473153
mouth	4.8625836	4.8711605	4.5656886
receive	6.8019123	4.8377523	5.5139294
take	4.4866214	5.266369	5.206463
simple	6.5479445	4.3953853	5.6526566
error	2.4681232	5.38034	4.117157
wisdom	6.8997808	4.656358	7.091978
rock	5.1339264	4.8044214	5.3229294
decide	5.236321	5.2525616	6.0786858
exclaim	6.1065574	6.212018	6.0282927
assure	7.439487	5.0364714	6.2214303
sign	5.007089	3.9744706	4.567159
preserve	5.9374003	3.99618	5.673144
commerce	6.5300837	5.238272	6.8793545
plant	5.0407815	4.256547	4.728249
walk	5.948107	4.2191916	4.3026266
difference	5.1207376	4.5185566	5.228837
hang	4.13443	4.514079	4.070428
following	7.1518736	3.7007	5.913187
employ	5.001238	4.8590474	5.3729334
