deal	5.0178223	5.4122467	5.6847944
study	7.0072975	4.4548273	6.697895
afford	6.607001	4.703337	5.804883
service	6.8262024	4.6495185	6.354504
height	5.3891287	5.2351165	5.919663
prospect	7.5711117	5.5840116	6.7529826
pleasant	7.6741867	4.111345	5.1166453
shade	4.6235523	3.6634135	3.4515285
listen	5.171372	5.3283577	4.648288
mighty	6.380544	5.4985437	6.9696813
country	5.570456	4.1553144	5.606487
title	7.2176647	4.2469907	6.64297
choose	5.694417	4.1048174	4.807606
village	6.223838	4.8228035	5.731146
acquire	7.8070393	5.7099032	7.921874
rank	5.764509	5.1112456	5.739787
bow	6.0301003	3.9954662	4.771015
doctor	4.7789826	4.402383	4.909108
talent	8.056381	5.768628	7.7033596
source	6.5542307	4.546816	5.780942
lead	5.302307	5.844929	5.5626364
question	4.428888	4.207388	5.155945
publish	5.485098	4.8542128	5.1925187
interest	6.3800154	5.2146473	6.138466
serve	5.5834465	3.8816538	4.939287
divine	7.320679	4.4718704	6.7906227
put	5.069833	4.414631	4.232978
shadow	4.430944	3.4359818	4.051401
practical	6.129573	4.4996395	6.2478595
surface	4.7631826	3.0889778	3.9293513
account	5.3262734	4.7997165	5.621891
loss	3.2002225	5.747465	3.7381952
indian	4.455913	5.0977287	4.9658804
vine	6.863447	3.6767116	5.5458293
certain	4.9603004	5.1399784	5.6038733
sin	2.982604	4.9519835	4.2646976
necessity	4.3682494	5.315707	5.514953
lose	4.1825886	5.4804306	4.5656567
private	4.1660943	4.4856305	4.790598
gentleman	6.7267203	4.557206	5.63297
daughter	5.857065	4.5065455	5.654586
drive	3.6039863	6.833338	4.726709
strange	4.20849	5.3403196	4.2037354
journey	6.2921	4.106101	4.6372137
uncle	6.028185	4.01563	5.444053
species	5.318967	5.0976686	4.954932
think	6.1152077	4.825054	5.2055173
bed	4.7208676	3.4049003	3.5581791
wind	4.8814373	4.947731	4.284578
bless	8.466379	4.2140946	6.4211473
destroy	3.1531062	6.7178984	5.168382
author	5.9943266	4.49864	5.298115
sustain	5.391067	5.0443754	5.9632173
black	3.6764536	5.15711	3.9897013
event	6.0923	5.63536	6.446989
liberty	7.338559	5.888788	7.286975
negro	3.764523	5.4946775	4.2694335
little	4.124531	3.6325207	2.6922836
fortune	6.4887195	5.014719	6.1491795
touch	5.523256	4.450418	4.4471936
kill	3.8971248	6.37609	4.8535814
feature	5.708526	3.822095	5.5133505
happiness	8.31329	4.6466904	6.2422915
assume	4.066121	4.9742937	5.0893846
notion	5.478967	4.189338	5.0394063
purchase	6.647916	4.500151	5.8346786
faithful	6.8189735	3.888587	6.090317
soldier	4.5108824	6.1145563	5.7416315
father	5.5911503	4.7313075	5.9629436
narrow	3.2447758	4.3761997	3.7178907
great	5.0414677	5.610871	5.8893056
tear	3.3995135	5.0162706	3.1773586
honorable	6.5507593	5.3142633	6.3582826
previous	4.4643774	4.5617743	4.7576795
good	7.049401	4.598757	6.3038383
domestic	4.7120833	3.476546	4.193632
glory	7.302799	5.3362694	6.692025
lay	4.492457	4.48461	4.316074
occasion	5.0222244	5.362385	5.3470445
guard	4.6190186	5.077716	5.840013
whole	5.464149	4.942402	5.878462
mouth	5.071074	4.8389015	4.6395216
receive	6.636201	4.910413	5.306694
take	4.781376	5.201399	5.1085687
simple	6.610592	4.181081	5.895037
error	2.4718747	5.3299336	3.9088569
wisdom	7.2282896	4.778992	7.0521555
rock	4.8656216	4.870778	5.3742814
decide	5.0877366	5.2896757	6.0183754
exclaim	5.8303742	6.1477485	5.5604496
assure	7.5872183	5.2589035	6.381374
sign	4.776106	4.178068	4.3545775
preserve	5.98067	3.6130183	5.344339
commerce	6.2621284	4.7908	6.5596685
plant	4.999339	4.087943	4.739584
walk	6.226486	4.520676	4.4780884
difference	4.63515	4.3236375	5.070398
hang	4.5916367	4.2581773	4.1925707
following	7.258219	3.8330214	6.0958834
employ	4.6922145	4.883901	5.4728684
