deal	4.562209	5.198504	5.702054
study	7.2046213	4.4791336	6.818386
afford	7.0019484	4.594791	6.039827
service	6.605215	4.967282	6.2607765
height	5.207557	4.9154377	5.6460085
prospect	7.7443237	5.327149	6.577009
pleasant	7.327504	4.1257215	4.8491306
shade	4.483542	3.915618	3.4635773
listen	5.2494383	5.3708982	4.6499834
mighty	6.1140347	5.5296373	7.248602
country	5.42399	4.2948833	5.727912
title	7.719576	4.2752213	6.7064013
choose	5.644047	4.3175263	5.1756973
village	6.368581	4.627245	5.6999063
acquire	7.792378	5.7430263	8.3000765
rank	6.170611	5.1897445	5.8834076
bow	5.686083	4.4344487	5.1849613
doctor	5.194889	4.0357895	5.2316055
talent	8.294355	5.7683535	7.9076576
source	6.5476503	4.5910964	5.9128323
lead	4.94523	5.730633	5.362874
question	5.2467904	4.4184775	5.3168597
publish	5.7319655	4.904874	5.6406636
interest	6.975055	4.7577734	5.8937044
serve	5.3001723	3.9543328	4.724895
divine	7.189954	4.6251893	7.0560966
put	4.9119024	4.1959534	4.3172584
shadow	4.339987	3.679521	3.873536
practical	6.0546103	4.477184	6.211772
surface	4.865628	2.712725	4.0129375
account	5.496443	4.7409854	5.7498655
loss	3.7603118	5.072559	3.8573163
indian	4.7373495	5.3134704	5.4828444
vine	6.9307156	3.800309	5.3267374
certain	5.3789887	5.248735	5.840445
sin	3.0294232	5.4441524	4.497064
necessity	4.171364	5.1985316	5.48928
lose	4.099364	5.0244007	4.6378374
private	4.0940795	4.2950172	4.6860623
gentleman	6.222519	4.612357	5.7403917
daughter	6.391898	4.539685	5.927308
drive	2.8793128	6.6626654	4.3521185
strange	4.345512	5.4027877	4.0395455
journey	6.0610943	3.990779	4.5638614
uncle	6.5322704	4.0877028	5.928183
species	5.132841	5.4081707	4.9174314
think	5.670147	4.5925126	4.8456073
bed	5.142791	3.0459676	3.3924825
wind	4.603237	4.875086	4.3795743
bless	8.37973	4.2661343	6.429039
destroy	3.3402412	6.5851307	5.3860044
author	5.6797066	4.374699	5.259906
sustain	5.3034506	4.988387	6.0908785
black	3.7643304	5.112715	4.342793
event	6.5493207	5.770924	6.9629726
liberty	7.707917	6.2214212	7.711836
negro	3.7707863	5.6548333	4.66623
little	4.4351482	4.1576595	3.2801046
fortune	6.6786385	5.1527977	6.5076637
touch	5.5837326	4.251012	4.3664017
kill	3.7084627	6.380879	4.9371433
feature	5.7667823	3.8428586	5.290027
happiness	8.344726	4.7180552	6.3256197
assume	4.15253	5.1520734	5.025358
notion	5.485999	4.2544656	4.9161906
purchase	6.783074	4.536475	6.0440817
faithful	6.699814	4.137377	6.111923
soldier	4.8028426	5.9368167	5.8653307
father	6.031852	4.909716	6.182179
narrow	2.900659	4.1925015	3.645753
great	4.8588796	5.5827703	5.720244
tear	3.3789272	4.9648995	2.7297032
honorable	6.165238	5.6111703	6.398119
previous	4.5286293	4.35984	4.4679723
good	6.9168057	4.161881	6.49161
domestic	4.6937847	3.6491246	4.062962
glory	7.5840263	5.6264706	7.1221647
lay	4.3052406	4.4507637	4.2405124
occasion	5.125536	5.163219	5.1045566
guard	5.0109324	5.0621977	5.9479823
whole	5.4488783	4.46194	5.6027613
mouth	4.988469	4.83583	5.034005
receive	6.531523	4.813283	5.2778416
take	4.7044487	5.017412	4.6440644
simple	6.388682	4.1595716	5.758857
error	2.3697948	5.428574	3.8102422
wisdom	7.1069965	4.7998776	7.3661532
rock	4.8654885	4.7346067	5.2617617
decide	5.526512	5.0413494	6.3032126
exclaim	5.9361734	5.972611	5.4550214
assure	7.726388	5.148841	6.55017
sign	5.084182	4.0191803	4.6684937
preserve	6.1241508	3.878362	5.749717
commerce	6.3847914	5.5306	6.924417
plant	5.364048	4.2675285	5.0580335
walk	5.6808815	4.3663025	4.2089615
difference	4.153321	4.6614227	4.779615
hang	4.428962	4.440632	4.091604
following	6.982834	3.6422544	5.602491
employ	4.977259	4.9608064	5.5968637
