deal	4.778856	5.2633023	5.406146
study	6.7952414	4.273942	6.4488907
afford	6.6176558	4.6009216	5.938161
service	6.645709	4.6378937	6.039253
height	5.2133427	5.478	6.0523534
prospect	7.5864625	5.37353	6.388324
pleasant	7.6445036	4.131295	4.951529
shade	4.5615897	3.4370937	3.1966162
listen	5.3272295	5.392123	4.8813133
mighty	6.2219296	5.2951736	6.9855022
country	5.6423035	4.6057124	6.030369
title	7.127942	4.3103285	6.515196
choose	5.553	4.4111285	5.0804462
village	6.5043616	4.7938886	5.8852687
acquire	7.6014338	5.670678	7.7733436
rank	5.884608	5.303973	5.863857
bow	6.041082	4.261469	4.8899107
doctor	5.1387987	4.158479	5.398904
talent	7.8274336	5.943059	7.8475933
source	6.2664623	4.744974	5.6807466
lead	5.5247374	5.4774942	5.3625317
question	5.086239	4.7858453	5.558489
publish	5.3756666	4.9359827	5.38697
interest	6.400934	5.188459	6.068898
serve	5.194906	3.8371925	4.4722414
divine	7.556882	4.4429736	7.069543
put	5.1103745	5.0099607	4.4368787
shadow	4.31055	3.3886733	3.664119
practical	6.270829	4.224083	6.1159763
surface	4.5855637	2.8521962	3.8767505
account	5.601192	4.5905547	5.452159
loss	3.4671235	5.625095	3.8079395
indian	4.727915	4.9710827	4.985947
vine	6.719369	3.5185113	5.0851846
certain	5.453295	5.13939	5.9615645
sin	2.9803693	5.419503	4.4687533
necessity	4.1625757	5.1879845	5.4391885
lose	4.240927	5.17447	4.5694633
private	4.120089	4.435421	4.298386
gentleman	6.5864086	4.252859	5.5004425
daughter	5.92745	4.3945045	5.5699253
drive	2.9531837	6.740148	4.417993
strange	4.336288	5.5033517	4.294086
journey	6.1901693	4.270605	4.656813
uncle	7.3601227	3.34535	5.79863
species	5.4187613	5.383613	4.884811
think	5.8933635	4.7240357	4.983458
bed	4.9347887	3.430556	3.2022994
wind	4.486854	4.6157265	4.0039105
bless	8.523241	4.1138763	6.3144164
destroy	3.342595	6.468982	5.189184
author	5.7079887	4.590021	5.3630133
sustain	5.679515	5.304973	6.220058
black	4.0179186	4.4898396	4.12638
event	6.50064	5.6138196	6.583698
liberty	7.48952	5.922617	7.6114597
negro	4.260049	5.3677855	4.61326
little	4.602398	3.979022	3.337543
fortune	6.5514045	5.0970807	6.0465155
touch	5.425703	4.303971	4.518398
kill	3.496285	6.5807147	4.793653
feature	5.560256	3.7873151	5.2571907
happiness	8.324497	4.890566	6.147257
assume	4.0788746	5.0998464	5.112525
notion	5.448674	4.448656	4.8803334
purchase	6.976501	4.4090767	5.661736
faithful	6.786602	4.11303	6.242578
soldier	4.86273	5.8408847	5.898764
father	5.6331553	5.0077777	6.054977
narrow	3.4155824	4.2949753	3.8617582
great	5.4877486	5.6555357	6.0581884
tear	2.8746686	4.830083	2.7471013
honorable	6.3915157	5.529434	6.3724513
previous	4.5451517	4.5927706	4.491326
good	7.209003	4.3466315	6.6124287
domestic	5.3193445	3.2898881	4.146758
glory	7.5593843	5.709529	7.0015745
lay	4.701349	4.3267674	4.236489
occasion	5.423587	5.456409	5.3802576
guard	4.982382	5.3358793	6.4680624
whole	5.522061	4.486828	5.6991243
mouth	5.13766	4.587133	4.825533
receive	6.389365	4.702165	5.311707
take	4.8786535	5.648156	5.5951896
simple	6.39448	4.1248655	5.672759
error	2.4197006	5.5892406	4.099451
wisdom	7.235793	4.63217	7.1659126
rock	4.8833976	4.949399	5.267129
decide	5.241106	5.175867	6.1753345
exclaim	5.993737	6.301235	5.817968
assure	7.705909	5.0096045	6.2150283
sign	4.854694	3.9766583	4.7462726
preserve	5.897831	3.6997497	5.5037827
commerce	6.3924403	4.923234	6.637967
plant	5.011801	3.9652417	4.706829
walk	6.435154	4.4128556	4.545847
difference	4.6521554	4.346046	4.8410516
hang	4.4653935	4.354126	4.0235944
following	7.0738	3.8565774	5.882503
employ	4.9469094	5.0144744	5.649167
