deal	5.2840557	5.1684117	5.3864946
study	6.776593	4.6582503	6.6207147
afford	6.5341444	5.0202355	6.102966
service	6.6742864	4.912124	6.4176874
height	5.705651	5.251363	5.948661
prospect	7.514842	5.5519195	6.630541
pleasant	7.3986464	3.9453287	4.7026696
shade	4.5242457	3.5726047	3.4666986
listen	5.460146	5.282316	4.9446054
mighty	6.297901	5.5984573	7.2250967
country	5.865553	4.3714476	5.960081
title	7.4854193	4.4393115	6.5849457
choose	5.4722824	4.269476	5.2590914
village	5.9982815	4.931514	5.4845634
acquire	7.910958	5.886014	7.822631
rank	5.8929925	4.9995446	6.037813
bow	5.922487	4.08015	5.097406
doctor	4.863193	4.4459596	5.205826
talent	7.9623647	6.1728516	7.721586
source	6.1762033	4.885848	5.641244
lead	5.0834837	5.672697	5.291888
question	4.8913116	4.216461	5.393824
publish	5.441389	4.7585287	5.1095448
interest	6.5192275	4.9405046	6.349198
serve	5.554077	4.055399	4.9822965
divine	7.3391275	4.5039682	7.1844597
put	4.858594	4.6204853	4.1939535
shadow	4.3257513	3.2742486	3.8986106
practical	6.278973	4.311174	6.109485
surface	4.783702	3.050126	4.0070558
account	5.7212257	4.708538	5.724459
loss	3.4707582	5.359748	3.7436879
indian	5.067857	4.6845098	5.001174
vine	7.429942	3.3788495	5.483856
certain	5.036319	5.297068	5.6689935
sin	2.7846916	5.6619782	4.710587
necessity	4.3056974	5.3026533	5.6125126
lose	4.1379848	5.125536	4.241699
private	4.2239795	4.3479233	4.6948915
gentleman	6.314467	4.628457	5.6620936
daughter	6.0217466	4.5710635	5.445947
drive	3.1683974	6.76573	4.6001544
strange	4.2237573	5.551832	4.1429095
journey	6.491825	4.098871	4.835542
uncle	7.1717033	4.572838	6.1828074
species	5.4566255	5.199807	4.98821
think	5.716192	4.798098	5.1554375
bed	4.835689	3.1908216	3.4024582
wind	4.5520883	4.786963	4.1675596
bless	8.1838255	4.2201686	6.305093
destroy	3.2823534	6.502944	4.901316
author	5.5968494	4.559946	5.1430926
sustain	5.507175	4.788705	5.8323584
black	3.796151	5.4020805	4.6135488
event	6.341846	5.8784676	6.9672174
liberty	7.850605	6.000364	7.6818867
negro	3.6696637	5.748151	4.5404544
little	4.2910075	4.44189	3.4262834
fortune	6.737777	5.240389	6.189963
touch	5.5434484	4.23511	4.2825484
kill	3.825721	6.4925504	4.7180157
feature	5.7157774	3.800889	5.3907404
happiness	8.315886	4.6613526	6.0457296
assume	4.4036326	4.8821983	4.95287
notion	5.3910027	4.47929	4.9954243
purchase	6.916072	4.4405046	5.7564774
faithful	6.88768	3.6286573	6.0739403
soldier	4.408698	5.4993687	5.6190915
father	6.0880127	5.237466	5.9623117
narrow	3.0915813	4.2563562	3.4845831
great	4.763174	5.9957247	6.0220942
tear	3.1840796	4.7137213	2.7924552
honorable	5.966284	5.4194775	6.303118
previous	4.304539	4.5337973	4.2889752
good	7.0682282	4.2211685	6.1878905
domestic	4.836622	3.3883193	4.0191503
glory	7.228483	5.338986	7.0688286
lay	4.655311	4.632884	4.3947563
occasion	4.9593115	5.2228665	5.192942
guard	4.5997205	4.9853573	5.8629284
whole	5.197793	4.891893	5.6501255
mouth	5.1417418	4.741343	4.7087708
receive	6.725196	4.8837657	5.690869
take	4.3731985	5.3922186	4.8047724
simple	6.611571	4.32513	5.9039335
error	2.4057899	5.3873725	3.877776
wisdom	6.925873	4.772223	7.1170306
rock	5.17857	4.9715014	5.6041956
decide	5.022792	5.3177423	5.881727
exclaim	5.9661994	6.303548	5.7468295
assure	7.6345015	5.1431303	6.2909775
sign	5.148235	3.8395495	4.7347255
preserve	5.97622	3.6496603	5.6674495
commerce	6.460975	4.7757387	6.7613764
plant	5.140467	4.002445	4.5566797
walk	6.068302	4.0126166	4.285264
difference	5.0116158	4.7498245	4.93074
hang	4.362309	4.228695	4.0193505
following	7.459684	3.8464699	6.1476107
employ	4.770791	5.0468144	5.571356
