deal	4.6684237	5.463762	5.56951
study	6.416674	4.5773635	6.6212935
afford	6.496826	4.667615	5.790148
service	6.235779	5.048411	6.143234
height	5.084438	5.109576	5.4970675
prospect	7.3522797	5.256986	6.3944917
pleasant	7.4484797	4.103973	4.882709
shade	4.172024	3.7975473	3.1968021
listen	5.5421705	5.2998796	4.7978115
mighty	6.295136	5.5359135	7.026268
country	5.5496993	4.26053	5.711695
title	7.3926277	4.7157593	6.9014745
choose	5.6288533	4.4631267	5.156478
village	6.2616663	5.009357	5.592495
acquire	7.6165276	5.837938	8.286332
rank	5.63877	5.4230385	5.963442
bow	6.0214815	4.3020067	4.9503937
doctor	4.8791947	4.168921	5.057337
talent	8.018246	5.8587294	7.7429886
source	5.747429	4.921525	5.5167875
lead	4.8891506	5.6736856	5.4861403
question	4.8994565	4.3022556	5.1943126
publish	5.7331023	4.891374	5.587416
interest	6.269896	5.005794	5.6823945
serve	5.3603497	3.8417766	4.7472515
divine	7.553222	4.4211707	6.8840427
put	5.100361	4.3087215	4.301186
shadow	3.947586	3.3545918	3.6721635
practical	6.140707	4.536868	6.3753104
surface	4.6119833	3.0844064	4.0393443
account	5.763652	4.6836724	5.478819
loss	3.4882736	5.3632097	3.8006992
indian	4.941104	5.320548	5.31165
vine	7.071439	3.5313053	5.648123
certain	5.2799754	5.394224	6.0410433
sin	2.6660638	5.0594583	4.4243393
necessity	4.2172003	5.076576	5.3608985
lose	4.5046945	5.234182	4.5916405
private	4.139066	4.5900297	4.7382646
gentleman	6.326126	4.636095	5.711713
daughter	6.032307	4.593139	5.7277555
drive	3.229126	6.5491667	4.3604994
strange	4.384936	5.3714294	4.323906
journey	6.322226	4.209853	4.882182
uncle	6.5980473	3.954021	6.1503124
species	5.5279818	5.076142	5.061135
think	5.6343727	4.829464	5.040566
bed	5.0910273	3.0201662	3.201704
wind	4.8385396	5.3802123	4.6529465
bless	8.513536	4.223122	6.420624
destroy	3.2378292	6.537504	5.1578083
author	6.051819	4.3861747	5.164373
sustain	5.397888	5.0863714	6.0865483
black	3.8441825	4.9337516	4.0354347
event	6.474015	5.6474648	6.6102195
liberty	7.5149665	5.9145045	7.328272
negro	3.937945	5.1891046	4.199221
little	4.410594	3.9961853	3.2595243
fortune	6.424016	5.0176187	6.1551056
touch	5.795864	4.3109417	4.4283447
kill	3.8906693	6.3836727	4.667902
feature	5.301007	3.8007197	5.164665
happiness	8.513544	5.0486674	6.0926886
assume	3.7580452	4.892238	4.7719274
notion	5.3556533	4.362671	4.9100733
purchase	6.825203	4.5970316	5.7963834
faithful	6.884797	3.8142416	5.99578
soldier	4.570874	6.0154366	5.975935
father	5.747548	4.772941	5.8300877
narrow	2.8763595	4.322305	3.7312503
great	5.1253433	5.702347	5.817045
tear	3.1758566	4.715663	2.3404884
honorable	6.367239	5.3680086	6.581872
previous	4.326357	4.582793	4.407587
good	6.7869987	4.3731413	6.430517
domestic	4.7379	3.6723065	3.9451022
glory	7.2264924	5.5054607	6.9328337
lay	4.7115006	4.5500593	4.3647795
occasion	5.3242583	5.364451	5.192567
guard	4.8746057	4.9225745	5.8298354
whole	5.4892354	4.304591	5.5824203
mouth	5.100792	4.7632837	4.833891
receive	6.6925173	5.1883802	5.4526563
take	4.5646434	5.222145	5.0625563
simple	6.601597	4.266659	5.8625526
error	2.2036467	5.2734585	3.924652
wisdom	6.843504	4.6341476	7.0470757
rock	5.1588683	4.772992	5.335094
decide	4.9589286	5.435744	6.188928
exclaim	6.1076965	6.1117263	5.5294657
assure	7.4813976	5.2065616	6.390373
sign	5.2686076	3.8881521	4.594963
preserve	5.910538	3.9596143	5.8023453
commerce	6.5771775	5.1297364	6.858898
plant	5.1569004	4.2377586	5.096137
walk	5.5589237	4.41048	4.159098
difference	4.4987593	4.659759	4.744076
hang	4.470434	4.374361	4.1857834
following	7.4310894	3.4480324	5.557463
employ	4.8640814	5.188319	5.7135105
