deal	5.313208	5.248795	5.6195145
study	6.5800333	4.580593	6.485335
afford	6.681905	4.83839	5.8489122
service	6.6201277	4.789576	5.983406
height	5.1313286	5.2339406	5.8572707
prospect	7.4899855	5.314135	6.4908595
pleasant	7.5263014	4.363534	5.110342
shade	4.306591	3.9092495	3.1461396
listen	5.2434354	5.1895432	4.77101
mighty	6.192251	5.353002	6.902836
country	5.596324	4.324662	5.6239343
title	7.598894	4.335061	6.9125996
choose	5.5651426	4.297987	5.04896
village	6.4627514	4.5758543	5.674148
acquire	7.9365606	5.655654	8.0355425
rank	5.9576507	5.2016706	5.8735037
bow	5.8877707	4.2369614	4.899687
doctor	4.873415	4.0541806	4.9876995
talent	8.219511	5.824386	7.865912
source	6.3291054	4.711942	5.7978034
lead	5.0536704	5.822162	5.3315773
question	5.1807537	4.165988	5.2528734
publish	5.5251474	5.080939	5.4825516
interest	6.6174088	4.8670654	6.108709
serve	5.7766647	4.3702807	5.0403056
divine	7.364416	4.4464655	7.0203257
put	5.1562443	4.6048512	4.4034925
shadow	4.302891	3.55002	3.4606278
practical	6.284396	4.593042	6.375916
surface	4.7536244	2.8927486	4.117872
account	5.38706	4.750841	5.6482425
loss	3.3143303	5.405793	3.708125
indian	4.987725	4.870508	5.0301104
vine	7.021294	3.68775	5.7507415
certain	5.455796	5.4080367	6.1384006
sin	2.8357	5.548095	4.5475793
necessity	4.4116793	5.198225	5.525024
lose	4.360948	5.3994427	4.703872
private	4.073259	4.2504063	4.8281794
gentleman	6.5399575	4.2990165	5.881103
daughter	5.9152756	4.386091	5.472522
drive	3.0073476	6.7019005	4.1874285
strange	4.260507	5.9510846	4.374222
journey	6.081953	4.1410155	4.772408
uncle	7.1242013	4.1334896	6.1201544
species	5.5243073	5.2150607	5.146322
think	5.6543407	4.7912064	4.6434035
bed	4.8701367	3.0588648	3.2322285
wind	4.4218674	4.798498	4.4068823
bless	8.310852	4.4186363	6.429755
destroy	3.4845638	6.66487	5.206621
author	5.842575	4.66635	5.272754
sustain	5.3058805	5.262815	6.0610895
black	3.8499775	4.379554	3.499765
event	6.419179	5.661936	6.787575
liberty	7.694165	5.6796627	7.5469456
negro	3.8050025	5.1896243	4.144604
little	4.564662	4.5496464	3.4533455
fortune	6.7266006	5.1356835	6.2680545
touch	5.349617	4.4168143	4.612201
kill	3.8416593	6.4318247	4.7044616
feature	5.4743547	3.9669964	5.1659727
happiness	8.469748	4.6203694	6.5131207
assume	4.0592895	4.993219	4.827674
notion	5.69453	4.259344	5.038215
purchase	6.8526106	4.266224	5.5559325
faithful	6.683368	4.235929	5.922475
soldier	4.7638016	5.829833	5.912019
father	6.109148	5.028297	6.153325
narrow	3.2625532	4.1732793	3.7047088
great	5.5977736	5.759515	6.2847366
tear	2.9563737	4.859474	2.344973
honorable	6.0424275	5.607481	6.556328
previous	4.5720644	4.5842743	4.5331593
good	7.169168	4.8178444	6.694634
domestic	5.0136595	3.6590269	4.3170395
glory	7.424086	5.287261	6.895645
lay	4.777128	4.3961105	4.3918786
occasion	5.2721844	5.3861876	5.5091486
guard	5.1953845	4.921531	6.150533
whole	5.48639	4.61082	5.641361
mouth	5.327135	4.4088697	4.841855
receive	6.492762	4.832823	5.282527
take	4.8283167	5.4778786	5.2638326
simple	6.31166	4.196026	5.52766
error	2.3571284	5.601744	4.0621433
wisdom	6.9864902	4.6598744	7.154088
rock	4.9466805	4.7829795	5.3200135
decide	5.310861	5.30553	6.366085
exclaim	5.8734837	6.149576	5.4641376
assure	7.455934	5.276143	6.171806
sign	5.4758816	4.0494213	4.9414997
preserve	5.921997	4.061036	5.7345333
commerce	6.364687	4.981025	6.7544713
plant	5.1542826	4.086928	4.8691173
walk	5.852525	4.532892	4.3166666
difference	4.838455	4.226408	4.6996455
hang	4.4261723	4.57755	4.1358852
following	6.9836235	3.3967135	5.5541563
employ	4.7505465	4.9503107	5.631672
