deal	5.059837	5.247504	5.5718985
study	6.4559355	4.004679	6.288043
afford	6.4156704	4.71356	5.9020452
service	6.6568255	4.666806	6.2475605
height	5.090562	5.2960844	5.76116
prospect	7.41809	5.410832	6.5392523
pleasant	7.7774467	4.0841265	5.3088737
shade	4.3589773	3.7277095	3.3860688
listen	4.9524136	5.447363	4.4024324
mighty	6.260905	5.589285	7.170859
country	5.442835	4.2774615	5.516185
title	7.9404993	4.3513055	7.317769
choose	5.492048	4.409808	4.610968
village	6.2062383	4.7260723	5.720727
acquire	8.376505	5.60788	8.235402
rank	5.563779	5.3931046	5.759712
bow	5.718895	4.185069	4.9040904
doctor	4.4449005	3.9945397	4.5482993
talent	8.071164	5.648639	7.793579
source	6.256007	4.840316	5.8683844
lead	4.802559	5.5415845	5.146398
question	4.850893	4.3036942	5.301152
publish	5.78485	4.9595222	5.5746937
interest	6.2362056	5.5021014	6.0797653
serve	5.7156577	3.878971	4.9262795
divine	7.2952747	4.4089603	7.0895605
put	4.7456703	4.782767	4.191825
shadow	4.277666	3.4642873	3.8094225
practical	6.446609	4.2000775	6.0745926
surface	4.832613	3.3588846	4.073027
account	5.5119333	4.767311	5.5803213
loss	3.4163132	5.6209917	3.784203
indian	5.156122	5.274302	5.4241934
vine	7.2218556	3.7648702	5.632247
certain	5.6969247	5.2931886	6.2617683
sin	2.8357701	5.7228246	4.582825
necessity	4.508976	5.3556275	5.68358
lose	4.627154	5.441346	4.7528253
private	4.4575505	4.545143	4.996252
gentleman	6.5209827	4.2274513	5.656928
daughter	5.658718	4.703751	5.482821
drive	3.1546822	6.5340924	4.6089416
strange	4.516544	5.6057262	4.5633183
journey	6.6162257	4.2681427	5.0285997
uncle	6.831002	4.5189896	6.4935737
species	5.385006	5.135472	5.0070844
think	5.9133544	4.6004887	5.2166944
bed	4.9398074	3.1270182	3.3250463
wind	4.6312714	4.648841	4.231114
bless	8.297312	4.0894637	6.181917
destroy	3.2324939	6.5174403	4.976175
author	5.7540054	4.5586267	5.377851
sustain	5.4520197	4.9603186	5.957751
black	3.4753196	5.434113	3.5377364
event	6.59984	5.657126	6.967308
liberty	7.54084	5.7651334	7.3984795
negro	3.65024	5.251701	4.3536177
little	4.484557	3.7345133	3.1305032
fortune	6.765358	5.217132	6.5777764
touch	5.3598876	4.3355765	4.504815
kill	3.72826	6.6107054	4.6318393
feature	5.208556	3.9906793	5.1278205
happiness	8.443345	4.965083	6.3666677
assume	4.344753	5.1878834	5.0579047
notion	5.457639	4.3110037	4.9695344
purchase	6.9000626	4.468874	6.0019493
faithful	6.7482257	4.0985765	6.1926937
soldier	4.531845	5.9497776	5.681296
father	5.7260246	5.0117197	6.1634226
narrow	3.087717	4.6205397	3.8648171
great	5.3505917	5.448941	5.991803
tear	3.0668223	4.7044373	2.5827346
honorable	6.3396015	5.251444	6.2888613
previous	4.5653934	4.614239	4.5577087
good	7.126309	4.058037	6.4993234
domestic	4.425336	3.3733861	3.8334348
glory	7.3634176	5.389722	6.741287
lay	4.151529	4.294486	4.0735245
occasion	5.04745	5.109494	5.2413287
guard	4.4451637	5.3562584	5.8027554
whole	5.545226	4.7579308	5.9203215
mouth	4.6963096	4.736243	4.4508567
receive	6.4923277	4.657784	5.5064106
take	4.57125	5.210432	4.967228
simple	6.3449383	4.3279347	5.7261024
error	2.173025	5.2204466	3.5695975
wisdom	7.417888	4.898259	7.288485
rock	5.0769067	5.1037674	5.6231894
decide	5.455753	4.830576	5.9675407
exclaim	5.572558	6.263838	5.5237036
assure	7.568139	5.105569	6.180723
sign	5.022861	3.8577185	4.655116
preserve	5.92819	3.9153018	5.662731
commerce	6.5145965	5.0989647	6.73357
plant	4.9192495	4.2237625	4.775216
walk	5.7749357	4.382782	4.3084345
difference	4.7493157	4.3016915	4.9148016
hang	4.0407524	4.087208	4.048799
following	7.0991745	4.000108	5.995084
employ	5.0556436	4.752091	5.6890345
