deal	5.4653587	5.043451	5.863414
study	6.780147	4.166567	6.34818
afford	6.802045	4.794139	5.922494
service	6.491042	4.746235	6.228693
height	5.3842998	5.125456	5.66407
prospect	7.474881	5.6327515	6.4151487
pleasant	7.4336033	4.2007766	4.884144
shade	4.5581703	3.5935245	3.2682672
listen	5.4180665	5.475198	4.6335473
mighty	6.3214355	5.4887967	7.2153234
country	5.3303175	4.5608683	5.6981564
title	7.2349367	4.258913	6.564266
choose	5.579218	4.508887	5.095287
village	6.0637827	4.7214217	5.47446
acquire	7.622714	5.8009276	7.9724693
rank	5.8307343	5.348601	6.051692
bow	6.035135	3.997757	5.2354794
doctor	4.8309746	4.188815	5.2182894
talent	7.8614674	5.8608007	7.6250157
source	6.491961	4.954729	5.773414
lead	4.9464164	5.7864704	5.1823072
question	4.9270024	4.3753934	5.3637643
publish	5.7490406	4.7764425	5.59873
interest	6.7447605	5.1808143	6.1680527
serve	5.6919312	3.9555917	4.915585
divine	7.0423613	4.3199034	6.9342566
put	4.6958075	4.7933016	4.1931553
shadow	4.4141045	3.3494055	3.5613835
practical	6.4866104	4.3066473	6.3848557
surface	4.65336	3.1601655	3.983897
account	5.5860834	4.8497334	5.6261215
loss	3.8019245	5.614019	3.9697611
indian	5.0589476	5.01896	5.122741
vine	6.8426228	3.5934544	5.645434
certain	4.7937865	5.1671286	5.5024366
sin	3.0581093	5.2314544	4.3687763
necessity	4.4746304	5.198758	5.351731
lose	3.9402485	5.1309013	4.122436
private	3.7971766	4.2055807	4.519581
gentleman	6.4353676	4.498004	5.7452526
daughter	5.966473	4.5861506	5.686649
drive	3.1087186	6.877025	4.7250066
strange	4.267232	5.4303927	4.1035986
journey	6.283662	4.3151145	4.950229
uncle	6.872263	3.927847	6.0064845
species	5.5011253	5.3284554	4.961726
think	5.852927	4.573085	5.2082386
bed	5.203124	2.9207945	3.4513755
wind	4.622933	4.8685617	4.501302
bless	8.212371	4.363878	6.227893
destroy	3.1239939	6.5575233	4.998584
author	5.9756618	4.5147257	5.41901
sustain	5.711505	5.200351	6.2099667
black	4.0432606	4.869285	3.7281365
event	6.2635126	5.7440314	6.946191
liberty	7.425756	6.294926	7.798772
negro	3.657667	5.472501	4.387703
little	4.5885267	3.7307272	3.2495122
fortune	6.589106	5.122862	6.3527665
touch	5.494396	4.475462	4.513942
kill	3.668906	6.336272	4.696938
feature	5.5326843	3.9093542	5.1529922
happiness	8.22588	4.7667623	5.943631
assume	4.0962214	4.7437882	4.7704206
notion	5.700489	4.3078566	5.1047215
purchase	6.43492	4.8378644	5.8441935
faithful	6.793976	4.19512	6.36647
soldier	4.56383	6.028163	5.9810615
father	5.8789077	4.6671805	5.8611917
narrow	3.2139325	4.3385124	3.7446814
great	5.2402697	5.4767447	6.000749
tear	2.9142628	4.6573095	2.7057338
honorable	5.8871326	5.752545	6.4030766
previous	4.511422	4.652708	4.6342783
good	7.057103	4.5383983	6.8115883
domestic	4.659479	3.739128	4.2697353
glory	7.194065	5.4876084	6.9161215
lay	4.490663	4.4311333	4.05302
occasion	4.9959927	5.364927	5.107922
guard	4.689797	5.1683984	6.194989
whole	5.539695	4.831834	5.9027214
mouth	4.8313007	4.7826424	4.5286565
receive	6.4383965	4.9979067	5.4757676
take	4.969264	5.0359106	5.3563914
simple	6.5836115	4.228143	5.709398
error	2.4806845	5.415008	3.8927753
wisdom	7.1254063	4.9596925	7.063547
rock	5.334946	4.762179	5.5076327
decide	5.111324	5.3047767	6.116379
exclaim	5.8793726	6.117888	5.582567
assure	7.5633144	5.244246	6.1614275
sign	4.5988965	3.7572439	4.127616
preserve	5.448638	4.079247	5.3630047
commerce	6.3281097	5.154315	6.805273
plant	5.162794	3.8959155	4.709034
walk	6.37047	4.171867	4.4326954
difference	4.647934	4.6994805	4.555365
hang	4.152056	4.413586	3.7996156
following	7.196236	4.037308	5.8559265
employ	4.534877	5.052932	5.6419015
