deal	5.0472307	5.3991475	5.714136
study	6.660409	4.366029	6.501337
afford	6.513875	4.7283626	5.7511377
service	6.636079	5.0371776	6.307516
height	5.346324	5.079914	5.834254
prospect	7.502228	5.120038	6.480603
pleasant	7.6475677	4.1953745	5.0607424
shade	4.438287	3.5723066	3.113444
listen	5.1709995	5.4232388	4.427993
mighty	6.4876194	5.2824655	7.0001326
country	5.899332	4.537229	5.7831707
title	6.873827	4.259329	6.7089696
choose	5.381494	4.1520076	4.6529336
village	6.4333363	5.048037	5.8127933
acquire	7.405017	6.114419	8.000734
rank	5.8964186	5.031852	5.946247
bow	5.7172146	4.23005	4.769669
doctor	4.7864237	4.2892876	5.0026436
talent	8.230226	5.838231	7.924835
source	6.015476	4.7089515	5.7035074
lead	4.9660263	5.9300923	5.360295
question	5.1191797	4.3042006	5.5713234
publish	5.5615644	5.1766086	5.6710997
interest	6.578617	4.878389	5.763114
serve	5.6741724	3.951635	4.701365
divine	7.4960914	4.524216	7.186507
put	4.9618063	4.923274	4.3672104
shadow	4.3542247	3.41312	3.801405
practical	6.025366	4.52509	6.2591596
surface	4.677265	3.151198	4.0665455
account	5.6870594	4.593844	5.7868757
loss	3.5427244	5.5048866	3.9323556
indian	4.776078	5.267471	5.4100685
vine	6.8658686	3.4274015	5.587112
certain	5.5249014	5.206075	6.0043216
sin	2.85117	5.598306	4.435529
necessity	4.246539	4.9904847	5.3881927
lose	4.0415854	5.497661	4.367848
private	4.121649	4.5871167	4.7063017
gentleman	6.4387407	4.5404882	5.6650257
daughter	5.9626765	4.430846	5.5014315
drive	3.2675416	6.9189463	4.586171
strange	4.373352	5.6733236	4.402364
journey	6.3759027	4.338135	4.602541
uncle	7.1809397	4.1249895	6.116592
species	5.8017864	5.1975875	5.1339574
think	5.92075	4.840575	5.215446
bed	4.7480383	2.9503307	3.3736813
wind	4.524475	4.7848186	4.3324995
bless	8.250212	4.267745	6.5560784
destroy	2.995782	6.8266883	5.1303306
author	5.831613	4.504614	5.2697887
sustain	5.200765	5.1163645	5.9213824
black	3.954242	4.357531	4.113634
event	6.386863	5.649544	6.8283267
liberty	7.603942	5.6383677	7.461537
negro	4.078593	5.298901	4.696978
little	4.3765335	3.9658434	3.297859
fortune	6.5614324	5.238715	6.3503275
touch	5.6169777	4.494905	4.548665
kill	3.7457056	6.8077664	4.9983373
feature	5.754887	3.8267114	5.292941
happiness	8.130062	4.5644536	5.9180202
assume	3.8963494	5.1582274	4.8445816
notion	5.696975	4.1849265	5.2986097
purchase	6.8144555	4.787238	5.8613005
faithful	6.6797624	4.167986	6.0322585
soldier	4.6371603	5.6844754	5.9885063
father	5.8600817	4.998392	5.95165
narrow	3.0205219	4.5483413	3.691399
great	5.5896416	5.638662	6.4556494
tear	3.556501	4.624301	3.0204968
honorable	6.0879984	5.429586	6.2767086
previous	4.417149	4.3402205	4.468952
good	7.046134	4.524253	6.625736
domestic	4.6477237	3.3789184	4.073965
glory	7.133018	5.2626753	6.893332
lay	4.753306	4.339518	4.559504
occasion	5.0101104	5.486325	5.3835654
guard	4.7205467	5.259597	6.09486
whole	5.6720047	4.4014435	5.8110332
mouth	5.1151733	4.6742268	4.6618767
receive	6.8709893	4.8364024	5.4438753
take	4.5682535	5.5835648	5.1844416
simple	6.50086	4.3144283	5.58576
error	2.174324	5.429582	3.8827772
wisdom	6.9746118	4.905259	7.09247
rock	4.9482737	5.0559464	5.492192
decide	5.1039834	4.9690504	6.0352397
exclaim	5.8454432	6.4405107	5.8320446
assure	7.547449	5.1921396	6.415426
sign	5.133932	3.8892446	4.7468743
preserve	5.6573915	4.15431	5.5751557
commerce	6.327756	5.025368	6.5738964
plant	5.103843	3.886827	4.5630574
walk	6.0194397	4.643718	4.3379235
difference	4.9507046	4.246028	5.21579
hang	4.5955887	4.37308	4.3012013
following	7.4637575	3.4876406	5.831142
employ	4.8232207	4.838365	5.421463
