deal	5.15254	5.419468	5.781641
study	6.756921	4.373558	6.6848636
afford	6.5755305	4.5531797	5.7187233
service	6.2442846	4.7382393	5.9241896
height	5.1235	5.073926	5.463129
prospect	7.588227	5.4592733	6.458875
pleasant	7.4317446	4.0029864	4.723212
shade	4.5155807	3.893158	3.469213
listen	5.276681	5.4437923	4.762778
mighty	6.1509266	5.505025	7.0152245
country	5.4521065	4.603088	5.7710466
title	7.4567156	4.1325855	6.5251236
choose	5.239704	4.457003	5.1230454
village	6.3436756	4.8652506	5.7074285
acquire	7.845378	5.8776126	8.137817
rank	5.9173946	5.485127	6.2198467
bow	6.030636	4.0150347	4.9849205
doctor	4.827607	3.8604796	5.036366
talent	7.787552	5.979985	7.7064695
source	6.389592	4.5427713	5.7002063
lead	4.812562	5.2412195	5.0000954
question	5.077546	4.217656	5.2809544
publish	5.826112	5.103174	5.799061
interest	6.4189196	5.0383735	5.86892
serve	5.4530883	3.7449484	4.876396
divine	7.5589685	4.4855785	7.0831566
put	4.6255426	4.680747	4.0613265
shadow	3.959307	3.384851	3.6357377
practical	5.990499	4.4724393	6.311722
surface	4.8438716	2.927783	3.9299479
account	5.5104628	4.8372693	5.5300536
loss	3.7017527	5.3271728	3.851557
indian	5.0233164	5.1949	5.4462094
vine	6.91335	4.093498	5.788645
certain	5.3500566	5.3933086	5.9405746
sin	2.6213953	5.273679	4.364489
necessity	4.3724146	5.0013237	5.349116
lose	4.527239	5.2189236	4.384473
private	4.3128695	4.0865154	4.7642007
gentleman	6.368861	4.5752625	5.749277
daughter	5.8367476	4.5190926	5.587373
drive	2.9399462	6.6126585	4.4515877
strange	4.275879	5.555159	4.1686006
journey	5.9761186	3.9020042	4.526416
uncle	6.702881	3.79482	5.6237273
species	5.4788256	5.50176	4.954943
think	5.6047387	4.547805	4.8786373
bed	4.934386	3.299922	3.537054
wind	4.657936	4.8549542	4.514505
bless	8.801918	4.5989146	6.682703
destroy	3.3605485	6.892748	5.1959114
author	6.064065	4.6548758	5.460984
sustain	5.632523	5.355712	6.158518
black	4.3466153	4.8928676	4.216179
event	6.9401374	5.5168824	6.9916806
liberty	7.8487105	6.341229	7.564205
negro	3.6957765	5.30682	4.1437573
little	4.4345493	3.894091	3.2337613
fortune	6.712803	5.2802324	6.2494764
touch	5.617857	4.263095	4.2500105
kill	3.9213285	6.581588	5.058646
feature	5.263646	4.078706	5.1985073
happiness	8.280429	4.8167887	6.1906757
assume	3.993058	4.9991117	4.752935
notion	5.5423822	4.1072617	5.016554
purchase	6.665598	4.543701	5.6531816
faithful	6.654298	4.3866105	6.30847
soldier	5.03196	5.8126764	6.0812464
father	5.703991	4.9764323	5.8982153
narrow	3.138085	4.114813	3.5136914
great	5.3267913	5.6286497	5.834276
tear	3.5590281	4.720361	3.0196948
honorable	6.0404286	5.3881693	6.3293886
previous	4.250784	4.727896	4.5181494
good	7.428646	4.48431	6.820051
domestic	4.7513986	3.6212268	4.102916
glory	7.1332192	5.45957	7.029125
lay	4.712359	4.693692	4.7337604
occasion	5.03605	5.2335753	5.0798216
guard	4.946174	5.367455	6.2787275
whole	5.5771976	4.6498713	5.6753883
mouth	4.9177294	4.659474	4.6679196
receive	6.8750634	4.5667195	5.5601077
take	4.816279	4.89083	4.9957676
simple	6.374879	3.9837341	5.4981246
error	2.3548107	5.5383162	3.9860506
wisdom	6.928377	4.7611184	7.1304913
rock	4.8369727	5.1022243	5.2911224
decide	5.414935	5.3103924	6.3271003
exclaim	5.6983395	6.214311	5.378403
assure	7.7243366	5.394431	6.567654
sign	5.2582893	3.8069868	4.5862074
preserve	6.0731287	4.042091	5.937354
commerce	6.445359	5.2564015	6.9563985
plant	5.197905	4.340179	5.041477
walk	5.8891034	4.1346188	4.1207943
difference	5.0000052	4.4858437	4.913811
hang	4.0907564	4.45785	4.0035768
following	7.249936	3.4507961	5.6772685
employ	4.8988767	5.148305	5.777302
