deal	4.830846	5.244374	5.581661
study	6.778587	4.2811537	6.5988874
afford	6.68378	4.996495	5.8437057
service	6.73819	4.275701	6.021516
height	5.312378	5.5243106	6.03993
prospect	7.5526495	5.274442	6.654472
pleasant	7.435884	4.036426	4.9368105
shade	4.244596	3.680074	3.2176347
listen	5.3507767	5.5952563	4.7735724
mighty	5.979885	5.9435678	7.202531
country	5.723769	4.3630743	5.789692
title	7.415799	4.28731	6.8334312
choose	5.7036037	4.096614	4.805919
village	6.306666	4.8110905	5.7093997
acquire	7.6982613	5.785017	7.8819885
rank	5.6369724	5.323076	5.9239435
bow	5.9679623	4.2086215	4.8852315
doctor	4.938448	4.2337484	5.019329
talent	7.945533	5.686815	7.5141673
source	6.1680746	4.963714	5.6254497
lead	5.056155	5.620901	5.3392334
question	5.491533	4.168165	5.552483
publish	5.950471	4.6452584	5.5646157
interest	6.9582906	5.22516	6.3887305
serve	5.2138453	4.219467	4.8327117
divine	7.3500414	4.424655	7.1322484
put	4.9919934	4.737818	4.2474756
shadow	4.385105	3.1388106	3.77402
practical	6.072234	4.377767	6.2635694
surface	4.84958	3.2124088	4.1585016
account	5.5190024	4.8056636	5.65313
loss	3.7048817	5.169668	3.6257977
indian	4.782625	4.9644957	5.0421815
vine	6.8719482	3.9035397	5.7547345
certain	5.3505077	5.1188	5.732095
sin	3.0772445	5.210518	4.5040994
necessity	4.147362	5.215706	5.317712
lose	4.3372097	5.466261	4.5197887
private	4.2143946	4.4569626	4.8436904
gentleman	6.3967085	4.5652223	5.8988843
daughter	6.1221385	4.5295944	5.5273247
drive	3.198428	6.7480125	4.506267
strange	4.4434853	5.7493877	4.273102
journey	6.2638497	3.9625716	4.832019
uncle	6.8983307	4.4335794	6.2982664
species	5.438588	5.2626224	4.8024697
think	5.9869356	4.65245	5.1014614
bed	4.9993863	3.1126819	3.3585756
wind	4.676182	4.6952596	4.3483057
bless	8.503495	4.0217447	6.346617
destroy	3.439422	6.600156	5.113243
author	5.810197	4.47036	5.2240496
sustain	5.5391135	5.0881567	5.97656
black	4.282057	4.9275637	4.0169363
event	6.5611596	5.8380213	7.0888205
liberty	7.6960635	6.0126224	7.502822
negro	3.9224217	5.514612	4.346988
little	4.3530087	3.7494054	3.059349
fortune	6.635365	5.1620455	6.2757287
touch	5.5627036	4.505992	4.506504
kill	3.7066383	6.359666	4.6760697
feature	5.665313	3.7227297	5.319359
happiness	8.187036	5.046487	6.1712193
assume	4.3257594	5.030029	4.9812164
notion	5.6356015	4.4341526	5.1786385
purchase	6.7947803	4.339164	5.7255173
faithful	6.747504	3.9379392	6.124792
soldier	4.4208794	5.92313	5.6417003
father	6.08401	4.902365	6.0916834
narrow	3.1331673	4.242214	3.6545382
great	5.283272	5.3985486	5.950837
tear	3.0259132	4.9850187	2.6099787
honorable	6.2728	5.103676	6.395788
previous	4.2150617	4.499673	4.392321
good	7.241002	4.0717373	6.513896
domestic	4.7429776	3.4052997	3.940147
glory	7.385747	5.4448752	7.0431886
lay	4.657916	4.2583466	4.273757
occasion	5.2355757	5.350256	5.372438
guard	4.765885	5.3361244	6.0249805
whole	5.5187054	4.480461	5.6576805
mouth	5.2925396	4.645602	4.9495497
receive	6.484004	5.0840106	5.585967
take	4.9418445	5.095889	5.2035336
simple	6.5803547	4.1964254	5.643787
error	2.0845656	5.3769693	3.6744707
wisdom	7.0424576	4.594868	6.971239
rock	5.4747977	4.89863	5.657845
decide	5.214897	5.1518846	6.1507974
exclaim	6.03378	6.175326	5.6768203
assure	7.801011	5.060675	6.292457
sign	5.255254	3.538983	4.4736094
preserve	5.905599	3.8257031	5.6494355
commerce	6.346227	5.045552	6.856142
plant	5.3546224	4.1275644	4.926295
walk	6.194295	4.3204575	4.464628
difference	4.5784106	4.654231	4.9215055
hang	4.355948	4.375002	4.1865225
following	6.76227	3.8524568	5.6740613
employ	4.6696625	4.9600506	5.3642154
