deal	4.978497	5.154859	5.482348
study	6.7050858	3.980571	6.357315
afford	6.8925557	4.8035274	6.0299153
service	6.354756	5.188887	6.3659196
height	5.251546	4.979144	5.4112806
prospect	7.40617	5.0877075	6.1628017
pleasant	7.7285814	4.2731943	4.998787
shade	4.4621267	3.8000927	3.6703706
listen	5.516638	5.26858	4.730537
mighty	6.255992	5.660508	7.1206427
country	5.2479634	4.2068954	5.356039
title	7.891197	4.3840556	7.021144
choose	5.7322173	4.4905014	4.976374
village	6.2733297	4.645525	5.6037827
acquire	7.936054	5.6086454	7.814996
rank	5.9896355	5.315087	6.363535
bow	6.132702	4.2010074	4.935085
doctor	5.1305904	4.0480566	4.9409885
talent	7.696045	5.9187136	7.6554146
source	6.2272973	4.747942	5.7262135
lead	5.0280857	5.725027	5.148063
question	5.1083302	4.257866	5.4928517
publish	5.889752	5.0362797	5.570249
interest	6.6689777	4.9489956	6.0824537
serve	5.342374	4.0119996	4.7075467
divine	7.0867195	4.395989	7.0019493
put	5.013953	4.6031547	4.311024
shadow	4.3622894	3.5303056	4.04376
practical	6.021373	4.334317	6.322717
surface	4.857125	3.134397	4.2815666
account	5.4870605	4.860039	5.5020404
loss	3.4648302	5.3694706	3.9171398
indian	4.811986	4.8574038	5.116639
vine	6.935416	3.4211419	5.3765182
certain	5.1606135	5.319596	5.833707
sin	2.598402	5.421034	4.457795
necessity	4.0649204	5.301776	5.3348513
lose	4.5385427	5.504573	5.0745506
private	4.0376306	4.315588	4.291917
gentleman	6.7939277	4.3999825	5.8930054
daughter	6.052094	4.590187	5.5555177
drive	3.2361944	6.50035	4.3717113
strange	4.721192	5.3636374	4.4010296
journey	6.1882815	4.172475	4.492364
uncle	6.923462	3.599687	5.4933624
species	5.1457715	5.3136244	4.8244185
think	6.0995917	4.5470476	4.961069
bed	4.7082796	2.9477293	3.1445708
wind	4.7821846	4.7455363	4.367468
bless	8.292781	4.354617	6.4635696
destroy	3.380855	6.6140423	5.149801
author	5.7828674	4.503354	5.264434
sustain	5.542837	5.150234	5.9160843
black	3.8859136	4.835777	4.157216
event	6.447398	5.634974	6.6806087
liberty	7.8559804	6.2482667	7.831685
negro	3.909076	5.069296	4.4608035
little	4.2504168	4.0680714	3.3684154
fortune	6.614363	5.089333	6.284581
touch	5.6056023	4.3531694	4.5673804
kill	3.9301152	6.319467	4.551819
feature	5.6220016	3.6463268	5.045855
happiness	8.225852	4.591255	5.9465413
assume	4.1570125	5.3147044	5.326723
notion	5.452159	4.26033	5.04022
purchase	6.835459	4.4003615	5.6699953
faithful	6.796444	4.187817	6.2027802
soldier	4.587061	5.9591384	5.8428516
father	5.747708	5.0516596	5.6318603
narrow	3.2930055	4.362387	3.7413406
great	5.004571	5.9658723	6.4585285
tear	3.0603087	4.7023215	2.7822313
honorable	6.0728493	5.320899	6.2087297
previous	4.5001974	4.461139	4.606721
good	7.1171803	4.3261113	6.234074
domestic	4.556217	3.7403998	4.0656304
glory	7.174659	5.619156	7.100204
lay	4.476626	4.235041	4.432713
occasion	5.156014	5.1970854	5.2991624
guard	4.849257	5.307322	6.2648497
whole	5.5986032	4.4138927	5.806443
mouth	5.1516924	4.5718613	4.9239573
receive	6.8018446	4.977529	5.685991
take	4.914867	5.2897363	5.2901177
simple	6.4923377	4.002723	5.611105
error	2.0701113	5.351644	3.8168342
wisdom	7.0355873	4.688835	7.231123
rock	5.0988626	4.89492	5.476127
decide	5.437733	5.1005807	6.3610945
exclaim	5.786936	6.3823066	5.627954
assure	7.453906	5.303981	6.322457
sign	5.012698	4.2945213	4.949814
preserve	6.0921125	4.0823545	5.7613
commerce	6.417984	5.4353957	7.0708838
plant	5.3457766	4.0158443	4.9042983
walk	6.2657204	4.4893126	4.4488525
difference	4.2975583	4.64071	4.819526
hang	4.634929	4.319032	4.137225
following	7.2390614	3.710338	5.6213007
employ	4.89784	4.902894	5.593476
