deal	5.3197002	5.260195	5.537761
study	6.344417	4.648193	6.504053
afford	6.7509995	4.6433315	5.8165865
service	6.32329	4.7866626	6.4037933
height	5.54613	5.339675	5.880419
prospect	7.661564	5.176479	6.512532
pleasant	7.5503454	4.188074	4.875946
shade	4.7921066	3.3413248	3.3527422
listen	5.425471	5.182761	4.8523917
mighty	6.220147	5.647885	7.082323
country	6.018921	4.714423	5.9566593
title	6.9486446	4.141942	6.4369335
choose	5.764641	4.5036016	5.471939
village	6.385291	4.841013	5.8057766
acquire	7.486575	5.8383317	8.0624485
rank	5.9922857	5.474718	6.21929
bow	5.6873674	4.2420707	4.9429903
doctor	4.8749576	3.9141915	5.012175
talent	8.167301	6.0157647	7.773384
source	6.3899093	4.3879895	5.32784
lead	5.1763716	6.0514417	5.709325
question	5.2172947	4.444071	5.652897
publish	5.709553	4.9611073	5.6118817
interest	6.6867275	5.2229724	6.0349917
serve	5.627652	3.7664428	4.738563
divine	7.3676434	4.224948	7.088849
put	4.841612	4.965347	4.419363
shadow	4.4331164	3.4645872	3.9127746
practical	6.267229	4.341155	6.464224
surface	4.845567	2.9956594	4.1745977
account	5.6570115	4.696912	5.743616
loss	3.6502032	5.3356886	4.1074553
indian	5.003376	4.874771	5.428455
vine	6.779172	3.2546768	5.374304
certain	5.182412	5.240463	5.8094397
sin	2.9375973	5.1861987	4.3606415
necessity	4.349319	5.0994306	5.4807544
lose	4.0487003	5.250677	4.371344
private	4.5451417	4.376953	4.7243595
gentleman	6.3622003	4.387663	5.786551
daughter	5.7457414	4.4937506	5.551113
drive	2.9597986	6.80386	4.53838
strange	3.9905095	5.7266173	4.1371975
journey	6.1090016	3.937203	4.5642543
uncle	6.5955596	3.8887608	6.0089016
species	5.665843	5.5001044	5.1549163
think	5.5127907	4.8835306	5.1268797
bed	5.0512533	3.0102348	3.1683598
wind	4.7361975	4.7573557	4.374235
bless	8.400379	4.1749644	6.3685803
destroy	3.2623675	6.314277	5.01551
author	5.907126	4.3741493	5.1207275
sustain	5.5042534	4.902195	6.078109
black	4.023683	4.722737	4.230808
event	6.616578	5.5628405	6.9073057
liberty	7.949748	6.0784802	7.7439694
negro	3.7747717	5.5318103	4.418625
little	4.7454166	4.0606213	3.60422
fortune	6.995486	5.071125	6.1824822
touch	5.302443	4.159085	4.136128
kill	3.7071347	6.3725977	4.75536
feature	5.6967473	3.7291765	5.2608356
happiness	8.452333	4.7924404	6.2125893
assume	4.2277474	4.8691454	4.9367924
notion	5.6207304	4.425146	5.051223
purchase	6.855831	4.782097	5.852789
faithful	6.7068024	4.051508	6.280466
soldier	4.7627153	6.1041036	6.1399126
father	5.6450987	4.797117	6.0362496
narrow	3.030706	4.4778824	3.6455154
great	5.459342	5.1732235	5.960028
tear	3.0581226	4.425917	2.4323854
honorable	6.103658	5.457673	6.5498934
previous	4.2568297	4.5436225	4.435588
good	7.430132	4.061396	6.3013225
domestic	4.8361135	3.5575037	4.162681
glory	7.6354704	5.3310795	7.127857
lay	4.5528555	4.488987	4.032843
occasion	5.16741	5.1681757	5.164533
guard	4.827477	5.227208	6.2226887
whole	5.1623697	4.586085	5.595723
mouth	4.9464664	4.65498	5.014462
receive	6.7635155	4.9878306	5.6699357
take	4.736622	4.9164724	4.8406134
simple	6.538865	4.13694	5.760863
error	2.4458103	5.399062	3.8937175
wisdom	7.258796	4.6205688	7.2100215
rock	5.2197747	5.0454707	5.4346447
decide	5.424442	5.031741	6.2841396
exclaim	5.6619797	6.383972	5.5675216
assure	7.404318	5.1847844	6.0428624
sign	5.2111716	3.6886678	4.590277
preserve	5.8721924	3.8925452	5.989937
commerce	6.387481	5.2619715	6.8815317
plant	4.8214765	3.9576616	4.664204
walk	6.1272	4.301673	4.2754593
difference	5.158705	4.6129503	5.1402807
hang	4.228749	4.4403787	4.1251864
following	7.1165543	3.7587423	5.789005
employ	5.111759	5.071842	5.6025147
