deal	4.830092	5.5050864	5.860447
study	6.885306	4.277314	6.5833454
afford	6.747622	4.736004	6.0364766
service	6.4230204	4.707993	6.089923
height	5.354901	5.2257123	5.680666
prospect	7.6708536	5.2483363	6.472001
pleasant	7.497294	4.1058598	5.027202
shade	4.345767	3.6728053	3.4688783
listen	5.477288	5.566387	4.7991147
mighty	6.184561	5.70754	7.3229876
country	5.2859926	4.041307	5.374485
title	7.456371	4.5397396	6.9760346
choose	5.2810855	4.3520393	4.989475
village	6.1576223	4.7203903	5.7925186
acquire	7.4590936	5.5711713	7.7754
rank	5.8524227	5.4610415	6.1086082
bow	5.87115	4.4988003	5.1551766
doctor	5.1012034	4.19252	5.254647
talent	7.5747786	5.9313345	7.715237
source	6.4841394	4.7970552	5.85469
lead	4.950898	5.7765265	5.1439304
question	5.0474954	4.3947916	5.537801
publish	5.5949035	4.871696	5.5955057
interest	6.4833593	5.3758736	5.7600946
serve	5.496702	3.8599987	4.713696
divine	7.317458	4.5507846	7.0983915
put	4.95063	4.5611844	4.2917776
shadow	4.407669	3.3956473	3.821578
practical	5.7746415	4.4382324	5.9553556
surface	4.3556485	3.1207604	3.7847586
account	5.278986	4.7079897	5.459851
loss	3.221159	5.879681	3.886867
indian	4.8053184	5.234096	5.439824
vine	6.7837176	3.7869277	5.5346155
certain	5.3189774	5.060173	5.874824
sin	3.0695896	5.2048454	4.426446
necessity	4.3533764	5.3664126	5.545602
lose	3.9097095	5.2518787	4.182973
private	4.1239977	4.4008284	4.5393496
gentleman	6.4102674	4.3569803	5.9179373
daughter	5.6735115	4.240794	5.5090494
drive	3.2306046	6.689168	4.316169
strange	4.504247	5.692712	4.4194283
journey	5.877	4.247927	4.514786
uncle	6.654285	3.8576453	5.835986
species	5.49961	5.27083	5.08416
think	5.9533076	4.8693094	5.117956
bed	4.7821307	2.9098697	3.229398
wind	4.4340253	4.907405	4.201932
bless	8.498264	3.8997645	6.239753
destroy	3.5847068	6.4982786	5.3845487
author	5.6089673	4.7288713	5.328355
sustain	5.401796	5.2299356	6.1208677
black	4.0600967	4.870128	4.1756544
event	6.3968363	5.8801126	6.7442718
liberty	7.9877834	5.96286	7.8849196
negro	4.4756346	5.0594544	4.712092
little	4.3228493	4.0987988	3.4898849
fortune	6.3179846	5.135215	5.910138
touch	5.4602427	4.2052097	4.2084827
kill	3.8561442	6.3393993	4.850009
feature	5.324108	3.5828276	5.2137713
happiness	8.165607	4.6004457	5.933688
assume	4.0094657	5.0084934	4.8643036
notion	5.3414207	4.3556466	4.936795
purchase	6.6353197	4.5308347	5.911021
faithful	6.459341	3.9821777	5.829466
soldier	4.5339675	6.0040746	5.8813705
father	6.0159054	4.603628	6.0857058
narrow	2.843256	4.660661	3.8823073
great	4.735135	6.006252	6.1711173
tear	3.391478	4.9001546	2.8883777
honorable	5.91654	5.6253843	6.394146
previous	4.26044	4.6880193	4.5074286
good	6.9779863	4.496917	6.5724373
domestic	4.7721157	3.4611864	3.947556
glory	7.2666817	5.3333163	6.734311
lay	4.549839	4.6459336	4.5484204
occasion	4.988164	5.367527	5.186057
guard	4.831391	5.3598866	5.9436274
whole	5.2963343	4.655016	5.6849785
mouth	4.9279494	4.6290765	4.661175
receive	6.531004	4.879502	5.580023
take	5.1100745	5.442285	5.239816
simple	6.541139	4.1657515	5.617288
error	1.8272839	5.581757	3.5238914
wisdom	6.850935	4.6833596	6.8779573
rock	5.0688767	5.037098	5.478283
decide	5.086254	5.3718996	6.3690643
exclaim	6.39627	6.0386376	5.8937745
assure	7.454336	5.2586474	6.2678385
sign	4.748455	3.9599507	4.496518
preserve	6.410203	3.7296562	5.8015704
commerce	6.4283857	5.0692043	6.6760836
plant	5.110404	4.275279	4.874227
walk	5.832836	4.7154975	4.313622
difference	4.903377	4.8313236	5.2898045
hang	4.30646	4.6477785	4.2989554
following	7.4220257	3.9351916	5.8242764
employ	4.6021986	4.8213034	5.318987
