deal	4.7083373	5.4548025	5.6316
study	6.7447205	4.302594	6.604993
afford	6.592655	4.654091	5.759332
service	6.4177356	4.4420485	5.946247
height	5.425695	5.4387093	5.926484
prospect	7.626587	5.2030587	6.544134
pleasant	7.3042774	4.078527	4.9250374
shade	4.2555027	3.6828108	3.3826637
listen	5.7266335	5.3294144	4.7915373
mighty	6.044764	5.5897274	7.0423145
country	5.427279	4.440243	5.657943
title	7.583831	3.9216123	6.7968273
choose	5.1381235	4.4132395	4.8406014
village	6.3250523	4.905798	5.811598
acquire	7.6658974	5.45004	7.867717
rank	6.122881	5.196121	5.8160944
bow	5.6454763	4.116757	4.9673715
doctor	5.0718865	4.3321886	5.136947
talent	8.002192	5.8105154	7.5985956
source	5.9119525	4.855421	5.731265
lead	5.039046	5.787901	5.307125
question	5.0965557	4.145031	5.443508
publish	5.7820115	5.1060557	5.4737897
interest	6.418351	5.069267	5.6721005
serve	5.23633	3.9952016	4.6647134
divine	7.412315	4.2737465	7.136237
put	5.2866974	4.4849453	4.5226436
shadow	4.2917433	3.354316	3.8024135
practical	6.1213293	4.3787603	6.267657
surface	4.690733	3.0604467	3.9704936
account	5.624446	4.534371	5.5255566
loss	3.4428973	5.383211	3.9068284
indian	5.070914	4.937855	5.4252205
vine	6.6742105	3.7738636	5.487443
certain	5.325685	5.4602823	5.944338
sin	2.8757038	5.255119	4.2706814
necessity	4.448446	5.1734524	5.3899283
lose	3.9506197	5.065453	4.17821
private	4.258049	4.4871716	4.871768
gentleman	6.5128713	4.5015993	5.462368
daughter	5.868117	4.2839975	5.3327723
drive	3.2672524	6.682126	4.580675
strange	4.4189267	5.802127	4.303029
journey	5.996784	3.8816519	4.2812014
uncle	6.495331	3.945064	6.0387526
species	5.329876	5.246519	5.1550727
think	5.7685976	4.999033	5.1402054
bed	5.2752	2.636025	3.4028614
wind	4.4124684	4.9083133	4.375602
bless	8.4052305	4.160251	6.295881
destroy	3.0684924	6.81322	5.055784
author	5.707092	4.53056	5.1385317
sustain	5.3042316	5.126743	5.96806
black	4.2482195	4.477376	4.049787
event	6.3178835	5.6516004	6.557789
liberty	7.9521337	6.2592845	7.90352
negro	4.434033	4.8751163	4.5621815
little	4.5440216	3.7785096	3.4281142
fortune	6.53581	5.258498	6.274578
touch	5.568365	4.249941	4.3667197
kill	3.712945	6.6124153	5.010055
feature	5.42455	3.9839885	5.245832
happiness	8.33418	4.7676115	6.4013276
assume	4.033441	4.6664896	4.7635455
notion	5.449979	4.2430363	4.906337
purchase	6.7144537	4.386488	5.9020653
faithful	6.895373	3.775448	6.193909
soldier	4.6863613	5.8560944	5.9240384
father	5.866753	4.605093	5.9522862
narrow	3.1413963	4.691329	3.7396803
great	5.2094517	5.4273167	5.8770905
tear	3.3709874	4.571207	2.91454
honorable	6.254196	5.3933587	6.1606555
previous	4.421392	4.3017836	4.4317193
good	7.2863045	4.461285	6.507283
domestic	4.6624184	3.6084042	3.9700956
glory	7.4308767	5.364502	6.9839063
lay	4.6180553	4.4373097	4.3798084
occasion	5.01243	5.0403004	5.082209
guard	4.8417883	5.0456276	5.877144
whole	5.7757893	4.6232595	5.6859503
mouth	5.2759037	4.635248	4.7969003
receive	6.7211742	4.688078	5.434898
take	4.9813976	5.353659	5.161048
simple	6.510097	4.0324106	5.604769
error	2.0152578	5.5235486	3.7840428
wisdom	6.9808807	4.8361125	7.2120447
rock	4.779903	5.046034	5.2372603
decide	5.015333	5.2044463	5.989069
exclaim	5.6561303	6.305604	5.614868
assure	7.5592756	5.183922	6.1866274
sign	4.929618	3.920035	4.413173
preserve	6.0218887	4.007847	5.7065363
commerce	6.1400633	5.3573685	6.7502728
plant	4.901127	4.0621524	4.612456
walk	5.56539	4.644848	4.1655645
difference	4.840622	4.6555243	5.2498612
hang	4.2964797	4.401112	4.3518734
following	7.360531	3.5666933	5.7022476
employ	4.7256284	4.7167506	5.4828672
