deal	4.6217084	5.4593043	5.585469
study	6.6354375	4.14775	6.2051926
afford	6.4483156	4.650057	5.599697
service	6.786527	4.4970255	6.2531805
height	5.448429	5.029917	5.624266
prospect	7.507588	5.1177177	6.559664
pleasant	7.4704185	3.9152417	4.770703
shade	4.312049	3.7413366	3.3947585
listen	5.3241396	5.504858	4.9116416
mighty	6.1186447	5.5123262	7.0205927
country	5.4616327	4.548697	5.846186
title	7.3985696	4.311453	6.9041624
choose	5.3787885	4.375498	4.9400887
village	6.4074516	4.9231634	5.5893087
acquire	7.7332134	5.5196967	7.7772236
rank	5.930495	5.445559	6.121099
bow	6.1140647	3.9772878	5.0932965
doctor	4.9934793	4.0579195	4.818502
talent	8.095011	6.0309668	7.9140086
source	6.4158607	4.894577	5.9174113
lead	5.0088778	5.6575155	5.2694335
question	5.00176	4.532194	5.394557
publish	5.307321	4.7995915	5.483343
interest	6.7076015	5.5378156	6.1503773
serve	5.20362	4.162934	4.7235622
divine	7.3344693	4.172043	6.9435616
put	4.6184072	4.4313307	4.238226
shadow	4.260811	3.2356844	3.7135148
practical	5.904481	4.426877	6.1599703
surface	4.7184286	2.987338	3.9708796
account	5.5000567	4.4552174	5.4326
loss	3.3144372	5.3519316	3.4609275
indian	4.863293	5.3348713	5.272719
vine	7.090857	3.6382246	5.7679
certain	5.2727575	5.2881017	5.798888
sin	2.9760342	5.4926205	4.563779
necessity	4.1968246	5.073512	5.376523
lose	3.8641539	5.1957016	4.081536
private	4.254381	4.265806	4.6383247
gentleman	6.6980743	4.0118885	5.554778
daughter	6.143011	4.6475124	5.7224107
drive	3.2741642	6.6580467	4.4603143
strange	4.189641	5.755481	4.3847713
journey	6.1539016	3.8685327	4.6294236
uncle	7.2218204	3.679451	5.752058
species	5.772458	5.579733	5.328444
think	5.816903	4.7410603	5.0959563
bed	4.923353	3.03257	3.4076915
wind	4.6729774	4.6592293	4.361968
bless	8.467929	4.149729	6.531165
destroy	3.147062	6.6631365	4.9071665
author	5.8515506	4.436942	5.1715965
sustain	5.0295873	5.0735774	5.6165423
black	4.042311	4.657419	4.0855703
event	6.5697393	5.409696	6.8999195
liberty	7.59524	5.514511	7.47645
negro	4.376491	4.6048903	4.5764604
little	4.2324023	3.890728	3.3712282
fortune	6.4759197	5.0488586	6.1056185
touch	5.777364	4.270331	4.266795
kill	4.0411777	6.8733463	4.8771944
feature	5.6299725	3.8014915	5.2268386
happiness	8.235661	4.495077	6.090624
assume	3.9999685	4.823119	4.7479367
notion	5.6127195	4.2198114	4.964045
purchase	6.971401	4.350321	5.7672796
faithful	6.8321733	4.1712584	6.384865
soldier	4.793091	5.8286376	5.8255196
father	5.9506273	4.9045343	6.003654
narrow	2.814013	4.4673	3.6982906
great	4.9253154	5.4556665	5.712069
tear	2.7634714	4.845281	2.5168254
honorable	6.4234085	5.2089324	6.4891415
previous	4.193843	4.3273144	4.266954
good	6.922213	4.197767	6.025741
domestic	4.7052865	3.578978	4.1544547
glory	7.508415	5.415613	7.095868
lay	4.431477	4.6981993	4.56422
occasion	5.2587357	5.103263	5.300956
guard	4.9972124	5.3388658	6.0498204
whole	5.5965824	4.5324755	5.7451963
mouth	4.6991243	4.6160774	4.6788163
receive	6.7840834	4.7493863	5.4673653
take	4.7921414	4.9907002	5.030219
simple	6.582075	4.477954	5.8408957
error	2.1902096	5.3952537	3.8568072
wisdom	7.109475	4.6905613	7.288277
rock	4.948592	4.8300157	5.2581425
decide	4.927776	5.3916354	6.024588
exclaim	5.831126	6.059973	5.284103
assure	7.7602153	4.998417	6.3128858
sign	4.7519627	4.084044	4.43329
preserve	5.9491825	3.6555686	5.505069
commerce	6.425884	5.31093	7.014732
plant	5.049939	4.38625	5.1151886
walk	5.88793	4.1887007	3.996715
difference	4.3965344	4.363289	4.773061
hang	4.310622	4.5056844	4.1597114
following	7.646164	3.4805918	6.0202913
employ	5.0464635	5.1480737	5.7684536
