deal	4.7487154	5.658878	5.645793
study	6.61086	4.416954	6.677868
afford	6.978997	4.860709	6.073699
service	6.4218984	4.7884974	6.298046
height	5.4210835	5.139531	5.850358
prospect	7.4918947	5.1218333	6.614358
pleasant	7.741887	3.930263	5.101409
shade	4.294936	3.6368194	3.131146
listen	5.30506	5.3046384	4.7013392
mighty	6.4857664	5.5170736	7.1695347
country	5.70664	4.147468	5.7207146
title	7.7666774	4.212456	6.926672
choose	5.4760995	4.252254	4.9308047
village	6.2784615	4.803355	5.891115
acquire	7.676356	5.5624285	7.9793553
rank	6.080216	5.13454	6.0549917
bow	6.271846	4.04373	5.4005938
doctor	4.9150414	4.1231866	5.1554127
talent	8.311465	5.729052	8.005156
source	6.175142	4.8447084	5.371637
lead	4.71064	5.8233	5.167774
question	5.1285768	4.211284	5.492199
publish	5.6008663	5.0403514	5.5481157
interest	6.3678365	4.9181376	5.808718
serve	5.3430824	4.245355	4.638996
divine	7.622152	4.3887243	7.312325
put	5.060624	4.5061474	4.2709694
shadow	4.3282638	3.4702573	3.812361
practical	6.163205	4.369797	6.150806
surface	4.8570647	2.8116984	3.9437826
account	5.4373507	4.593723	5.604194
loss	3.6724787	5.3577337	3.7654645
indian	5.063215	4.998253	5.117682
vine	6.5704494	3.8670044	5.6478395
certain	5.321023	5.400844	6.0349894
sin	2.873073	5.3984857	4.582813
necessity	4.627097	5.2871733	5.756983
lose	4.149042	5.0933137	4.492347
private	4.4301586	4.437291	4.5290728
gentleman	6.6017017	4.5575314	6.2375383
daughter	5.663283	4.7493415	5.5741754
drive	2.8403378	6.902069	4.3962927
strange	4.1361933	5.4660945	4.1623926
journey	6.176431	4.1515913	4.5438824
uncle	6.737523	3.4772367	5.3829618
species	5.3543825	5.3367295	5.0186853
think	5.8957653	4.545128	4.8831086
bed	4.8844976	3.0030642	3.411283
wind	4.3850555	4.8633633	4.1840363
bless	8.062605	4.385235	6.381333
destroy	3.020828	6.8574085	5.0872474
author	6.030367	4.4774537	5.350465
sustain	5.553975	5.2389593	6.016789
black	3.5324664	4.7531695	3.993985
event	6.200148	5.798963	6.720828
liberty	7.959321	5.824461	7.907232
negro	4.1815457	4.9260545	4.7256074
little	4.3056765	3.7865345	3.1524367
fortune	6.870946	5.165187	6.321881
touch	5.7734957	4.3435187	4.4459357
kill	3.4969838	6.711085	4.7480297
feature	5.3860636	3.8834198	5.1576476
happiness	8.459725	4.6959324	6.308955
assume	4.191675	5.0183926	5.0993605
notion	5.774848	4.289671	5.321067
purchase	6.991764	4.4623184	5.902112
faithful	6.5873585	4.4605093	6.1993837
soldier	4.679264	5.828021	5.90589
father	6.0897465	4.8280807	6.1822076
narrow	2.8901749	4.3509727	3.5742774
great	5.108204	5.8230085	6.317699
tear	3.2612166	4.5118594	2.5382547
honorable	6.3435917	5.365214	6.5817666
previous	4.396181	4.7241764	4.5153975
good	6.7869797	4.2784233	6.0840464
domestic	4.9953694	3.539143	4.0922875
glory	7.352827	5.365078	6.980646
lay	4.475449	4.2406435	4.344566
occasion	5.3668528	5.414362	5.350331
guard	4.7198105	5.257945	5.836096
whole	5.4668055	4.4891157	5.8340535
mouth	4.9324584	4.3618097	4.5461965
receive	6.8829145	4.933067	5.9261236
take	3.9567041	5.406376	4.5619617
simple	6.8888264	3.9237065	5.758814
error	2.2001207	5.322777	3.7767863
wisdom	6.9310923	4.7827606	7.0711412
rock	5.1223593	4.8626943	5.449446
decide	5.04758	5.366499	6.063672
exclaim	5.5927362	6.2502637	5.569274
assure	7.4312124	5.1653495	6.3340836
sign	5.470703	3.7701707	4.7077684
preserve	5.5019364	3.989346	5.404603
commerce	6.012006	5.105063	6.45321
plant	5.17099	4.089739	5.053664
walk	5.8805733	4.6999507	4.459979
difference	4.8858924	4.8151474	4.93384
hang	4.64282	4.5258164	4.429696
following	7.1634827	3.8362558	5.983276
employ	4.932085	4.810165	5.391793
