deal	4.803041	5.342863	5.5373626
study	6.844427	4.468359	6.6564903
afford	6.9215446	5.065104	6.13148
service	6.699701	4.4858027	6.341755
height	5.0157356	5.278012	5.6422157
prospect	7.694089	5.3412633	6.5217657
pleasant	7.340798	4.181119	4.644764
shade	4.2693224	3.7489066	3.3391314
listen	5.6292467	5.6032186	5.087018
mighty	6.119284	5.525789	7.0599732
country	5.616842	4.052129	5.505131
title	7.3475413	4.2879963	6.8349543
choose	5.9305906	4.3136215	5.134222
village	6.268391	4.885002	5.789124
acquire	7.4401712	5.6472745	7.857603
rank	5.6570964	5.4187183	5.897911
bow	5.7449045	4.355111	4.775977
doctor	4.609727	4.355196	5.089218
talent	7.9193454	6.099164	7.9155073
source	6.3017917	4.8557854	5.9069624
lead	4.7217207	5.787864	5.0599785
question	5.341755	4.0570827	5.1435494
publish	5.7868977	4.915105	5.5612354
interest	6.6604385	4.976651	6.193178
serve	5.3304105	3.5803723	4.7208495
divine	7.547453	4.3889318	7.0688596
put	5.1286407	4.4817996	4.4394956
shadow	4.3550215	3.3030894	3.7059429
practical	6.18427	4.3036175	6.367316
surface	4.9429774	2.9193459	4.0658345
account	5.4843836	4.6404138	5.432247
loss	3.6302137	5.2173505	3.7680693
indian	5.2059393	4.896371	5.519999
vine	6.714175	3.49998	5.6373606
certain	5.0927467	5.279469	5.7407784
sin	2.8068132	5.3770194	4.4505715
necessity	4.4779377	5.177014	5.518754
lose	3.9751098	5.2910767	4.33605
private	4.210792	4.1850204	4.405435
gentleman	6.164335	4.3215046	5.5195584
daughter	5.65678	4.5678697	5.572822
drive	3.0729837	6.809119	4.4880385
strange	4.3008003	5.7322216	4.2373133
journey	6.0191746	4.132119	4.489524
uncle	6.8136907	3.7545009	5.738231
species	5.3890753	4.8954515	4.816312
think	5.8955765	4.810897	5.059326
bed	5.3079	2.96074	3.5016785
wind	4.43886	5.1400604	4.171727
bless	8.395353	3.9913373	6.374585
destroy	3.2161083	6.5698476	5.083098
author	5.89573	4.518185	5.2752466
sustain	5.476569	4.958026	6.0023775
black	4.1876845	4.630172	4.421252
event	6.912241	5.4610105	6.939702
liberty	7.85689	6.039198	7.574287
negro	3.857376	5.257254	4.347322
little	4.622002	4.2497416	3.4285724
fortune	6.199275	4.9462657	5.912805
touch	5.7378044	4.3857355	4.3611054
kill	3.6488414	6.4120164	4.6812487
feature	5.1856546	4.094487	5.047159
happiness	8.197568	4.690828	6.1784153
assume	4.0373926	4.8450394	4.817849
notion	5.3714123	4.4885044	5.037412
purchase	6.803206	4.439991	5.7484484
faithful	6.8435802	3.9360056	6.15507
soldier	4.601569	5.8064	5.7763324
father	6.0985675	4.5978436	6.047984
narrow	2.8790042	4.533107	3.678529
great	4.8449445	5.5361185	5.9891863
tear	3.4629781	4.9354134	2.8838918
honorable	6.0467463	5.6302443	6.280798
previous	4.416563	4.5790367	4.622292
good	6.8806844	4.0890684	6.070707
domestic	4.7204247	3.7216077	4.0421257
glory	7.4177594	5.3435783	7.005309
lay	4.522938	4.4525056	4.1157503
occasion	5.2274265	5.36399	5.370876
guard	5.0417304	5.466332	6.2664833
whole	5.1332026	4.5360603	5.3086534
mouth	5.3764963	4.419606	4.961586
receive	6.478904	4.8734636	5.4901075
take	4.794432	5.527086	5.2639203
simple	6.6092186	3.9371786	5.649811
error	2.2447157	5.6773057	3.911736
wisdom	6.993527	4.5083313	7.288827
rock	5.1760926	4.8034596	5.3745594
decide	5.222085	5.2506976	6.0864053
exclaim	6.1689415	6.2938895	5.6247234
assure	7.604163	5.1613073	6.319501
sign	5.0314264	3.7835064	4.556095
preserve	6.0144444	3.8415775	5.499224
commerce	6.382878	5.3729253	6.7820024
plant	5.1711187	4.146369	5.0293345
walk	5.8495927	4.444945	4.381529
difference	5.1474786	4.2609463	4.8485208
hang	4.233588	4.4780545	4.325232
following	7.706444	3.3946972	5.758939
employ	4.940282	5.1622443	5.5489144
