deal	5.1782746	5.214162	5.7183785
study	6.7447033	4.160183	6.5296526
afford	6.0448265	5.168336	5.805724
service	6.2778454	4.5883484	5.7644286
height	5.0841875	5.550813	5.6990743
prospect	7.4637604	5.223769	6.206656
pleasant	7.4429483	3.9928615	4.8074756
shade	4.078277	3.9438705	3.3419917
listen	5.183161	5.692959	4.886989
mighty	6.1775713	5.5676756	7.304658
country	5.91366	4.121782	5.9558
title	7.6602726	4.499826	7.070504
choose	5.4707956	4.5674767	5.0442905
village	6.2534	4.8021894	5.742986
acquire	7.8720636	5.328058	7.928118
rank	5.960536	5.324025	6.197007
bow	5.39301	4.2176094	4.75951
doctor	4.8987064	4.297538	5.1446996
talent	8.107796	5.9613943	7.866356
source	6.6362047	4.9841986	6.014378
lead	5.022668	5.7020726	5.080318
question	4.9605203	4.326023	5.280537
publish	5.9644804	4.7109356	5.6373024
interest	6.4058433	5.2015753	5.867134
serve	5.1125135	4.177244	4.666832
divine	7.3606725	4.2881336	6.9564943
put	4.8807244	4.465149	4.1180425
shadow	4.10485	3.4757547	3.5956233
practical	5.9122896	4.4500766	6.2604194
surface	4.7931824	3.250241	4.1667547
account	5.7298737	4.920859	5.9033546
loss	2.9227905	5.510113	3.556881
indian	4.720747	5.1332254	5.181979
vine	7.284967	3.5743315	5.5744257
certain	5.219234	5.224559	5.7904034
sin	2.752293	5.1885595	4.14555
necessity	4.26348	5.214657	5.426298
lose	4.180078	4.9731817	4.5024643
private	3.847056	4.4151583	4.741016
gentleman	6.17804	4.732472	5.9341445
daughter	5.991933	4.800373	5.8381643
drive	2.9373507	6.807438	4.4788527
strange	4.4281497	5.391426	4.3047037
journey	6.3546414	4.0890274	4.799225
uncle	6.1688004	4.383647	5.916916
species	5.686845	5.3027296	4.9558454
think	5.5258703	4.68354	5.0011234
bed	5.11224	3.0904486	3.5607483
wind	4.719511	4.873414	4.719052
bless	8.416414	4.0883927	6.29943
destroy	3.1378336	6.7362905	5.216178
author	5.8115435	4.4964333	5.286736
sustain	5.31989	5.090789	5.9684076
black	3.7951581	4.739714	3.819819
event	6.5248084	5.6021857	6.794259
liberty	7.656605	5.93957	7.7169
negro	3.7852752	5.3820057	4.486109
little	4.6041393	3.8714075	3.1686797
fortune	6.541852	5.2628927	6.3524394
touch	5.2052264	4.4518137	4.3527927
kill	3.6791837	6.3899593	4.6982317
feature	5.7382126	3.874105	5.423094
happiness	8.148108	4.963778	6.101246
assume	4.1901784	5.0531483	4.866536
notion	5.48973	4.277532	5.028329
purchase	6.7898207	4.6047997	5.944581
faithful	6.8969917	4.0056043	6.1639457
soldier	4.781838	5.6482716	5.929397
father	5.5172524	5.1805677	5.948672
narrow	3.1782458	4.1779375	3.4393458
great	5.729061	5.1556334	6.3474436
tear	3.2564607	4.8138533	2.7242327
honorable	5.813266	5.492102	6.27349
previous	4.50489	4.604784	4.7299643
good	7.175123	4.264508	6.680785
domestic	4.576972	3.8089492	4.331983
glory	7.5211353	5.43759	7.284547
lay	4.7978954	4.4525194	4.5299954
occasion	4.9578896	5.7285714	5.6119514
guard	4.7654424	5.384933	6.168169
whole	5.3741117	4.7352734	5.7583923
mouth	5.1689057	4.4612517	4.7949104
receive	6.7393475	4.9400945	5.7229486
take	4.8985677	4.996215	5.030859
simple	6.0837183	4.084032	5.429941
error	2.9023085	5.3420997	4.1290426
wisdom	6.9747334	4.666402	7.1133523
rock	4.949307	4.963666	5.547364
decide	5.3993506	5.0056353	6.1658697
exclaim	5.916008	6.161351	5.521567
assure	7.7579775	5.0880313	6.390733
sign	5.0568748	4.145973	4.8849244
preserve	5.8201804	4.022666	5.6030455
commerce	6.6085258	5.1228676	7.0260134
plant	5.2098737	4.2357326	4.91071
walk	5.962422	4.448987	4.2369766
difference	4.7467413	4.602364	5.0975127
hang	4.305825	4.4571967	4.2197585
following	6.9831386	3.6254375	5.656315
employ	5.3065567	4.7501144	5.875334
