deal	4.713803	5.607581	5.522689
study	6.8839626	4.571862	6.9572277
afford	6.54036	4.4782853	5.6626525
service	6.4518704	4.717277	6.11068
height	4.8133483	5.3442416	5.6324277
prospect	7.4261045	5.392027	6.481525
pleasant	7.358728	4.0275955	4.7866726
shade	4.2127466	3.6435347	3.1345124
listen	5.0647173	5.4573607	4.543101
mighty	6.0907965	5.591881	7.157888
country	5.5685787	4.429224	5.676051
title	7.0588636	4.247923	6.9242587
choose	5.53975	4.2814064	4.807244
village	6.5995398	4.8287745	5.794553
acquire	7.282419	6.102322	8.029184
rank	5.825536	5.08415	5.876665
bow	6.2922435	3.9063756	5.2106676
doctor	5.1356244	4.499747	5.3709183
talent	7.634269	5.8239074	7.3985624
source	6.464074	4.684246	5.781943
lead	5.10587	5.9124002	5.3663783
question	5.248139	4.1209645	5.5369606
publish	5.7374763	4.71561	5.4118066
interest	6.6393576	5.1889515	6.07435
serve	5.467027	3.6291022	4.4834423
divine	7.4966	4.3210974	7.283424
put	5.0186906	4.5492897	4.3317246
shadow	4.106399	3.3663826	3.588528
practical	6.236664	4.543573	6.261866
surface	4.542527	3.2355702	4.0700836
account	5.478285	4.5183268	5.457123
loss	3.1425557	5.507924	3.499797
indian	4.4421396	5.466446	5.179893
vine	6.915167	3.985755	5.567782
certain	5.272859	5.353858	5.8503656
sin	2.946979	5.3523064	4.287266
necessity	4.350628	5.0438824	5.305292
lose	3.7691221	5.372328	4.228103
private	3.994974	4.133098	4.4175
gentleman	6.030247	4.5272913	5.618637
daughter	5.6961536	4.4129076	5.4071136
drive	3.2839186	6.7257485	4.323437
strange	4.2498097	5.581825	4.189896
journey	5.899647	4.4375486	4.646736
uncle	6.2804585	3.8934717	5.9430203
species	5.284172	5.108699	4.511158
think	6.0092297	4.896315	5.3843555
bed	5.360856	2.892815	3.3426094
wind	4.8564634	4.794488	4.5260277
bless	8.324568	4.1907225	6.3337345
destroy	3.5184035	6.6269717	5.180633
author	5.708747	4.4223447	5.200929
sustain	5.4127884	4.981799	5.935326
black	3.6258929	4.7115297	3.7655919
event	6.1607337	5.640728	6.7214828
liberty	7.8538637	6.049547	7.7978973
negro	3.8591802	5.5549827	4.6201625
little	4.5328164	3.9067328	3.1975093
fortune	6.4497557	5.149516	6.1961074
touch	5.8553915	4.2547207	4.677374
kill	3.9979606	6.504709	4.832825
feature	5.576477	3.5334444	5.226239
happiness	8.222831	4.6373405	6.0802164
assume	3.731464	4.8169837	4.661382
notion	5.711624	4.1663685	5.0796995
purchase	6.5329924	4.7364264	5.8461704
faithful	6.683541	4.0831876	6.087577
soldier	4.922141	5.6010723	6.010532
father	5.578039	5.0287943	6.099146
narrow	2.9372973	4.5678926	3.634768
great	5.083145	5.378524	5.741387
tear	3.3123457	4.707111	2.8052626
honorable	6.08277	5.2295876	6.293935
previous	4.521572	4.495305	4.5181885
good	6.666395	4.4806128	6.3849955
domestic	4.973501	3.2527685	4.0550995
glory	7.5239854	5.6138177	7.1998253
lay	4.389432	4.59161	4.2401457
occasion	5.148733	5.1861167	5.161415
guard	5.026576	5.185818	6.1793036
whole	5.4004006	4.6295867	5.58294
mouth	5.115163	4.7726374	4.8865075
receive	6.6980534	4.529798	5.3352313
take	5.2371626	5.250845	5.163295
simple	6.3252387	4.331929	5.512483
error	2.5766857	5.404502	4.122632
wisdom	7.0312147	4.7721086	7.1694107
rock	4.8080535	5.100136	5.448193
decide	5.318756	5.1502385	6.428547
exclaim	5.9532685	6.0795717	5.8015375
assure	7.643675	5.042886	6.3199415
sign	5.0795074	3.6809258	4.443077
preserve	5.7658978	4.0116067	5.6268015
commerce	6.6746216	5.0326414	6.735446
plant	5.171066	4.1537194	4.726863
walk	5.496589	4.2652626	4.0358768
difference	4.528802	4.604739	4.8800316
hang	4.2317295	4.403677	4.008543
following	6.9673195	3.641945	5.470489
employ	5.0128994	4.6842265	5.5848927
