deal	5.0364923	5.023323	5.129328
study	7.0305014	4.2713013	5.988629
afford	6.49575	4.7117567	5.609984
service	6.4142933	4.732971	5.8992915
height	5.4517074	4.4993253	5.4777417
prospect	7.3238935	5.131312	6.76668
pleasant	7.56155	3.5649424	4.3883715
shade	5.845713	3.649251	4.292718
listen	5.742555	5.091498	5.0305142
mighty	5.6586676	5.429752	6.187452
country	6.0998025	4.770568	6.156111
title	6.5731587	3.6922884	5.536731
choose	5.849653	4.2027864	4.9978285
village	5.8159223	3.9927964	4.831537
acquire	6.8154554	4.777793	6.39888
rank	5.5502567	5.561563	6.4868827
bow	6.0349307	3.872252	5.1070557
doctor	4.7616644	5.2236714	5.037373
talent	7.375174	5.769061	6.997385
source	6.168632	4.391313	5.711813
lead	5.3848195	5.360134	5.315075
question	5.3317018	5.077257	5.953784
publish	6.518937	4.767945	6.5660286
interest	6.5218153	5.097423	6.3679028
serve	5.573721	4.2946258	4.799101
divine	6.3065257	5.1845884	6.3841
put	5.0308647	4.4891763	4.565121
shadow	5.4617553	3.7871132	4.238515
practical	6.9241514	4.142254	6.62304
surface	6.0079527	2.992455	4.4103003
account	5.510143	5.0049524	5.4447966
loss	4.459698	5.136771	4.445111
indian	5.0933275	4.648939	5.0204678
vine	5.3957195	3.7592957	4.661044
certain	5.7161245	4.7705173	5.4603157
sin	3.6996274	5.23761	4.246681
necessity	5.2485657	5.0954337	5.775443
lose	5.2612185	4.5531387	4.466131
private	5.4177976	5.0419955	5.5587134
gentleman	6.298291	4.6768293	5.780146
daughter	6.662086	4.743023	5.4593177
drive	3.9146178	5.9059873	4.832185
strange	4.868467	4.6715727	4.3378224
journey	6.4406805	4.078914	4.89855
uncle	5.425358	5.761851	5.3424163
species	5.8794928	4.160282	5.351549
think	5.5747	4.728755	4.86491
bed	5.095853	3.5593643	3.8458598
wind	4.585635	4.9743714	4.6164823
bless	6.8164873	3.9485388	5.229392
destroy	3.3676708	5.448798	4.195813
author	6.1051064	5.0572743	5.9515533
sustain	5.9049244	5.2041526	6.3714557
black	4.174098	3.967842	4.163942
event	6.249832	5.3406186	6.651557
liberty	5.9984407	5.051399	6.4666886
negro	4.894614	5.2998476	4.953721
little	6.053575	4.062796	4.4895434
fortune	6.7584705	5.432888	6.300652
touch	5.680225	4.529194	4.5769477
kill	3.7141418	6.288521	4.508145
feature	6.5162597	4.4055166	5.7412186
happiness	7.105549	4.7082925	5.9061594
assume	5.403906	4.375852	5.1195183
notion	4.745214	4.746746	5.1566963
purchase	6.155252	5.0773177	5.7111497
faithful	6.1780777	5.0310473	6.359503
soldier	5.1785693	5.4670615	6.0522213
father	5.767782	4.468451	5.328626
narrow	3.8705995	3.887006	4.051993
great	6.272638	4.929118	6.2585344
tear	3.9772267	4.780883	3.6653557
honorable	5.899093	5.2725377	6.4151797
previous	5.4549055	4.2776914	4.867305
good	6.3761544	4.5410233	5.1955867
domestic	5.7945285	3.8415892	5.117613
glory	7.3867197	5.177941	6.809151
lay	5.1957817	4.212001	4.5133524
occasion	5.80952	5.4102	5.7989354
guard	5.119772	5.74212	6.500266
whole	6.03308	4.445464	5.5658493
mouth	4.821365	4.665018	4.2306848
receive	6.27297	4.7325177	5.7600555
take	5.434683	4.423873	4.6918426
simple	7.1892786	3.9128385	5.6372414
error	3.5471277	5.4515653	4.972628
wisdom	7.750014	4.1186547	7.0464
rock	4.9052916	4.3378587	4.4238877
decide	5.6917562	5.216015	5.9287043
exclaim	5.639599	5.704681	5.1912584
assure	6.69252	5.2215805	5.8847237
sign	5.425995	4.6479487	5.2110243
preserve	6.558483	4.0347953	5.802291
commerce	6.304046	4.3960557	6.209626
plant	5.2407656	3.658589	4.708291
walk	5.7102194	4.371082	4.3707643
difference	5.637141	3.9447544	5.101736
hang	4.1862264	4.4659233	3.7831774
following	6.6396003	4.226393	5.545047
employ	5.670355	4.5484123	5.5566983
