deal	4.831761	5.3125834	5.4207115
study	6.8501062	4.250923	5.9973626
afford	6.4093423	4.8412056	5.847149
service	6.2298417	4.87887	5.8398066
height	5.871743	4.509571	5.318392
prospect	7.180883	5.172363	6.2632127
pleasant	7.400238	3.557764	4.427812
shade	5.482318	3.4190247	4.4504056
listen	5.8033433	4.9929786	4.78152
mighty	5.5136724	5.8473253	6.4899645
country	6.244998	4.904233	6.3410954
title	6.808783	3.9507008	5.8761325
choose	5.898874	4.375372	5.4125395
village	5.660085	4.2409263	4.9865456
acquire	6.8366127	5.1336117	6.82972
rank	5.7393093	5.5763807	6.140424
bow	5.692308	4.300491	5.270124
doctor	4.6505156	5.319356	5.0317273
talent	7.3692713	5.556985	7.1583385
source	6.608366	4.4049525	5.6294403
lead	5.65499	5.2271943	5.553102
question	5.339468	5.177556	5.965615
publish	6.9969006	4.840736	6.8444767
interest	6.3003902	5.157769	6.409191
serve	5.4296737	4.7799516	4.9023113
divine	6.4654126	4.980952	6.167811
put	5.220481	4.449789	4.61699
shadow	4.8833866	3.5122101	4.2822204
practical	6.0479765	4.3409324	6.1253123
surface	5.6409583	3.470612	4.5357933
account	5.523088	5.160044	5.610938
loss	3.90473	5.0124106	4.15489
indian	5.1680956	4.8395114	5.3670106
vine	5.92906	3.8429816	4.4348726
certain	5.7347035	4.95769	5.760662
sin	3.368673	5.2423067	4.0567865
necessity	4.9657044	5.503952	5.8166876
lose	5.1440344	4.749048	4.674528
private	5.7731314	5.138091	5.627046
gentleman	6.675245	4.9178796	5.9252987
daughter	6.7282352	4.627956	5.296418
drive	3.724228	5.9681296	4.886268
strange	4.931359	5.019473	4.5421023
journey	6.881959	4.076218	4.805741
uncle	5.9123173	4.6634493	5.400455
species	5.4710693	4.5997167	5.4116573
think	5.7156687	4.772643	4.9293957
bed	5.617294	3.797544	4.0857334
wind	4.4635196	4.933753	4.7496777
bless	7.0205874	4.0379443	5.354471
destroy	3.4907618	5.553814	4.6718483
author	6.279848	5.1371098	6.0659256
sustain	5.6290207	4.9870806	5.832044
black	4.09704	3.948639	3.9403632
event	5.9637485	5.5463834	6.59834
liberty	6.526395	5.1134577	6.639174
negro	4.9734955	5.41546	4.5872507
little	6.0949883	4.363416	4.759291
fortune	6.7046576	5.4089303	6.4384775
touch	5.8266068	4.436798	4.5461583
kill	4.0865173	6.0926456	4.7550125
feature	6.539273	4.403965	5.8707047
happiness	7.3324447	4.3031096	5.5964537
assume	5.6375837	4.9014587	6.0267444
notion	4.6601114	5.17855	5.227122
purchase	5.915941	4.9961185	5.7723575
faithful	6.3610473	4.7377014	6.255239
soldier	5.5142307	5.5359154	6.1347065
father	6.0023	4.518102	5.428516
narrow	4.383341	4.223682	4.235606
great	6.1748586	5.137508	6.2992625
tear	4.398699	4.738492	3.7144642
honorable	5.575858	5.4482236	6.217719
previous	5.527391	4.7010355	5.4144416
good	6.411187	4.6608586	5.266393
domestic	6.0049047	4.002643	5.178908
glory	7.5447836	5.442252	6.944249
lay	5.4595976	4.247846	4.9407015
occasion	5.5939436	5.6002784	5.8115816
guard	5.1504455	5.7025633	6.159658
whole	6.071017	4.667287	5.69559
mouth	5.1343293	4.717216	4.555495
receive	6.5028963	4.726123	5.888787
take	5.525219	4.5867405	4.9145937
simple	6.3712215	4.155824	5.402851
error	3.7526941	5.453211	4.6173854
wisdom	7.4219913	3.9593446	6.285967
rock	5.12238	4.5223374	4.845874
decide	5.610966	5.242095	5.9601097
exclaim	6.0732107	5.7200108	5.768317
assure	6.358992	5.3838415	6.1003566
sign	5.6619825	4.7457366	5.163284
preserve	5.95565	4.3239627	5.901095
commerce	6.261885	4.7449937	6.6123047
plant	5.5083904	4.241274	5.1297607
walk	6.003217	4.220603	4.71047
difference	5.5171456	3.891631	5.18926
hang	4.3764377	4.428693	3.8888927
following	6.5613604	4.3128924	5.6130514
employ	6.071168	4.74779	5.823823
