deal	5.218452	5.005636	5.2671423
study	6.9665956	3.9212754	5.8862934
afford	6.543642	4.4657283	5.3647366
service	6.508275	4.6670165	6.030196
height	5.4346275	4.166666	5.107831
prospect	7.2230816	5.00085	6.4944344
pleasant	7.6834	3.6218643	4.7142577
shade	6.2153053	3.416003	4.2964754
listen	5.563786	4.9776564	4.4771667
mighty	6.139446	5.259736	6.0953083
country	6.268716	4.6742926	6.1739044
title	7.377676	3.8702207	6.314254
choose	5.7022905	4.382018	5.4001703
village	5.758424	3.987619	4.728717
acquire	7.1176662	4.7529407	6.584682
rank	5.959604	5.738202	6.313586
bow	5.946537	4.328675	4.8744345
doctor	4.8922815	4.8360095	4.680113
talent	7.4814606	5.534808	6.993598
source	6.5562887	4.416276	5.990201
lead	5.3955812	5.648487	5.3914104
question	5.487746	4.813588	5.894595
publish	6.362196	4.536886	6.609028
interest	6.439168	5.022441	6.1716537
serve	5.7798066	4.612339	5.2280717
divine	6.536604	4.526946	6.174195
put	4.9912734	4.458051	4.414323
shadow	5.618004	3.511025	4.2223663
practical	6.477831	4.2260413	6.418895
surface	5.8030324	3.0378428	4.8538046
account	5.308183	5.000825	5.380136
loss	4.488624	5.094128	4.1429396
indian	4.7757215	4.8592253	5.0453663
vine	5.5127234	3.6739159	4.795026
certain	5.6174417	4.7479343	5.4198914
sin	3.7035975	5.19606	4.2778273
necessity	5.0580974	5.178333	5.505018
lose	5.2049937	4.6928263	4.5784535
private	5.3421817	4.881855	5.435415
gentleman	6.163242	4.9847302	5.679109
daughter	6.363742	4.969055	5.240116
drive	3.8076742	6.2575665	5.037604
strange	4.5989757	4.9923806	4.448668
journey	5.7710056	3.79407	4.39889
uncle	6.0071783	5.1124377	5.7167587
species	5.8140473	4.2353983	5.2433453
think	5.521649	4.671241	4.8669524
bed	5.060142	3.530037	3.9577477
wind	4.4075265	5.215674	4.948327
bless	7.205489	3.664516	5.3525853
destroy	3.3293772	5.408111	4.4989777
author	5.9590383	5.036381	6.0075197
sustain	5.892739	4.748412	5.8175554
black	4.6114883	3.8183978	4.202117
event	5.8608637	5.4097815	6.2083526
liberty	6.5658636	4.7081475	6.457441
negro	5.0232587	5.3919716	4.8896246
little	6.0195665	4.172423	4.6238265
fortune	6.4007006	5.624433	6.4923587
touch	5.7488947	4.398402	4.5937614
kill	3.4678247	6.2766547	4.4415417
feature	6.276558	4.292056	5.4205
happiness	6.9438496	4.6799283	5.73161
assume	5.450234	4.345185	5.0348673
notion	4.1996965	5.5911903	5.1993523
purchase	6.045679	4.93032	5.9942956
faithful	6.298943	4.667901	6.5078564
soldier	5.1213036	5.5452495	6.21862
father	5.808638	4.482634	5.13271
narrow	3.8319454	3.8511748	4.090836
great	6.3969865	4.9888663	6.2746725
tear	4.4155545	4.8607106	3.82413
honorable	5.9130077	5.293598	6.1274753
previous	5.113539	4.9182324	5.0441732
good	6.492784	4.388708	5.2378826
domestic	6.0718617	3.7676601	5.2581415
glory	7.634959	5.2026324	6.977856
lay	5.4143267	4.106098	4.5927987
occasion	5.662441	5.4798207	5.7583723
guard	5.6276402	5.4163156	6.2810955
whole	5.9946976	4.5741796	5.561717
mouth	5.0409794	4.8889747	4.521706
receive	6.4412103	4.5892544	5.748263
take	5.470843	4.385675	4.6938825
simple	6.6940827	3.7331178	5.209741
error	3.4569032	5.6267686	4.629226
wisdom	7.427984	3.7525845	6.3474483
rock	5.1011267	4.5140452	5.3400397
decide	5.438963	5.20343	5.9424014
exclaim	5.9433413	6.1950703	5.4950986
assure	6.512566	5.365591	5.8427806
sign	5.3339453	5.0905037	5.2450194
preserve	6.4831734	4.086036	5.741177
commerce	6.3621893	4.805749	6.5207963
plant	4.962331	4.3293896	5.025508
walk	5.947041	4.292289	4.512288
difference	5.4795876	3.9398022	4.7279997
hang	4.4083567	4.5803714	4.036016
following	6.474265	4.3361506	5.3581257
employ	6.059528	4.448019	5.674426
