deal	5.038395	4.818327	4.9578342
study	7.112001	4.220881	6.1582527
afford	6.677225	4.341243	5.5649996
service	6.365009	4.93525	6.111927
height	5.750654	4.4706235	5.703592
prospect	6.772327	5.131839	6.176705
pleasant	7.6259212	3.6561284	4.7029386
shade	5.35029	3.324894	4.265603
listen	5.896915	4.9703727	4.925075
mighty	5.49576	5.367758	6.1520925
country	6.1614947	5.0184507	6.217261
title	6.6575685	4.4070196	6.1665363
choose	5.8315234	4.086308	5.4107313
village	5.686111	3.9051669	4.800227
acquire	7.0890455	4.78683	6.469103
rank	6.0896482	5.6060066	6.648798
bow	5.6549816	3.9971495	5.085078
doctor	4.596278	4.3558755	4.5288534
talent	7.297921	5.5668287	7.133076
source	6.58716	4.690998	5.8405304
lead	5.6858764	5.55899	5.578126
question	5.3910646	4.980451	5.9249387
publish	6.68557	4.513966	6.392277
interest	6.37394	5.2267	6.342128
serve	5.4503207	4.7454743	5.103935
divine	6.4284353	4.914867	6.4224515
put	5.0077195	4.2920213	4.483081
shadow	4.767131	3.469922	4.168682
practical	6.9795256	4.1420827	6.499282
surface	5.318484	3.2729778	4.438298
account	5.4545794	4.8014803	5.2265496
loss	4.092242	5.043115	4.2917137
indian	5.4150867	4.8563666	5.4236445
vine	5.5127816	4.20433	4.721045
certain	5.491159	4.7724895	5.359535
sin	3.645613	5.132155	4.235166
necessity	5.4757085	5.098106	5.64025
lose	5.044317	4.766094	4.7746572
private	5.471511	5.0391035	6.083664
gentleman	6.7948694	4.9178267	6.1009693
daughter	6.890785	4.7407465	5.930392
drive	4.0073957	6.35169	5.22402
strange	5.2479396	5.039804	4.684482
journey	6.7333508	3.8454244	4.9291725
uncle	5.148922	5.3292274	5.5324955
species	5.5255575	3.6359072	4.6963096
think	5.5377507	4.676036	4.91503
bed	4.5032477	3.1832738	3.4597216
wind	4.530772	4.8430123	4.6514173
bless	6.6698084	3.8112557	5.074004
destroy	3.5417187	5.403781	4.5886164
author	6.380206	5.106767	5.9468284
sustain	5.824663	4.8251286	5.975132
black	4.226858	3.8545003	3.963075
event	6.088036	5.412014	6.6104326
liberty	5.945895	5.3298264	6.3037434
negro	5.645874	5.2628155	5.4845486
little	6.2037597	4.153407	4.6850023
fortune	6.402715	5.638789	6.4681044
touch	5.502271	4.466613	4.6360636
kill	3.3258338	5.939783	4.058702
feature	6.560734	4.2303104	6.008661
happiness	7.1010633	5.2491865	6.1674786
assume	5.5323944	4.635623	5.6550527
notion	5.0228295	5.323531	5.633276
purchase	6.4000096	4.9547048	6.216074
faithful	5.883807	5.1039553	6.4461026
soldier	5.3409886	5.249233	6.417566
father	5.9212985	4.685945	5.486635
narrow	3.845274	4.0807514	4.5199957
great	6.2351027	4.9256344	6.136154
tear	3.9395387	4.7187977	3.4728518
honorable	5.9516745	5.621525	6.5553575
previous	5.596344	4.5111756	5.154434
good	6.476453	4.4080353	5.2628117
domestic	5.873999	4.1644025	5.2813463
glory	7.5379534	5.2341857	6.8896685
lay	5.434391	3.9219341	4.6224723
occasion	5.961662	5.337373	5.775056
guard	5.2698727	5.7069616	6.481983
whole	5.9338684	4.3668346	5.5773926
mouth	4.762707	4.8511696	4.2928157
receive	6.284189	4.6881323	5.7901897
take	5.4290595	4.4261084	4.9069157
simple	6.6351824	3.9177775	5.4655766
error	3.6000988	5.3734217	4.8933034
wisdom	7.508333	3.8590477	6.637502
rock	4.963855	4.42606	4.816434
decide	5.380153	5.35563	6.05746
exclaim	5.5852423	5.976513	5.2525325
assure	6.756845	5.392237	6.072158
sign	5.370639	4.897668	5.0813656
preserve	6.448772	4.2357326	5.5086837
commerce	6.084609	4.746963	6.4318027
plant	5.5490985	3.8613935	4.94462
walk	5.6616907	4.274652	4.3804436
difference	4.9041557	4.0039606	4.7724195
hang	4.4030504	4.434311	4.050254
following	6.653901	4.3203335	5.59406
employ	5.8220673	4.577598	5.7110095
