deal	5.047102	4.831153	4.82086
study	6.7149	4.245752	5.956972
afford	6.865348	4.3745933	5.697262
service	6.500007	4.842494	6.1921425
height	5.5674314	4.4857316	5.4454436
prospect	7.2214756	4.7971253	6.3163614
pleasant	7.273631	3.5513475	4.1806993
shade	5.459045	3.4266412	4.419902
listen	5.7838225	4.832039	4.587983
mighty	5.4497285	5.921256	6.3089995
country	6.1799765	4.8220897	6.2126923
title	6.6505966	4.419187	5.982578
choose	6.061218	4.0346184	5.5432625
village	5.561588	4.1948524	4.8008904
acquire	6.965734	4.8319535	6.7155743
rank	5.8970075	5.7340536	6.404701
bow	5.7058506	4.229081	5.2148848
doctor	4.58715	4.585635	4.5428705
talent	7.5742016	5.7548556	7.2564297
source	6.772712	4.7348695	5.9215384
lead	5.201604	5.142706	5.383064
question	5.3570633	4.9324117	5.8040166
publish	6.085231	4.67883	6.3632183
interest	6.5412707	5.293333	6.3556943
serve	5.870081	4.461491	5.1062627
divine	6.552131	4.831692	6.1829777
put	5.323817	4.190023	4.5054407
shadow	4.7837696	3.689336	4.42443
practical	6.386916	4.324539	6.3500605
surface	5.4309554	3.8466446	4.710919
account	5.591235	4.859912	5.4919763
loss	4.4201984	4.9045196	3.9677114
indian	5.071587	4.638582	5.443313
vine	5.62782	3.8551817	4.794655
certain	5.5519843	4.864303	5.624177
sin	3.6289928	4.83467	4.2115717
necessity	5.433878	5.2066407	5.8760033
lose	5.106247	4.7804885	4.642555
private	5.5874243	4.8988996	5.5286303
gentleman	6.3049994	5.011548	5.8761787
daughter	6.5886497	4.415636	5.4627166
drive	4.054908	5.876973	4.8759365
strange	5.123671	4.983103	4.6431327
journey	5.935904	4.2986045	4.6279435
uncle	5.8878093	4.789051	5.58636
species	5.5326433	4.1463146	5.0867853
think	5.618944	4.812792	4.988745
bed	5.3832164	3.8344116	4.2291446
wind	4.520577	4.740669	4.4849043
bless	6.7894864	3.9988017	5.1572676
destroy	3.5096586	5.503248	4.577463
author	6.2897367	4.8195696	6.018778
sustain	5.777349	5.049794	5.914828
black	4.578022	3.8344963	4.373577
event	6.0454526	5.61806	6.604802
liberty	6.2223253	5.360689	6.5816145
negro	5.1848345	4.716375	4.914257
little	6.067704	4.138186	4.5976925
fortune	6.3594227	5.6806555	6.354105
touch	5.8766866	4.375527	4.539646
kill	3.8293827	5.745945	4.502888
feature	6.174042	4.8159485	5.9935274
happiness	7.093062	4.8011446	5.883011
assume	5.188924	4.831734	5.428634
notion	4.4745417	5.361481	5.419999
purchase	6.008884	4.6264462	5.35798
faithful	6.629036	5.153222	6.569791
soldier	5.519513	5.705573	6.3791966
father	5.846681	4.478269	5.4311376
narrow	3.9672875	4.2208886	4.5209947
great	6.2381144	4.8237505	6.0648246
tear	4.108854	4.580594	3.3688822
honorable	5.9708743	5.645608	6.5651627
previous	5.3191953	4.436307	5.0476785
good	6.411125	4.553168	5.282975
domestic	6.3693495	3.8074734	5.308248
glory	7.277422	5.37962	6.7757716
lay	5.211967	3.9638982	4.394617
occasion	5.7422504	5.3807735	5.609788
guard	5.761197	5.6176825	6.7725596
whole	6.024899	4.23118	5.4823475
mouth	5.273996	4.422428	4.6808124
receive	6.6829896	4.641513	6.0015755
take	5.496995	4.3929152	4.8584895
simple	6.9469976	4.1251116	5.6156006
error	3.4684546	5.230295	4.7235937
wisdom	7.8630786	4.4130106	7.0221214
rock	5.093259	4.1733246	4.8809233
decide	5.68537	5.54506	6.0891824
exclaim	5.7923727	5.683993	5.21394
assure	6.5895658	5.2439566	5.9574256
sign	5.563464	5.113353	5.3838453
preserve	6.380142	4.0137477	5.518303
commerce	6.2805367	4.250528	6.424108
plant	5.3348613	3.9656703	4.9640994
walk	5.780902	4.2381334	4.236443
difference	5.1795206	4.0279937	4.7037406
hang	4.4430223	4.236235	3.769145
following	6.536797	4.0958843	5.5565214
employ	6.0692263	4.100205	5.577952
