deal	4.9723144	5.2634926	5.1835175
study	6.8898377	4.1993785	6.046764
afford	6.8687057	4.449646	5.837202
service	6.689537	4.5435553	6.1348705
height	5.766927	4.53697	5.7564745
prospect	7.5801835	4.949586	6.59039
pleasant	7.2359123	3.7946	4.4441686
shade	5.9107604	3.0915055	4.0234256
listen	5.8616624	4.928606	4.77943
mighty	5.4942384	5.6010857	6.277112
country	6.0892563	5.058051	6.2379727
title	6.646421	4.391957	6.1649394
choose	5.66786	4.567207	5.6171875
village	5.7044964	4.083744	4.711603
acquire	7.169827	5.0191154	6.7480855
rank	5.994362	5.6485353	6.3809576
bow	5.944985	4.2708006	5.242936
doctor	4.8287706	5.064154	4.949824
talent	7.5495453	6.1936917	7.4425464
source	6.0809	4.7563205	6.093331
lead	5.5074534	5.37526	5.524072
question	5.2725744	5.0260363	6.055086
publish	6.320427	4.5916286	6.500555
interest	6.323984	5.3249326	6.397838
serve	5.847692	4.2288504	5.164796
divine	6.6044207	5.003372	6.5561233
put	5.1798387	4.311283	4.8111153
shadow	5.2266183	3.4272714	4.32603
practical	6.587871	4.117711	6.247345
surface	5.3362727	3.6267502	4.635356
account	5.5098586	4.739574	5.4926076
loss	4.7999306	4.8559093	4.561233
indian	4.8533764	4.9416227	5.1889944
vine	5.1851163	4.6569614	4.850791
certain	5.7366037	4.8169236	5.557412
sin	3.6291668	4.425045	4.025717
necessity	5.1359377	5.6826315	5.8143644
lose	5.3406467	4.838187	4.792836
private	5.731992	5.1097836	5.8160725
gentleman	6.479994	4.888633	5.745151
daughter	6.5558534	4.748057	5.4783087
drive	3.6309404	6.1311502	5.048861
strange	5.0485525	5.070511	4.7054577
journey	6.3775725	3.8572402	4.8679585
uncle	5.856855	4.7215767	5.4270906
species	5.5461	3.9321039	5.1005454
think	5.7731266	4.8391924	5.2307367
bed	5.438184	3.7427855	3.9309764
wind	4.514863	5.1234493	4.8185544
bless	7.033379	4.2585483	5.3966417
destroy	3.286104	5.6426477	4.727737
author	5.883954	4.757972	6.2173243
sustain	5.751254	5.1145005	6.1891384
black	4.294451	3.7633822	3.9906962
event	6.008657	5.5738716	6.45756
liberty	6.025321	5.19414	6.452338
negro	5.3653708	5.168593	4.77414
little	6.0957937	4.206978	4.7501473
fortune	6.649767	5.509997	6.3147407
touch	5.8122077	4.4906645	4.741519
kill	3.9256067	6.154784	4.878031
feature	6.676451	4.475615	5.913532
happiness	6.9865875	5.168973	6.0419664
assume	5.817829	4.592168	5.697699
notion	4.802159	5.061538	5.4129086
purchase	6.319195	4.686096	5.558328
faithful	6.1835256	4.6836767	6.168399
soldier	5.5142927	5.628499	6.2276344
father	5.811566	4.4156675	5.230877
narrow	3.9959497	3.9099665	4.353456
great	6.367414	5.026869	6.340911
tear	4.679356	5.0527706	3.9428306
honorable	6.090437	5.2371	6.393231
previous	5.5426764	5.13186	5.584049
good	6.441877	4.616259	5.494789
domestic	6.0121894	4.0431232	5.219467
glory	7.472124	5.2271066	6.9070263
lay	5.236124	3.8862753	4.6610193
occasion	5.7066913	5.145358	5.693837
guard	5.2623363	5.449011	6.217164
whole	6.2147346	4.4867578	5.9451857
mouth	5.238576	4.705227	4.5694113
receive	6.665944	4.4909897	5.916312
take	5.6136217	4.4227676	5.0254736
simple	6.9747276	3.8887463	5.435432
error	3.806201	5.118513	4.937268
wisdom	7.8641872	4.2579603	7.15781
rock	5.008719	4.3701396	4.9861617
decide	5.6065702	5.439311	5.976732
exclaim	5.8481565	6.2806835	5.246705
assure	6.578005	5.1066184	5.9911118
sign	5.7020183	4.6924357	5.326649
preserve	6.389849	4.2061286	5.6207123
commerce	6.6574073	4.1645155	6.163886
plant	5.217317	4.439288	4.9838405
walk	5.854324	4.184949	4.377634
difference	5.1523137	4.0198336	4.9973645
hang	4.7366886	4.454271	3.9854665
following	6.652206	4.148223	5.7069807
employ	5.957885	4.411697	5.9492397
