deal	5.0986795	4.8876104	5.3575964
study	6.8218737	4.3799295	5.9872417
afford	6.6502957	4.509491	6.0260077
service	6.5275564	4.9605546	6.1140327
height	5.2038264	4.844592	5.2411437
prospect	7.1349554	5.370112	6.372785
pleasant	7.359353	3.5590205	4.650247
shade	5.460426	3.5145404	4.6987963
listen	5.8289986	4.7202897	4.793207
mighty	5.952016	5.1562	6.381878
country	6.0525055	4.854981	6.27897
title	6.7145634	4.2316785	5.5652523
choose	5.831866	4.4720554	5.4972124
village	5.793303	4.536263	5.280271
acquire	6.9724674	4.971125	6.4897747
rank	5.884845	5.6632514	6.4579296
bow	5.866406	3.9122834	5.2128983
doctor	4.4201365	4.979757	4.845892
talent	7.642394	5.7598667	7.104845
source	6.4854326	4.5358186	5.922887
lead	5.298644	5.348518	5.4106283
question	5.3076606	5.0213084	5.864806
publish	6.4695783	4.4786506	6.3179736
interest	6.54679	5.1823907	6.5535173
serve	5.577531	4.5641885	5.1330886
divine	6.777025	4.7152486	6.2844853
put	4.823877	4.4673066	4.5243087
shadow	4.797412	3.8489664	4.3740454
practical	6.6616836	4.3360214	6.1419706
surface	5.705643	3.269263	4.56772
account	5.3646264	5.2373867	5.483547
loss	4.5807037	4.671084	4.195326
indian	5.1809993	4.6494756	5.280772
vine	5.79525	4.0351534	4.423296
certain	5.6089687	4.695744	5.52975
sin	3.794528	5.0892696	4.569999
necessity	5.449097	5.193042	5.8028927
lose	5.1566644	4.6340547	4.4956217
private	5.353325	5.2775536	5.6609063
gentleman	6.8016458	5.0644884	5.9017134
daughter	6.5095143	4.8284116	5.0807285
drive	3.9928484	6.200882	5.0861397
strange	4.6246724	5.171832	4.3842764
journey	6.096255	4.117075	4.3625154
uncle	6.1299047	4.923439	5.277455
species	5.8803043	4.3181877	5.3880606
think	5.624519	4.771849	4.94749
bed	4.993608	3.5051122	3.7327433
wind	4.6828685	5.200476	4.7776637
bless	6.640826	3.863212	5.0428805
destroy	3.3301797	5.8869066	4.4507723
author	6.235886	4.8650827	5.7596602
sustain	5.8512373	4.899768	6.2776036
black	4.0536957	4.125063	4.4254117
event	6.380168	5.493254	6.7059193
liberty	6.15734	4.984681	6.205426
negro	5.120877	5.5818872	5.295488
little	6.029137	4.190403	4.6023607
fortune	6.6374454	5.429096	6.113164
touch	5.765932	4.477401	4.6503057
kill	3.9972892	6.1252513	4.428037
feature	6.328654	4.3695555	5.774661
happiness	7.174753	4.876374	6.036708
assume	5.37629	4.1650634	5.349424
notion	4.4420094	5.410587	5.0071273
purchase	6.2472777	4.603226	5.982189
faithful	6.642763	5.249612	6.601922
soldier	5.4357505	5.4129505	6.2312727
father	6.0388103	4.588728	5.243489
narrow	3.9002628	4.4194098	4.377072
great	6.339283	4.967869	6.409196
tear	4.45443	4.712112	3.7998934
honorable	6.1252193	5.554062	6.5393806
previous	5.3019395	4.378058	4.8700624
good	6.539804	4.7769547	5.4704037
domestic	5.585639	4.2905855	5.115985
glory	7.4215055	5.1840334	6.900038
lay	5.1987057	3.9484208	4.5053124
occasion	5.880137	5.223299	5.9961185
guard	5.379868	5.4996104	6.6393375
whole	5.9039383	4.4705205	5.519983
mouth	5.462086	4.603514	4.5039687
receive	6.282914	4.7862844	5.898631
take	5.4013386	4.4189887	4.8079185
simple	6.8616	3.9288735	5.4311295
error	3.3853362	5.4639215	4.8463235
wisdom	7.7417774	4.4121037	6.6648264
rock	5.126519	4.3026686	4.890699
decide	5.432424	4.9025636	5.5473957
exclaim	5.773376	5.8996	5.5812063
assure	6.854558	5.2505846	6.1797276
sign	5.4189506	4.8221183	5.3809223
preserve	6.3749895	4.190299	5.837062
commerce	6.4031525	4.095818	6.273665
plant	5.439861	4.0847073	4.6549883
walk	5.75407	4.260524	4.5193014
difference	5.819553	3.6817968	4.8264337
hang	4.6444287	4.4882026	4.2289085
following	6.4743805	4.2540264	5.5233035
employ	5.952047	4.409792	5.749236
