deal	5.0921574	4.7246437	5.005456
study	7.2459702	4.0937405	5.895907
afford	6.696572	4.5681996	5.6638885
service	6.4417305	4.905819	6.0590954
height	5.4144936	4.8473573	5.8189964
prospect	7.2664022	5.067607	6.5739574
pleasant	7.1807346	3.5925584	4.2478094
shade	5.3775744	3.5186462	4.341522
listen	5.870248	4.7302847	4.819183
mighty	5.54015	5.533538	6.2244353
country	6.2301264	4.80466	6.1652613
title	6.368428	4.349399	6.078838
choose	5.6978126	4.308753	5.188743
village	5.38928	4.25953	4.6752257
acquire	6.9480643	5.0348125	6.946262
rank	5.9423146	6.027961	6.6885986
bow	5.959708	4.010469	5.2006507
doctor	4.8986235	4.7154617	4.9258256
talent	7.64862	5.6320014	7.5585623
source	6.7759247	4.3963246	6.119874
lead	5.529235	5.343033	5.359188
question	5.586094	4.833679	6.038054
publish	6.44686	4.7361403	6.530942
interest	6.386227	5.240477	6.365279
serve	5.461532	4.5045104	5.080513
divine	6.725823	5.1645255	6.510142
put	5.2272954	4.1746235	4.4917874
shadow	4.834899	3.7197225	4.25071
practical	6.0781865	4.306751	6.193562
surface	5.6941175	3.4704447	4.8671813
account	5.430642	5.164202	5.484213
loss	4.2030325	4.974539	3.9793262
indian	5.439375	4.5909066	5.3180914
vine	6.43904	4.3625617	5.423644
certain	5.772287	4.782408	5.5357738
sin	3.8199086	5.1929684	4.483795
necessity	5.1740923	5.19987	5.85782
lose	4.935694	4.9015236	4.4707475
private	5.776578	5.333633	5.749555
gentleman	6.5749393	4.81127	5.9359617
daughter	6.8320723	5.3104033	5.9605937
drive	3.8414655	6.068836	4.8762965
strange	5.0914435	5.1017327	4.592975
journey	6.1726933	3.9632306	4.651447
uncle	5.8792825	4.9827104	5.5390143
species	5.824165	3.95492	5.1931567
think	5.8038063	4.669222	5.0414524
bed	5.2492666	3.6798384	3.8754537
wind	4.62084	5.041209	4.7566776
bless	6.7237177	4.034341	5.2181334
destroy	3.2917519	5.570223	4.525295
author	6.395964	4.817903	5.919628
sustain	5.6654005	4.704709	5.882136
black	4.471698	4.085073	4.2230425
event	6.2413993	5.2865505	6.640011
liberty	6.057068	5.326297	6.5188675
negro	5.4775915	5.5012674	5.298803
little	5.986873	4.2111654	4.5095844
fortune	6.6567287	5.558578	6.5796947
touch	5.8886166	4.287906	4.651975
kill	3.5616367	5.790662	4.1683135
feature	6.600716	4.293562	5.8818564
happiness	7.3586674	4.8558183	6.1159797
assume	5.4564652	4.4669647	5.5916133
notion	4.656501	5.3026857	5.394657
purchase	6.042543	5.1791744	5.8506427
faithful	6.816065	5.158939	6.6630926
soldier	5.445012	5.39723	6.0249634
father	6.102828	4.6380963	5.432726
narrow	4.258704	4.0249286	4.393369
great	6.1767244	4.9146347	6.2249765
tear	4.4089193	4.8845186	3.5797634
honorable	5.9494705	5.462256	6.5886
previous	5.4083853	4.7567534	5.400461
good	6.379574	4.4575753	5.179951
domestic	6.0189114	3.9688525	5.0086493
glory	7.793502	5.2028265	7.1683464
lay	5.4307494	3.767045	4.427566
occasion	5.636915	5.2424197	5.718242
guard	5.3236856	5.5477343	6.4535227
whole	6.0953617	4.526853	5.675216
mouth	5.4506173	4.421083	4.314234
receive	6.1986666	4.975598	5.8621225
take	5.4933753	4.3781686	4.7622533
simple	6.728309	3.5982933	5.275009
error	4.1197915	5.276991	5.101159
wisdom	7.3496637	4.5745754	6.757161
rock	5.2781796	4.6094594	5.188573
decide	5.5859423	5.251566	6.0459766
exclaim	5.7870035	5.869458	5.329713
assure	6.4593835	5.3894424	6.2603064
sign	5.2440653	4.9928694	5.1751404
preserve	6.4145036	3.8949504	5.671217
commerce	6.3901386	4.488876	6.402623
plant	5.4849596	4.184086	5.093009
walk	6.1989703	4.1474514	4.581717
difference	5.3263273	3.5346866	4.805644
hang	4.2985578	4.250881	3.921449
following	6.7157207	4.2759647	5.602671
employ	6.162884	4.4264765	5.829886
