deal	4.890822	4.951317	5.122677
study	7.2572937	4.2264395	6.4526668
afford	6.550014	4.461754	5.6348724
service	6.2875752	4.8054953	6.041892
height	5.5529623	4.3779483	5.263336
prospect	7.2944174	5.0621185	6.281393
pleasant	7.386058	3.9395225	4.8389378
shade	5.491152	3.2548218	4.404755
listen	5.5130105	5.03748	4.77561
mighty	5.2248287	5.3415995	5.9772305
country	6.1305	4.914242	6.0969186
title	6.70921	4.300425	6.011011
choose	5.5698752	4.1936626	5.2696958
village	5.663384	4.2842503	5.0447764
acquire	7.2065434	5.0354676	6.922596
rank	6.3715215	5.6282797	6.4558344
bow	5.8526297	4.09437	5.2309575
doctor	5.04006	4.496092	4.9037166
talent	7.6492686	5.555083	7.194106
source	6.4353075	4.6735697	5.5455303
lead	5.3714595	5.6176696	5.561243
question	5.218216	4.9528112	5.9447412
publish	6.5304465	4.929429	6.4665504
interest	6.3913984	5.2379436	6.349185
serve	5.1869516	4.5830398	4.6780944
divine	6.386036	4.9736786	6.28327
put	4.9593353	4.5861287	4.6066837
shadow	4.652249	3.6959758	4.4415975
practical	6.4920344	4.1058707	6.209071
surface	5.4192915	3.5228286	4.7435045
account	5.259163	5.1094036	5.425243
loss	4.2247944	5.1611323	4.159209
indian	5.222106	4.8698134	5.4221582
vine	5.942121	4.1089964	4.908667
certain	5.444906	4.710646	5.2485847
sin	4.0044584	4.856178	4.3744774
necessity	5.0510516	5.604797	5.9531794
lose	5.1118374	4.892043	4.7572594
private	5.685137	5.0676746	6.0812316
gentleman	6.5404353	4.9662337	6.088485
daughter	7.01905	4.4847083	5.4909334
drive	3.7818313	6.0857124	5.0751987
strange	4.7420607	5.0770483	4.457268
journey	6.069312	4.164977	4.9106307
uncle	6.113988	5.364444	5.840714
species	5.470302	4.037758	5.2737546
think	5.504618	4.8406224	5.0309186
bed	4.9887257	3.2595203	3.848248
wind	4.746886	4.927404	5.0422554
bless	6.5666685	3.920715	4.9168696
destroy	3.227223	5.597031	4.332964
author	6.212341	5.1741934	5.829941
sustain	5.378669	5.1235285	5.8326187
black	4.2650194	4.201819	4.175817
event	5.9841638	5.409244	6.406812
liberty	6.397154	5.271451	6.727909
negro	5.4355383	4.6901355	4.9812465
little	5.9082627	4.302213	4.5368376
fortune	6.813224	5.2809625	6.441148
touch	5.4452276	4.830831	4.719974
kill	3.5883355	6.005987	4.3747096
feature	6.613558	4.2342086	5.777649
happiness	7.1668673	4.841122	6.053256
assume	5.426071	4.7105494	5.7031302
notion	4.798645	5.506775	5.630464
purchase	5.875654	4.644049	6.0497446
faithful	5.850794	5.276387	6.5666933
soldier	5.7721744	5.6307354	6.5982046
father	6.1244726	4.485751	5.3768454
narrow	4.042241	4.603109	4.47043
great	6.2444873	5.018237	6.2656236
tear	4.1720753	4.72085	3.6749423
honorable	6.2139096	5.155189	6.131794
previous	5.2007337	5.0437174	5.319723
good	6.329225	4.749294	5.339033
domestic	6.0543423	4.0969033	5.1696167
glory	7.6618757	5.232376	7.1800694
lay	5.1250215	4.2687154	4.5856256
occasion	5.856562	5.3047385	5.6750765
guard	5.472023	5.634454	6.543395
whole	6.035608	4.5581226	5.603423
mouth	5.0968733	4.836283	4.373644
receive	6.43914	4.6199183	5.820244
take	5.3668504	4.5082884	4.7859473
simple	6.52669	4.246807	5.4095206
error	3.5248153	5.3471103	4.483277
wisdom	7.5925384	4.020457	6.683509
rock	5.2999744	4.2948666	4.9570775
decide	5.4472275	5.154561	5.6812115
exclaim	6.09366	5.661714	5.3754573
assure	6.391583	5.0857534	5.6597657
sign	5.8760076	5.027797	5.482446
preserve	5.7952137	4.3082666	5.5789485
commerce	6.2160134	4.497246	6.1541066
plant	5.697671	3.9144375	5.0536113
walk	5.9057918	4.541251	4.6941233
difference	5.283458	3.8651388	4.727058
hang	4.388299	4.4017	3.9084976
following	6.245173	4.630176	5.398925
employ	5.9446874	4.633248	5.532527
