deal	5.334155	4.9567537	5.3086224
study	6.5988345	4.1884584	5.893994
afford	6.577959	4.5552206	5.83997
service	6.331307	4.7390404	6.0755887
height	5.5317326	4.392582	5.592998
prospect	7.5311446	5.0155315	6.858309
pleasant	7.5556192	3.6618328	4.8158693
shade	5.742536	3.5023327	4.359094
listen	5.648575	4.805619	4.8593326
mighty	5.6766853	5.3294177	5.8383365
country	6.351407	4.831484	6.446976
title	7.016385	4.199812	6.354308
choose	5.6844816	4.096781	5.258958
village	5.6827044	4.2939644	4.7968454
acquire	7.024063	4.86596	6.7656655
rank	5.530778	5.9680343	6.648301
bow	6.0241356	4.334495	5.190185
doctor	5.128948	4.9730363	5.0716734
talent	7.6401653	5.8203716	7.359399
source	6.668746	4.3885	6.0867715
lead	5.490008	4.90524	5.247373
question	5.1285677	4.7977257	5.6229873
publish	6.264742	5.0877833	6.6913013
interest	6.6157646	5.0314655	6.5358834
serve	5.9925	4.22958	5.296838
divine	6.2977495	5.154376	6.160155
put	5.075443	4.1825647	4.5193787
shadow	5.2294426	3.6705606	4.307573
practical	6.354526	4.2500005	6.3316393
surface	5.47221	3.1858096	4.230045
account	5.6598334	5.1064253	5.5185323
loss	5.128626	4.636217	4.4354677
indian	5.1956596	4.2247014	5.041309
vine	5.9030147	3.5411172	4.39577
certain	5.723767	4.839712	5.564508
sin	3.3192677	4.785343	3.8563905
necessity	5.3605437	5.188365	5.980888
lose	5.0295677	4.605545	4.3999524
private	5.452765	4.830222	5.5495415
gentleman	6.795811	4.72773	6.183113
daughter	6.7054973	4.612637	5.4779253
drive	3.7925026	5.376256	4.623016
strange	4.9989767	4.9461517	4.56184
journey	5.8338046	3.6913815	4.3204985
uncle	5.8298073	4.9800544	5.4691505
species	5.5093236	3.8903239	4.850958
think	5.6660194	4.629807	4.843915
bed	5.1736975	3.7852473	3.899031
wind	4.618945	4.849583	4.6669574
bless	7.060204	3.7977803	5.035584
destroy	3.2468388	5.303561	4.1010165
author	6.3425126	4.832534	6.122359
sustain	6.2233205	4.7318115	6.3618984
black	4.6582146	3.9206736	4.549234
event	6.285686	5.3652196	6.435182
liberty	6.2692313	5.0471206	6.5036073
negro	4.861294	5.086522	5.2035036
little	6.1057596	4.100571	4.646141
fortune	6.8029594	5.378782	6.3689537
touch	5.674216	4.4135313	4.4549937
kill	3.491575	5.7797403	3.9831254
feature	6.4421124	4.434843	6.0920854
happiness	7.26018	4.6126113	5.8897395
assume	5.089133	4.6003914	5.4746885
notion	4.841802	5.335619	5.5686
purchase	5.932849	4.7224627	5.52887
faithful	6.4992876	5.100297	6.593341
soldier	5.4923143	5.399332	6.330799
father	6.0709615	4.285901	5.329924
narrow	3.857333	3.8223143	3.9817903
great	6.364634	4.988127	6.2785463
tear	4.121867	4.7088146	3.4729962
honorable	6.2135477	5.30804	6.7190304
previous	5.5749054	4.3579435	5.2199907
good	6.434282	4.5785418	5.4043875
domestic	6.4344277	3.8265605	5.5546217
glory	7.4096804	5.3179903	6.967856
lay	5.277274	3.8363197	4.471607
occasion	5.829187	5.2993193	5.7738223
guard	5.2104425	4.986352	6.0345545
whole	6.1635504	4.225106	5.811983
mouth	4.88238	4.46862	4.1335998
receive	6.3251495	4.610241	5.8966794
take	5.463825	4.1836314	4.5754576
simple	7.0689244	4.004688	5.635573
error	3.9493735	5.107124	5.2545285
wisdom	7.669871	4.027186	6.891141
rock	5.300513	3.9866538	4.657993
decide	5.599703	4.799067	5.548102
exclaim	5.69901	5.650077	5.065533
assure	6.5475316	5.0790987	5.9266205
sign	5.789666	5.1187277	5.536953
preserve	6.730264	4.1535506	5.7844057
commerce	6.1911206	4.415655	6.0520015
plant	5.075585	4.0121956	4.815156
walk	5.7023187	4.265743	4.304526
difference	4.8121314	4.125643	4.7041345
hang	4.755505	4.1721883	3.9329863
following	6.8187046	4.1143947	5.6071157
employ	6.071824	4.4638734	5.865597
