deal	5.1414204	5.021789	5.01616
study	6.8500404	4.252594	6.050651
afford	6.81927	4.1617365	5.56741
service	6.2338266	4.685055	6.034053
height	5.8368917	4.737517	5.7397847
prospect	7.5101433	4.7965784	6.3790183
pleasant	7.306079	3.6473572	4.3307867
shade	5.912615	3.284174	4.4224334
listen	5.5212264	4.823969	4.502548
mighty	5.8018465	5.2644324	6.1060576
country	6.204542	4.796708	6.0675216
title	6.748799	4.385683	6.1295233
choose	5.7697	4.1446037	5.225857
village	5.818419	4.0057216	4.6473436
acquire	7.242132	4.9733734	6.6214952
rank	6.0086074	5.6651263	6.230113
bow	5.2041035	4.3636165	4.9520907
doctor	4.932172	4.1628013	4.792326
talent	7.0748672	5.7202053	7.153076
source	6.4946265	4.3623643	5.807822
lead	5.5685897	5.4318	5.304359
question	5.3952875	4.9615917	6.0275764
publish	6.5395207	4.694875	6.484954
interest	6.659979	5.233404	6.4547977
serve	5.2653823	4.421551	4.8683505
divine	6.618377	4.9541874	6.488161
put	5.2126403	4.4164143	4.6802726
shadow	4.7568493	3.7872827	4.289533
practical	6.700759	4.075143	6.3000116
surface	5.8556967	3.3412552	4.593694
account	5.6305213	4.83945	5.287511
loss	4.5829916	4.687519	4.145949
indian	5.239963	4.6076603	5.209998
vine	5.903787	4.329726	4.636335
certain	5.617604	4.7126245	5.349226
sin	3.8689814	5.028019	4.360199
necessity	5.265217	5.473559	5.8688087
lose	5.2682614	4.6265845	4.6332316
private	5.5613647	4.855845	5.5665092
gentleman	6.302045	4.8353763	5.655078
daughter	6.756594	4.5295706	5.4820013
drive	4.239783	6.099765	5.00166
strange	5.132207	5.0379915	4.615731
journey	6.653217	3.6775563	4.623085
uncle	5.8786354	4.5578346	5.567131
species	5.9626846	4.001421	5.458807
think	5.638992	4.847077	4.947133
bed	5.010166	3.3620903	3.308818
wind	4.649183	5.0543084	4.7544665
bless	6.790156	3.7457736	5.1579475
destroy	3.7618034	5.6574244	4.489292
author	6.184928	4.6776233	5.840978
sustain	5.9305816	4.641599	6.002595
black	4.4384522	3.7163901	4.1854734
event	6.151938	5.193815	6.413495
liberty	6.251393	5.1038384	6.472415
negro	5.2689605	4.69631	4.995511
little	6.1630774	4.1061435	4.5629697
fortune	6.743608	5.4593954	6.316407
touch	5.880174	4.083859	4.267638
kill	4.0086937	6.0353937	4.1768517
feature	6.6879907	4.43959	5.9577575
happiness	6.9871726	5.0013456	5.99819
assume	5.3779345	4.6567354	5.4504213
notion	4.631542	5.5463915	5.43347
purchase	6.6095514	4.9323974	6.413991
faithful	5.9784694	4.7011228	5.8791428
soldier	5.5116787	5.08685	5.975719
father	5.866643	4.382514	5.2290387
narrow	3.896418	4.1734033	4.0447617
great	6.469688	4.9552517	6.2356415
tear	4.098763	4.5199256	3.4891088
honorable	5.7792034	5.4007025	5.984373
previous	5.6339808	4.566342	5.329318
good	6.3032517	4.6565437	5.2435694
domestic	6.442405	3.7325416	5.245073
glory	7.7002735	5.289156	6.9662886
lay	5.4524546	3.8845954	4.3721843
occasion	6.2339787	5.1746693	5.7074847
guard	5.0855765	5.17475	6.148097
whole	6.28995	4.360238	5.484655
mouth	5.1573086	4.718762	4.342185
receive	6.593136	4.5270643	5.723598
take	5.629601	4.310621	4.762132
simple	6.8489256	3.7099063	5.225144
error	3.9146295	5.306998	4.5887346
wisdom	7.414404	4.4287496	6.9580193
rock	5.429319	4.220991	4.9073453
decide	5.3195214	5.0107045	5.732362
exclaim	6.3878155	5.654048	5.5610857
assure	6.7462907	5.2337294	6.229556
sign	5.004691	4.9875603	5.1194887
preserve	6.0530334	4.1582184	5.560658
commerce	6.682817	4.7255044	6.5276957
plant	5.472947	4.4098516	4.914029
walk	5.9219575	4.2385902	4.435735
difference	5.469024	3.7274272	5.160845
hang	4.60642	4.403611	3.8672237
following	6.6791244	4.1824064	5.460171
employ	5.9913235	4.434801	5.7845054
