deal	5.13223	5.4018764	5.216469
study	6.5598683	4.243745	5.983739
afford	6.6789064	4.3911304	5.78182
service	5.9649825	4.868493	6.235229
height	5.942302	4.382168	5.6942654
prospect	7.4545445	4.7820215	6.3112574
pleasant	7.4895544	4.002139	4.5559187
shade	5.726005	3.5493498	4.4480896
listen	5.6552157	4.802942	4.7855744
mighty	6.1642995	5.3761454	6.190132
country	6.1350946	4.788448	6.263466
title	7.139905	3.9801946	6.281882
choose	5.8221116	4.4191904	5.4936686
village	5.778788	4.080803	4.836067
acquire	6.8878217	4.6790137	6.6368113
rank	5.7821536	5.3740773	6.2921333
bow	6.3784056	3.721461	4.85872
doctor	4.63848	4.8147116	4.731966
talent	7.6130824	5.1533966	7.264658
source	6.4665523	4.370939	5.472257
lead	5.5483575	5.4405375	5.547779
question	5.573427	5.037692	5.915297
publish	6.373374	4.537842	6.6294765
interest	6.326373	5.1473274	6.385679
serve	5.470962	4.6455383	5.091895
divine	6.5604568	5.064787	6.3910866
put	5.198062	4.296567	4.528633
shadow	5.3246303	3.6122103	4.4759965
practical	6.261454	4.3663845	6.3269663
surface	5.705253	3.0864615	4.55405
account	5.504853	4.9916167	5.4507427
loss	4.661544	4.7132006	4.1830745
indian	5.1092377	4.780281	5.045774
vine	5.599226	3.7119663	4.444997
certain	5.8198023	4.658251	5.4984922
sin	3.9909432	5.176174	4.5498734
necessity	5.043728	5.5147557	5.7663884
lose	5.228611	4.6790876	4.658182
private	5.2431746	4.652638	5.574723
gentleman	6.5157337	4.725204	5.793186
daughter	6.8248115	4.348107	5.3297863
drive	3.5740957	6.1454062	4.8326206
strange	4.9269114	5.0969133	4.546325
journey	6.2868958	3.6585288	4.596594
uncle	6.08008	4.973025	5.3975687
species	5.7529907	4.0748596	5.080836
think	5.8308187	4.6924686	4.999756
bed	5.2561717	3.6550252	3.7786307
wind	4.8261423	5.117308	4.922953
bless	7.0508018	3.8239045	5.1084156
destroy	3.621287	5.2341776	4.3973646
author	6.274284	4.9448047	6.13378
sustain	5.823464	5.099348	6.050248
black	4.115939	3.793291	3.7972322
event	6.2557006	5.434905	6.57261
liberty	6.245415	4.917427	6.3229375
negro	5.1056185	5.2644606	4.944741
little	6.004555	4.1275077	4.5123243
fortune	6.814828	4.9256706	6.4691324
touch	5.869437	4.5203104	4.823834
kill	4.1078568	6.0186687	4.554389
feature	6.2260127	4.3478007	5.718912
happiness	7.209593	4.647108	6.0922627
assume	5.341421	4.6399536	5.5472593
notion	4.164876	5.5328875	5.3177476
purchase	5.9092174	5.3239107	6.0811424
faithful	7.0429683	4.6823444	6.7279797
soldier	5.0904303	5.366445	6.038991
father	5.86135	4.3885584	5.2192316
narrow	3.7566493	4.2321334	3.7345505
great	6.424397	4.964003	6.193474
tear	4.35582	4.953887	3.762082
honorable	6.1948028	5.2394238	6.7340765
previous	5.2777343	4.7263117	5.014542
good	6.5290227	4.5002093	5.363841
domestic	5.8274226	3.7006762	5.1662035
glory	7.850883	5.153454	7.2027864
lay	5.4708314	3.983979	4.4814835
occasion	5.7729464	5.372326	5.728466
guard	5.524198	5.3517365	6.1993656
whole	6.056251	4.4362717	5.3972707
mouth	5.3208947	4.4381914	4.185461
receive	6.444584	4.6994677	5.8850527
take	5.501855	4.4571924	4.7244487
simple	6.6632347	4.01983	5.4190063
error	3.9721174	5.30244	4.6977043
wisdom	7.480029	3.988454	6.6422977
rock	5.0754347	4.4678054	4.993641
decide	5.297627	5.1255665	5.6775856
exclaim	6.0303383	5.847087	5.5068636
assure	6.664627	5.1886253	6.3223057
sign	6.0649443	4.066797	5.428302
preserve	6.433663	4.0617905	5.806828
commerce	6.6496162	4.232953	6.503971
plant	5.4416747	3.8465583	4.8708572
walk	6.077208	4.054355	4.5931606
difference	5.1501064	4.035046	4.9828353
hang	4.3999043	4.6767664	3.8503273
following	6.881752	4.035434	5.6075754
employ	5.849395	4.2211924	5.550236
