deal	4.6632557	4.968055	5.069249
study	6.6712923	3.94625	5.850792
afford	6.887558	4.3918767	5.824288
service	5.905766	4.944794	5.8282404
height	5.700363	4.368656	5.446637
prospect	7.3246326	5.359764	6.5331597
pleasant	7.3241415	3.8111916	4.323772
shade	5.519988	3.6454074	4.602561
listen	5.422025	4.7684565	4.5733
mighty	5.366888	5.3155546	6.0982184
country	6.1217794	4.805434	6.2493725
title	6.947856	3.853951	6.23131
choose	5.929929	4.1270156	5.392811
village	5.583543	4.008898	4.6815243
acquire	6.976503	5.166591	6.844637
rank	5.382186	5.608348	6.1431885
bow	5.766961	3.7915628	5.0325813
doctor	4.123932	4.6737304	4.659222
talent	7.250016	5.502062	6.975952
source	6.8700037	4.246366	6.1704445
lead	5.687554	5.412087	5.539032
question	5.700709	4.9146056	5.8401628
publish	6.0631943	4.8048215	6.385335
interest	7.021967	5.1277924	6.522039
serve	5.6851926	4.647917	5.145535
divine	6.3875446	4.83142	6.2208967
put	5.055183	4.2667756	4.4657526
shadow	5.160035	3.7269855	4.4238753
practical	6.3126397	4.197331	6.0715985
surface	5.5778027	3.2655792	4.380778
account	5.4846163	4.9067793	5.3011622
loss	4.654507	5.10452	4.281455
indian	5.003956	4.570623	5.2378016
vine	5.9644136	3.669045	4.2092714
certain	5.785789	4.5518475	5.6446147
sin	3.5156612	5.3607383	4.274345
necessity	5.135489	5.1009445	5.4231353
lose	5.2829614	4.7610865	4.792216
private	5.761938	5.128646	5.935777
gentleman	6.316072	5.0415525	5.9053373
daughter	6.9089108	4.7146482	5.686853
drive	3.8290367	5.900303	4.787349
strange	4.718498	5.206311	4.6581683
journey	6.1909556	3.4983077	4.5337653
uncle	5.3424087	5.133901	5.6251416
species	5.7096043	4.2428503	5.2059674
think	5.694579	4.7660074	4.9844522
bed	5.119578	3.5706792	3.710103
wind	4.552431	4.8222885	4.715572
bless	6.675585	4.1270213	5.3266773
destroy	3.4034553	5.222716	4.1733403
author	5.9844646	4.871983	5.9130282
sustain	5.804325	4.9246874	6.0442944
black	4.072663	3.987987	4.177246
event	5.6925573	5.391963	6.1846704
liberty	5.9541707	5.0805683	6.5362463
negro	4.740021	5.0886908	5.1337447
little	6.135686	4.2608685	4.684557
fortune	6.1189775	5.5195646	6.168929
touch	5.7912507	4.6339936	4.6649237
kill	4.033762	5.8188477	4.4636073
feature	6.3777237	4.3849874	6.0376453
happiness	6.956833	4.724029	5.871654
assume	5.4775095	4.4897137	5.416263
notion	4.502657	5.1429553	5.202293
purchase	5.935193	5.1409445	6.0235524
faithful	5.9605894	5.2188354	5.958268
soldier	5.2499523	5.591573	6.2473545
father	5.91293	4.465984	5.431335
narrow	4.0776396	4.0391726	3.9689221
great	6.278305	5.1617684	6.3686275
tear	4.3057647	4.5069456	3.6407733
honorable	5.786441	5.648086	6.4975023
previous	5.380079	4.8764	5.379879
good	6.2622685	4.761578	5.4231906
domestic	6.391209	3.9196575	5.2898
glory	7.454324	5.2163496	7.073531
lay	5.3685937	4.0841923	4.506543
occasion	5.909323	5.6032753	5.933938
guard	4.955145	5.825635	6.184166
whole	6.0575027	4.6622477	5.726521
mouth	5.0307026	4.6148853	4.277556
receive	6.445903	4.73304	5.777785
take	5.5728345	4.441473	4.820728
simple	6.4552145	3.9790692	5.447872
error	3.869844	5.306993	4.798089
wisdom	7.5639	4.3200026	6.7756643
rock	5.2960773	4.4660997	4.908134
decide	5.4842706	5.0404897	5.873755
exclaim	5.7798843	5.783188	5.343552
assure	6.4204907	5.394544	6.2463484
sign	5.558642	4.8014917	5.2446775
preserve	6.2658405	4.188995	5.5062532
commerce	6.7451763	4.655115	6.5872107
plant	5.276169	4.223275	4.7082744
walk	5.4956555	4.375024	4.388634
difference	5.447444	3.7308455	5.081565
hang	4.393611	4.3963637	4.0216107
following	6.5956087	4.402173	5.884937
employ	6.0348988	4.6752367	5.7540283
