deal	4.751942	4.994102	4.7786613
study	6.823466	3.9775622	5.789603
afford	6.407025	4.7877703	5.71831
service	6.4391966	4.528899	6.185731
height	5.9070287	4.5727425	5.5469494
prospect	6.944339	5.21663	6.3910875
pleasant	6.9644747	3.9532518	4.3529315
shade	5.776636	3.6011827	4.6709948
listen	5.5201015	5.004685	4.507487
mighty	6.1148777	5.5156803	6.4721756
country	6.0293856	4.8338885	5.95527
title	6.745322	4.1316705	6.057276
choose	5.491963	4.318816	5.3624344
village	5.4222965	4.120048	4.6440907
acquire	6.9620285	4.545186	6.5821714
rank	5.966067	5.849733	6.30336
bow	5.6285834	4.059189	5.02874
doctor	4.6281476	4.688897	4.6376944
talent	7.515058	5.582236	7.266715
source	6.658726	4.5523796	5.9987106
lead	5.5430202	5.597348	5.6587114
question	5.221083	4.982958	5.6714077
publish	6.3726716	4.8659163	6.304751
interest	6.35765	5.1107492	6.0539036
serve	5.7109785	4.534712	5.2693524
divine	6.5362606	4.9979563	6.5475082
put	5.09384	4.359486	4.4880314
shadow	5.4760885	3.765972	4.6866984
practical	6.463585	4.2088795	6.407731
surface	5.3117886	3.1358209	4.4156685
account	5.4489603	4.782154	5.2146115
loss	4.1576414	5.2357807	4.352344
indian	5.115057	4.5766726	5.265384
vine	6.480677	3.677515	4.909441
certain	5.405614	4.7319155	5.3714366
sin	3.9068768	5.388659	4.4879336
necessity	5.252225	5.4446297	5.871621
lose	5.0115237	4.728751	4.640245
private	5.570474	5.004053	5.631778
gentleman	6.6357846	4.93289	5.8241577
daughter	6.4744263	4.864502	5.5145407
drive	4.2901773	6.0369835	5.1031857
strange	4.661807	4.8748765	4.1420784
journey	6.5154715	4.2502966	5.074553
uncle	5.359742	4.625804	4.9291697
species	5.854771	4.014694	4.865673
think	5.606127	4.6426744	4.8677764
bed	5.2164345	3.0132573	3.812227
wind	4.4477587	4.7443757	4.848962
bless	6.680067	3.970614	5.1891985
destroy	3.270253	5.484705	4.078066
author	5.9287314	4.8933153	5.667488
sustain	6.1482368	5.0040007	6.4433436
black	3.7861845	4.0411396	4.160105
event	6.0997043	5.3754444	6.5088634
liberty	5.926539	5.059463	6.3263845
negro	5.3931456	5.12628	4.892007
little	5.970516	4.04395	4.445944
fortune	6.435153	5.629869	6.3447523
touch	5.6205015	4.593016	4.7283716
kill	3.3386118	6.0624475	4.210829
feature	6.6098766	4.3282065	5.8117895
happiness	7.5647664	4.6597934	6.165386
assume	5.4628434	4.6243896	5.3607507
notion	4.8568115	5.064515	5.186241
purchase	6.0265865	4.998907	5.629675
faithful	5.684617	5.2091937	6.330276
soldier	5.3140316	5.0822945	6.0510874
father	5.9965067	4.307383	5.378946
narrow	4.1300993	4.4663286	4.577565
great	6.267303	5.112201	6.2880836
tear	3.6001246	4.9552693	3.5886683
honorable	6.138198	5.3430014	6.661113
previous	5.1630816	4.529723	5.108995
good	6.413638	4.5459657	5.2333713
domestic	6.2869434	4.3862486	5.554471
glory	7.8159356	5.578518	7.1910925
lay	5.358817	3.7890646	4.6253095
occasion	5.8519087	5.2943163	5.840662
guard	5.3833265	5.670206	6.1835184
whole	6.2202597	4.357445	5.6664953
mouth	4.93212	4.6311665	4.099294
receive	6.3267612	4.524279	5.6890335
take	5.531321	4.289368	4.762583
simple	6.793868	3.7151997	5.469324
error	3.538198	5.7707987	5.154337
wisdom	7.464738	4.1922903	6.8655334
rock	4.75653	4.416194	4.7337165
decide	5.3351984	4.871763	5.859108
exclaim	5.875285	5.869392	5.3490443
assure	6.532472	5.1889324	5.903872
sign	5.496607	4.531733	5.0489454
preserve	6.442384	4.1073694	5.8499603
commerce	6.4632683	4.360504	6.0893803
plant	5.4239817	3.8740168	4.8364277
walk	5.7473016	4.222863	4.189524
difference	5.0827866	3.8739688	4.673389
hang	4.2236266	4.363604	3.9067328
following	6.431177	4.214981	5.5295815
employ	5.874926	4.4580555	5.6235228
