deal	5.153057	5.320572	5.4994097
study	7.148453	4.0421743	6.0320177
afford	6.8170576	4.4587364	5.865058
service	6.4434347	4.655801	6.0775833
height	5.975917	4.63145	5.755385
prospect	7.2130294	5.3961735	6.501126
pleasant	7.0408015	3.7747884	4.4664316
shade	5.7853923	3.2170262	4.5178967
listen	5.4854646	4.7508736	4.921208
mighty	5.7963953	5.5330386	6.5030155
country	6.086524	4.870731	6.2814865
title	7.1624846	4.114947	5.9946375
choose	5.6480455	4.350436	5.4416265
village	5.116005	4.2005773	4.642411
acquire	7.3360205	4.6267424	6.4851294
rank	5.6698313	5.790264	6.1911006
bow	5.6614666	4.161153	5.174823
doctor	4.5222583	5.2024417	4.8522096
talent	7.6760945	5.32325	6.992252
source	6.645772	4.5844207	5.7885737
lead	5.473207	5.304118	5.5473857
question	5.4120154	4.6723547	5.8449354
publish	6.5413656	4.8735723	6.882151
interest	6.4648304	4.8687162	6.422285
serve	5.747504	4.593868	5.180662
divine	6.5525894	5.03156	6.4209843
put	4.9740252	4.3654175	4.605165
shadow	5.118935	3.143207	4.2015657
practical	6.3895507	3.7962155	6.0088806
surface	5.4333158	3.4272075	4.600723
account	5.503756	5.220713	5.4886465
loss	4.3280954	5.0003233	4.3072953
indian	5.247756	4.661038	5.379639
vine	6.0354133	4.359944	4.799507
certain	5.586193	4.8893967	5.4955907
sin	3.8325155	4.7435102	4.357264
necessity	5.311343	5.2486234	5.911475
lose	5.1983557	4.540367	4.4494033
private	5.7437406	5.1526113	5.8640094
gentleman	6.449066	4.760211	6.00146
daughter	6.892584	4.7514772	5.7755117
drive	3.652678	6.07403	5.0431542
strange	4.7806892	5.014063	4.2789187
journey	6.025956	4.292362	4.8069925
uncle	5.9958177	5.417756	5.3742294
species	5.7039866	3.833263	5.104771
think	5.6754413	4.713121	4.840532
bed	4.796193	3.8608048	3.956459
wind	4.365609	5.0242553	4.8657055
bless	6.7286234	3.9137783	5.2096395
destroy	3.1055179	5.725398	4.3784256
author	6.199354	5.0773067	5.971768
sustain	5.9149556	5.232227	6.2030263
black	4.0146203	3.883725	3.8916292
event	5.8799314	5.5751143	6.432412
liberty	5.912659	5.156462	6.27102
negro	5.422545	4.876075	5.3458605
little	5.956574	4.1878247	4.6084466
fortune	6.647642	5.445514	6.173195
touch	5.530252	4.6725006	4.485353
kill	3.3076093	6.001639	4.248654
feature	6.4237614	4.5043206	5.8555627
happiness	6.962403	4.6261077	5.6778345
assume	5.2702208	4.342108	5.223379
notion	4.8910465	5.344796	5.3840017
purchase	6.3510537	4.8612843	6.1732426
faithful	6.0004525	5.290548	6.234714
soldier	5.5587564	5.818153	6.475732
father	5.932492	4.5691967	5.392839
narrow	4.045597	4.5260515	4.545914
great	6.182646	4.9199305	6.2520914
tear	4.113721	4.7577786	3.4327776
honorable	6.0916595	5.6590424	6.734625
previous	5.4864683	4.53843	5.3875484
good	6.23254	4.535376	5.2621336
domestic	5.999621	4.124835	5.2978096
glory	7.901841	5.196122	7.1432285
lay	5.0534916	4.228103	4.7589025
occasion	5.6513066	5.311726	5.8203464
guard	5.2529745	5.4710236	6.2184243
whole	5.9427276	4.525704	5.759482
mouth	5.1991735	5.011219	4.6131654
receive	6.386544	4.85419	5.8879805
take	5.4268603	4.425418	4.884269
simple	6.748403	3.979701	5.324886
error	3.6753159	5.377103	4.704029
wisdom	7.7399783	4.06193	6.7217054
rock	5.1860275	4.4594855	5.0891213
decide	5.425244	5.348631	6.059491
exclaim	5.8913746	5.702684	5.230388
assure	6.4812164	5.1653666	6.0624905
sign	5.9629416	4.979435	5.493723
preserve	6.1009727	4.0580792	5.485313
commerce	6.552001	4.1866255	6.4420013
plant	5.352437	4.3698044	5.029512
walk	5.575314	4.361905	4.54098
difference	5.293509	3.8133867	4.7608867
hang	4.126159	4.590453	3.7659326
following	6.40465	4.416769	5.6129966
employ	5.8178515	4.5895786	5.7271066
