deal	5.2893133	4.982571	5.424937
study	6.8665266	4.2510996	6.0061793
afford	6.483331	4.4161925	5.835226
service	6.2804437	4.930097	6.1277294
height	5.774759	4.955961	5.8351874
prospect	7.0431943	5.08367	6.2974815
pleasant	7.1075516	3.6339412	4.3468013
shade	6.1608906	3.6982322	4.691297
listen	5.8424287	4.774591	5.1620007
mighty	6.1058593	5.3552713	6.420083
country	6.2272673	4.999976	6.2560415
title	6.8329334	4.0118713	5.905941
choose	5.739226	4.200473	5.1429915
village	5.772478	4.2783346	4.9081926
acquire	7.110395	5.1063895	6.821102
rank	5.8477254	5.5051637	6.3096304
bow	6.0187736	4.2679048	5.2742066
doctor	4.577775	4.714744	4.8675723
talent	7.6350145	5.6692495	7.1166387
source	5.895931	4.7619553	5.7002587
lead	5.5748396	5.429745	5.3933873
question	5.4654274	4.808506	5.706737
publish	6.1879406	4.5822554	6.432707
interest	6.597874	5.317786	6.3598275
serve	5.5761786	5.0588818	5.276956
divine	6.2639813	4.839681	6.124009
put	5.102752	4.4679327	4.681149
shadow	5.337616	3.902632	4.505254
practical	6.2507586	4.3281717	6.3344026
surface	5.9340286	3.2807112	4.951482
account	5.3937893	5.055939	5.424234
loss	4.8670063	5.1710815	4.640585
indian	5.027138	4.8764195	5.3064713
vine	5.9817824	3.7043164	4.985877
certain	5.5267086	4.739609	5.2371078
sin	3.9499214	4.8848925	4.327724
necessity	5.3942313	5.42897	5.7501674
lose	5.494232	4.472543	4.680574
private	5.338776	5.1189475	5.652492
gentleman	6.544532	4.9275227	6.0254583
daughter	6.669294	4.5369124	5.596822
drive	3.958229	6.2813272	4.954843
strange	4.9852204	4.855009	4.519872
journey	6.2331533	3.9128575	4.623683
uncle	6.3810244	5.209525	5.707014
species	5.5305767	4.174837	4.908384
think	5.59445	4.6254897	4.866941
bed	5.143805	3.4651856	3.647232
wind	4.555421	5.0499473	4.8739324
bless	6.943932	4.0701923	5.4962864
destroy	3.4382253	5.791171	4.6665125
author	6.089417	5.044927	5.7924404
sustain	6.052124	5.2582135	6.1939526
black	4.554493	4.133389	4.1453543
event	6.0715756	5.336172	6.379631
liberty	6.272043	5.233572	6.5993257
negro	5.3524356	5.0063076	5.23482
little	5.968218	4.1725554	4.612516
fortune	6.6318507	5.2217474	6.357438
touch	5.526654	4.552013	4.3727174
kill	3.6833305	6.049347	4.259307
feature	6.612461	4.4939203	6.092186
happiness	6.98225	4.4722433	5.921295
assume	5.643395	4.6691303	5.573844
notion	4.8595066	5.2286816	5.3202105
purchase	6.5817494	4.607455	5.8948236
faithful	5.743746	4.891128	6.0198
soldier	5.7759304	5.347686	6.3758135
father	5.974592	4.6860933	5.388653
narrow	3.7871428	3.9638934	3.699903
great	6.5110884	5.056465	6.376869
tear	4.1852922	5.026443	3.7474115
honorable	5.947236	5.658286	6.596756
previous	5.1611214	4.856664	5.3385983
good	6.4495077	4.4939365	5.2838955
domestic	6.0642343	4.108136	5.327687
glory	7.8226814	5.1574593	7.21005
lay	5.3772945	4.2467875	4.615023
occasion	5.788679	5.1608906	5.7011175
guard	5.448493	5.538031	6.313516
whole	6.0734735	4.460898	5.694471
mouth	5.3398595	4.8161273	4.71066
receive	6.398538	4.680484	5.678277
take	5.5630703	4.4715405	4.790117
simple	6.7739587	4.070757	5.5853534
error	3.609216	5.4175024	4.6790876
wisdom	7.3077564	4.2260303	6.4874086
rock	5.261263	4.5617166	4.711056
decide	5.461008	5.1004972	5.7947354
exclaim	5.8012767	5.8230515	5.3995314
assure	6.6285586	5.1397157	6.188062
sign	5.1079993	4.600509	5.0560093
preserve	6.5455956	4.302224	5.817423
commerce	6.4550495	4.6527066	6.5360713
plant	5.7991633	4.0208216	5.0513906
walk	5.9545217	4.1446514	4.559808
difference	5.382874	3.7415085	4.740419
hang	4.674199	4.4855514	4.0972295
following	6.604167	4.602131	5.851572
employ	5.945044	4.580487	5.7264123
