deal	5.0505676	5.0407643	5.338898
study	7.0649257	4.236208	6.19306
afford	6.597711	4.3513055	5.3347116
service	6.3262944	5.0421743	6.086554
height	6.259999	4.903524	6.2535057
prospect	7.4019976	5.1729593	6.73011
pleasant	7.260417	3.8442438	4.5698304
shade	5.1045904	3.5158377	3.9637885
listen	5.3769298	5.020256	4.7521987
mighty	5.4484057	5.34369	6.1506743
country	5.987738	4.952293	6.11676
title	6.415741	4.1680074	5.520648
choose	5.8723345	4.3926134	5.513118
village	5.5581307	4.136143	4.712234
acquire	7.357148	4.8226843	6.826054
rank	6.0670094	5.857167	6.4592605
bow	5.5260367	4.2983003	4.872386
doctor	4.9286394	4.942726	5.002257
talent	7.6813006	5.589656	7.0959177
source	6.6696653	4.404224	5.2938533
lead	5.402074	5.5845833	5.3941236
question	5.0929413	5.0090017	5.7243886
publish	6.413312	4.6749454	6.4538445
interest	6.5335507	5.1758556	6.4610147
serve	5.5687604	4.6386194	4.9560895
divine	6.921587	4.642327	6.287444
put	5.140089	4.4325595	4.376488
shadow	4.606282	3.4466994	3.8584096
practical	6.2229376	4.222865	6.1998715
surface	5.688679	3.3675225	4.66261
account	5.4748516	5.058662	5.309455
loss	4.298546	4.8367414	3.955488
indian	5.2381577	4.8989086	5.290499
vine	6.3203745	3.5312943	4.772877
certain	5.8950615	4.5556316	5.59724
sin	3.767566	5.0867357	4.3759155
necessity	5.5572267	5.063432	5.7053165
lose	5.1139174	4.6248927	4.5048623
private	5.6490946	5.248798	5.808709
gentleman	6.6317554	4.878225	5.9692836
daughter	6.61696	4.710187	5.5841827
drive	3.7538307	6.3443394	4.947081
strange	4.816544	5.151295	4.498967
journey	6.297964	4.1267943	4.75711
uncle	5.498348	5.158605	5.5932665
species	5.660348	3.8881555	5.1452312
think	5.5970507	4.7509837	4.962455
bed	5.1332326	3.2490063	3.6950421
wind	4.961962	5.2186007	5.0442753
bless	6.772155	3.5864394	4.915843
destroy	3.3859136	5.483779	4.2019367
author	5.979226	5.0827384	5.7675204
sustain	5.8257136	5.2385406	6.1254425
black	4.0252967	3.7954953	3.9017048
event	6.0431867	5.5035987	6.330513
liberty	6.125204	5.2946296	6.4031267
negro	5.1386127	5.1012244	4.8100047
little	5.9907627	4.2575493	4.571669
fortune	6.5353565	5.5547423	6.32488
touch	5.3359494	4.7241116	4.7807093
kill	3.9034376	5.942289	4.6416473
feature	6.275105	4.5771546	5.912002
happiness	7.27699	4.58546	5.864291
assume	5.2556973	5.040604	5.4844418
notion	5.12265	5.1322308	5.3987665
purchase	6.1427064	4.8356695	6.1300144
faithful	6.2894063	4.981105	5.966013
soldier	5.3885913	5.737893	6.185404
father	5.786043	4.4315357	5.2964716
narrow	3.6444082	4.465137	4.362718
great	6.31376	5.008276	6.275092
tear	3.9392798	4.6327147	3.4816074
honorable	6.47818	5.815181	6.851194
previous	5.9939785	4.5479364	5.3073535
good	6.468174	4.6356683	5.332843
domestic	5.936042	4.0574603	5.0952544
glory	7.6674	5.1761427	6.9357696
lay	5.3109283	4.2352943	4.803196
occasion	5.8686395	5.2295437	5.5927396
guard	4.8021574	5.5804358	6.1421556
whole	6.3987794	4.4139977	5.7657423
mouth	4.9903708	4.801276	4.460514
receive	6.420786	4.746156	5.8526683
take	5.5151143	4.5218678	4.8644614
simple	6.788806	4.270386	5.309244
error	3.5543876	5.5135536	4.851617
wisdom	7.589707	3.9464488	6.3626623
rock	4.900724	4.55739	5.120987
decide	5.5218077	5.0708475	5.7485394
exclaim	5.9044666	5.9442706	5.758049
assure	6.5176616	5.2405925	5.777958
sign	5.800215	4.570142	5.068981
preserve	6.3274436	3.9957383	5.3380527
commerce	6.0726967	4.317268	6.252078
plant	5.6170197	4.056757	5.0696282
walk	5.690968	4.1668425	4.3982306
difference	5.2939763	3.5941043	4.876723
hang	4.4493017	4.45123	3.989888
following	6.647994	4.250803	5.6096625
employ	5.9766192	4.61569	5.8134913
