deal	4.8126516	5.374758	5.0886536
study	6.78481	4.457464	6.1059833
afford	6.4699135	4.5418644	5.428639
service	6.1585526	4.9027615	6.0907526
height	5.8073616	3.8817556	5.1016836
prospect	7.584922	5.039576	6.2956696
pleasant	7.009782	3.6766286	4.2905164
shade	5.7092056	3.5456371	4.5297394
listen	5.4218745	4.7796135	4.3387513
mighty	5.7652416	5.2857714	6.226929
country	6.208462	4.8367167	6.0788183
title	6.8285017	3.795295	5.8357644
choose	5.94847	4.0947185	5.3142977
village	5.5533023	4.3003445	4.639524
acquire	7.0839496	4.837363	6.735866
rank	5.8226767	5.5874634	6.218954
bow	5.3127494	4.1263576	4.8792686
doctor	4.3606668	4.9542246	4.66938
talent	6.845762	5.93703	7.0878687
source	6.556095	4.3988795	5.467297
lead	5.384524	5.4588537	5.5309973
question	5.22533	4.887673	5.7993035
publish	6.4402204	4.6973143	6.689562
interest	6.1749187	5.251985	6.3140087
serve	5.7056646	4.535988	4.9532814
divine	6.2342567	4.9231243	6.1593227
put	5.1022143	4.264646	4.530148
shadow	5.3371015	3.9366899	4.6984878
practical	6.3004847	4.374136	6.286117
surface	6.0822377	2.8576238	4.5550675
account	5.4246964	5.1621094	5.357128
loss	4.7418404	4.7451687	4.15368
indian	5.1760044	4.6484313	5.1742053
vine	6.0160904	3.805527	4.7366824
certain	5.2357025	4.8295994	5.266568
sin	3.6775453	4.8318753	4.5998926
necessity	5.088818	5.4278626	5.713399
lose	5.0583153	4.6335845	4.4095154
private	5.444507	5.300735	6.0827494
gentleman	6.2915564	5.0292673	5.747992
daughter	6.4269714	4.6776094	5.2168703
drive	4.0664086	5.9622273	4.901966
strange	4.803172	5.0145187	4.4921074
journey	6.3474116	3.7174735	4.8615994
uncle	5.869002	5.2273703	5.7434063
species	4.998622	4.3419876	4.8603573
think	5.6361737	4.6771626	4.7706184
bed	4.8394117	3.752034	3.6845293
wind	4.3730335	5.3484316	4.7923436
bless	6.5440574	4.0949607	5.0669
destroy	3.7887945	5.1440606	4.4021583
author	5.710902	4.845978	5.7145967
sustain	6.0466456	4.8507113	6.015791
black	4.034216	3.6940246	3.8105526
event	6.2307687	5.514725	6.458565
liberty	6.417053	4.8965216	6.294165
negro	5.3062663	5.176501	4.8844585
little	6.032068	4.1908097	4.4939284
fortune	6.2277985	5.453784	6.214123
touch	5.8222713	4.5087805	4.75204
kill	3.7895463	5.9193125	4.076891
feature	6.6050425	4.6196017	6.0867095
happiness	7.4252114	4.546362	5.7697415
assume	5.2640533	4.4622955	5.2835455
notion	4.5998535	5.3746514	5.4599485
purchase	6.0681996	5.2170796	6.027676
faithful	5.7195244	4.9605145	5.9980435
soldier	5.3683476	5.2056093	5.9069533
father	5.7708735	4.4946394	5.276046
narrow	3.8649807	3.9921694	4.0646977
great	6.3561525	5.0134764	6.1021547
tear	4.1988316	4.6573353	3.3255038
honorable	6.1767464	5.4101844	6.346369
previous	5.2087197	4.7857823	5.039647
good	6.248102	4.4886804	5.077824
domestic	5.9219236	3.7587252	4.946309
glory	7.6637297	4.9345927	6.8958473
lay	5.1172748	3.9240425	4.3955917
occasion	5.7541637	5.2761583	5.7160897
guard	5.1149096	5.702125	6.2729297
whole	6.158338	4.373216	5.557648
mouth	5.2344966	4.734131	4.3377504
receive	6.2865696	4.75576	5.6017637
take	5.3912983	4.456554	4.720075
simple	6.741398	3.85895	5.3172197
error	3.597877	5.5266747	4.8465257
wisdom	7.371721	4.095431	6.4268394
rock	5.401113	3.9200048	4.862122
decide	5.5689974	5.38842	5.869734
exclaim	5.6476874	5.874489	5.0208707
assure	6.52271	5.218009	5.7031536
sign	5.049373	5.1856127	5.210404
preserve	6.435963	4.2467365	5.8169804
commerce	7.1313896	4.0563807	6.5992613
plant	5.838163	3.9681466	5.019573
walk	5.577312	4.3269424	4.389496
difference	5.751527	3.8990998	4.9676666
hang	4.2521977	4.4658184	3.877437
following	6.4596434	4.4493737	5.473671
employ	5.8806157	4.4687724	5.636054
