deal	4.868369	5.1755934	5.0983844
study	6.9621434	4.6413774	6.302901
afford	6.8828435	4.5598288	5.6992493
service	6.63221	4.605512	5.995402
height	5.545755	4.8066263	5.5290537
prospect	6.904677	5.245509	6.310444
pleasant	7.089691	3.8207197	4.1433434
shade	5.447216	3.4493983	4.3558607
listen	5.7235284	4.6678295	4.7676516
mighty	5.8311877	5.2626934	6.25006
country	6.2316318	5.046467	6.263113
title	6.373503	4.328284	6.086401
choose	5.716144	4.2829847	5.3513274
village	5.4690485	4.2736306	4.8818707
acquire	7.0405235	4.9884453	6.775124
rank	6.072313	6.0010633	6.439767
bow	5.5384054	4.041834	5.0866566
doctor	4.5137954	4.786971	4.560124
talent	7.34456	5.7881684	7.2500877
source	6.662024	4.7088284	6.2146735
lead	5.429955	5.361637	5.4524145
question	5.3833823	4.8932357	5.85418
publish	6.1216545	4.88021	6.3178787
interest	6.889445	5.0985055	6.723101
serve	5.5964994	4.424937	4.794626
divine	6.3578744	5.01589	6.232295
put	5.4799724	4.447767	4.769176
shadow	5.007894	3.5053773	4.3362255
practical	5.96981	4.6404924	6.214548
surface	5.626326	3.047394	4.895165
account	5.4147387	5.035458	5.456538
loss	4.7391143	4.7748594	4.261844
indian	4.995396	4.616128	5.198674
vine	5.6339145	3.753656	4.749215
certain	5.638603	4.5454516	5.352552
sin	3.2968154	5.0743194	4.0213013
necessity	5.329735	5.5414205	6.0306506
lose	5.1678452	4.5986195	4.778112
private	5.7743325	4.8361487	5.891922
gentleman	6.5804577	4.681475	5.7109056
daughter	6.6141367	4.4763193	5.409006
drive	4.054153	5.789236	4.9571366
strange	4.9905643	4.973018	4.5605197
journey	6.6150293	4.408707	5.1612973
uncle	5.4110947	5.1634483	5.3617086
species	5.493848	4.1243205	4.8349743
think	5.757809	4.663002	5.0106306
bed	4.76778	3.314288	3.6038508
wind	4.843235	5.090989	5.10445
bless	6.5376334	4.1458955	5.018782
destroy	3.6538832	5.1403766	4.5404124
author	6.121073	5.15886	5.757616
sustain	5.9542603	4.9464493	6.221877
black	4.2704473	3.9252582	3.9596078
event	6.3183575	5.7068644	6.839792
liberty	6.537592	5.6623983	6.8900843
negro	5.3268113	5.2131414	4.801322
little	6.1391406	4.0428267	4.5765
fortune	6.765019	5.34589	6.4519067
touch	5.791982	4.4508643	4.5641637
kill	3.6223516	6.4915447	4.800576
feature	6.4235516	4.4040356	5.8295546
happiness	7.0502357	4.778629	6.098239
assume	5.3954334	4.5654216	5.3018475
notion	5.20912	5.2808595	5.632451
purchase	6.142599	5.0885305	5.973736
faithful	6.3744226	4.5584145	6.104579
soldier	5.5504384	5.7850657	6.5729504
father	5.6715264	4.534285	5.2519765
narrow	3.9767652	3.8763564	3.9475675
great	6.2772493	5.099638	6.2440886
tear	4.030486	5.352172	3.815684
honorable	6.426683	5.409704	6.6762385
previous	5.685478	4.567528	5.195803
good	6.3574233	4.409123	5.166666
domestic	5.90075	3.6566079	4.7891765
glory	7.6447372	5.498041	7.012759
lay	5.324962	4.0429826	4.53768
occasion	6.0248003	5.1087956	5.65826
guard	5.092061	5.6715617	6.0782795
whole	6.092214	4.3513074	5.5514393
mouth	4.4699006	4.52045	4.1360917
receive	6.409097	4.759553	5.813697
take	5.4469156	4.3930454	4.7665753
simple	6.370303	4.108106	5.295031
error	3.7663288	5.1998005	4.784806
wisdom	6.8844504	4.025217	6.589428
rock	5.320917	4.3498144	4.988281
decide	5.5293193	5.067882	5.938815
exclaim	5.687096	5.7737737	5.3182197
assure	6.774842	5.3226733	5.9487114
sign	5.437582	5.101222	5.4421406
preserve	6.264345	4.3857574	5.758042
commerce	6.050105	4.2903905	6.2910485
plant	5.005019	4.3327246	5.0296702
walk	5.854972	4.1489844	4.3488693
difference	5.6886983	3.6707983	4.8710985
hang	4.6252728	4.4706216	4.069349
following	6.4432263	4.127719	5.458606
employ	5.970559	4.3820105	5.4477873
