deal	5.5143843	4.9389277	5.221594
study	7.227886	4.248327	6.2983403
afford	6.8401933	4.338834	5.793146
service	6.5838404	4.6739945	6.0451074
height	5.503245	4.2608056	5.457068
prospect	7.3454094	5.283773	6.1871023
pleasant	7.574988	3.8795543	4.553361
shade	5.9524198	3.3393767	4.4151998
listen	5.9126587	4.6317515	4.827607
mighty	5.6639247	4.9588604	6.120639
country	5.97161	5.0044928	6.1100388
title	6.5120935	4.163297	6.160708
choose	5.5500093	4.4711585	5.260463
village	5.7788577	4.3648505	4.6320553
acquire	7.1786985	4.906507	6.944876
rank	5.6273446	5.959223	6.4690466
bow	5.89044	3.711446	4.956843
doctor	4.794862	4.7734475	4.726029
talent	7.6479206	5.5639486	7.022369
source	6.4079547	4.5913143	5.8165207
lead	5.2801957	5.481978	5.5286064
question	5.221201	4.7652745	5.625535
publish	6.590044	4.7188907	6.489841
interest	6.1011596	5.1801	6.248007
serve	5.4629335	4.535677	5.0417733
divine	6.6559415	4.780138	6.3210287
put	4.775089	4.3866744	4.5095863
shadow	5.365938	3.5387332	4.39836
practical	6.2159142	3.9880075	5.925153
surface	5.282558	3.225233	4.301242
account	5.5153823	5.060214	5.457888
loss	4.6916885	5.01374	4.383909
indian	5.239744	4.8447647	5.4800243
vine	5.4015155	3.8365955	4.0413733
certain	5.6368527	4.621426	5.399904
sin	3.4362533	5.2766986	4.3629813
necessity	5.0780306	5.49248	5.626108
lose	5.0431576	4.812985	4.7271066
private	5.5748973	4.981037	5.7669578
gentleman	6.3081355	4.9244523	5.9261527
daughter	6.480266	4.6950436	5.324749
drive	3.7018378	6.0633216	5.0010967
strange	5.106407	5.1694145	4.6592493
journey	6.358188	3.9176457	4.972304
uncle	5.8436093	5.2143354	5.7828193
species	5.696414	4.1548676	5.152931
think	5.5496783	4.7566075	4.9186907
bed	5.354855	3.4640083	3.7989933
wind	4.478335	5.260139	4.6968303
bless	6.8146095	3.9249215	5.1783843
destroy	3.494242	5.3945827	4.242606
author	6.212711	5.028782	6.100976
sustain	5.343078	4.819097	5.791874
black	4.296901	4.2185755	4.214926
event	5.9594555	5.484008	6.6232963
liberty	6.1449437	4.900025	6.2055736
negro	5.1799736	5.5913935	5.0975876
little	6.038008	4.1929536	4.566498
fortune	6.391066	5.576676	6.262831
touch	5.728094	4.4957366	4.7006826
kill	3.7097037	6.0568933	4.635224
feature	6.418257	4.4873214	5.8559837
happiness	6.974039	5.0581536	6.1270576
assume	5.3422055	4.438236	5.422322
notion	4.8826423	5.3563824	5.710703
purchase	6.5007515	4.7153826	5.6974187
faithful	6.323453	4.9395447	6.335205
soldier	5.227269	5.513056	6.222185
father	5.812894	4.399733	5.2332726
narrow	3.5671515	4.1569886	3.8984675
great	6.2682037	5.02611	6.2759132
tear	4.0269012	4.854995	3.4958344
honorable	5.6069427	5.4897466	6.6224103
previous	5.6583076	4.5859447	5.303106
good	6.481391	4.6485777	5.5053663
domestic	5.9035783	4.0711985	5.53177
glory	7.3533964	5.44005	7.2035017
lay	5.23671	4.007408	4.6160436
occasion	5.7136273	5.375948	5.763276
guard	4.8929286	5.2673597	6.006778
whole	6.089871	4.5245533	5.728868
mouth	5.055928	4.9497375	4.877732
receive	6.5995836	4.6441073	5.9265738
take	5.4703236	4.447739	4.8360934
simple	7.185608	3.9463727	5.6627502
error	3.579797	5.3315682	4.8129444
wisdom	7.795071	4.218062	7.1529055
rock	4.95672	4.7117662	5.0227623
decide	5.500309	5.0742216	5.580099
exclaim	5.4399986	6.018537	5.4772377
assure	6.4488354	5.366115	6.254514
sign	5.1392064	4.910346	5.1122384
preserve	6.168574	4.113036	5.5799274
commerce	6.3697143	4.6107464	6.358583
plant	5.572242	3.9920113	4.8106384
walk	5.5677385	4.3624206	4.434293
difference	5.5591626	3.6868103	5.084646
hang	4.576389	4.319461	3.8874152
following	6.744746	4.2855287	5.738878
employ	5.970078	4.828184	5.756108
