deal	5.5755086	5.1548924	5.4774594
study	7.058747	4.355034	6.25285
afford	6.2783623	4.65451	5.55319
service	6.5279565	4.68897	6.0877995
height	5.69706	4.6176996	5.605672
prospect	7.185453	5.190002	6.1551986
pleasant	7.764156	3.9247546	4.93729
shade	5.6815677	3.4570098	4.473574
listen	6.013192	4.7633095	5.0030546
mighty	5.69412	5.647772	6.10054
country	6.0937347	5.089557	6.2356215
title	6.7987046	4.4371223	6.220312
choose	5.5868278	4.1776977	5.073543
village	5.842621	4.759354	5.351037
acquire	7.119181	5.0548725	6.6384797
rank	5.9325175	5.5654564	6.354102
bow	5.7651644	4.11551	4.793027
doctor	4.68822	4.7690487	4.862147
talent	7.113884	5.3681035	6.7351446
source	6.5556703	4.5137444	5.70649
lead	5.7059674	5.4126973	5.7399945
question	5.6131434	4.783939	5.683643
publish	6.4749365	4.728887	6.495552
interest	6.5647516	5.4575434	6.4653215
serve	5.4669967	4.4754386	4.9925547
divine	6.4779754	5.082977	6.331566
put	5.22124	4.4359026	4.570076
shadow	5.063491	3.4439046	4.2019167
practical	6.4070907	4.402441	6.2168956
surface	5.3894515	3.5820503	4.759442
account	5.3039756	5.1517124	5.3862424
loss	4.4311814	4.7289877	4.227008
indian	5.165599	5.2860107	5.710802
vine	6.089529	4.2937484	5.0732102
certain	5.6309304	4.8650246	5.4353986
sin	3.886368	4.9180975	4.571231
necessity	5.1055326	5.430573	5.7735624
lose	5.207419	4.963764	4.8664126
private	5.650964	5.0369816	5.6437845
gentleman	6.958578	4.9496484	6.025466
daughter	6.574086	4.769416	5.582462
drive	3.9923773	6.131058	5.137261
strange	5.0810285	5.231721	4.761175
journey	6.954727	4.2392445	5.0075016
uncle	5.482542	4.7782073	4.86161
species	5.6004944	4.322032	5.346062
think	5.850163	4.727155	4.992324
bed	5.3222494	3.7076101	3.9822454
wind	4.374112	5.336247	4.829429
bless	6.652971	3.938062	5.0257964
destroy	3.5317535	5.867382	4.839071
author	6.2933702	4.8468046	5.8573866
sustain	5.7853537	5.00452	5.872078
black	3.9767933	4.034714	4.2486367
event	6.3521466	5.548276	6.6919727
liberty	6.1230783	5.211118	6.437275
negro	5.2508345	5.261089	5.173812
little	6.354488	4.197146	4.588084
fortune	6.424544	5.4121904	6.0302515
touch	5.775765	4.4710717	4.521059
kill	3.8829722	6.2694964	4.799015
feature	6.551771	4.406085	5.8791537
happiness	7.102359	5.2072797	6.179601
assume	5.33173	4.245131	5.034413
notion	5.257701	5.302733	5.4638786
purchase	6.1685777	4.9954367	6.152712
faithful	6.3285723	5.124126	6.5775023
soldier	5.191681	5.672922	6.246356
father	6.184701	4.4088597	5.4255075
narrow	4.389614	4.2095776	4.3847
great	6.3955164	5.2158055	6.312334
tear	4.0580997	4.616488	3.539381
honorable	6.578361	5.397516	6.895335
previous	5.0717287	4.927758	5.1394725
good	6.502611	4.844687	5.5012884
domestic	5.9827676	4.404364	5.316675
glory	7.542884	5.378854	7.04216
lay	5.529057	4.152749	4.647059
occasion	5.8401933	5.4478693	5.749708
guard	5.1398525	5.7137675	6.402282
whole	6.327188	4.539693	5.7745514
mouth	5.387657	4.6582174	4.535469
receive	6.376708	4.806874	5.9828258
take	5.699251	4.412732	4.8210826
simple	6.91505	4.227475	5.712559
error	3.800632	4.982856	4.769267
wisdom	7.582183	4.0298595	6.5463743
rock	4.9179378	4.491676	4.9279857
decide	5.679645	5.062095	5.571324
exclaim	6.127261	5.865711	5.2913675
assure	6.566403	5.2233458	6.0365877
sign	5.1273737	5.443807	5.4702806
preserve	6.280618	4.3292994	5.881086
commerce	6.439879	4.7525587	6.271802
plant	5.556567	4.3827724	4.9875774
walk	5.996911	4.448139	4.526983
difference	5.664958	3.7858055	4.78269
hang	4.4097657	4.6542726	4.0171633
following	6.822299	4.2811203	5.742441
employ	5.8471904	4.6597033	5.560405
