deal	5.2525735	5.0549536	5.0225306
study	6.869734	4.1785536	5.8500347
afford	6.5044007	4.3333707	5.667695
service	6.432518	4.575551	5.714065
height	5.755965	4.401669	5.529615
prospect	6.851561	5.4806604	6.1481295
pleasant	7.22993	3.2685251	4.276464
shade	5.725402	3.6098723	4.4021516
listen	5.689754	4.2389812	4.2468653
mighty	5.9271383	5.3862443	6.266178
country	5.9515643	4.8570538	5.983465
title	6.5901537	4.1267166	5.7931385
choose	6.0431967	4.1368613	5.542319
village	5.897797	4.140946	5.052555
acquire	6.730148	4.8780556	6.4856253
rank	5.9771075	5.523301	6.315945
bow	6.2499995	3.8213024	5.1093483
doctor	4.791577	5.2433395	5.006967
talent	7.4703245	5.945881	7.3976808
source	6.6158457	4.465441	5.8061657
lead	5.3008213	5.341044	5.3821745
question	5.4921975	4.9150925	5.957267
publish	6.4171524	4.954806	6.528206
interest	6.3875475	5.048067	6.0828056
serve	5.738244	4.5575	5.134587
divine	6.539054	4.855287	6.2619095
put	5.0408835	4.426953	4.5628333
shadow	4.991013	3.800777	4.286523
practical	6.3960614	4.7600083	6.791459
surface	5.8643575	3.320378	4.88671
account	5.4738626	5.008973	5.5050426
loss	4.6361666	4.761841	4.4126077
indian	4.9531794	4.7052584	5.1908236
vine	6.04464	4.089305	4.71954
certain	5.5938478	4.8947277	5.464516
sin	3.7451181	5.130248	4.5047812
necessity	5.2094145	5.3232045	5.545244
lose	5.099002	4.66478	4.718128
private	5.516642	4.8443475	5.5366626
gentleman	6.5527363	4.761208	5.5967298
daughter	6.7780237	4.4008713	5.3955045
drive	3.900171	6.158832	5.2943306
strange	4.61608	4.6282945	4.246101
journey	6.26272	4.0577064	4.811051
uncle	5.4212437	5.4207783	5.889533
species	6.104162	4.1488447	5.5154963
think	5.6391797	4.6367526	4.852456
bed	5.156281	3.549284	3.933774
wind	4.839766	4.9423294	4.9859796
bless	6.6674457	3.9429553	5.2830644
destroy	3.8596492	5.5166135	4.599697
author	5.884833	5.0301914	5.649892
sustain	6.000884	4.8513904	6.3517704
black	4.1027756	3.7973628	4.0291395
event	5.81977	5.1962514	6.186427
liberty	6.011575	5.0023293	6.3831673
negro	4.6284375	4.8612723	4.3481603
little	6.0205235	4.209521	4.462681
fortune	6.2765107	5.5755725	6.0580263
touch	5.688959	4.6089	4.7591233
kill	3.9450536	5.973402	4.5424976
feature	6.0790977	4.401701	5.655634
happiness	7.061921	4.588949	5.682746
assume	5.6786394	4.7186837	5.6161118
notion	4.393022	5.175248	5.108465
purchase	6.070816	5.343928	6.018035
faithful	6.3464136	4.7627797	5.9923906
soldier	5.282776	5.361204	6.10356
father	6.095839	4.4392796	5.605576
narrow	3.9967632	3.8898127	4.0956182
great	6.4160743	4.9255095	6.206818
tear	4.0084953	5.1714406	3.8923728
honorable	6.2920895	5.300755	6.2836056
previous	5.82969	4.4635906	5.208091
good	6.523108	4.6365385	5.4210052
domestic	5.9389405	3.9129884	4.9326406
glory	7.4760003	5.076104	6.8991003
lay	5.395019	4.0222354	4.606484
occasion	5.850092	5.3114953	5.7912464
guard	4.9340115	5.4437757	6.1430445
whole	6.024594	4.4171677	5.504553
mouth	5.2721777	4.780009	4.4857388
receive	6.2202573	4.609952	5.6755857
take	5.552856	4.3992686	4.810912
simple	6.833023	3.939595	5.495647
error	4.0427074	5.225843	4.9550695
wisdom	7.8800116	3.9809852	6.726428
rock	5.385386	4.077665	5.088731
decide	5.64943	4.9250216	5.8194284
exclaim	5.86709	6.2491612	5.6803885
assure	6.0723877	5.211331	5.86014
sign	5.2722898	4.577482	5.1601043
preserve	6.4153333	3.8737912	5.4659204
commerce	6.731348	4.526208	6.458341
plant	5.632248	3.9959655	4.970472
walk	5.4735355	4.501209	4.4323235
difference	5.351232	3.6944833	4.7875557
hang	4.598145	4.485797	4.091678
following	6.7413044	4.2018933	5.604043
employ	5.832539	4.464165	5.5461354
