deal	5.131219	5.20868	5.3578367
study	6.7355895	4.360565	5.877411
afford	6.698004	4.5623126	5.8064175
service	6.8169646	4.679039	6.289394
height	5.521517	4.6461973	5.7231655
prospect	7.438187	5.012515	6.2441597
pleasant	7.099689	3.8234723	4.313014
shade	5.7762184	3.4570413	4.27746
listen	5.965829	4.58564	4.731252
mighty	5.9284306	5.0191174	6.1447253
country	6.137003	4.8011484	6.146687
title	6.3927507	4.2066255	5.7045875
choose	5.826767	4.227469	5.3209352
village	5.5110345	4.1602926	4.6059766
acquire	7.2709694	5.1041517	7.019968
rank	6.289425	5.7464395	6.5458646
bow	5.818464	4.0515046	5.098767
doctor	4.760601	4.8131723	4.553856
talent	7.460225	5.578971	7.3544145
source	6.7346845	4.887712	6.194768
lead	5.4295354	5.4706907	5.5933924
question	5.555978	5.0101066	5.877601
publish	6.4259534	4.646606	6.4721775
interest	6.4351387	5.187709	6.24004
serve	6.054221	4.4141793	5.2352977
divine	6.12101	4.824156	6.1357737
put	5.154731	4.426586	4.665233
shadow	4.866673	3.3602333	4.1852684
practical	6.593757	4.2803106	6.36424
surface	5.9786396	3.1751237	4.478017
account	5.593481	5.2550144	5.680666
loss	4.5303154	4.8278	4.3110604
indian	5.075181	4.3765707	4.9991
vine	6.04899	4.140667	4.9615436
certain	5.574235	4.797007	5.5648828
sin	3.1956613	4.9152966	4.231125
necessity	5.2818904	5.222596	5.8476
lose	5.2736406	4.5592527	4.424256
private	5.6223993	4.7926035	5.6610117
gentleman	6.433874	4.9667597	5.673296
daughter	6.9239564	4.6780753	5.6582575
drive	4.179301	5.9219904	5.1321664
strange	4.7487183	4.939601	4.367836
journey	6.212027	4.0234275	4.5074077
uncle	6.0474453	5.3092995	5.9868236
species	5.341608	4.1577373	5.1810756
think	5.66181	4.6838994	4.8749247
bed	5.330637	3.4417958	4.1619406
wind	4.6901283	5.10771	5.0364957
bless	6.645344	3.7409441	5.1024623
destroy	3.7233512	5.609613	4.558317
author	5.7569356	5.057962	5.712956
sustain	5.8068547	4.776865	6.1103024
black	4.025853	3.976321	3.9883318
event	6.187316	5.4598236	6.3863025
liberty	6.305706	4.762974	6.22109
negro	5.135751	4.7978187	4.7046523
little	6.338729	4.200284	4.692682
fortune	6.112495	5.6109743	6.1208076
touch	5.937867	4.5056057	4.690858
kill	3.5505195	6.217024	4.3560457
feature	6.186196	4.648102	5.631354
happiness	7.3390303	4.9227524	6.1101284
assume	5.1080723	4.7741337	5.3608947
notion	4.9583855	5.1801267	5.1737638
purchase	6.3935494	4.7115574	5.901478
faithful	6.2311325	4.933077	6.394277
soldier	5.751232	5.30621	6.1383185
father	5.9851832	4.4598684	5.3169885
narrow	4.1617646	4.0203347	4.291629
great	6.3377285	4.9664235	6.3081055
tear	4.298778	4.7550526	3.6469102
honorable	6.386204	5.3346996	6.827881
previous	5.6115108	4.4586043	5.215484
good	6.31722	4.586312	5.28929
domestic	6.6123686	3.798364	5.213275
glory	7.4028616	5.1806884	7.0306864
lay	5.290325	3.880105	4.474389
occasion	5.8418922	5.31407	5.7637424
guard	5.4479	5.495596	6.254345
whole	6.1595445	4.194627	5.5225363
mouth	5.037302	4.9938574	4.4761496
receive	6.438249	4.6611495	6.0342007
take	5.4608517	4.464466	4.7511873
simple	6.9544864	3.9381618	5.675277
error	3.804993	5.420964	4.862432
wisdom	7.3136168	4.1962495	6.55377
rock	4.84585	4.6364765	5.074159
decide	5.8747973	5.156467	5.875989
exclaim	5.62188	6.188548	5.3995137
assure	6.3042727	5.034534	5.945552
sign	5.117188	5.3899384	5.6111956
preserve	6.2384543	4.1315284	5.494475
commerce	6.6290708	4.3666544	6.0977445
plant	5.7498984	4.3387117	5.396359
walk	5.73287	4.74277	4.675626
difference	5.506346	3.9642239	4.9167356
hang	4.400644	4.474654	4.0040703
following	6.52761	4.578025	5.7997804
employ	6.1497316	4.511943	5.854737
