deal	4.8022504	4.8556056	5.007386
study	6.847739	4.159484	6.1534753
afford	6.711291	4.480869	5.722339
service	6.5950603	4.6284804	6.141424
height	5.3853273	4.509422	5.5520315
prospect	7.329567	5.178999	6.5069733
pleasant	7.17605	3.1399107	4.238869
shade	5.6047664	3.2289462	4.3625073
listen	5.498603	5.005918	4.83093
mighty	5.208175	5.330363	5.89956
country	6.040928	4.8539033	6.0980253
title	6.5214915	4.090369	5.9447327
choose	6.0582595	4.188616	5.4309645
village	5.5913363	4.1254606	4.8583317
acquire	7.146402	4.4758115	6.661639
rank	5.6615844	6.054414	6.623433
bow	5.565645	3.7071028	4.964193
doctor	4.362729	4.878391	4.767952
talent	7.1853395	5.7116323	7.1613073
source	6.2928333	4.436049	5.7029815
lead	5.4166093	5.3236485	5.474203
question	5.2856693	4.6146584	5.695776
publish	6.7716346	4.769444	6.89985
interest	6.5418844	5.0833707	6.3815694
serve	5.8808193	4.2773457	5.1586866
divine	6.011766	4.8893776	6.040439
put	5.044736	4.318964	4.4789543
shadow	4.924819	3.4646554	4.2328115
practical	6.686189	4.1470737	6.4998035
surface	5.337448	3.2346966	4.4607987
account	5.410671	4.859276	5.369853
loss	3.9735522	4.9903574	4.400028
indian	5.083571	4.5028877	5.0118184
vine	5.7425165	3.7385647	4.3042254
certain	5.787654	4.6236153	5.555692
sin	3.4014378	5.334444	4.2694483
necessity	5.1540127	5.4635267	5.6673684
lose	4.9396544	4.3789706	4.546003
private	5.815599	4.984722	5.9368815
gentleman	6.5651636	4.6517415	5.7164645
daughter	6.3600183	4.545751	5.4574375
drive	4.219441	5.8035717	4.8401523
strange	5.0423775	4.617152	4.4921613
journey	5.910796	3.91056	4.68747
uncle	5.476219	4.9244585	5.415299
species	5.7365804	4.0893855	5.266412
think	5.471548	4.5273867	4.928591
bed	5.6062307	3.6742997	4.416812
wind	4.645552	4.593957	4.792944
bless	6.845875	3.6445222	5.3877482
destroy	3.1496165	5.484306	4.307629
author	5.84855	5.078605	5.8019485
sustain	5.7964325	4.978684	6.0806484
black	4.5880675	3.84138	4.2572527
event	6.0653205	5.1392736	6.4091396
liberty	6.4165874	5.0927677	6.631236
negro	5.137579	4.774065	4.7028813
little	6.025813	4.0613403	4.606494
fortune	6.2301645	5.235805	6.217952
touch	5.5760107	4.372567	4.7822113
kill	3.6455781	6.106512	4.4113436
feature	6.1502066	4.5850253	5.9883127
happiness	7.057392	4.67076	5.9964247
assume	5.1869583	4.6994867	5.448393
notion	4.459509	5.4717655	5.2292295
purchase	5.810883	4.728507	5.856969
faithful	6.535825	4.8374457	6.455406
soldier	5.5238905	5.4118676	6.155073
father	5.874771	4.3265457	5.3205895
narrow	4.229535	3.955268	4.252091
great	6.1604757	4.93487	6.2075925
tear	4.0808744	4.8909144	3.859168
honorable	6.1619725	5.288743	6.572902
previous	5.455148	4.399695	5.273924
good	6.3037114	4.515635	5.216089
domestic	5.7949433	4.111942	5.2230387
glory	6.9742436	5.4347296	6.779436
lay	5.3174343	4.1312156	4.6949854
occasion	5.6787477	5.1969666	5.5443974
guard	5.3059587	5.4671135	6.359329
whole	6.0169873	4.440701	5.592382
mouth	5.294114	4.8445725	4.5762873
receive	6.6454806	4.5368896	5.981193
take	5.4924974	4.275635	4.8652296
simple	6.67231	3.7515578	5.25517
error	3.5910413	5.494795	5.034066
wisdom	7.8025484	4.065922	7.0271416
rock	5.2954545	4.5469556	4.963934
decide	5.7739615	4.7371984	5.786122
exclaim	5.881249	5.5790935	5.569163
assure	6.668282	4.976608	6.0303907
sign	5.3463078	4.5293016	5.297236
preserve	6.3128915	4.01839	5.616863
commerce	6.113152	4.314424	5.8560123
plant	5.5029116	3.739322	4.748339
walk	5.535721	4.308348	4.5227118
difference	5.1817865	3.91744	4.938552
hang	4.7170744	3.9842293	3.6214714
following	6.511389	4.0985394	5.5779443
employ	5.883843	4.6593695	5.7940793
