deal	4.8248773	5.147638	5.198695
study	6.829605	4.4541354	5.9045224
afford	6.2784877	4.599943	5.6115923
service	6.4150066	4.662304	5.9319167
height	5.5777373	4.837413	5.5083055
prospect	7.28243	5.3876143	6.381696
pleasant	7.4292564	3.5971878	4.683474
shade	5.6575418	3.6553755	4.636047
listen	6.125622	5.0543594	5.176674
mighty	5.604213	5.212265	6.0174923
country	6.211192	4.8415675	6.078741
title	6.4142103	3.9179695	5.9833107
choose	5.501722	4.4341707	5.5359664
village	5.536462	4.2516603	4.8066063
acquire	7.183044	5.2221174	6.7714996
rank	5.894191	5.9051723	6.5783944
bow	5.871645	3.8484678	5.1546755
doctor	4.44152	4.798491	4.4902334
talent	7.609315	5.879844	7.2450314
source	6.8521676	4.598587	6.017398
lead	5.5507283	5.1621666	5.548693
question	5.4973235	4.547655	5.6949205
publish	6.6831374	4.42831	6.5198298
interest	6.5201564	5.0829687	6.320651
serve	5.6811047	4.264003	4.9981484
divine	6.7648754	4.690518	6.202007
put	5.0334578	4.2901964	4.5181246
shadow	5.036103	3.595592	4.34971
practical	6.7137074	4.175947	6.3686028
surface	5.4643836	3.4309144	4.7159395
account	5.4819365	5.107401	5.4148803
loss	4.5810504	4.837842	4.33435
indian	5.0825334	4.878219	5.2619214
vine	6.3066154	4.474284	4.8173766
certain	5.5543184	4.7555346	5.434703
sin	3.5756643	5.1352224	4.113851
necessity	5.2609186	5.488989	5.746894
lose	5.141643	4.459191	4.668906
private	5.5551085	4.496667	5.7021317
gentleman	6.6644864	4.861012	5.902321
daughter	6.7124834	4.861544	5.7479606
drive	3.9781265	5.976466	4.9751663
strange	5.1456842	5.0815253	4.8304653
journey	6.5710874	4.013138	4.862965
uncle	6.192438	5.1681437	6.0546103
species	5.567002	4.179585	4.896619
think	5.771703	4.519685	4.9179716
bed	5.0928125	3.3041387	3.9486694
wind	4.3856516	4.7576313	4.6513424
bless	6.472919	3.749605	5.0386677
destroy	3.1040442	5.848784	4.5942454
author	5.96427	5.042736	5.87143
sustain	6.0394826	4.823202	6.2243204
black	4.1782656	3.9839475	4.0899615
event	5.9497104	5.1205773	6.3356915
liberty	6.4868712	4.9783716	6.5184693
negro	4.863234	5.137446	4.7966647
little	6.237369	4.079423	4.6313367
fortune	6.749873	5.3880644	6.3527756
touch	5.696004	4.227506	4.6093893
kill	3.644273	6.146955	4.6181035
feature	6.7173505	4.1910505	5.877741
happiness	7.512691	4.8719907	6.2238913
assume	5.3520503	4.692182	5.4993052
notion	4.9885664	5.056048	5.532561
purchase	5.4944844	4.851981	5.437315
faithful	6.3508706	4.8441133	6.3524055
soldier	5.697087	5.6238704	6.532824
father	5.8333516	4.366812	5.3483334
narrow	3.8940008	4.0901146	4.0612383
great	6.2983627	4.918268	6.1693764
tear	4.1577272	4.703732	3.67024
honorable	6.1752243	5.6502237	7.076166
previous	5.292488	4.5032086	5.351918
good	6.1372967	4.6721663	5.239398
domestic	6.150124	3.790278	5.3561916
glory	7.52573	5.3545704	6.981164
lay	5.157947	4.017285	4.5499287
occasion	5.8418846	5.2376328	5.6163673
guard	5.3600726	5.5562277	6.6326237
whole	6.05509	4.3703327	5.5467167
mouth	5.2105594	4.4520802	4.4183292
receive	6.2099547	4.6079855	5.770672
take	5.323801	4.3811493	4.7390165
simple	6.6113853	4.127906	5.3775334
error	3.702775	5.4536867	5.0307584
wisdom	7.491231	4.230525	6.819275
rock	5.1808724	4.4646077	4.896633
decide	5.263025	4.932436	5.859377
exclaim	5.9172425	5.7562304	5.3162336
assure	6.5500207	4.885121	5.7603664
sign	5.693217	4.7654295	5.331425
preserve	6.25206	4.0453854	5.642464
commerce	6.6399584	4.288303	6.1805973
plant	5.138229	4.216562	5.084117
walk	5.703832	4.6290245	4.5161858
difference	5.5775213	3.8480499	4.770919
hang	4.1264596	4.360383	3.799291
following	6.385113	4.301162	5.5714626
employ	5.7755985	4.507567	5.5157347
