deal	4.953888	5.120403	5.1703186
study	6.7563496	4.364493	6.39167
afford	6.4810944	4.373988	5.776509
service	6.369755	4.9152274	6.1062903
height	5.537492	4.445166	5.2474265
prospect	7.1967616	5.3888655	6.7282867
pleasant	7.5270176	3.7083464	4.8000665
shade	5.3653126	3.7746463	4.5867963
listen	6.245216	4.7290773	5.0391216
mighty	5.5220685	5.0841208	5.819555
country	6.147962	4.825747	6.289498
title	6.7274904	4.212325	5.8175316
choose	5.767219	4.0406055	5.180121
village	5.7799883	4.0361834	4.689675
acquire	7.0518603	5.16181	6.79802
rank	6.1988916	5.8953276	7.0304704
bow	5.9259386	4.117627	4.942979
doctor	4.5416327	4.6128163	4.8803415
talent	7.3997707	5.736589	7.217722
source	6.2705235	4.668755	5.6099443
lead	5.8279824	5.292558	5.5398765
question	5.3382483	4.7719054	5.8859477
publish	6.421562	4.9310966	6.429744
interest	6.433653	5.0937967	6.304372
serve	6.0860925	4.35413	5.1154156
divine	6.256448	4.9582577	6.2751884
put	5.0913916	4.379967	4.5400114
shadow	4.9483104	3.7241862	4.372712
practical	6.4253755	4.202398	6.176657
surface	5.4765215	3.3353057	4.277278
account	5.370285	4.877815	5.3274984
loss	4.37978	5.07335	4.184775
indian	5.239402	4.665266	5.2703724
vine	5.863719	4.2284007	5.011755
certain	5.534697	4.7884274	5.4229765
sin	3.7960372	4.749429	4.3777933
necessity	5.3594546	5.380442	5.8259864
lose	4.999386	4.747856	4.413889
private	5.447223	4.9586225	5.689724
gentleman	6.6316595	4.862975	6.0187483
daughter	6.8428025	4.81462	5.6283383
drive	3.7554984	6.229226	4.76229
strange	4.4894986	5.075507	4.3458414
journey	6.339178	3.8754191	4.7946124
uncle	6.1000805	4.7772226	5.714341
species	5.2954907	4.0685253	5.112017
think	5.5060034	4.606196	4.8910975
bed	5.043348	3.832886	3.9438694
wind	4.510495	5.0805993	4.7898088
bless	6.6340194	4.0225844	5.1990795
destroy	3.409131	5.4645696	4.3650746
author	6.0304146	4.9773726	5.878481
sustain	5.960308	4.8951745	5.807848
black	4.169847	4.130808	4.230878
event	6.1002216	5.319885	6.456168
liberty	6.595608	5.2760115	6.7932596
negro	5.113173	5.579226	5.3907027
little	6.076286	4.131635	4.5877447
fortune	6.1014514	5.591133	6.270308
touch	5.796809	4.3676295	4.299734
kill	3.4624798	6.025207	4.347317
feature	6.3602967	4.697554	6.0305676
happiness	7.063185	5.3172617	6.4595003
assume	5.5749497	4.5739417	5.7466993
notion	5.082245	5.370852	5.443676
purchase	6.2012897	4.97956	5.8244667
faithful	6.5353994	4.480604	6.392532
soldier	5.812685	5.6936646	6.695627
father	5.95223	4.41659	5.2414412
narrow	4.308527	3.5550413	3.9313474
great	6.2099247	4.921516	6.123849
tear	4.1936765	4.8699746	3.6371636
honorable	6.2302794	5.584026	6.7371187
previous	5.909984	4.848709	5.380865
good	6.3761673	4.5727983	5.33554
domestic	6.183367	4.1595235	5.441061
glory	7.3931303	5.4735403	7.0878096
lay	5.3805294	3.9535599	4.67296
occasion	5.6777253	5.2578087	5.8745847
guard	5.6536684	5.645981	6.3327684
whole	5.8727703	4.4294753	5.5959983
mouth	5.505756	4.78013	4.901062
receive	6.3921223	4.6872625	5.592639
take	5.383369	4.4628696	4.7177634
simple	6.8989596	3.952838	5.5765567
error	3.9510145	5.390013	4.759098
wisdom	7.3542786	4.4871893	6.784826
rock	5.1728363	4.4202027	4.74376
decide	5.6710706	5.178325	6.0264935
exclaim	5.8091908	5.6567445	5.359671
assure	6.704613	5.259434	6.292779
sign	5.938436	4.7663918	5.8411803
preserve	6.5301256	4.195999	5.7240143
commerce	6.4597483	4.4379783	6.635474
plant	5.2712445	4.2437186	5.174216
walk	5.9638524	4.2977104	4.7934513
difference	5.1447678	3.9861016	4.940255
hang	4.3709564	4.223922	3.7227187
following	6.7400455	4.0973654	5.5314064
employ	5.76043	4.665933	6.023717
