deal	4.648361	5.608324	4.870274
study	6.571588	4.49475	5.9406652
afford	6.4917073	4.455911	5.7195973
service	6.0525007	5.053854	5.857089
height	5.227951	4.76487	5.346748
prospect	7.1622148	5.2130547	6.342057
pleasant	7.3333807	3.6263757	4.500342
shade	5.5673075	3.671433	4.2708926
listen	5.856704	4.9495335	4.627803
mighty	5.898018	5.1619596	6.2278996
country	6.0127764	4.749574	6.054298
title	7.035185	4.049798	5.976798
choose	5.4666038	4.213838	5.283661
village	5.3699236	3.8265097	4.5832524
acquire	6.808486	5.4593825	6.659728
rank	5.7550793	5.3335524	6.297985
bow	5.784014	4.1165137	5.15653
doctor	4.736661	4.875205	5.0857043
talent	6.9678326	5.678468	6.880227
source	6.744135	4.6375165	6.010117
lead	5.288406	5.3516426	5.426195
question	5.3157372	5.1446757	5.9651237
publish	6.835326	4.224737	6.2669916
interest	6.319503	5.3565655	6.393824
serve	5.4321294	4.83221	5.0164595
divine	6.5131884	4.6871386	6.4470763
put	4.9946795	4.310962	4.5400953
shadow	4.8045897	3.8337398	4.219216
practical	6.597395	3.8148358	6.1949387
surface	5.370048	3.1306047	4.454103
account	5.600876	4.8162155	5.328046
loss	4.098856	4.989626	4.327374
indian	5.183984	4.7693987	5.3545747
vine	5.0991693	4.3706145	4.3030524
certain	5.453632	4.6749477	5.3997407
sin	3.4241571	4.8308835	4.0836697
necessity	5.7967615	5.1872206	5.9477663
lose	5.0408216	4.578386	4.643485
private	5.2676826	5.0313597	5.603608
gentleman	6.878717	4.717221	5.982538
daughter	6.698493	4.6129313	5.505121
drive	4.0172005	5.9183073	4.6995473
strange	4.6591825	5.1754456	4.4739146
journey	5.6978817	3.976952	4.4882665
uncle	5.942734	4.8853374	5.3251753
species	5.824823	4.075529	5.386033
think	5.4564557	4.7110095	4.838211
bed	4.7103906	3.891409	4.0738254
wind	4.5078807	5.01089	4.66117
bless	6.358335	4.0581474	5.0898514
destroy	3.2980175	5.365625	4.362577
author	6.1215715	4.882016	5.8003564
sustain	5.9653654	5.0634155	6.0340843
black	4.0257874	4.0187054	4.231065
event	5.8467064	5.2860723	6.221295
liberty	6.2120695	4.9489	6.494981
negro	5.3275733	5.107286	5.11125
little	6.025626	4.104054	4.643382
fortune	6.3576612	5.2630243	6.2379637
touch	5.674353	4.6626434	4.6614747
kill	3.3806362	6.2184544	4.5304894
feature	6.407197	4.686973	5.9791946
happiness	6.9003167	4.9258504	6.107201
assume	5.521198	4.7572055	5.5915604
notion	4.5871267	4.955876	5.1643333
purchase	6.0756235	5.162929	5.804198
faithful	5.866551	4.561963	6.238491
soldier	5.079424	5.605172	6.2425137
father	5.623497	4.626832	5.2559915
narrow	3.871126	4.34025	4.1614976
great	6.2253833	5.0613117	6.285012
tear	3.968934	4.735421	3.4585161
honorable	6.2841215	5.3162646	6.4420033
previous	5.7096457	4.7269673	5.289008
good	6.3031144	4.6315274	5.2836256
domestic	5.864071	3.9926376	5.233634
glory	7.4725394	5.184512	6.747756
lay	5.3761888	4.254854	4.6022677
occasion	6.009687	5.1624904	5.9452047
guard	4.874019	5.605303	6.036498
whole	5.878015	4.5490904	5.605626
mouth	5.154024	4.691653	4.539157
receive	6.4486227	4.548172	5.797295
take	5.340549	4.3205094	4.7106385
simple	6.787133	4.1015124	5.4896326
error	3.533765	5.018087	4.7427344
wisdom	7.7092433	3.813786	6.469976
rock	5.01765	4.420854	4.9632688
decide	4.996409	5.4783483	5.9465137
exclaim	6.3118944	5.670796	5.6365805
assure	6.5712414	4.977502	5.8571615
sign	5.8962207	4.447605	5.2886353
preserve	6.28392	4.2632875	5.721569
commerce	6.474025	4.228556	6.236967
plant	4.7240586	4.361145	4.7241926
walk	5.667023	4.2727556	4.2972546
difference	5.4775577	4.2358265	4.812541
hang	3.9832578	4.811097	4.040646
following	6.3417244	4.1079335	5.4904137
employ	5.9589443	4.4146323	5.5783463
