deal	4.8800592	5.2969146	5.1907454
study	6.8707414	4.206785	6.0274496
afford	6.43337	4.6071916	5.7095175
service	6.0747747	4.843539	5.890871
height	5.7625823	4.5545225	5.5909247
prospect	7.0958786	5.1039014	6.20605
pleasant	7.1853333	3.832924	4.5486584
shade	5.1169496	3.278656	3.880054
listen	5.508136	5.0870304	4.784345
mighty	5.8574276	5.4663544	6.072288
country	6.187502	4.8486214	6.1861205
title	7.1685753	4.289045	6.171393
choose	5.8669243	4.3358564	5.428501
village	5.777258	4.0098386	4.8143044
acquire	7.147018	4.868456	6.9249644
rank	6.016993	5.562677	6.516282
bow	5.698282	4.1125116	5.0319386
doctor	4.8134766	4.7402816	4.6775436
talent	7.241428	5.6461687	7.1839566
source	6.13788	4.2852674	5.39577
lead	5.679425	5.489297	5.68834
question	5.2365284	4.924003	5.676297
publish	6.307006	4.747284	6.661148
interest	6.4495015	5.4178658	6.582435
serve	5.718054	4.649618	5.0959187
divine	6.333228	4.7934012	6.1633544
put	5.086965	4.236425	4.513883
shadow	4.9822702	3.5912454	4.0345387
practical	6.0425625	4.314038	6.107443
surface	5.4232435	3.0624106	4.1048093
account	5.7665563	4.9867163	5.473372
loss	4.4636216	5.17516	4.333544
indian	5.614098	4.6022873	5.390561
vine	5.922515	3.9560306	4.401555
certain	5.80058	4.7822266	5.5683813
sin	3.3293312	4.983236	4.0009637
necessity	5.144316	5.55665	5.716353
lose	5.2718406	4.801687	4.759384
private	5.328401	5.246856	5.8498797
gentleman	6.2812223	4.5998945	5.5206356
daughter	6.4823403	4.623987	5.600499
drive	3.920885	5.8746614	5.0927153
strange	4.924269	5.280657	4.645379
journey	6.0892215	3.9706063	4.471066
uncle	5.81573	4.8875012	5.4093494
species	6.0159674	3.5383334	5.137053
think	5.759986	4.702643	4.954537
bed	4.906452	3.7972581	3.7003653
wind	4.669939	5.1238303	4.7654266
bless	6.6382537	4.246677	5.4289727
destroy	3.5300972	5.655339	4.5207334
author	6.17527	4.8391666	6.0201817
sustain	5.617023	5.1024847	6.0545187
black	4.040951	3.9001327	4.0536604
event	5.8928094	5.3776054	6.3854914
liberty	5.9979625	5.188277	6.292364
negro	4.874449	4.696809	4.772807
little	6.1483126	4.2282157	4.665038
fortune	6.4147644	5.566596	6.241828
touch	5.567978	4.5378823	4.55836
kill	3.943153	6.1600637	4.918862
feature	6.26507	4.520696	5.938294
happiness	6.6734433	5.008018	6.028864
assume	5.2616453	4.6594586	5.5461774
notion	4.9567614	5.0078998	5.4872727
purchase	6.304595	4.771159	6.0509086
faithful	6.1823487	5.1239467	6.390295
soldier	5.722241	5.242497	6.204153
father	5.9915233	4.517955	5.5712156
narrow	4.008628	4.0575013	4.169109
great	6.3004627	4.911714	6.2980204
tear	4.166945	4.7464237	3.7341633
honorable	6.3200817	5.4621654	6.7199693
previous	5.7003436	4.563835	5.3655663
good	6.465065	4.748187	5.5965195
domestic	5.8035245	4.2163577	5.248701
glory	7.3786907	4.990688	6.6766987
lay	5.521492	4.1301074	4.582462
occasion	6.066341	5.2758713	5.8260417
guard	5.076508	5.685414	5.968275
whole	6.1660047	4.389937	5.6628747
mouth	4.9880323	4.753596	4.737413
receive	6.521654	4.8186235	6.0321693
take	5.5541363	4.4335103	4.8743567
simple	6.9854655	4.10347	5.7477274
error	3.9973245	5.3450828	5.1663394
wisdom	7.2318673	4.1082573	6.5545034
rock	5.0781603	4.1569467	4.8604703
decide	5.503254	5.348029	5.9832587
exclaim	5.867976	5.75897	5.431599
assure	6.658163	5.2476683	6.0944176
sign	5.810462	4.728215	5.4968653
preserve	6.2649837	4.330202	5.54911
commerce	6.634582	4.1178865	6.1494713
plant	5.2193747	4.1496778	4.8295317
walk	5.7422333	4.199923	4.3212113
difference	5.4951353	3.5521312	4.9799747
hang	4.1200495	4.628814	4.100374
following	6.4864917	4.598857	5.686289
employ	6.1190248	4.443404	5.7799673
