deal	4.7710633	4.1659503	5.3408804
study	6.2779913	3.9113832	6.2029033
afford	6.2205577	4.111971	6.00197
service	5.8151617	3.9233541	5.925003
height	5.719249	3.951007	5.5824842
prospect	6.3583765	4.2421336	5.740974
pleasant	6.718605	3.4957812	6.127315
shade	5.689583	3.5774238	5.768955
listen	5.60082	3.899324	5.6616154
mighty	5.562319	4.4430213	5.319262
country	5.8313537	4.123579	5.687817
title	5.8501725	4.035115	5.676545
choose	5.544904	3.671016	5.770546
village	5.6616464	3.8310196	5.4166217
acquire	6.0383415	4.101668	6.4125037
rank	5.3707986	4.4009333	5.542773
bow	5.638117	3.3978982	5.754383
doctor	4.934261	3.6450212	5.186282
talent	6.4391737	4.6106853	6.5636697
source	5.9442787	4.073789	5.7941957
lead	5.200766	4.2678323	5.4761424
question	5.029798	4.238277	5.3641253
publish	5.90183	4.0406437	5.6889024
interest	5.933592	4.2266717	5.920387
serve	5.560069	3.705102	5.825494
divine	5.8670235	4.362631	5.5046587
put	5.226897	3.8304472	5.4052515
shadow	5.223017	3.5797577	5.325604
practical	6.100453	3.9295642	6.2398844
surface	5.712506	3.3663683	5.607779
account	5.3216867	4.256305	5.3902802
loss	4.761885	4.3184285	4.8555202
indian	5.3516226	4.239665	5.190991
vine	5.8395514	3.5807395	5.6313963
certain	5.3445444	4.1719413	5.442105
sin	3.84822	4.3645	4.3738546
necessity	5.0558295	4.427553	5.270762
lose	5.38155	4.1802015	5.353992
private	5.1575775	4.0503054	5.384038
gentleman	5.9438934	4.1674676	5.8007455
daughter	6.2369013	3.9927166	5.8102975
drive	4.8401217	4.4241457	5.0324965
strange	5.184438	4.48282	5.003745
journey	5.843695	3.768392	5.437506
uncle	5.7900195	4.040041	5.5402603
species	5.6103497	4.2121983	5.2426353
think	5.5126143	4.1917477	5.5565886
bed	5.461467	3.777307	5.361084
wind	4.949658	4.2579336	4.90846
bless	6.371011	3.925676	6.148098
destroy	4.0660706	4.5518594	4.6429863
author	5.9960523	4.297957	5.7256474
sustain	5.591621	3.9276068	5.539541
black	4.836119	3.9249747	4.9492044
event	5.4144826	4.2853165	5.287775
liberty	5.860498	4.2300887	5.8315673
negro	5.20307	4.363999	5.093929
little	5.8680563	3.8778389	5.6865635
fortune	5.9080048	4.5017896	5.6557326
touch	5.7512918	4.10107	5.5710597
kill	4.1424913	4.896075	4.657795
feature	5.6825123	4.1226654	5.7471867
happiness	6.6353765	4.271181	6.269089
assume	5.1033945	4.1353884	5.4492283
notion	4.9926176	4.302256	5.106733
purchase	5.529011	3.949923	5.7219887
faithful	5.8713007	4.2570686	5.8435616
soldier	5.070649	4.5192046	5.4552283
father	5.7284155	3.9194627	5.5082636
narrow	4.486273	3.605679	4.6463227
great	5.845732	4.180643	5.8056936
tear	4.748818	3.9904025	4.843347
honorable	5.291101	4.276894	5.553591
previous	5.291008	3.9375975	5.357202
good	5.938933	4.0763783	5.970018
domestic	5.818425	3.8073163	5.885939
glory	6.58042	4.5114555	6.086106
lay	5.4178977	3.6408472	5.521247
occasion	5.4525886	4.3848124	5.449853
guard	4.9916635	4.418643	5.6147976
whole	5.775908	3.7940798	5.6435604
mouth	5.115851	4.076214	5.163629
receive	6.01556	4.056279	5.9774923
take	5.46029	3.8455157	5.5877333
simple	6.441017	3.879435	5.937524
error	4.276739	4.3762956	4.6972084
wisdom	6.655114	3.8226814	6.242137
rock	5.740057	4.0959163	5.4262996
decide	5.1916914	4.048375	5.70351
exclaim	5.778192	4.540002	5.8400326
assure	5.93745	4.2933526	5.7155633
sign	5.109574	4.2609816	5.810573
preserve	5.956564	3.8082137	5.891241
commerce	5.920456	3.7097607	5.7504086
plant	5.448758	4.0407887	5.3911037
walk	5.681281	3.7029648	5.7401876
difference	5.1206093	3.776993	5.318811
hang	4.6419935	4.151352	4.9179463
following	6.1241097	3.7738986	5.8843093
employ	5.780429	3.8331847	6.0062056
