deal	4.8822527	4.197947	5.4152827
study	6.3338146	3.9402454	6.22048
afford	6.190481	3.9802794	6.135701
service	5.886011	4.070551	6.0095353
height	5.757424	4.0466948	5.6799293
prospect	6.477351	4.40165	5.763944
pleasant	6.99676	3.450954	6.350683
shade	5.650471	3.4284434	5.772382
listen	5.5233746	3.881035	5.700853
mighty	5.617796	4.423243	5.455348
country	5.785298	4.120912	5.5902023
title	6.0053596	3.9485133	5.723847
choose	5.558019	3.7912576	5.7408752
village	5.735214	3.8337731	5.333963
acquire	6.1616883	4.098115	6.2614584
rank	5.3506346	4.524943	5.47475
bow	5.5665946	3.3970723	5.776282
doctor	4.9309483	3.8124812	5.2281785
talent	6.2333164	4.6067557	6.270385
source	5.9894724	4.1631327	5.68339
lead	5.380052	4.241875	5.6272755
question	4.990434	4.1611032	5.3642554
publish	5.947238	4.0555243	5.734594
interest	5.77485	4.222748	5.9338903
serve	5.6827626	3.898502	5.9578643
divine	6.068149	4.236427	5.577924
put	5.1791267	3.857221	5.4839883
shadow	5.166291	3.632968	5.351472
practical	6.1411376	3.813977	6.17671
surface	5.616645	3.4259026	5.5420527
account	5.518083	4.3645997	5.493725
loss	4.747466	4.445373	4.907563
indian	5.338085	4.2066083	5.0795374
vine	5.9370837	3.6688948	5.4717355
certain	5.3817544	4.200305	5.542932
sin	3.9972987	4.264828	4.4093475
necessity	4.9727693	4.3385735	5.220872
lose	5.340687	4.1611757	5.3898225
private	5.2529483	4.0030575	5.570667
gentleman	6.11359	4.107796	5.8266234
daughter	6.096586	4.1641974	5.668613
drive	4.80752	4.5138965	4.9976816
strange	5.218873	4.454227	5.0646315
journey	6.0110774	3.9238012	5.7008295
uncle	5.6484666	4.244143	5.2281466
species	5.6157436	4.032077	5.242408
think	5.5584183	4.228853	5.6459417
bed	5.5307293	3.6218603	5.483915
wind	5.1470737	4.114796	5.061411
bless	6.359325	3.8954828	6.0644054
destroy	4.1494284	4.4638324	4.7417173
author	6.1030602	4.311395	5.6885443
sustain	5.3804946	4.0325212	5.479247
black	4.7355585	3.8876364	4.9623113
event	5.518681	4.292894	5.330469
liberty	5.983547	4.233076	5.7767806
negro	5.2295938	4.0847373	5.1760106
little	5.94913	3.8902993	5.794034
fortune	6.0959926	4.5105762	5.6780376
touch	5.667906	4.1708975	5.595958
kill	4.2808743	4.893645	4.7442784
feature	5.5861077	4.2034783	5.6305103
happiness	6.671553	4.3388963	6.1220946
assume	5.2171044	3.9485714	5.4745398
notion	5.1004486	4.235268	5.0149636
purchase	5.672613	4.003065	5.715627
faithful	5.905638	3.9143093	5.9570866
soldier	5.024564	4.531946	5.3430934
father	5.7391205	3.9369626	5.4619026
narrow	4.283842	3.469985	4.8225303
great	5.9010305	4.185097	5.838544
tear	4.620123	4.143235	4.6978455
honorable	5.319448	4.300571	5.545279
previous	5.2381897	3.9021802	5.2481904
good	6.016525	4.1122627	6.0367427
domestic	5.71144	3.7777288	5.766849
glory	6.79471	4.43113	6.056182
lay	5.4752345	3.682858	5.614014
occasion	5.592909	4.381317	5.6181135
guard	4.8020744	4.329383	5.4990153
whole	5.751572	3.8403046	5.6613016
mouth	5.113684	4.090168	5.1533117
receive	5.9291654	4.014248	5.9415355
take	5.4982753	3.8374126	5.651264
simple	6.3921413	3.8426902	5.8839755
error	4.149961	4.4326887	4.6848216
wisdom	6.6324835	3.740864	6.3187895
rock	5.7503743	4.043297	5.4095354
decide	5.1202426	4.1664634	5.522977
exclaim	5.443312	4.5070615	5.733908
assure	6.2133036	4.3739824	5.963687
sign	5.0852656	4.156697	5.9128656
preserve	6.1084557	3.8055665	5.956996
commerce	5.743213	3.7096071	5.6906548
plant	5.5541954	3.8214731	5.3968363
walk	5.842702	3.6938632	5.785683
difference	5.239366	3.8492088	5.440098
hang	4.845579	4.0414643	5.0270543
following	6.132316	3.697451	5.9142914
employ	5.802543	3.7855332	6.0230794
