deal	4.9417663	4.125698	5.532916
study	6.1232495	3.967107	6.167878
afford	6.3111963	3.903086	6.1196404
service	5.8998957	3.9281554	6.004982
height	5.7675014	4.0449004	5.5763817
prospect	6.357806	4.283089	5.793112
pleasant	6.816579	3.519305	6.265542
shade	5.557602	3.668182	5.7410197
listen	5.5577617	3.904677	5.644462
mighty	5.5415993	4.513561	5.350938
country	5.7285786	4.1028347	5.5970635
title	6.060006	3.7859745	5.788421
choose	5.5793223	3.7538142	5.8391585
village	5.707481	3.6820674	5.377061
acquire	6.2529726	4.072029	6.5702076
rank	5.351129	4.4656787	5.3855453
bow	5.6577353	3.5554004	5.8622427
doctor	4.995204	3.839804	5.3477087
talent	6.3382287	4.380663	6.502071
source	5.9405265	3.8621812	5.6841183
lead	5.150849	4.2234898	5.414388
question	5.102112	4.125358	5.543344
publish	5.670029	3.8654897	5.3882957
interest	5.942504	4.2603264	5.9127464
serve	5.5565605	3.792203	5.8730106
divine	5.8511596	4.2947664	5.3742385
put	5.173319	3.8212314	5.4081264
shadow	5.188532	3.634186	5.31358
practical	6.026026	3.749145	6.0475173
surface	5.706004	3.4835382	5.607846
account	5.4895306	4.2311764	5.444373
loss	4.82198	4.4420037	4.8631372
indian	5.3336697	4.127192	5.168776
vine	5.6974344	3.7464771	5.507739
certain	5.5167556	4.038192	5.550302
sin	4.031761	4.426313	4.4785314
necessity	4.9988723	4.26669	5.2233386
lose	5.4306097	4.1678247	5.409221
private	5.2419267	4.034229	5.5367956
gentleman	6.018604	4.002777	5.7798424
daughter	6.223511	4.0455866	5.809605
drive	4.7345123	4.4802327	4.93942
strange	5.216522	4.3732367	4.9412055
journey	6.147681	3.791069	5.736825
uncle	5.823135	4.294056	5.5625553
species	5.670158	3.9327478	5.2508917
think	5.5481267	4.1685305	5.5897274
bed	5.617721	3.741722	5.4655323
wind	5.1141996	4.1134024	5.1053824
bless	6.290956	3.7770875	5.971784
destroy	4.1502028	4.6552577	4.7104487
author	5.8926544	4.140739	5.6443653
sustain	5.437401	3.925688	5.4485703
black	4.748301	3.8463194	5.048514
event	5.4892926	4.3222976	5.304747
liberty	5.8383684	4.1903734	5.7964582
negro	5.3403444	4.2925496	5.2823234
little	5.9466968	3.802101	5.738455
fortune	6.0414224	4.5194383	5.7541695
touch	5.724862	4.0738516	5.5740967
kill	4.191996	4.9070387	4.6863165
feature	5.6786766	4.1350985	5.7514095
happiness	6.491297	4.338355	6.043147
assume	5.297606	3.9599113	5.510986
notion	5.169416	4.282352	5.0567117
purchase	5.676199	3.8918366	5.831722
faithful	5.9516726	3.950074	6.026768
soldier	5.155512	4.4370785	5.4679008
father	5.7806554	3.967864	5.512076
narrow	4.2810755	3.525705	4.607383
great	5.7775965	4.1124425	5.751487
tear	4.792238	3.9993846	4.8181505
honorable	5.199196	4.2447414	5.350102
previous	5.3446054	3.8454213	5.240412
good	5.918301	4.016851	5.9470696
domestic	5.8184886	3.8908198	5.9018965
glory	6.556537	4.4607162	6.057899
lay	5.4575515	3.5413694	5.5561585
occasion	5.5953255	4.327237	5.5113907
guard	4.8824863	4.288409	5.656542
whole	5.668204	3.782102	5.526363
mouth	4.9419627	4.168034	5.1703873
receive	5.9448223	3.985661	5.8568273
take	5.4640975	3.8307376	5.555845
simple	6.3947616	3.814033	5.9247537
error	4.1894755	4.387753	4.712844
wisdom	6.5914993	3.8634667	6.220375
rock	5.6783094	4.1000524	5.447971
decide	5.2800703	4.238492	5.737159
exclaim	5.7311473	4.531267	5.820836
assure	6.12356	4.1742916	5.8117237
sign	5.3552513	4.086864	5.836357
preserve	5.887472	3.6792538	5.797419
commerce	5.806658	3.7466414	5.748965
plant	5.4949746	3.9297454	5.381734
walk	5.7705483	3.7934117	5.7808948
difference	5.107518	3.8143508	5.2414002
hang	4.83058	4.070135	4.9759417
following	6.0523367	3.7846591	5.7732735
employ	5.7369113	3.8170927	6.037597
