deal	4.8012805	4.270051	5.3647285
study	6.373481	3.9461129	6.262907
afford	6.181231	3.963683	6.0431166
service	5.7743707	3.9933686	5.985958
height	5.701004	3.8446627	5.532779
prospect	6.3797736	4.1783247	5.8207173
pleasant	6.8582773	3.5044167	6.258405
shade	5.576776	3.5514092	5.749826
listen	5.532912	3.9459064	5.68818
mighty	5.504779	4.3546076	5.339586
country	5.7309427	4.1378894	5.5738077
title	6.171753	3.9684825	5.7879925
choose	5.5870867	3.6700916	5.787885
village	5.69588	3.8372564	5.247587
acquire	6.1056857	3.9998112	6.259001
rank	5.2511954	4.4919434	5.391454
bow	5.794008	3.4466038	5.858647
doctor	4.9666333	3.8361099	5.186864
talent	6.4221067	4.4734592	6.321509
source	5.8560553	4.1762605	5.573983
lead	5.2768617	4.31151	5.551464
question	5.0951056	4.2341433	5.4819274
publish	5.8414583	4.0538735	5.56559
interest	5.9348826	4.2611275	5.919263
serve	5.402202	3.733104	5.8320374
divine	5.952638	4.213504	5.3656616
put	5.2522073	3.7217648	5.494663
shadow	5.2432947	3.6486516	5.370949
practical	6.0776067	3.9600315	6.004555
surface	5.691904	3.4025235	5.511827
account	5.4962206	4.2266192	5.460531
loss	4.7672663	4.4002504	4.9038544
indian	5.3409634	4.094343	5.11537
vine	5.639171	3.74996	5.3612103
certain	5.379995	4.126417	5.4584126
sin	4.1833167	4.2779493	4.48966
necessity	5.0319834	4.28877	5.181176
lose	5.3193088	4.195078	5.3575807
private	5.3284907	4.0748544	5.5337596
gentleman	6.076637	4.148111	5.8358006
daughter	6.1236725	4.0987926	5.7372446
drive	4.782639	4.5586405	5.0032616
strange	5.270678	4.3360996	5.0169334
journey	6.0795546	3.7053318	5.71661
uncle	5.6839137	4.1838474	5.5286655
species	5.7186728	4.2661743	5.28167
think	5.52242	4.155836	5.6150208
bed	5.288866	3.749719	5.3652525
wind	5.3074346	4.1828504	5.158282
bless	6.164151	3.9604788	5.9524326
destroy	4.0771995	4.540963	4.638939
author	5.990951	4.289338	5.733913
sustain	5.499174	4.012756	5.5082536
black	4.6416187	3.9336975	4.9251885
event	5.5853744	4.175699	5.426174
liberty	5.6897416	4.3863087	5.5720015
negro	5.397428	4.035044	5.2865844
little	5.917084	3.8025317	5.705677
fortune	6.038339	4.483831	5.6621437
touch	5.793455	3.9907727	5.593587
kill	4.276471	4.928985	4.7009234
feature	5.6589503	4.001226	5.737168
happiness	6.571245	4.387048	6.052205
assume	5.1629252	3.9498196	5.449517
notion	4.953632	4.247374	4.900737
purchase	5.6074758	4.058598	5.790415
faithful	5.90757	4.056906	5.9236712
soldier	4.9978466	4.364663	5.4341717
father	5.662029	4.0362835	5.5029216
narrow	4.457494	3.4452264	4.8260303
great	5.813898	4.17741	5.7506466
tear	4.6586866	4.0931635	4.831622
honorable	5.3252215	4.1901636	5.493184
previous	5.2766466	3.816885	5.333483
good	6.0054135	4.063655	6.0183325
domestic	5.7098207	3.8572755	5.7397623
glory	6.688289	4.5066943	6.04948
lay	5.4413185	3.473787	5.620827
occasion	5.4273686	4.3229594	5.4794965
guard	4.870757	4.286689	5.6708035
whole	5.6669254	3.8161738	5.581362
mouth	5.019364	4.093599	5.126458
receive	5.92262	4.0260663	5.89061
take	5.4176803	3.7527928	5.574784
simple	6.3579097	3.7746255	5.8059816
error	4.09057	4.3162885	4.5603285
wisdom	6.904353	3.7270207	6.277545
rock	5.6036696	4.1046524	5.328284
decide	5.263698	3.969344	5.562395
exclaim	5.6616144	4.522102	5.8612146
assure	6.131145	4.2336493	5.915795
sign	5.2761765	4.053062	5.7198195
preserve	5.9328413	3.7317786	5.931585
commerce	5.6637626	3.9653838	5.6486173
plant	5.4650764	3.8814394	5.457744
walk	5.8004746	3.7025495	5.815377
difference	5.249311	3.846816	5.371297
hang	4.6899023	4.1313286	4.880217
following	6.062142	3.8118424	5.8649287
employ	5.801507	3.7354145	6.0507727
