deal	5.006389	4.271956	5.4754887
study	6.2822504	3.9307168	6.199938
afford	6.196731	4.0736203	5.9988112
service	5.8264155	4.0716352	6.0485854
height	5.7577186	3.96385	5.6287913
prospect	6.437385	4.377152	5.766664
pleasant	6.896622	3.369012	6.125423
shade	5.574286	3.5061703	5.6993237
listen	5.4916544	3.9126587	5.599237
mighty	5.38004	4.586929	5.3842435
country	5.751855	4.128554	5.6508775
title	6.0250707	3.8409967	5.735598
choose	5.598197	3.6478257	5.8512263
village	5.6122174	3.8390617	5.311561
acquire	6.133404	4.0575147	6.3760743
rank	5.2199607	4.476042	5.4700265
bow	5.580468	3.4215064	5.6681323
doctor	4.8084364	3.7751584	5.274505
talent	6.3791656	4.4943695	6.4197044
source	5.923531	4.121588	5.620383
lead	5.214363	4.2359214	5.5191216
question	5.0151033	4.185868	5.3805976
publish	5.8696036	3.990458	5.614445
interest	5.802016	4.2641554	5.831903
serve	5.5919595	3.8548818	6.0132327
divine	5.855084	4.2469587	5.4534464
put	5.258339	3.8613849	5.4754725
shadow	5.207366	3.5924582	5.3251424
practical	5.895957	3.794144	6.1540565
surface	5.5784154	3.394759	5.477306
account	5.438321	4.3020277	5.457312
loss	4.777014	4.3506985	4.9252977
indian	5.2981157	4.057763	5.0965
vine	5.714575	3.6628578	5.3811975
certain	5.3922987	4.081001	5.5318666
sin	3.9431748	4.384474	4.413023
necessity	5.0530787	4.342235	5.2356935
lose	5.2853436	4.1765423	5.4026947
private	5.176985	4.0259213	5.464676
gentleman	5.9850435	4.050406	5.7978926
daughter	5.9913664	4.1499166	5.6720324
drive	4.838343	4.61355	5.0374427
strange	5.21495	4.42764	5.0838566
journey	6.037461	3.6912303	5.47225
uncle	5.7270293	4.33418	5.514181
species	5.7564917	4.032905	5.519863
think	5.530014	4.1438107	5.637395
bed	5.4196367	3.7255888	5.5314255
wind	5.1313787	4.1844163	4.9842973
bless	6.2705464	3.8144002	6.0094676
destroy	4.2982407	4.6028647	4.7005157
author	6.0361223	4.162785	5.793493
sustain	5.3717575	4.1128407	5.4909744
black	4.7061844	3.920318	5.0048165
event	5.490479	4.315881	5.2534246
liberty	5.779629	4.185811	5.753829
negro	5.1228285	4.2406416	4.9526043
little	5.891192	3.8018754	5.7623262
fortune	6.018703	4.5730124	5.6617937
touch	5.7628975	4.093819	5.5247774
kill	4.221718	4.8496513	4.5735173
feature	5.5180774	4.095378	5.6489964
happiness	6.628454	4.2826457	6.044757
assume	5.0474257	3.918698	5.39276
notion	5.176541	4.224136	5.1339593
purchase	5.6174946	4.1511793	5.755535
faithful	5.986309	4.011068	5.957392
soldier	4.996286	4.365008	5.457058
father	5.5600767	4.025016	5.466681
narrow	4.5354404	3.450199	4.943347
great	5.776059	4.1075754	5.788117
tear	4.688298	4.119635	4.8144207
honorable	5.269676	4.3282714	5.5177393
previous	5.318779	3.7481518	5.2627435
good	5.95985	4.044236	6.000888
domestic	5.7075963	3.8316221	5.7602124
glory	6.59636	4.4198613	5.9949694
lay	5.4388375	3.5814674	5.6579075
occasion	5.4905925	4.3956614	5.52218
guard	4.7102847	4.386163	5.5678587
whole	5.693902	3.8295624	5.612858
mouth	5.0955334	4.112237	5.241325
receive	5.8361316	4.0415993	5.855704
take	5.5163007	3.8634405	5.661703
simple	6.442327	3.8644533	5.9877124
error	4.1909876	4.3041344	4.6445208
wisdom	6.5168114	3.6289797	6.2436867
rock	5.633404	4.0762825	5.505124
decide	5.181286	4.300284	5.4966493
exclaim	5.6081476	4.5513473	5.8288655
assure	6.0316896	4.226671	5.880952
sign	5.287595	3.98851	5.76069
preserve	5.9248276	3.7564585	5.93116
commerce	5.72066	3.804483	5.7895875
plant	5.470762	3.8095412	5.426145
walk	5.828664	3.7113676	5.8159776
difference	5.1352167	3.7786665	5.426761
hang	4.781718	4.145439	4.9849153
following	6.148056	3.6983557	5.8492126
employ	5.723751	3.8112311	6.027379
