deal	4.9516506	4.244811	5.367729
study	6.2386255	3.8845747	6.1835923
afford	6.1619678	3.9499493	5.9071665
service	5.961369	4.0498023	6.054624
height	5.774109	3.8753304	5.6621833
prospect	6.2614684	4.248823	5.6400113
pleasant	6.79312	3.470848	6.12374
shade	5.7093043	3.4840884	5.760003
listen	5.3903522	3.930201	5.6079717
mighty	5.448159	4.491604	5.292765
country	5.6769013	4.1020074	5.580144
title	6.051468	3.8243608	5.823547
choose	5.5042953	3.7299485	5.75256
village	5.503701	3.8375025	5.2948213
acquire	6.288419	3.8537316	6.4319882
rank	5.1822333	4.390746	5.432861
bow	5.7020297	3.3097444	5.7972035
doctor	4.859638	3.732688	5.202775
talent	6.5694695	4.573161	6.5256224
source	6.194936	4.0596523	5.765667
lead	5.117408	4.2560444	5.4455233
question	5.101303	4.177761	5.34245
publish	5.986247	4.077972	5.680946
interest	5.8471303	4.238232	5.946437
serve	5.5864677	3.8540382	5.9817014
divine	5.929174	4.2320805	5.464988
put	5.21556	3.7978878	5.4052014
shadow	5.244052	3.7593968	5.376296
practical	5.970899	3.9256492	6.142982
surface	5.511423	3.4031787	5.5267034
account	5.417286	4.2418184	5.400188
loss	4.836367	4.4041176	4.9630957
indian	5.331254	4.08865	5.183293
vine	5.825552	3.6081626	5.350833
certain	5.3457484	4.1837535	5.468899
sin	3.8350465	4.3074374	4.3944364
necessity	5.0200367	4.349346	5.1529584
lose	5.398584	4.10347	5.424598
private	5.0395722	4.0953894	5.4042683
gentleman	6.0663757	4.1575623	5.8268414
daughter	6.1356034	4.0676675	5.724949
drive	4.6974196	4.4555936	4.972262
strange	5.2328463	4.336235	5.072954
journey	6.0208254	3.6919537	5.595007
uncle	5.809612	4.265958	5.5132346
species	5.6469545	4.1876945	5.294634
think	5.571163	4.154636	5.5881133
bed	5.3608756	3.7234516	5.4172144
wind	5.2172475	4.2044015	5.117975
bless	6.307027	3.8891325	5.981068
destroy	4.220842	4.4564085	4.6240635
author	6.086356	4.210154	5.7194595
sustain	5.495815	4.1608987	5.562421
black	4.68096	3.9186165	4.9364214
event	5.4170322	4.2985334	5.282897
liberty	5.9740887	4.243478	5.8657846
negro	5.2723637	4.0034266	5.0842376
little	5.937848	3.816454	5.7109923
fortune	5.9970684	4.583813	5.6335735
touch	5.817644	3.9586778	5.585747
kill	4.2352495	4.789905	4.6316633
feature	5.8727255	4.0779777	5.882565
happiness	6.5703707	4.2314186	6.0652213
assume	5.1333265	3.8947034	5.5742474
notion	5.144858	4.147749	5.072918
purchase	5.561068	4.067173	5.8408628
faithful	5.901375	4.133218	5.867987
soldier	5.030453	4.4149337	5.368286
father	5.7276473	3.926418	5.5638022
narrow	4.2193913	3.516261	4.6965265
great	5.7986054	4.217199	5.777698
tear	4.654846	4.121096	4.877001
honorable	5.3016505	4.308814	5.469062
previous	5.2224555	3.838327	5.3011594
good	6.0295362	4.0042944	5.948701
domestic	5.610998	3.829	5.706288
glory	6.579831	4.3136873	6.0629015
lay	5.409425	3.5225356	5.5915112
occasion	5.4119787	4.4273243	5.5034366
guard	4.754694	4.2964745	5.5282655
whole	5.7240696	3.8366098	5.662023
mouth	5.0957794	4.1102123	5.0879188
receive	5.9953094	3.9800932	5.916065
take	5.453306	3.756963	5.6375566
simple	6.28734	3.8272	5.9051514
error	3.970152	4.4219775	4.63912
wisdom	6.6482987	3.7362688	6.1714277
rock	5.745898	4.131081	5.418139
decide	5.304578	4.0806184	5.6580577
exclaim	5.71628	4.583344	5.821643
assure	6.002759	4.257095	5.812193
sign	5.3628197	4.046727	5.8734345
preserve	5.9523263	3.7587557	5.8766093
commerce	5.455803	3.8580906	5.6717367
plant	5.5444994	3.806556	5.4800587
walk	5.769518	3.803163	5.8125954
difference	5.2387915	3.9073305	5.497274
hang	4.8444467	4.1292443	4.9820323
following	6.1105537	3.7291713	5.8410964
employ	5.7388015	3.804264	5.9437075
