deal	4.7804236	4.2349133	5.3612804
study	6.4001136	3.9151213	6.2961407
afford	6.1513195	3.9849646	5.945509
service	5.7754965	4.0025725	5.9854627
height	5.7209373	3.9345376	5.566695
prospect	6.3751764	4.428458	5.778586
pleasant	6.6902084	3.5076299	6.1197987
shade	5.6243916	3.5647347	5.6666193
listen	5.4931316	3.9860806	5.7652063
mighty	5.6580105	4.6162705	5.38143
country	5.7188077	4.116134	5.5621853
title	6.043638	4.0396466	5.866647
choose	5.404468	3.6908712	5.7608023
village	5.5868454	3.8769474	5.267183
acquire	6.2925596	4.169969	6.4598026
rank	5.440762	4.390671	5.5904126
bow	5.7141194	3.314532	5.83631
doctor	4.8894763	3.736552	5.194929
talent	6.5301847	4.7458596	6.5032425
source	5.8168106	4.0866165	5.845795
lead	5.278821	4.1684346	5.4701524
question	5.073875	4.259879	5.501157
publish	5.881872	3.9911685	5.6519594
interest	5.881041	4.288682	5.8259244
serve	5.57863	3.788845	5.9337087
divine	6.02116	4.1955557	5.4271355
put	5.141792	3.6974304	5.4258575
shadow	5.3039036	3.7466671	5.2305946
practical	5.9936934	3.8910997	6.1968055
surface	5.5968895	3.3924508	5.443097
account	5.329977	4.2655506	5.3049035
loss	4.671853	4.394222	4.777581
indian	5.50053	4.088025	5.248942
vine	5.607527	3.745691	5.3739047
certain	5.327883	4.1925774	5.5228415
sin	4.0097623	4.3904996	4.398835
necessity	4.9251633	4.3669996	5.200861
lose	5.307457	4.157913	5.3767343
private	5.0805883	3.9945905	5.4857607
gentleman	5.9895797	4.0723333	5.835514
daughter	6.077602	4.108067	5.7040296
drive	4.8954644	4.421165	5.0124273
strange	5.213249	4.3819327	5.104249
journey	5.9218516	3.8919818	5.5543427
uncle	5.4887967	4.1678314	5.5482516
species	5.728743	4.012969	5.2368917
think	5.468029	4.208441	5.5756364
bed	5.4782944	3.8706586	5.3965154
wind	5.066747	4.2285624	4.987478
bless	6.2070365	3.84761	5.952282
destroy	4.1093283	4.5676274	4.4795723
author	5.876327	4.2130494	5.710078
sustain	5.3953447	3.9887035	5.446649
black	4.888207	3.8511758	5.0129395
event	5.377997	4.3674083	5.2685757
liberty	5.6573057	4.2047176	5.671648
negro	5.40852	4.1393337	5.2191544
little	5.8826427	3.7893956	5.7198954
fortune	5.9479556	4.601533	5.6092157
touch	5.5781975	3.947041	5.5058155
kill	4.2470226	4.836324	4.5226507
feature	5.6261106	4.149362	5.7350717
happiness	6.568276	4.3695574	6.039048
assume	5.0703063	4.0303893	5.518958
notion	5.211779	4.2576656	5.1570735
purchase	5.6378603	4.060872	5.845184
faithful	5.770485	4.0929217	5.889935
soldier	5.010131	4.3160424	5.5279126
father	5.5960703	3.9775536	5.489082
narrow	4.3089848	3.4401984	4.713625
great	5.7972355	4.1758704	5.788274
tear	4.543308	4.1328464	4.7025676
honorable	5.2112026	4.3440914	5.47662
previous	5.169326	3.9714985	5.2039104
good	5.931709	4.080863	5.951136
domestic	5.6637707	3.83668	5.7050047
glory	6.739825	4.393011	6.1372924
lay	5.463732	3.5336766	5.573772
occasion	5.378561	4.385247	5.509888
guard	4.8961773	4.2757354	5.6510625
whole	5.7399487	3.8269467	5.617159
mouth	5.038305	4.0925055	5.183446
receive	5.8349624	3.993145	5.8481674
take	5.446801	3.7545366	5.5749235
simple	6.3370314	3.9040515	5.8981514
error	4.063625	4.398116	4.5940313
wisdom	6.650881	3.8169034	6.1784644
rock	5.7520595	4.05875	5.3434105
decide	5.2276893	4.1676717	5.64093
exclaim	5.7401533	4.4944983	5.8520956
assure	6.1571236	4.2097735	5.9170766
sign	5.167867	4.1718006	5.599457
preserve	5.8864627	3.683403	5.806435
commerce	5.892144	3.9761791	5.772732
plant	5.3670406	3.8147874	5.494662
walk	5.810586	3.7428374	5.7705503
difference	5.2195215	3.7943938	5.4812045
hang	4.814218	4.0258665	4.9415784
following	6.049675	3.6444035	5.723852
employ	5.832451	3.835737	5.9905157
