deal	4.8617105	4.289008	5.408464
study	6.2176213	4.0271015	6.116133
afford	6.1981688	4.0149016	6.041368
service	5.7657833	4.0398192	5.9074826
height	5.615262	3.792738	5.5397387
prospect	6.4191313	4.3064337	5.7143774
pleasant	6.9091654	3.601384	6.26344
shade	5.779134	3.49392	5.7204385
listen	5.4534464	3.909822	5.720385
mighty	5.6241817	4.2817745	5.435339
country	5.685434	4.1473475	5.5598736
title	6.1077256	3.866033	5.8816133
choose	5.623263	3.6952088	5.818226
village	5.6949368	3.8124695	5.292184
acquire	6.260461	3.961256	6.4319773
rank	5.40139	4.5582943	5.5716248
bow	5.7576504	3.3836539	5.852055
doctor	4.9609933	3.718149	5.0656962
talent	6.3916106	4.471143	6.4273553
source	5.9691534	4.1072607	5.733097
lead	5.1527042	4.2634654	5.4433956
question	4.909129	4.1833572	5.4063387
publish	6.0543265	3.79003	5.6791587
interest	5.8090553	4.2609873	5.842534
serve	5.5893908	3.7207403	5.9626904
divine	5.8432765	4.3064804	5.416856
put	5.1735334	3.752805	5.42794
shadow	5.206156	3.6039302	5.2274637
practical	5.954927	3.9242685	6.0761538
surface	5.5713124	3.3046234	5.49321
account	5.4903455	4.2302775	5.3856244
loss	4.742969	4.45238	4.827054
indian	5.3694844	4.091391	5.145527
vine	5.849768	3.8334727	5.474331
certain	5.468405	4.1315837	5.497972
sin	3.8906107	4.269927	4.310199
necessity	5.0026417	4.334916	5.168248
lose	5.3348927	4.1090875	5.430613
private	4.997641	4.0777016	5.401864
gentleman	5.974137	4.117654	5.787425
daughter	5.9608555	4.1063766	5.644294
drive	4.7180333	4.5290155	4.912447
strange	5.228466	4.2394996	4.931653
journey	5.996316	3.7583306	5.740028
uncle	5.674023	4.2854347	5.360939
species	5.807373	4.062902	5.306335
think	5.5404444	4.138822	5.635095
bed	5.6394167	3.6392043	5.5448003
wind	5.3261333	4.150026	5.175277
bless	6.1862555	3.866747	5.932204
destroy	4.2401004	4.4963284	4.701698
author	6.0397987	4.293053	5.7450304
sustain	5.502502	4.0767236	5.4988213
black	4.8504796	3.8939037	5.0026054
event	5.5150137	4.284441	5.321465
liberty	5.870756	4.3390856	5.767177
negro	5.3855634	4.220031	5.2182913
little	5.9028335	3.8079915	5.698149
fortune	6.0660877	4.5188127	5.68216
touch	5.661895	4.1290016	5.5659275
kill	4.2756767	4.9031687	4.757485
feature	5.6348844	4.100994	5.6551294
happiness	6.5964565	4.3791766	6.190013
assume	5.1133957	3.9231482	5.4568353
notion	5.010095	4.3000793	5.0640426
purchase	5.5595565	3.9038715	5.7925334
faithful	5.691431	4.041672	5.858525
soldier	4.9146385	4.447023	5.3791456
father	5.543933	3.8587294	5.4072566
narrow	4.3228273	3.4014146	4.6968203
great	5.7815423	4.1470804	5.776456
tear	4.7554975	4.1232586	4.865077
honorable	5.1923275	4.257932	5.383614
previous	5.380979	3.850294	5.3356986
good	6.0362186	4.0095973	6.0210996
domestic	5.5352626	3.8222008	5.665449
glory	6.470449	4.38941	6.037229
lay	5.518427	3.5621102	5.6218176
occasion	5.446308	4.368071	5.4709578
guard	4.736842	4.2909756	5.505983
whole	5.7445645	3.7877047	5.63298
mouth	4.985238	4.1071544	5.1546474
receive	6.0357437	4.046868	5.9586806
take	5.479714	3.778145	5.6285152
simple	6.3892837	3.883931	5.851629
error	4.158827	4.500218	4.611224
wisdom	6.6528816	3.7149665	6.306125
rock	5.750516	4.0776434	5.387916
decide	5.216625	4.165015	5.648544
exclaim	5.561512	4.534764	5.7831407
assure	6.196563	4.2029257	5.962814
sign	5.2775025	4.0370736	5.840808
preserve	5.8269153	3.704865	5.8213058
commerce	5.7116494	3.8032727	5.6157827
plant	5.6202273	3.6515048	5.523699
walk	5.8308415	3.7457345	5.854386
difference	5.1231937	3.8838384	5.295412
hang	4.8217163	4.1525884	4.9997187
following	5.995594	3.8163428	5.7303834
employ	5.6788936	3.7901495	5.9273906
