deal	4.9126444	4.2106185	5.3462286
study	6.360503	3.9838138	6.1905613
afford	6.4344177	4.0243783	6.1328163
service	5.9971066	3.8267446	6.036909
height	5.527497	3.9182105	5.494974
prospect	6.490947	4.2344694	5.787947
pleasant	6.927117	3.5572085	6.217948
shade	5.863472	3.527811	5.844286
listen	5.4424667	3.9729695	5.626619
mighty	5.6684346	4.282332	5.381507
country	5.7890606	4.1207848	5.5666595
title	5.7948313	3.8369675	5.602658
choose	5.5326066	3.6329525	5.714444
village	5.6266766	3.8478289	5.223445
acquire	6.1564474	3.9385931	6.4010086
rank	5.342324	4.4445376	5.4984603
bow	5.783565	3.414536	5.8608356
doctor	5.101745	3.8202467	5.2218275
talent	6.6373386	4.5585165	6.520981
source	5.840381	4.182905	5.622925
lead	5.239965	4.22501	5.5745835
question	4.9939837	4.225399	5.3783464
publish	5.7422175	4.0008063	5.6050425
interest	5.8014464	4.362816	5.8617954
serve	5.5496707	3.707756	5.9134183
divine	6.1415453	4.296983	5.5316215
put	5.1609592	3.8038716	5.430085
shadow	5.430141	3.5462813	5.4082165
practical	5.868076	3.9374344	6.0250382
surface	5.773645	3.430289	5.591668
account	5.50068	4.2402945	5.415608
loss	4.754346	4.3146863	4.932293
indian	5.221806	4.1665187	5.016094
vine	5.9052463	3.7183619	5.5361185
certain	5.4381127	4.1722884	5.486295
sin	4.001665	4.342101	4.4182673
necessity	5.067922	4.3201475	5.2175045
lose	5.3009133	4.1674905	5.3579206
private	5.0799084	4.1313076	5.4916663
gentleman	5.9979305	4.1009436	5.800216
daughter	6.1086354	4.114497	5.7128325
drive	4.664968	4.515446	4.9876914
strange	5.3131733	4.401532	5.0869846
journey	5.9096613	3.726813	5.5909114
uncle	5.61344	4.2697663	5.32935
species	5.707664	4.1015663	5.3204017
think	5.6267786	4.133691	5.6383324
bed	5.558815	3.505724	5.4566746
wind	5.1431837	4.1645775	5.1471686
bless	6.55754	3.8221548	6.1418705
destroy	4.070393	4.496539	4.583596
author	5.999673	4.287772	5.6868677
sustain	5.34598	3.9449449	5.4867706
black	4.796482	3.794898	5.0057306
event	5.43809	4.3073626	5.235607
liberty	5.822345	4.1744375	5.6678896
negro	5.30541	4.332655	5.1650133
little	5.912897	3.806811	5.7129545
fortune	6.0050626	4.421226	5.6553006
touch	5.721021	4.0274916	5.6128664
kill	4.1585	4.8788466	4.648823
feature	5.773779	4.098293	5.7824345
happiness	6.6693807	4.307264	6.111533
assume	5.2684026	3.9281907	5.574282
notion	4.989018	4.3167186	4.945804
purchase	5.534247	3.9145334	5.7650847
faithful	5.8333573	4.052163	5.9188423
soldier	5.1707687	4.3850794	5.4682074
father	5.6885686	3.9748397	5.4708943
narrow	4.409763	3.454218	4.7919493
great	5.85638	4.1368175	5.760184
tear	4.707004	4.119473	4.831046
honorable	5.283232	4.2666655	5.429989
previous	5.269592	3.9306443	5.308183
good	6.026619	4.024957	6.0211763
domestic	5.696393	3.8242543	5.744661
glory	6.742114	4.361144	6.1478887
lay	5.5077777	3.5672815	5.5970573
occasion	5.494184	4.3728786	5.5262218
guard	4.6675186	4.287195	5.5008445
whole	5.7654104	3.7594569	5.6332536
mouth	5.029818	4.1503563	5.1008825
receive	5.975158	4.081646	5.916543
take	5.5093102	3.8256984	5.6342034
simple	6.47787	3.9510398	5.9326
error	4.319951	4.464751	4.761724
wisdom	6.78652	3.6299233	6.216029
rock	5.650779	4.100818	5.3767123
decide	5.2046266	4.165179	5.6074767
exclaim	5.5243793	4.4834137	5.7796526
assure	5.972862	4.254688	5.8187966
sign	5.3567977	4.2084594	5.8436456
preserve	6.0329776	3.757893	5.895745
commerce	5.8295307	3.8591964	5.703396
plant	5.6095915	3.8299034	5.577645
walk	5.8337603	3.7917426	5.8302298
difference	5.2232	3.8606336	5.382552
hang	4.712813	4.0069375	5.032259
following	6.239209	3.7518716	5.917194
employ	5.729269	3.7821026	5.960539
