deal	4.9048467	4.181782	5.4004807
study	6.306581	3.9386597	6.187527
afford	6.141623	4.0028706	5.8820534
service	5.6957297	4.0239377	6.011856
height	5.5211673	3.9795725	5.5212345
prospect	6.3030066	4.226809	5.667136
pleasant	6.870523	3.4394007	6.1712437
shade	5.626261	3.5471587	5.7768145
listen	5.4956293	3.9150455	5.5676475
mighty	5.4196525	4.546708	5.2809744
country	5.683896	4.1607447	5.580185
title	5.9165936	3.8889172	5.7177734
choose	5.5322876	3.7083414	5.8126264
village	5.7297525	3.9005783	5.366994
acquire	6.264087	4.0975733	6.453964
rank	5.291514	4.46071	5.4816093
bow	5.6204147	3.4570088	5.829227
doctor	4.9994955	3.76196	5.2690754
talent	6.395129	4.66242	6.449559
source	5.9657674	4.06348	5.6930633
lead	5.138565	4.2969313	5.4989433
question	5.0950437	4.2115254	5.3876386
publish	5.6699057	3.9281447	5.6465836
interest	5.8853292	4.3197284	5.8876657
serve	5.4778814	3.8268063	5.907385
divine	5.9031343	4.1998982	5.3889227
put	5.2595162	3.8182716	5.470572
shadow	5.207709	3.673089	5.2536726
practical	6.0186496	3.9776502	6.213345
surface	5.5934434	3.3334405	5.5366755
account	5.361696	4.266938	5.377463
loss	4.8807297	4.336073	4.9849086
indian	5.340783	4.1510463	5.1513324
vine	5.8421373	3.5163212	5.49203
certain	5.5237255	4.0890794	5.563139
sin	4.022828	4.3545547	4.445825
necessity	4.9796896	4.3937273	5.1869063
lose	5.3610163	4.173577	5.4050913
private	5.1839604	4.0069547	5.4229345
gentleman	5.980197	4.035974	5.835164
daughter	6.1640277	4.1053915	5.719993
drive	4.6854563	4.6690407	5.019702
strange	5.244138	4.3586373	5.033903
journey	6.14941	3.78437	5.7321877
uncle	5.6944056	4.3133707	5.366003
species	5.681088	3.9651165	5.2348084
think	5.594646	4.1910048	5.6153016
bed	5.581801	3.6864936	5.4659095
wind	5.209442	4.0853734	5.131329
bless	6.2775655	3.8316638	5.97796
destroy	4.2280283	4.5570765	4.5871663
author	5.983361	4.198468	5.645599
sustain	5.4642696	4.1144238	5.571041
black	4.717663	3.901011	4.887694
event	5.376973	4.32747	5.2620096
liberty	5.8896127	4.2418904	5.763651
negro	5.1442466	4.197648	5.122461
little	5.9538016	3.842749	5.7418547
fortune	6.0349355	4.4245753	5.719303
touch	5.7932343	4.0798564	5.601401
kill	4.1188154	4.962596	4.564192
feature	5.6344185	4.0581417	5.745631
happiness	6.6474233	4.2747297	6.0535316
assume	5.1369987	3.9818501	5.564545
notion	5.066854	4.2928724	5.001746
purchase	5.5751753	3.9718246	5.782927
faithful	5.838233	4.1139207	5.9133525
soldier	4.865377	4.5162992	5.384038
father	5.7203298	3.9924326	5.5074735
narrow	4.332539	3.5315008	4.7243447
great	5.857272	4.2046933	5.8018975
tear	4.865515	4.1205883	4.878669
honorable	5.146094	4.279922	5.4181166
previous	5.2644033	3.9027905	5.305936
good	5.94676	4.0523643	5.9965897
domestic	5.604654	3.9130616	5.53064
glory	6.564602	4.5308485	5.94017
lay	5.4704523	3.5685773	5.573387
occasion	5.5301065	4.3780746	5.528114
guard	4.7590504	4.3574753	5.5497465
whole	5.7771645	3.8233986	5.639928
mouth	5.032116	4.1206007	5.086902
receive	5.907841	4.072639	5.8989706
take	5.5028334	3.8800619	5.6133213
simple	6.37818	3.860273	5.821798
error	4.329764	4.3576136	4.710957
wisdom	6.5423455	3.7069514	6.21437
rock	5.5906096	4.181356	5.352428
decide	5.4323683	4.1980977	5.6732674
exclaim	5.61356	4.676243	5.8341446
assure	6.127371	4.2002077	5.928354
sign	5.307538	3.9710753	5.8333154
preserve	5.834585	3.718746	5.763853
commerce	5.659272	3.864714	5.656263
plant	5.3325863	3.8045228	5.4075155
walk	5.873951	3.8292544	5.826716
difference	5.093046	3.9096687	5.4567747
hang	4.6997795	4.0190153	4.9507074
following	6.0327682	3.8929727	5.8788595
employ	5.753377	3.8545187	6.003806
