deal	4.897544	4.215726	5.3507357
study	6.2973247	4.026626	6.1571875
afford	6.2759547	4.161484	6.1092386
service	5.724364	4.0510497	5.9061007
height	5.736874	3.9367785	5.519149
prospect	6.497163	4.306109	5.781375
pleasant	6.865507	3.569468	6.257219
shade	5.6951733	3.4794054	5.7967277
listen	5.474575	3.8138318	5.5313873
mighty	5.5260696	4.2874813	5.434838
country	5.8104177	4.0812125	5.596917
title	5.8511124	3.9979947	5.7130804
choose	5.5047393	3.804355	5.8066587
village	5.5687733	3.821478	5.2930117
acquire	6.120193	4.0950146	6.309344
rank	5.366439	4.4453998	5.5170627
bow	5.6576066	3.3955526	5.8164616
doctor	4.972017	3.544917	5.1443644
talent	6.46954	4.6077094	6.4023175
source	5.87287	4.1773753	5.779091
lead	5.2910137	4.149814	5.5294538
question	5.0371594	4.2119393	5.4075265
publish	5.98821	4.092712	5.728472
interest	5.843953	4.1490364	5.908972
serve	5.6106405	3.8709059	5.9255834
divine	5.766824	4.3504643	5.2909727
put	5.232879	3.8418465	5.503129
shadow	5.2632585	3.593043	5.2908573
practical	6.081227	3.9447348	6.1403947
surface	5.584436	3.3616796	5.56259
account	5.549675	4.2414722	5.4638658
loss	4.652688	4.4011283	4.806366
indian	5.260028	4.1191316	5.149319
vine	5.7536364	3.7817585	5.3682127
certain	5.4112954	4.0647736	5.5223894
sin	3.9421644	4.329089	4.414159
necessity	4.989707	4.297819	5.2042837
lose	5.279031	4.2303267	5.3380666
private	4.9835978	4.129286	5.425503
gentleman	5.9087477	4.0537615	5.825577
daughter	6.063586	4.082377	5.676017
drive	4.7128716	4.5799847	4.8958454
strange	5.124113	4.4702363	5.003771
journey	6.1287646	3.7130423	5.706708
uncle	5.872433	4.2353544	5.4573355
species	5.643129	4.0233393	5.2980285
think	5.515526	4.1832848	5.5937138
bed	5.4171624	3.5535831	5.3219414
wind	5.2332697	4.0733924	5.1502266
bless	6.2376246	3.900193	5.9939
destroy	4.2537365	4.5378156	4.692781
author	5.990613	4.332762	5.731182
sustain	5.3800483	4.0792584	5.425016
black	4.78216	3.937331	4.971502
event	5.6347775	4.304138	5.355841
liberty	5.6999664	4.286505	5.6686726
negro	5.4010777	4.297546	5.1947136
little	5.9067426	3.8595006	5.7546887
fortune	5.9745517	4.576561	5.7045145
touch	5.8395057	4.1486945	5.612786
kill	4.2456007	4.8022676	4.719548
feature	5.700873	4.042159	5.636355
happiness	6.45059	4.3547273	5.9609613
assume	5.046068	3.9138224	5.395767
notion	4.870594	4.212203	4.855752
purchase	5.431282	4.0438623	5.7015696
faithful	5.810413	4.1144795	5.977319
soldier	5.130729	4.364994	5.481924
father	5.577544	3.9337604	5.4347253
narrow	4.6170263	3.454647	4.789376
great	5.9328814	4.1961174	5.832955
tear	4.5238504	4.1138372	4.7163706
honorable	5.26828	4.2242575	5.4470296
previous	5.2660604	3.777986	5.2205944
good	6.0377774	4.0699897	6.022936
domestic	5.4753156	3.8913887	5.6345444
glory	6.5585012	4.5337763	6.090013
lay	5.426006	3.574088	5.5451465
occasion	5.6581883	4.3102837	5.575507
guard	4.8166175	4.3110113	5.506765
whole	5.771053	3.7941377	5.5943546
mouth	5.203982	4.146422	5.158422
receive	5.97833	4.038233	5.914441
take	5.5021873	3.8544984	5.6327744
simple	6.423296	3.820373	5.827227
error	4.152545	4.2690325	4.5635405
wisdom	6.6422234	3.6089993	6.1781135
rock	5.610626	4.04826	5.3381124
decide	5.2335134	4.0969596	5.5656543
exclaim	5.680201	4.5242734	5.757865
assure	6.0500937	4.2825627	5.866487
sign	5.45043	4.077921	5.9072247
preserve	6.095152	3.7637706	5.9536037
commerce	5.872191	3.770788	5.7888947
plant	5.477594	3.7914488	5.481207
walk	5.8829155	3.7769444	5.7951946
difference	5.1794	3.8103533	5.34303
hang	4.8573484	3.9848738	4.8945913
following	6.2235937	3.810613	5.866342
employ	5.7954545	3.7439432	6.0410533
