deal	4.9881225	4.2734275	5.440566
study	6.1045346	4.024508	6.2141967
afford	6.234191	4.067973	6.039329
service	5.7478743	4.0566664	5.922552
height	5.757031	3.8966687	5.540718
prospect	6.252148	4.2910767	5.67539
pleasant	7.027712	3.472641	6.3856525
shade	5.787334	3.560266	5.7703595
listen	5.455987	3.9024673	5.712183
mighty	5.546313	4.4404125	5.405136
country	5.731731	4.1993546	5.56694
title	5.998734	4.039804	5.738844
choose	5.4703712	3.7539148	5.770346
village	5.645801	3.9024832	5.200422
acquire	6.0333133	3.8940558	6.4147825
rank	5.348289	4.519945	5.5208287
bow	5.6731596	3.4946635	5.7653093
doctor	5.0175023	3.7569451	5.2416286
talent	6.42611	4.5327344	6.5353703
source	6.076969	4.1224375	5.760132
lead	5.297259	4.2908473	5.5520496
question	5.071295	4.2324734	5.343149
publish	5.934306	3.805183	5.6208124
interest	5.9630623	4.2158203	5.849019
serve	5.6011367	3.825384	5.9047
divine	5.8852787	4.159278	5.450269
put	5.1570897	3.896328	5.4219723
shadow	5.275893	3.604923	5.277076
practical	5.9302173	3.9679286	6.031965
surface	5.911642	3.5215135	5.5987425
account	5.3372536	4.2939844	5.4019017
loss	4.764489	4.311421	5.0022917
indian	5.206766	4.1899405	5.0578303
vine	5.9793577	3.5611734	5.5917854
certain	5.44416	4.0990424	5.5193963
sin	3.9188771	4.357265	4.366982
necessity	5.077654	4.42364	5.2861824
lose	5.338952	4.0478044	5.4717655
private	5.0813937	4.1108794	5.450237
gentleman	6.107069	4.1364655	5.84629
daughter	5.9651117	4.033883	5.6826916
drive	4.766683	4.51018	4.968893
strange	5.20582	4.4413614	5.067751
journey	6.141635	3.5252104	5.7570996
uncle	5.5983863	4.1333404	5.431446
species	5.508218	4.129776	5.1450505
think	5.5298266	4.165987	5.5882907
bed	5.375622	3.6609807	5.441283
wind	5.2285585	4.1681046	5.080559
bless	6.328618	3.9178324	6.073912
destroy	4.178976	4.6335588	4.6606665
author	5.849152	4.139042	5.6582093
sustain	5.391548	3.958271	5.470714
black	4.74478	3.885315	4.921945
event	5.603355	4.3268847	5.4441
liberty	5.822591	4.216279	5.7444687
negro	5.2766104	4.3889794	5.057805
little	5.917547	3.835496	5.7202287
fortune	6.0228734	4.564141	5.764538
touch	5.6596713	4.094497	5.5282755
kill	4.214197	4.943272	4.6206503
feature	5.6134396	4.0071826	5.7520733
happiness	6.751229	4.386307	6.186
assume	5.0746946	3.967074	5.5433164
notion	5.0391083	4.266746	5.017775
purchase	5.6081524	3.934245	5.84949
faithful	5.686346	4.182247	5.836832
soldier	4.970357	4.4879165	5.4554567
father	5.620978	3.9007115	5.4554863
narrow	4.4912643	3.4604373	4.751819
great	5.875403	4.162296	5.8503413
tear	4.5913467	4.087969	4.7830286
honorable	5.3325386	4.3903136	5.3908424
previous	5.1911774	3.880885	5.3111844
good	5.983132	4.0778985	6.011446
domestic	5.6328406	3.847743	5.786868
glory	6.860959	4.5142756	6.2255974
lay	5.353891	3.6196704	5.565037
occasion	5.597794	4.3541346	5.5294313
guard	4.8432283	4.323431	5.585051
whole	5.7038665	3.7768338	5.6294546
mouth	5.04118	4.1678977	5.1564946
receive	5.9952507	3.9564505	5.8799915
take	5.442408	3.8601367	5.6684046
simple	6.2115	3.8337767	5.9482093
error	4.0984426	4.431289	4.5924706
wisdom	6.5572453	3.719944	6.2377625
rock	5.5782843	3.9944685	5.2866554
decide	5.1751704	4.0788674	5.6811094
exclaim	5.742372	4.6814003	5.8315773
assure	6.0836926	4.267741	5.9250584
sign	5.29831	4.131372	5.7556615
preserve	5.9647803	3.9073896	6.0176363
commerce	5.8359604	3.8663812	5.747649
plant	5.539296	3.9144146	5.5620136
walk	5.824833	3.782471	5.865733
difference	5.148827	3.8650296	5.425723
hang	4.8783092	4.053101	5.0889378
following	6.120273	3.801575	5.900123
employ	5.6426134	3.7922404	5.91978
