deal	4.9831147	4.209494	5.494953
study	6.3185635	3.9751291	6.0968833
afford	6.2755876	3.8665245	5.971577
service	5.8597174	3.9676573	5.939531
height	5.5593257	3.9652548	5.545304
prospect	6.193379	4.247713	5.568564
pleasant	7.024135	3.4641948	6.170889
shade	5.533657	3.5613973	5.605891
listen	5.4841595	3.9510274	5.6928406
mighty	5.5669384	4.424403	5.5076756
country	5.754859	4.1431975	5.628876
title	6.080854	3.9046905	5.799391
choose	5.470123	3.7566473	5.6449943
village	5.717434	3.905045	5.3592772
acquire	6.033201	4.022878	6.3484735
rank	5.43093	4.5020504	5.485231
bow	5.6931415	3.4717288	5.8824506
doctor	5.061084	3.677353	5.2296815
talent	6.476317	4.4813433	6.474963
source	6.0557227	4.0334907	5.8270946
lead	5.2120442	4.2916293	5.4704623
question	5.077423	4.0935717	5.3989525
publish	5.8596406	4.1760535	5.660871
interest	5.9667163	4.3076158	5.932687
serve	5.6441536	3.7603452	5.961191
divine	5.9600625	4.308643	5.4240155
put	5.262876	3.8822525	5.474003
shadow	5.2517357	3.596465	5.2353034
practical	5.9610014	3.91911	6.2685814
surface	5.656966	3.383082	5.634739
account	5.387338	4.3197556	5.462201
loss	4.8274384	4.3739767	4.9397383
indian	5.3215528	4.1484056	5.1972632
vine	5.8121896	3.6868815	5.5140452
certain	5.438578	4.095716	5.5465736
sin	3.896413	4.3900747	4.2280726
necessity	5.0781918	4.256115	5.1948442
lose	5.4237566	4.207934	5.3938284
private	5.1334915	4.197625	5.437295
gentleman	6.0706177	4.099789	5.846245
daughter	5.9992743	4.12368	5.6091866
drive	4.6639414	4.614453	4.9975843
strange	5.2017922	4.3783383	4.96674
journey	6.1045	3.7544124	5.755874
uncle	5.7876344	4.0919666	5.406794
species	5.81293	3.9763525	5.3640785
think	5.568719	4.1808796	5.6369834
bed	5.3808765	3.7260005	5.337884
wind	5.2479067	4.183266	5.0919228
bless	6.386957	3.844682	5.957877
destroy	4.1230755	4.5508056	4.6462197
author	6.0277495	4.235046	5.7639503
sustain	5.5335364	4.0174	5.5358496
black	4.6501255	3.9342906	4.990168
event	5.5145698	4.2969522	5.3228016
liberty	5.843008	4.3189898	5.723649
negro	5.289071	4.260081	5.0409493
little	5.9685054	3.8027618	5.7669773
fortune	5.915353	4.4427595	5.6048512
touch	5.775896	4.0556917	5.7044506
kill	4.0483003	5.032546	4.594317
feature	5.663999	4.0601206	5.692657
happiness	6.573077	4.377584	6.072427
assume	5.1068087	4.065003	5.4566793
notion	4.9617624	4.36086	5.0501103
purchase	5.6761165	4.0423827	5.774227
faithful	5.7522807	4.0439763	5.8505573
soldier	5.0127563	4.3634157	5.426742
father	5.6615696	3.9476774	5.497222
narrow	4.334099	3.4217987	4.893742
great	5.861443	4.1728754	5.8125596
tear	4.6173944	4.1267834	4.893771
honorable	5.262466	4.3305426	5.4435425
previous	5.281226	4.004913	5.1873627
good	6.034793	4.017188	5.9932413
domestic	5.7379646	3.8660922	5.728611
glory	6.651497	4.438997	6.05982
lay	5.4533043	3.567705	5.5684457
occasion	5.6023846	4.324251	5.551591
guard	4.9087315	4.227775	5.548127
whole	5.790923	3.8319008	5.648769
mouth	5.1041207	4.180719	5.265869
receive	5.9167743	4.084608	5.9387774
take	5.517686	3.854829	5.6635437
simple	6.3533754	3.7565336	6.0566773
error	4.188607	4.394467	4.7528834
wisdom	6.641284	3.794941	6.3406224
rock	5.584955	4.2323546	5.3288627
decide	5.1670637	4.1073723	5.490979
exclaim	5.5256524	4.499205	5.750227
assure	6.059488	4.293679	5.898192
sign	5.1381607	4.1317644	5.7278113
preserve	6.0720816	3.7478213	5.9562554
commerce	5.831452	3.892836	5.6710973
plant	5.429105	3.771181	5.5040812
walk	5.695314	3.794703	5.7275524
difference	5.254529	3.8134387	5.446993
hang	4.842387	4.083858	5.0043097
following	6.1297164	3.7657332	5.8610992
employ	5.5960655	3.7832997	5.8816414
