deal	4.7801113	4.231726	5.282108
study	6.3990316	4.0272813	6.282286
afford	6.25267	4.0583167	6.0246778
service	5.5859003	4.00951	5.9400716
height	5.600171	3.943626	5.4331307
prospect	6.347267	4.4327965	5.700135
pleasant	7.030216	3.341086	6.319569
shade	5.5195084	3.5502696	5.733352
listen	5.534981	3.8971498	5.670226
mighty	5.4541006	4.506625	5.388748
country	5.708451	4.1447124	5.5547814
title	5.9011607	4.013703	5.7204027
choose	5.4415236	3.6296868	5.740481
village	5.712212	3.8225267	5.335902
acquire	6.1184583	3.9452662	6.2759867
rank	5.3407497	4.3144145	5.492624
bow	5.7056017	3.3585973	5.8217335
doctor	5.1251707	3.7239807	5.239839
talent	6.3056793	4.59013	6.463702
source	5.8582287	3.9593267	5.4755793
lead	5.165718	4.2832646	5.5098643
question	5.1491203	4.2964697	5.4189906
publish	5.899296	4.0442805	5.591207
interest	5.849356	4.383991	5.9033527
serve	5.5188575	3.8630917	5.9608755
divine	6.023823	4.1818027	5.5162787
put	5.1628537	3.822771	5.397932
shadow	5.044452	3.7205694	5.2401333
practical	6.008344	3.9408782	6.011782
surface	5.571728	3.404092	5.4453616
account	5.391973	4.347912	5.3915677
loss	4.71058	4.3705726	4.859015
indian	5.273404	4.070138	5.028785
vine	5.8021555	3.6501114	5.33044
certain	5.392182	4.1058764	5.523757
sin	4.071925	4.315482	4.408935
necessity	5.136606	4.462549	5.2547164
lose	5.375649	4.1754365	5.412373
private	4.98476	4.166721	5.3626585
gentleman	6.0421243	4.1273623	5.812995
daughter	6.1090484	3.9874952	5.6794386
drive	4.702428	4.6393156	4.946018
strange	5.175869	4.3811955	5.02161
journey	6.0831037	3.7319381	5.7436957
uncle	5.5754366	4.227264	5.281954
species	5.6707096	4.0514097	5.3266335
think	5.6234746	4.1894464	5.6453185
bed	5.4233847	3.6392677	5.3873205
wind	5.202451	4.134492	5.144777
bless	6.260995	3.8532054	5.9667063
destroy	4.1495295	4.589339	4.5848756
author	6.0006733	4.304195	5.548906
sustain	5.476937	3.9667087	5.481719
black	4.723141	3.8737788	4.9387646
event	5.4588966	4.347766	5.37
liberty	5.7845297	4.230814	5.718752
negro	5.315544	4.2327585	5.1768622
little	5.9319844	3.7753866	5.719787
fortune	5.884897	4.5247536	5.6753917
touch	5.7254076	4.07689	5.535346
kill	4.24303	4.9042826	4.659276
feature	5.7301407	4.1188755	5.6726856
happiness	6.5076227	4.2746434	6.071209
assume	5.246225	3.922158	5.5190625
notion	5.07717	4.1876016	5.046624
purchase	5.656364	3.828443	5.780482
faithful	5.9425874	4.0551376	5.9079
soldier	5.061156	4.4618917	5.315786
father	5.6423893	3.909038	5.4359713
narrow	4.2800817	3.5083458	4.6219296
great	5.857547	4.1724834	5.770953
tear	4.6987886	4.090649	4.8511066
honorable	5.268584	4.426589	5.5317655
previous	5.382338	3.8962917	5.2487736
good	6.005995	4.0422335	6.0317855
domestic	5.6499925	3.8247385	5.53343
glory	6.6746254	4.301382	6.0851736
lay	5.4436855	3.580553	5.519822
occasion	5.636247	4.3641486	5.6047816
guard	4.8001914	4.1630917	5.4975553
whole	5.7249203	3.814343	5.5710225
mouth	4.887226	4.060687	5.0510707
receive	5.922756	4.019092	5.914571
take	5.502042	3.819625	5.637029
simple	6.493795	3.8600862	6.017175
error	4.056717	4.336564	4.480414
wisdom	6.724126	3.6288948	6.422293
rock	5.6807046	3.9982908	5.3776994
decide	5.2593436	4.1820526	5.5386086
exclaim	5.642349	4.49482	5.8267813
assure	6.194995	4.2910404	5.88353
sign	5.334815	4.213638	5.7892547
preserve	6.0246363	3.724311	5.885594
commerce	5.556865	3.832771	5.612028
plant	5.45554	3.849041	5.404317
walk	5.8869247	3.650565	5.82453
difference	5.192975	3.8241782	5.458293
hang	4.7672033	3.99862	4.999344
following	6.0642786	3.8048093	5.908706
employ	5.7803884	3.7970088	5.9452677
