deal	5.0233393	4.164999	5.503938
study	6.2281137	3.8910038	6.138131
afford	6.042509	4.0285225	5.930477
service	5.824778	3.978021	5.9826436
height	5.5563436	3.9716039	5.4602356
prospect	6.2511044	4.217545	5.7503896
pleasant	6.7464375	3.4915178	6.129364
shade	5.815352	3.6011658	5.8683825
listen	5.4565864	3.8033187	5.7289047
mighty	5.5397897	4.446943	5.4669566
country	5.7282248	4.139928	5.570071
title	5.7911425	3.8425968	5.6472526
choose	5.6722894	3.6582077	5.7917767
village	5.638391	3.7267265	5.306773
acquire	6.154174	3.9345818	6.206677
rank	5.268857	4.476245	5.408188
bow	5.669164	3.4049158	5.833483
doctor	4.8820457	3.7502666	5.1607876
talent	6.3005877	4.5977407	6.301706
source	5.792128	3.9802158	5.5493627
lead	5.212679	4.2536283	5.452978
question	4.9586964	4.211242	5.449259
publish	5.760043	3.984393	5.5311584
interest	5.961868	4.231202	5.9486094
serve	5.6100154	3.7629101	5.95082
divine	5.8680983	4.2837815	5.4155483
put	5.2666564	3.7913346	5.4788704
shadow	5.290388	3.6427934	5.376083
practical	5.985525	3.9960163	6.0584702
surface	5.780229	3.456205	5.7107863
account	5.450479	4.260766	5.3764815
loss	4.6298943	4.289893	4.8786
indian	5.45616	4.159587	5.200462
vine	5.7079697	3.7636068	5.275213
certain	5.3306055	4.0895753	5.4468293
sin	4.0076685	4.327841	4.560379
necessity	4.986366	4.3100815	5.2151127
lose	5.362182	4.140943	5.44129
private	5.0646286	4.0711193	5.3963857
gentleman	5.994136	4.114295	5.838881
daughter	5.947718	4.1417	5.594981
drive	4.820195	4.574012	5.0022383
strange	5.334238	4.374768	5.0555344
journey	6.0176635	3.515914	5.678038
uncle	5.703808	4.334317	5.517852
species	5.612859	3.9738235	5.2519126
think	5.5162416	4.129665	5.6275616
bed	5.3019376	3.5180886	5.2604976
wind	5.205729	4.1155205	5.1512475
bless	6.2274523	3.911745	6.036156
destroy	4.206617	4.348984	4.663717
author	5.9004183	4.2573915	5.6929636
sustain	5.4139004	3.972971	5.470421
black	4.8000803	3.8262877	5.0425153
event	5.434082	4.333465	5.3269315
liberty	5.7983446	4.369465	5.7493706
negro	5.106232	4.3283954	5.0719957
little	5.964269	3.8098688	5.7612514
fortune	5.8700094	4.5179276	5.6093006
touch	5.7527695	4.118703	5.609208
kill	4.304594	4.718833	4.684475
feature	5.739825	4.0238357	5.7676945
happiness	6.4944067	4.333912	6.127338
assume	5.100123	3.9633956	5.4657426
notion	4.925127	4.2407837	4.944313
purchase	5.7039766	3.9083223	5.870335
faithful	5.7612915	4.1079493	5.921589
soldier	5.033557	4.485915	5.3998995
father	5.6212215	3.8792787	5.508974
narrow	4.4164433	3.4643924	4.801816
great	5.8583994	4.1120467	5.814256
tear	4.6933117	4.159389	4.8896146
honorable	5.349377	4.2489142	5.5521526
previous	5.1925597	3.8080509	5.184545
good	6.0026855	4.0073814	5.9930925
domestic	5.5661783	3.8736577	5.6582565
glory	6.63198	4.4773617	6.1720166
lay	5.5476227	3.4768307	5.650966
occasion	5.4814324	4.3583426	5.545226
guard	4.757327	4.484376	5.568939
whole	5.825195	3.8165548	5.662534
mouth	5.080538	4.016059	5.1428823
receive	5.9553	4.0232573	5.8803463
take	5.491014	3.8140244	5.6400385
simple	6.4174337	3.788624	5.8655047
error	4.140092	4.352357	4.6973085
wisdom	6.572436	3.7288399	6.220721
rock	5.684858	4.0135007	5.3378115
decide	5.177568	4.0698304	5.632211
exclaim	5.7786527	4.558153	5.988706
assure	6.062696	4.212598	5.8629603
sign	5.0369883	3.9670517	5.727812
preserve	6.0523586	3.7100048	5.9795113
commerce	5.838824	3.897547	5.889199
plant	5.6417804	3.7172527	5.506372
walk	5.808183	3.67415	5.8360543
difference	5.243425	3.8786442	5.4506683
hang	4.856089	4.0007777	4.988491
following	6.1032877	3.795603	5.846048
employ	5.697968	3.7625823	5.9419336
