deal	4.9886885	4.2268014	5.416275
study	6.329748	3.9545028	6.218896
afford	6.118672	4.0449915	5.942613
service	5.6623387	4.044682	5.867362
height	5.742349	3.8489156	5.623378
prospect	6.3451195	4.351816	5.715659
pleasant	6.9794865	3.559042	6.280819
shade	5.6410055	3.5344656	5.6914716
listen	5.401991	3.926476	5.6181846
mighty	5.541951	4.4682465	5.3102016
country	5.7658305	4.1636243	5.5936317
title	6.0456266	3.9331658	5.8244133
choose	5.419112	3.6542926	5.733458
village	5.682884	3.801053	5.407578
acquire	6.272237	4.0386715	6.3043256
rank	5.3467875	4.418057	5.506965
bow	5.6888065	3.414493	5.7316933
doctor	4.849208	3.7643857	5.0153074
talent	6.344953	4.530582	6.3139567
source	6.071776	4.122897	5.848953
lead	5.2231593	4.2347894	5.518693
question	5.019943	4.2398257	5.4117966
publish	5.8530016	3.9236634	5.654802
interest	5.950966	4.2887306	5.930612
serve	5.541001	3.848771	5.943907
divine	6.0570984	4.212064	5.462818
put	5.230777	3.8079035	5.4636564
shadow	5.2388515	3.660933	5.284176
practical	5.9703574	3.9332721	6.070669
surface	5.6046467	3.4849427	5.52737
account	5.5207205	4.282872	5.4684896
loss	4.717858	4.4045963	4.784741
indian	5.460788	4.116204	5.1982656
vine	5.8622766	3.5645285	5.3996353
certain	5.4099455	4.0662327	5.490309
sin	3.866929	4.3843064	4.285487
necessity	5.116031	4.332792	5.2468853
lose	5.4461975	4.089745	5.4401608
private	5.1163735	4.173099	5.391699
gentleman	6.026332	4.1390524	5.773951
daughter	5.939865	4.0963087	5.539139
drive	4.8201957	4.4463735	5.0237308
strange	5.3144813	4.436936	5.104187
journey	6.278042	3.688239	5.776683
uncle	5.6840343	4.070335	5.3974895
species	5.50667	4.111923	5.231769
think	5.655428	4.1275516	5.6194696
bed	5.5203614	3.5890503	5.373162
wind	5.2049146	4.161417	5.186446
bless	6.354147	3.8941987	5.97295
destroy	4.164641	4.469983	4.662465
author	6.022766	4.2338734	5.7410517
sustain	5.5219455	4.0074863	5.497183
black	4.796899	3.8725173	5.037045
event	5.5376945	4.311598	5.3413982
liberty	5.8504586	4.313292	5.764928
negro	5.2842507	4.3298974	5.219431
little	5.9385033	3.8562822	5.7347627
fortune	5.907719	4.525425	5.5570927
touch	5.883076	4.109273	5.7244363
kill	4.3056316	4.8710346	4.74704
feature	5.7877913	4.033255	5.7989373
happiness	6.6377263	4.292468	6.152954
assume	5.1746373	3.8895059	5.5007157
notion	5.149696	4.1551747	5.065899
purchase	5.577132	4.105676	5.8945255
faithful	5.9761868	4.1164575	6.022878
soldier	4.9612846	4.5059433	5.387334
father	5.6243606	3.972201	5.423115
narrow	4.282914	3.5324655	4.712372
great	5.898884	4.143254	5.84693
tear	4.677404	4.102356	4.8216047
honorable	5.2988963	4.3566465	5.4567385
previous	5.3350096	3.885315	5.286384
good	6.047079	4.045273	6.0477743
domestic	5.7042365	3.9184349	5.6890764
glory	6.683698	4.406195	6.052665
lay	5.5615187	3.5572755	5.6410046
occasion	5.5299106	4.323839	5.5126224
guard	4.8486924	4.3126993	5.517734
whole	5.8083177	3.817616	5.659311
mouth	5.2261643	4.1217732	5.241759
receive	6.0109158	4.0541687	5.963823
take	5.5104723	3.8010821	5.6351614
simple	6.3897734	3.8056433	5.82518
error	4.1738086	4.2871866	4.6004343
wisdom	6.705319	3.731529	6.3182573
rock	5.6125884	3.9670386	5.3014846
decide	5.115831	4.2102237	5.5201645
exclaim	5.595247	4.5988765	5.765475
assure	6.0909257	4.325611	5.9189005
sign	5.1896753	4.1676397	5.8638287
preserve	6.0097046	3.802861	5.973523
commerce	5.6690917	3.7531128	5.6726847
plant	5.502798	3.7315578	5.500466
walk	5.7289367	3.7440715	5.7598443
difference	5.1856575	3.7410064	5.4788866
hang	4.904066	4.059682	5.0666857
following	6.1752768	3.8290997	5.925665
employ	5.724605	3.8085487	5.9624925
