deal	4.772518	4.242613	5.3595533
study	6.0478034	3.9412754	6.0806084
afford	6.168391	4.100932	6.0477495
service	5.69232	3.9276803	5.920195
height	5.784606	3.8722608	5.625025
prospect	6.3640604	4.3155737	5.629283
pleasant	6.7392454	3.4622498	6.2786593
shade	5.52281	3.6314924	5.7442436
listen	5.5277596	3.923843	5.61043
mighty	5.701468	4.435722	5.4568315
country	5.7391195	4.1686373	5.561097
title	5.9430666	3.848441	5.762275
choose	5.507584	3.6289465	5.7262397
village	5.579728	3.9012127	5.3320704
acquire	5.866615	3.9723554	6.188054
rank	5.282651	4.4307966	5.403092
bow	5.654454	3.370871	5.6724496
doctor	4.7128105	3.8824298	5.062824
talent	6.356622	4.717046	6.3552527
source	5.915413	4.1082845	5.654388
lead	5.176475	4.2731137	5.5099893
question	5.0275574	4.1706824	5.338896
publish	5.7169747	4.0632467	5.573762
interest	5.874861	4.243691	5.8547807
serve	5.636787	3.8056715	6.024509
divine	6.0978694	4.2197495	5.520043
put	5.2175775	3.7925189	5.47165
shadow	5.3253446	3.6873462	5.4018097
practical	5.9862537	3.9293642	6.060139
surface	5.9714694	3.3411477	5.775948
account	5.416562	4.20327	5.4274416
loss	4.7810254	4.4091134	4.9428954
indian	5.355791	4.130561	5.1857786
vine	6.0092797	3.641112	5.524308
certain	5.4018226	4.161591	5.4534597
sin	4.1148033	4.3245487	4.5235057
necessity	4.9938884	4.402023	5.1620755
lose	5.392349	4.16545	5.384332
private	5.0138783	4.08086	5.338387
gentleman	6.0614295	4.154177	5.8768005
daughter	6.24537	4.11173	5.7409787
drive	4.6454115	4.5516844	5.015627
strange	5.27716	4.4087048	5.0689917
journey	6.0888243	3.7530122	5.6964602
uncle	5.9017324	4.178013	5.438412
species	5.6606903	4.148815	5.2531223
think	5.6529474	4.1881146	5.631985
bed	5.473969	3.7215064	5.422038
wind	5.0956826	4.129779	5.0623426
bless	6.2896757	3.8735065	5.888782
destroy	4.100626	4.5604315	4.679738
author	5.8818583	4.224748	5.684825
sustain	5.5294333	4.0571623	5.5506225
black	4.809446	3.836022	5.0781355
event	5.547552	4.232691	5.328875
liberty	5.714516	4.4111056	5.6036725
negro	5.2371626	4.281275	5.2123537
little	5.992034	3.785456	5.7583165
fortune	5.926685	4.4620004	5.626057
touch	5.875115	4.145463	5.646303
kill	4.0765705	5.03325	4.69858
feature	5.7689185	4.1552415	5.770713
happiness	6.5705976	4.378005	6.0441384
assume	5.119402	3.9991655	5.515275
notion	4.9541664	4.1531167	4.9382167
purchase	5.5239067	3.9881012	5.7331953
faithful	5.995325	3.9873095	5.9080863
soldier	5.0814977	4.3778286	5.3445425
father	5.672135	4.0021305	5.490272
narrow	4.3422194	3.418334	4.6367784
great	5.9340963	4.174921	5.8182564
tear	4.764744	4.1985087	4.902028
honorable	5.3523555	4.327403	5.573001
previous	5.150761	3.980154	5.333779
good	6.0015793	4.054496	6.012861
domestic	5.614159	3.8348496	5.6596174
glory	6.551279	4.482398	5.938009
lay	5.4312778	3.4710035	5.6093917
occasion	5.5409236	4.318661	5.5210075
guard	4.8597903	4.2886143	5.4891233
whole	5.80028	3.7606452	5.651618
mouth	5.1921363	4.063584	5.1912513
receive	5.922247	4.03829	5.899562
take	5.451875	3.8004563	5.6570554
simple	6.48246	3.8968387	5.998802
error	4.1365566	4.3721642	4.624127
wisdom	6.5924745	3.8769758	6.1997576
rock	5.675763	4.00403	5.450633
decide	5.2590594	4.128126	5.5744514
exclaim	5.815789	4.5736065	5.77806
assure	6.3165708	4.2417774	5.952723
sign	5.2532916	4.21053	5.815112
preserve	5.9825377	3.731722	5.890261
commerce	5.8063912	3.7378416	5.720145
plant	5.5581374	3.731896	5.5461307
walk	5.7705917	3.6922817	5.815143
difference	5.1838126	3.840368	5.409745
hang	4.789839	4.0592675	5.0012665
following	6.0896707	3.8277388	5.9080434
employ	5.6582747	3.8466938	5.9114923
