deal	4.810918	4.1180677	5.386048
study	6.2640414	4.09248	6.292798
afford	6.1698456	4.0635467	6.001625
service	5.6648207	4.0572987	5.9132023
height	5.6878557	3.8549025	5.40345
prospect	6.219015	4.275036	5.587218
pleasant	6.870612	3.5272675	6.340065
shade	5.643792	3.6900756	5.767421
listen	5.50155	3.93874	5.711565
mighty	5.402227	4.3364315	5.270384
country	5.713926	4.1373577	5.581092
title	5.9657183	3.8103495	5.710886
choose	5.616469	3.745996	5.7426515
village	5.775202	3.795955	5.3122225
acquire	6.1323237	4.0047736	6.401855
rank	5.0503798	4.35666	5.461481
bow	5.687669	3.228775	5.8236547
doctor	4.8128214	3.7298713	5.1640506
talent	6.2802896	4.530867	6.4493213
source	5.898323	3.9642255	5.805596
lead	5.182273	4.2682743	5.4999523
question	5.0643244	4.2059593	5.418947
publish	5.833633	4.0148215	5.5667815
interest	5.85069	4.3110347	5.948703
serve	5.5235	3.9246137	5.924354
divine	5.8707495	4.237411	5.475024
put	5.1735506	3.7816892	5.494232
shadow	5.1973658	3.6087167	5.2841043
practical	6.1143465	4.072679	6.1396594
surface	5.672086	3.3697412	5.532856
account	5.482289	4.280317	5.481698
loss	4.892109	4.382585	4.950161
indian	5.3324175	4.1501527	5.0435452
vine	5.73483	3.7184956	5.272459
certain	5.426972	4.0998926	5.512351
sin	3.9186945	4.465985	4.415819
necessity	4.905792	4.313426	5.216413
lose	5.3227687	4.11292	5.4115167
private	4.9298086	4.1250544	5.3940053
gentleman	5.91075	4.1200995	5.8175087
daughter	5.9253616	4.0688906	5.5662556
drive	4.7120423	4.425789	4.9465804
strange	5.2133207	4.383307	5.045003
journey	6.0066	3.7236052	5.6679893
uncle	5.7096233	4.0180073	5.4142723
species	5.5076733	4.1727643	5.29877
think	5.398507	4.2020254	5.5845466
bed	5.5421305	3.56693	5.3936534
wind	5.250988	4.096541	5.1221066
bless	6.214865	3.8015711	5.903356
destroy	4.0257525	4.5351486	4.6369224
author	5.9531503	4.2236	5.7342267
sustain	5.4866595	3.87784	5.5012264
black	4.6799088	3.8243382	4.9554625
event	5.529159	4.345904	5.297361
liberty	5.7060843	4.2447863	5.7085443
negro	5.320065	4.1881876	5.1478186
little	5.8038254	3.8289921	5.6977124
fortune	5.783413	4.496818	5.5384817
touch	5.7183867	4.111789	5.6281548
kill	4.2814164	4.7875595	4.733742
feature	5.8040423	4.0875015	5.7482114
happiness	6.5143414	4.4824586	6.161758
assume	5.1416273	3.9932127	5.5047445
notion	4.912063	4.2962723	4.973937
purchase	5.4426556	3.8899753	5.725252
faithful	5.6431284	4.254529	5.854692
soldier	5.1077504	4.44146	5.4540877
father	5.5707207	3.9233696	5.4369307
narrow	4.134998	3.5367603	4.530324
great	5.754721	4.1601915	5.792201
tear	4.6049414	4.0988984	4.7745194
honorable	5.2182107	4.261741	5.5089793
previous	5.247513	3.9729893	5.193016
good	5.941624	4.039569	6.053662
domestic	5.785667	3.9900365	5.8051586
glory	6.4022737	4.4247756	5.9513836
lay	5.4893184	3.5401554	5.647602
occasion	5.6043878	4.4070706	5.658591
guard	4.6784015	4.242689	5.3881135
whole	5.747764	3.7835736	5.626644
mouth	5.1041126	4.0831394	5.155898
receive	5.9314165	3.961811	5.912153
take	5.4621906	3.7941523	5.6094155
simple	6.3307424	3.8575773	5.8612742
error	4.014537	4.390997	4.6456327
wisdom	6.6846876	3.8462079	6.3379464
rock	5.566434	4.052311	5.178334
decide	5.1823487	4.1797495	5.5526094
exclaim	5.489744	4.564052	5.679068
assure	6.160489	4.212591	5.936827
sign	5.35662	4.0793543	6.00267
preserve	6.110173	3.8473403	5.9650416
commerce	5.736965	4.010323	5.717822
plant	5.4768686	3.87258	5.424671
walk	5.7013907	3.7861311	5.786685
difference	5.1816397	3.9030964	5.4887285
hang	4.8271112	4.0116243	5.0088196
following	6.114916	3.8879776	5.8028154
employ	5.6582904	3.857065	5.972362
