deal	4.8777385	4.205081	5.3997107
study	6.286495	4.055157	6.21833
afford	6.1932926	4.086785	6.043256
service	5.842097	4.014212	5.978728
height	5.5994983	3.8417096	5.5602865
prospect	6.409091	4.3161635	5.7520776
pleasant	6.8691435	3.4831443	6.205246
shade	5.7036176	3.5059807	5.9690714
listen	5.428933	3.9037309	5.575789
mighty	5.418237	4.4578323	5.3224754
country	5.759043	4.132281	5.5715957
title	5.9098167	4.056943	5.6450996
choose	5.4599094	3.75341	5.741869
village	5.7411423	3.829247	5.327777
acquire	6.1537037	4.029927	6.3136826
rank	5.234739	4.514778	5.3938746
bow	5.60201	3.4826376	5.7507167
doctor	4.9064975	3.857878	5.169324
talent	6.4499235	4.644037	6.386368
source	6.011398	4.1825037	5.7581987
lead	5.206721	4.244981	5.5390058
question	4.956519	4.394113	5.3495297
publish	5.7639995	3.9816482	5.63909
interest	5.7869167	4.2892447	5.7855167
serve	5.597841	3.8602011	5.9338684
divine	5.791495	4.3472795	5.3392835
put	5.1869636	3.7904396	5.4704185
shadow	5.227904	3.6423328	5.3617177
practical	6.003579	3.9307551	6.228358
surface	5.590083	3.4824014	5.528883
account	5.3785744	4.292222	5.397325
loss	4.6925726	4.395433	4.875226
indian	5.2566833	4.083309	5.135721
vine	5.6711617	3.9184985	5.419028
certain	5.373229	4.1501093	5.468418
sin	3.9993787	4.251912	4.4821777
necessity	5.194925	4.3413467	5.2595825
lose	5.4441156	4.1830473	5.4188414
private	5.0195265	4.1544423	5.392135
gentleman	6.019458	4.187674	5.882134
daughter	5.861636	4.059259	5.5590224
drive	4.7764606	4.490753	5.04526
strange	5.199131	4.345893	4.976839
journey	6.164394	3.756303	5.710165
uncle	5.816025	4.0702977	5.4085565
species	5.746873	4.0900373	5.344349
think	5.4603233	4.1965585	5.546343
bed	5.497904	3.6203308	5.3519306
wind	5.2948437	4.1923847	5.218356
bless	6.2106433	3.8506112	5.864685
destroy	3.9769826	4.5762753	4.5217276
author	5.816595	4.235852	5.5585465
sustain	5.5643783	3.996577	5.512505
black	4.749407	3.8490267	5.0685067
event	5.52664	4.352892	5.36327
liberty	5.885876	4.2768917	5.7302957
negro	5.1763835	4.4295716	5.1944294
little	5.848592	3.8645558	5.713839
fortune	5.7977533	4.475921	5.4941525
touch	5.7191486	4.122464	5.5392756
kill	4.2500196	4.8884134	4.656598
feature	5.6052184	4.123081	5.6353865
happiness	6.5802236	4.3349967	6.0217013
assume	5.1089416	3.938828	5.444243
notion	5.151715	4.2943363	4.970188
purchase	5.4494658	3.9732409	5.64803
faithful	5.9130106	4.0673094	5.991604
soldier	5.044492	4.4307075	5.507817
father	5.681367	3.9126759	5.46605
narrow	4.498954	3.4720442	4.744692
great	5.8914275	4.2041984	5.811065
tear	4.6957808	4.065553	4.8151464
honorable	5.2321777	4.318111	5.475397
previous	5.302468	3.7842057	5.3482256
good	5.960765	4.029563	5.9725056
domestic	5.5777187	3.9230177	5.7879567
glory	6.6738796	4.4109955	6.0369964
lay	5.4005523	3.5575147	5.587045
occasion	5.514633	4.3143964	5.47246
guard	4.9187303	4.4039855	5.6564636
whole	5.7809815	3.7836082	5.636313
mouth	5.0690203	4.093243	5.164249
receive	5.9998903	4.0998983	5.9547586
take	5.4911914	3.7788332	5.673746
simple	6.4628325	3.8125486	5.956035
error	4.10619	4.3149304	4.5962462
wisdom	6.7119436	3.8253455	6.3262753
rock	5.777411	3.9431682	5.453293
decide	5.2512794	4.1545143	5.6145973
exclaim	5.382165	4.6340976	5.690929
assure	6.0626054	4.365738	5.813815
sign	5.372713	4.0670295	5.791274
preserve	6.0689616	3.7419565	5.963078
commerce	5.6003103	3.7776127	5.7652197
plant	5.526694	4.0026083	5.5295486
walk	5.8136864	3.6990197	5.8320923
difference	5.229592	3.7779894	5.3477583
hang	5.0154495	3.9993184	5.0534844
following	6.0907454	3.818093	5.881614
employ	5.630134	3.8513532	5.8535748
