deal	4.952804	4.3110957	5.448423
study	6.3501987	3.9413743	6.185341
afford	6.3938217	4.043981	6.1130576
service	5.843125	4.066665	6.0013866
height	5.636597	3.9260976	5.6093216
prospect	6.4996347	4.358136	5.7350073
pleasant	6.849059	3.4340432	6.235216
shade	5.531926	3.4453566	5.7189245
listen	5.5422263	3.92917	5.63016
mighty	5.511644	4.456249	5.31396
country	5.7750177	4.1551156	5.566715
title	5.9836135	3.9976814	5.62547
choose	5.5867662	3.6942244	5.842335
village	5.659765	3.8221395	5.309889
acquire	6.1392736	3.9196794	6.3798065
rank	5.293128	4.4464846	5.3820963
bow	5.6523237	3.416074	5.718274
doctor	4.878336	3.6656015	5.2663302
talent	6.5156164	4.386598	6.5919666
source	5.949428	4.0690684	5.721102
lead	5.1936865	4.26915	5.4651246
question	5.009465	4.16731	5.4453716
publish	5.685135	4.085613	5.515864
interest	5.9488854	4.3167024	5.8593483
serve	5.65288	3.9624584	5.926258
divine	5.987455	4.237114	5.493844
put	5.3026943	3.8125772	5.530254
shadow	5.2582808	3.5739923	5.337322
practical	6.007817	3.839864	6.095632
surface	5.5807877	3.2744384	5.4939556
account	5.454298	4.2414856	5.4647827
loss	4.7226553	4.444186	4.870736
indian	5.333094	4.149741	5.195355
vine	5.9970512	3.7733424	5.5163198
certain	5.413929	4.177305	5.4887586
sin	3.9884138	4.370161	4.437201
necessity	5.0734963	4.3682814	5.300788
lose	5.319865	4.185688	5.3274946
private	5.282261	4.095944	5.430554
gentleman	6.102867	4.0908046	5.86135
daughter	6.108879	4.0197716	5.622168
drive	4.7775216	4.4528513	5.055744
strange	5.179199	4.428609	4.9526505
journey	6.0872855	3.7710273	5.717092
uncle	5.717215	4.1272297	5.4324937
species	5.7259073	3.9831567	5.323896
think	5.5699673	4.1773887	5.62202
bed	5.2377667	3.66309	5.2382936
wind	5.1781917	4.149925	5.1507583
bless	6.3225546	3.8787057	5.9741564
destroy	4.0789294	4.7122765	4.589892
author	6.089448	4.330265	5.763073
sustain	5.429819	3.9344707	5.4719687
black	4.8469386	3.8829577	5.0241103
event	5.5074415	4.3223867	5.345945
liberty	5.862262	4.307578	5.7173567
negro	5.3972416	4.316457	5.313683
little	5.997614	3.8804748	5.758538
fortune	6.0088515	4.4984875	5.608277
touch	5.7633977	4.1978164	5.640066
kill	4.0782857	4.894401	4.6654363
feature	5.56812	3.9928184	5.7541866
happiness	6.5354877	4.397745	6.0152936
assume	5.1707754	3.8178382	5.585182
notion	4.950415	4.3441844	5.04256
purchase	5.774648	3.9880593	5.857368
faithful	5.961508	4.061235	5.8255
soldier	5.079821	4.447042	5.3980856
father	5.736735	3.8567543	5.489037
narrow	4.4438024	3.6560786	4.720712
great	5.8036065	4.1883445	5.7223997
tear	4.6228876	4.113273	4.7044
honorable	5.225506	4.2034717	5.428114
previous	5.179612	3.818449	5.281401
good	5.9871697	4.0678754	5.9693465
domestic	5.852484	3.8671725	5.822133
glory	6.64408	4.4000936	6.0084157
lay	5.3571887	3.6046677	5.5575385
occasion	5.502049	4.367706	5.5600233
guard	4.9184465	4.244561	5.586898
whole	5.756395	3.8949535	5.5887856
mouth	5.059681	4.299803	5.0884743
receive	5.923341	4.072983	5.8784223
take	5.549471	3.8546278	5.689372
simple	6.4512124	3.9360032	5.8799376
error	4.151705	4.4673767	4.675703
wisdom	6.4594636	3.7802544	6.134871
rock	5.607322	4.1086273	5.362111
decide	5.284174	4.150238	5.7205014
exclaim	5.6861787	4.4553127	5.886337
assure	6.1174264	4.258379	5.927852
sign	5.177936	4.171346	5.8028197
preserve	5.786373	3.8222072	5.7454724
commerce	5.5919285	4.0596437	5.6073337
plant	5.4070206	3.7699862	5.3808293
walk	5.857706	3.6586955	5.8372583
difference	5.080146	3.9657888	5.4165215
hang	4.7317038	4.1945305	4.926736
following	6.182005	3.8821557	5.8736362
employ	5.7696567	3.8500538	5.9830794
