deal	4.872408	4.3770804	5.3715696
study	6.1817694	4.1986113	6.1631017
afford	6.2217345	4.015705	6.0105486
service	5.788982	4.0357757	5.9164624
height	5.624279	4.0316634	5.438738
prospect	6.282472	4.471245	5.6740766
pleasant	6.762724	3.6277199	6.236841
shade	5.5656977	3.4591355	5.73773
listen	5.3816314	3.9094357	5.541343
mighty	5.5836415	4.4562697	5.4095583
country	5.776859	4.169122	5.5915775
title	5.807323	3.9275978	5.737693
choose	5.3917165	3.7827382	5.7170787
village	5.6586375	3.8073125	5.216841
acquire	6.137155	4.1348925	6.4093356
rank	5.286456	4.4308567	5.4649577
bow	5.6253486	3.3967583	5.7241454
doctor	4.900958	3.7504945	5.1677265
talent	6.452175	4.539978	6.4588833
source	5.929484	4.05037	5.7764826
lead	5.183551	4.1814737	5.5096107
question	5.0668983	4.357435	5.332261
publish	5.868285	4.030714	5.6560416
interest	5.9804354	4.2863255	5.871006
serve	5.549289	3.8107667	5.945027
divine	5.904145	4.2184076	5.4529834
put	5.138081	3.8095279	5.425895
shadow	5.0818214	3.6205516	5.187185
practical	6.09814	4.0485873	6.1684275
surface	5.7390122	3.3400493	5.5157876
account	5.4450345	4.3067884	5.426569
loss	4.8614283	4.315476	4.9284406
indian	5.329722	4.171094	5.1925745
vine	5.920063	3.6483836	5.6004505
certain	5.386531	4.164932	5.5367556
sin	3.9978573	4.298715	4.404751
necessity	5.036846	4.34146	5.201552
lose	5.3615794	4.2053275	5.4444237
private	4.994141	4.1044087	5.372641
gentleman	6.0240884	4.10705	5.8831215
daughter	6.0741186	3.9968176	5.641308
drive	4.8122826	4.510209	5.0507426
strange	5.2306395	4.222552	5.073991
journey	6.0908227	3.8124352	5.7987795
uncle	5.8328443	4.203754	5.430933
species	5.648402	4.136865	5.2504954
think	5.4900002	4.2086563	5.6110187
bed	5.535713	3.68069	5.4865746
wind	5.3283663	4.2701783	5.1205254
bless	6.2417903	3.6818867	5.997126
destroy	4.082431	4.4881177	4.5829167
author	6.029782	4.326121	5.7470617
sustain	5.5026245	4.024614	5.4848943
black	4.7076626	3.826843	5.0170336
event	5.6239095	4.3915744	5.430079
liberty	5.8881345	4.2752857	5.7377496
negro	5.2400002	4.2566075	5.153388
little	5.9407964	3.8743439	5.7294135
fortune	6.032407	4.545298	5.6709833
touch	5.6996536	4.090917	5.606343
kill	4.2159023	4.9409504	4.717614
feature	5.714073	4.0205584	5.71209
happiness	6.503869	4.2876825	6.064923
assume	5.1570134	4.088351	5.4851265
notion	4.9161253	4.2557964	4.959215
purchase	5.628079	4.084377	5.794507
faithful	5.737724	4.0738945	5.8750944
soldier	5.0781665	4.518287	5.494409
father	5.7243853	3.9480412	5.502501
narrow	4.439016	3.473681	4.7193127
great	5.859065	4.2311025	5.781665
tear	4.744988	3.9850538	4.850003
honorable	5.2930427	4.21655	5.494626
previous	5.334258	4.0318666	5.2372723
good	5.991802	4.072392	6.006903
domestic	5.5083165	3.8398428	5.640461
glory	6.7036376	4.5379167	6.1141
lay	5.554302	3.6073875	5.636634
occasion	5.5699153	4.4343715	5.5249114
guard	4.935301	4.354357	5.6412888
whole	5.736242	3.9100454	5.6249323
mouth	5.1092215	4.1757526	5.154796
receive	5.957632	3.973169	5.9058223
take	5.505659	3.8929582	5.631653
simple	6.4681787	3.8299775	5.895854
error	4.219976	4.254544	4.7060337
wisdom	6.5105767	3.6419399	6.175633
rock	5.72327	4.0973654	5.3448157
decide	5.393794	4.3293715	5.639689
exclaim	5.662562	4.389302	5.7117696
assure	6.1315145	4.31472	5.9304676
sign	5.231832	3.95576	5.765106
preserve	5.9768257	3.6404433	5.8521295
commerce	5.678871	4.055258	5.6630526
plant	5.5024896	3.830828	5.52706
walk	5.8145127	3.8170655	5.8414774
difference	5.081745	3.8221385	5.3983593
hang	4.8095207	3.928935	4.9881163
following	6.1803036	3.7092981	5.83577
employ	5.656009	3.859877	5.890972
