deal	4.9113765	4.134039	5.483757
study	6.2196736	4.090493	6.1517854
afford	6.1855245	3.9201272	5.98689
service	5.7628818	3.9721656	5.9399805
height	5.689607	3.9364867	5.6150613
prospect	6.374706	4.2947435	5.7956905
pleasant	6.895054	3.5111215	6.107726
shade	5.748503	3.4361768	5.766096
listen	5.433415	3.8475063	5.67736
mighty	5.4932785	4.3708625	5.429133
country	5.722102	4.181117	5.5398946
title	5.927048	3.9831712	5.664851
choose	5.497164	3.6184218	5.7572646
village	5.6895223	3.972822	5.2064576
acquire	6.082756	3.9687107	6.3651624
rank	5.2545557	4.5187306	5.3628807
bow	5.639165	3.3999543	5.7740345
doctor	5.042699	3.8200357	5.1617737
talent	6.4273543	4.5255394	6.324238
source	5.9511156	4.036428	5.7742
lead	5.1701126	4.19446	5.42765
question	5.117527	4.040261	5.484951
publish	5.8992877	4.038905	5.561973
interest	5.912472	4.282439	5.8501487
serve	5.5767875	3.8004456	5.9734097
divine	6.0380673	4.1974235	5.468506
put	5.183318	3.7999866	5.5095305
shadow	5.3213124	3.6515005	5.382559
practical	5.916805	3.908134	6.0942197
surface	5.8304	3.4734504	5.5922227
account	5.561908	4.2545757	5.467838
loss	4.802115	4.311716	4.9986897
indian	5.3256803	4.15197	5.1520176
vine	5.839298	3.6851099	5.360222
certain	5.3926525	4.0892115	5.477255
sin	4.1794276	4.3581	4.5851817
necessity	4.9746656	4.364936	5.1248736
lose	5.3333244	4.1234746	5.397817
private	5.1039815	4.046873	5.4385195
gentleman	5.912037	4.1584563	5.754589
daughter	5.956265	4.0233603	5.557741
drive	4.626689	4.524166	4.9339333
strange	5.3450966	4.2597675	5.0392246
journey	6.1255136	3.8340588	5.6604857
uncle	5.834063	4.211032	5.5273037
species	5.7147565	3.9906003	5.2605553
think	5.6142244	4.137269	5.6397614
bed	5.540857	3.5636537	5.356976
wind	5.0537224	4.109367	5.1201324
bless	6.4023533	3.815223	6.1094527
destroy	4.1808047	4.5761356	4.70656
author	6.0563207	4.3351116	5.810723
sustain	5.354867	4.0233965	5.483851
black	4.815125	3.7955341	5.0740743
event	5.5813622	4.3479443	5.352378
liberty	5.7943463	4.2846603	5.654625
negro	5.3286753	4.1909924	5.1212845
little	5.9653726	3.8126597	5.743983
fortune	5.998673	4.400679	5.610845
touch	5.747896	4.018089	5.6158814
kill	4.3355117	4.902965	4.7049365
feature	5.655757	4.1299706	5.653873
happiness	6.706647	4.2545857	6.1549764
assume	5.1223636	3.9767926	5.4326043
notion	5.172352	4.196347	5.151626
purchase	5.557366	3.903791	5.6608386
faithful	6.048074	4.0320435	5.9607487
soldier	5.146102	4.5082	5.4440336
father	5.64257	3.9037504	5.492612
narrow	4.2696877	3.5221958	4.757855
great	5.8902893	4.180401	5.809414
tear	4.695306	4.028416	4.810677
honorable	5.190109	4.2102814	5.410768
previous	5.1435122	3.9988606	5.0914564
good	6.0343895	4.060099	6.007495
domestic	5.7194104	3.8589222	5.826069
glory	6.730975	4.456047	6.1839466
lay	5.476314	3.5619545	5.595169
occasion	5.5362988	4.3039575	5.5427938
guard	4.8239326	4.328738	5.583111
whole	5.747109	3.8614793	5.646419
mouth	5.0187335	4.083374	5.1930666
receive	5.8716364	3.9885955	5.861315
take	5.5268307	3.8006065	5.6846046
simple	6.452743	3.744326	5.896764
error	4.1887875	4.3714385	4.6560965
wisdom	6.6820693	3.7327394	6.321532
rock	5.609484	4.024693	5.449357
decide	5.304508	4.0547533	5.6993546
exclaim	5.7505465	4.509063	5.9997425
assure	6.090937	4.2199273	5.758249
sign	5.2984366	4.1132293	5.7824492
preserve	6.0597453	3.7832341	5.9080043
commerce	5.77024	3.6939642	5.6828747
plant	5.474712	3.7979884	5.390357
walk	5.8048778	3.729415	5.8017116
difference	5.204871	3.8102155	5.410306
hang	4.864882	4.121429	5.0730524
following	6.092192	3.734098	5.8286643
employ	5.6879587	3.7837152	5.9244404
