deal	4.9044824	4.3101764	5.347492
study	6.264016	4.0360126	6.2000227
afford	6.1541123	4.054457	5.9863963
service	5.861807	4.0420647	6.046194
height	5.6928883	3.974643	5.585832
prospect	6.3786306	4.5027614	5.8152313
pleasant	6.894499	3.491701	6.219644
shade	5.6839542	3.460463	5.806327
listen	5.568463	3.9002438	5.667773
mighty	5.649947	4.4801464	5.38897
country	5.69903	4.1848702	5.533824
title	6.01227	3.9717977	5.7628093
choose	5.4975815	3.7289495	5.8127704
village	5.7398825	3.8006167	5.4144306
acquire	6.179954	4.041565	6.286932
rank	5.230642	4.4779997	5.4080715
bow	5.839454	3.408043	5.9094424
doctor	4.800089	3.8297575	5.1412044
talent	6.3089805	4.6077724	6.448396
source	5.7246933	4.0764885	5.586749
lead	5.2731724	4.170094	5.593336
question	5.116941	4.326356	5.398406
publish	5.677686	4.0490594	5.571127
interest	5.92478	4.284996	5.941876
serve	5.543936	3.9089656	5.9425335
divine	5.9920964	4.2431173	5.462701
put	5.215089	3.7783237	5.4426193
shadow	5.3045006	3.7431755	5.30266
practical	6.1442056	3.9538214	6.1664677
surface	5.838415	3.3926463	5.6161594
account	5.4452424	4.4610147	5.4261527
loss	4.8591084	4.436929	4.959512
indian	5.4698668	4.137556	5.2256384
vine	5.6955366	3.720467	5.344551
certain	5.432924	4.0584974	5.507662
sin	4.0644917	4.3548875	4.4263697
necessity	5.0226865	4.321685	5.2176065
lose	5.511506	4.119105	5.4604864
private	5.114031	4.206424	5.4364295
gentleman	5.9958553	4.1214685	5.7548423
daughter	6.0687118	4.112495	5.704048
drive	4.7265635	4.536615	4.996868
strange	5.2868805	4.411511	5.037805
journey	6.1200795	3.696548	5.700317
uncle	5.545101	4.4288654	5.34077
species	5.585787	4.081362	5.159953
think	5.5983825	4.2371807	5.6193514
bed	5.4937468	3.6531215	5.4089947
wind	5.2067814	4.2002497	5.1545014
bless	6.2243667	3.8574214	5.9133706
destroy	4.162969	4.519652	4.687257
author	5.9038143	4.284632	5.6765695
sustain	5.4349847	3.9591198	5.4788423
black	4.8068748	3.9043176	5.0553718
event	5.5380692	4.3803644	5.3320932
liberty	5.91024	4.2474093	5.7328568
negro	5.257589	4.2410636	5.1079483
little	5.9453483	3.8751	5.7546206
fortune	6.0575943	4.608678	5.7143354
touch	5.7184625	4.094057	5.622173
kill	4.2948465	4.7403493	4.639344
feature	5.7074814	4.1228004	5.775466
happiness	6.745164	4.3330035	6.1818705
assume	5.201529	4.0112085	5.4529505
notion	5.165011	4.207013	5.0841913
purchase	5.6814337	3.8851135	5.818854
faithful	5.7891517	4.046142	5.9411783
soldier	5.075461	4.3894978	5.399541
father	5.557919	4.031887	5.3975644
narrow	4.350085	3.50416	4.8831005
great	5.8853283	4.202254	5.793337
tear	4.5811915	4.0464664	4.6783333
honorable	5.210561	4.3203106	5.4031014
previous	5.36739	3.9494503	5.281771
good	6.045022	4.0657706	6.022403
domestic	5.747498	3.8344245	5.7574306
glory	6.6922793	4.4210105	6.0884337
lay	5.4824886	3.5317063	5.6262393
occasion	5.489385	4.345869	5.4939594
guard	4.662588	4.244029	5.53192
whole	5.7766457	3.9034097	5.626997
mouth	4.9609942	4.1034303	5.133311
receive	5.8772993	4.06312	5.866184
take	5.4964204	3.782877	5.638974
simple	6.36905	3.9682016	5.870304
error	4.220375	4.366672	4.668994
wisdom	6.716939	3.9468188	6.2377906
rock	5.732249	4.0480685	5.500401
decide	5.1886187	4.297352	5.5477905
exclaim	5.672814	4.515935	5.83162
assure	6.1519346	4.2821164	5.9162283
sign	5.2755294	3.9773312	5.8261886
preserve	6.023374	3.702256	5.958603
commerce	5.918883	3.7612462	5.788683
plant	5.4507113	3.8087406	5.382008
walk	5.6949043	3.6864285	5.774082
difference	5.166535	3.793817	5.3624787
hang	4.8798304	4.0537724	5.0442524
following	6.055361	3.8657906	5.849028
employ	5.692044	3.9392502	5.9661255
