deal	4.917646	4.151677	5.4519424
study	6.226674	4.0135326	6.1267967
afford	6.261027	4.045685	6.050081
service	5.868173	4.0305796	6.011918
height	5.8329825	3.9657276	5.564807
prospect	6.2303705	4.330911	5.669905
pleasant	6.9353285	3.5984726	6.30636
shade	5.7960954	3.5891662	5.828025
listen	5.650544	3.8148148	5.664443
mighty	5.5524526	4.3904347	5.453982
country	5.758052	4.182331	5.6232357
title	6.1154666	3.9048517	5.856012
choose	5.511093	3.6541893	5.779871
village	5.6254544	3.9332094	5.3029594
acquire	6.0966434	4.0201173	6.3445406
rank	5.3179483	4.4331927	5.5018272
bow	5.781871	3.3844385	5.8935065
doctor	5.145895	3.6570878	5.3176355
talent	6.464983	4.4404407	6.453147
source	5.899357	4.152001	5.7116933
lead	5.22577	4.198675	5.4783263
question	5.110457	4.123899	5.400688
publish	5.7936606	4.057839	5.6781464
interest	5.919398	4.2642226	5.936799
serve	5.6502686	3.8863637	5.945625
divine	5.980676	4.200689	5.430191
put	5.309521	3.7432094	5.5249615
shadow	5.473973	3.71541	5.431882
practical	5.961787	3.9737997	6.113804
surface	5.778544	3.3782501	5.7039933
account	5.42512	4.2927637	5.478645
loss	4.967203	4.2966895	4.917262
indian	5.37433	4.0669475	5.2116513
vine	5.848351	3.7456107	5.4796705
certain	5.444618	4.132841	5.6081247
sin	3.9594855	4.3930073	4.404448
necessity	5.0359454	4.3025312	5.220964
lose	5.409306	4.1061826	5.4172926
private	5.1159787	4.145284	5.390856
gentleman	6.096981	4.0459614	5.8007135
daughter	6.0678105	4.035907	5.6210413
drive	4.7411675	4.435776	4.9310784
strange	5.307736	4.3527775	5.065576
journey	6.029745	3.7397354	5.645538
uncle	5.799822	4.106186	5.3476253
species	5.7029014	4.2480183	5.3182726
think	5.6348248	4.119377	5.6344037
bed	5.4213643	3.785679	5.454395
wind	5.1574793	4.194923	5.109942
bless	6.3708086	3.9187913	6.116245
destroy	4.152232	4.452976	4.5813313
author	6.0646567	4.200431	5.7777104
sustain	5.4835806	3.9636886	5.5023327
black	4.823084	3.9824023	5.0758553
event	5.5106263	4.330764	5.334424
liberty	5.8401327	4.2873073	5.7249827
negro	5.2918406	4.3512554	5.1577945
little	5.9532785	3.8062265	5.7599645
fortune	5.866135	4.52752	5.63985
touch	5.8824	4.0567036	5.632908
kill	4.2526207	4.856517	4.6090426
feature	5.705541	4.036564	5.7364626
happiness	6.5772	4.4637666	6.141815
assume	5.1955614	3.8733218	5.470168
notion	5.0329227	4.110881	5.015513
purchase	5.4796696	4.012593	5.665449
faithful	5.765743	4.123579	5.9560513
soldier	5.122005	4.2768683	5.536644
father	5.744968	3.8976927	5.5147038
narrow	4.3913355	3.5752094	4.736603
great	5.819537	4.1907372	5.7876773
tear	4.7699537	4.142668	4.9082313
honorable	5.2361693	4.268189	5.38884
previous	5.3663197	3.865046	5.2565823
good	6.040133	4.063923	6.0430884
domestic	5.8900356	3.8123107	5.8609495
glory	6.576825	4.48186	6.06598
lay	5.5629077	3.542472	5.6829896
occasion	5.5368843	4.3524785	5.598878
guard	4.843164	4.184138	5.5238853
whole	5.816859	3.8005219	5.6826077
mouth	5.2093663	4.139386	5.1425786
receive	6.0231714	4.082681	5.9294734
take	5.5535874	3.7742295	5.6578107
simple	6.52143	3.8142316	5.938448
error	4.190553	4.2672086	4.723236
wisdom	6.648417	3.8300252	6.2727714
rock	5.653841	4.14612	5.316086
decide	5.37597	4.0249786	5.686723
exclaim	5.560399	4.4876432	5.819772
assure	6.145344	4.1833444	5.9031434
sign	5.5231028	4.076977	5.925697
preserve	6.051659	3.7491636	5.9901237
commerce	5.8775873	3.9525862	5.6952047
plant	5.338055	3.811048	5.442406
walk	5.715983	3.6980295	5.747478
difference	5.1599045	3.788686	5.4642053
hang	4.948593	4.086939	5.084835
following	6.219509	3.9465094	5.9474683
employ	5.6846204	3.7482994	5.903795
