deal	5.030709	4.2315607	5.503369
study	6.138086	4.0262036	6.11226
afford	6.3343625	4.0655956	6.0849795
service	5.7920604	3.936364	6.028456
height	5.496109	3.9331164	5.5149074
prospect	6.3165293	4.2614913	5.6434216
pleasant	6.693644	3.5459511	6.17468
shade	5.7188334	3.5610905	5.8236747
listen	5.4422774	3.9216633	5.617208
mighty	5.5321198	4.392045	5.3013916
country	5.7551413	4.2189956	5.5892305
title	5.759495	3.9184403	5.698133
choose	5.4595003	3.6990407	5.7699018
village	5.640244	3.7857208	5.314624
acquire	6.1045237	4.0005174	6.292929
rank	5.378805	4.5879507	5.4929156
bow	5.6761994	3.334445	5.7704587
doctor	5.0317903	3.7427278	5.216016
talent	6.620199	4.635213	6.507973
source	6.0669417	4.0467005	5.748301
lead	5.204623	4.2275066	5.5088367
question	4.8934746	4.240274	5.279447
publish	5.690816	3.9896128	5.5259385
interest	5.9859257	4.322922	5.9871182
serve	5.5160527	3.863947	5.969507
divine	6.0568924	4.1678033	5.419361
put	5.172268	3.882768	5.4406266
shadow	5.188142	3.7446635	5.220716
practical	5.8944063	3.8818073	6.011659
surface	5.596712	3.339235	5.5412216
account	5.490258	4.2198954	5.469167
loss	4.664102	4.4655743	4.9086037
indian	5.281118	4.105332	5.116504
vine	6.1208997	3.6690524	5.572569
certain	5.370079	4.163566	5.497379
sin	4.0059214	4.280689	4.443766
necessity	5.2154245	4.2629275	5.277603
lose	5.278858	4.213328	5.34543
private	5.124589	4.1843033	5.3911724
gentleman	6.052287	4.1636386	5.8728685
daughter	5.9994097	4.028354	5.6000886
drive	4.7435846	4.547331	5.0127325
strange	5.215294	4.423096	5.116412
journey	5.875362	3.773472	5.486093
uncle	5.786193	4.223549	5.5501986
species	5.7382207	4.1535726	5.301346
think	5.4537134	4.21754	5.559835
bed	5.4197164	3.6004634	5.420519
wind	5.2256284	4.08523	5.1391277
bless	6.243872	3.895102	5.910626
destroy	4.113268	4.546228	4.619017
author	6.014148	4.299945	5.8116508
sustain	5.339353	4.084813	5.350421
black	4.762345	3.974547	4.964529
event	5.531189	4.3292203	5.4233785
liberty	5.6959343	4.2692714	5.606696
negro	5.2776685	4.4863014	5.084248
little	5.847697	3.8158069	5.740185
fortune	6.001612	4.557319	5.6644287
touch	5.67189	4.093129	5.549354
kill	4.0848436	4.85558	4.6231856
feature	5.6100283	4.078518	5.705796
happiness	6.8012886	4.3918524	6.216435
assume	4.9697404	4.006257	5.4158726
notion	5.028382	4.2736216	5.023738
purchase	5.508566	3.969362	5.757102
faithful	5.870852	3.9911764	6.0592375
soldier	5.078196	4.3522005	5.356794
father	5.5701222	3.9182937	5.4048343
narrow	4.4269395	3.385149	4.908381
great	5.8855834	4.184731	5.8465214
tear	4.58881	4.0747185	4.706126
honorable	5.264003	4.4835014	5.3955693
previous	5.301029	3.8560717	5.2544584
good	5.98127	4.0614266	6.0184283
domestic	5.5721436	3.9793286	5.6392193
glory	6.6775446	4.439765	6.0496097
lay	5.361268	3.5742161	5.6172724
occasion	5.4757137	4.312117	5.611632
guard	4.841614	4.29078	5.6004076
whole	5.708765	3.8518043	5.6314583
mouth	5.264616	4.1021905	5.3229833
receive	5.797134	4.0806694	5.7946453
take	5.407987	3.7983446	5.605486
simple	6.278585	3.8264937	5.948122
error	4.2327337	4.326533	4.764285
wisdom	6.6573353	3.6870642	6.1259394
rock	5.602825	4.0113497	5.420281
decide	5.08091	4.131657	5.5174265
exclaim	5.676007	4.535306	5.8860893
assure	6.2233696	4.1889176	5.9285173
sign	5.240775	4.11896	5.7053485
preserve	6.0894713	3.6680038	6.124774
commerce	5.778884	3.9812846	5.7056737
plant	5.6782613	3.758656	5.57213
walk	5.8353333	3.691728	5.8206635
difference	5.200944	3.8351324	5.4076557
hang	4.8490367	4.0010886	5.077656
following	6.1094623	3.9011981	5.8682075
employ	5.638061	3.739302	5.930162
