deal	5.0538583	4.4459558	5.0823574
study	6.228315	3.9270992	6.5157385
afford	6.1635866	4.0467296	5.8235707
service	5.6909304	3.9591799	5.970223
height	5.111069	4.300081	5.1386333
prospect	6.6742153	4.3401494	5.848816
pleasant	6.8660536	3.8636484	6.1031404
shade	5.132268	3.6737733	5.317215
listen	5.291438	4.2974477	5.529319
mighty	5.4699893	4.6536217	5.3587623
country	5.356929	3.8189337	5.523455
title	6.3774943	3.551324	5.890293
choose	5.5506554	3.5741394	5.9244113
village	6.107616	4.2333684	5.5091505
acquire	6.548562	4.4578648	6.724306
rank	5.0605364	3.894659	5.025748
bow	5.762076	3.2665198	5.9930725
doctor	4.736938	3.9149718	4.84559
talent	6.8791475	4.54287	6.7149086
source	6.256029	4.1262035	5.8222556
lead	5.1989136	4.204197	5.758796
question	5.404868	3.6321871	5.5039554
publish	5.5155935	4.1503415	5.6467648
interest	5.9796877	4.009624	5.720827
serve	5.0762815	3.545238	5.6274714
divine	6.4744596	3.9958637	5.7713456
put	5.4244695	4.043322	5.7681384
shadow	4.931494	3.4190388	5.1682315
practical	5.812564	4.0372105	6.1995697
surface	5.004149	3.206843	4.843862
account	5.633774	4.0931716	5.4659653
loss	4.4686975	4.4817677	4.50891
indian	5.2967925	5.022028	5.3080535
vine	6.170006	3.633031	5.707784
certain	4.814029	4.3939266	5.1801367
sin	3.506135	4.3909636	4.3246336
necessity	4.254036	4.1828556	4.674035
lose	4.815576	4.743948	5.2794313
private	4.304648	3.859952	5.1800084
gentleman	5.4037356	3.425025	5.2248907
daughter	5.6196556	4.3381257	5.124706
drive	4.1798863	4.7837253	4.701795
strange	4.5777307	4.829069	4.4717903
journey	6.0247173	3.8605447	5.713435
uncle	5.557214	4.1508307	5.7875032
species	5.6274724	4.5333543	5.2176027
think	5.2482605	4.325571	5.3382545
bed	5.4427958	3.259978	5.296457
wind	5.050173	4.1953835	4.7377253
bless	7.4040775	4.1960435	6.364508
destroy	3.84953	4.9666996	4.7668533
author	5.782056	4.143724	5.27346
sustain	5.2450647	3.9479854	5.6423163
black	4.38717	4.7072196	4.5272965
event	5.85107	4.472349	4.868177
liberty	6.8665752	4.7556505	6.048386
negro	4.4983087	4.34712	4.624555
little	5.1072483	4.047319	5.106103
fortune	5.877098	4.1265626	5.2995915
touch	5.558406	3.7785077	5.542442
kill	4.5807443	5.0964446	4.924524
feature	5.282562	3.9279811	5.5159426
happiness	7.241668	4.3210683	6.6616716
assume	4.2299705	3.6544662	5.0726724
notion	5.640366	4.0759206	5.3786283
purchase	6.3480625	3.665008	6.295561
faithful	6.4384346	3.5683615	6.064235
soldier	4.3380938	4.398438	4.7772274
father	5.750967	3.8818169	5.399939
narrow	3.4700248	3.8211708	4.2701244
great	5.159484	4.347889	5.157404
tear	4.0109076	3.9878745	4.599947
honorable	5.521078	4.2240753	6.032057
previous	4.62868	3.9996896	5.014182
good	6.4576287	3.74305	6.2111053
domestic	5.1666427	3.645172	5.1671653
glory	6.6836376	4.633131	6.0640945
lay	5.0716934	3.3490143	5.5834203
occasion	4.939556	4.2213297	4.8218875
guard	5.056978	3.8701339	5.259751
whole	5.3516703	4.2178826	5.2307286
mouth	4.911428	4.2633753	5.2991333
receive	6.238068	3.8022184	5.8641844
take	5.217548	3.8457315	5.636325
simple	6.0532184	3.9172773	5.8177137
error	3.512843	4.482752	4.3979874
wisdom	6.1844635	4.1030273	6.0807986
rock	5.4427433	4.3120246	5.1360826
decide	4.9580007	4.0039825	5.4600067
exclaim	5.7516055	4.5589805	5.6963406
assure	6.922082	3.9638488	6.6796646
sign	4.8901153	3.5545182	5.2536783
preserve	5.899402	3.5194957	5.9738545
commerce	5.6330624	4.3749785	5.6803417
plant	4.855935	3.7477944	5.1829376
walk	5.610722	3.767547	5.9106355
difference	5.236992	4.0295696	5.3050933
hang	4.7045517	3.857402	5.0835905
following	6.5841913	3.385336	5.9188414
employ	4.9718966	3.907098	5.94908
