deal	5.0297704	4.250042	5.1484966
study	6.384541	3.9096286	6.576207
afford	6.2121906	3.7888603	5.829788
service	5.4664917	4.033395	5.9727488
height	4.973797	4.3382006	5.1089473
prospect	6.7296877	4.3288293	6.053378
pleasant	6.9123473	3.84165	6.1161957
shade	5.275031	3.6895702	5.37447
listen	5.202155	4.1755767	5.477851
mighty	5.958911	4.4955163	5.6887846
country	5.480752	3.572277	5.594666
title	6.4826636	3.779624	6.0119104
choose	5.166819	3.585618	5.539176
village	5.880477	4.0704403	5.3455153
acquire	6.5144606	4.4996815	6.870231
rank	5.0532975	4.0857534	5.163915
bow	5.818159	3.3718905	5.9244623
doctor	4.942635	3.9482856	4.845683
talent	6.7986426	4.5665636	6.667919
source	5.9592667	4.2351794	5.4873195
lead	4.9467583	3.9207904	5.459646
question	5.3149667	3.7872841	5.431623
publish	5.741388	3.8539295	5.8007326
interest	6.29472	4.0708475	5.8390408
serve	5.142552	3.4318764	5.639294
divine	6.3428493	4.108941	5.6038184
put	5.4338655	3.7542071	5.625071
shadow	5.012927	3.3011022	5.133971
practical	5.7469854	3.9074442	6.025499
surface	5.1935787	3.2995908	4.9739084
account	5.5675006	4.0120225	5.5265675
loss	4.386608	4.401425	4.524858
indian	4.889449	4.952227	5.276441
vine	6.2997665	3.793655	5.931924
certain	4.8957205	4.4967947	5.343302
sin	3.4551191	4.5476413	4.317063
necessity	4.2694407	4.1724906	4.7518682
lose	4.617434	4.5690355	5.170038
private	4.6376605	3.5830784	5.379137
gentleman	5.542776	3.5263176	5.289577
daughter	5.5545435	4.1891356	4.844726
drive	4.1286583	4.677146	4.725518
strange	4.680623	4.747532	4.57054
journey	6.165847	3.7998133	5.87001
uncle	5.393773	4.018855	5.597644
species	5.6481667	4.567094	5.303652
think	5.329479	4.338456	5.408684
bed	5.343822	3.4446225	5.401445
wind	5.1810303	4.269385	5.016883
bless	7.062044	4.121087	6.1890564
destroy	4.0321712	4.992697	4.7800875
author	5.63617	4.188126	5.2401533
sustain	5.2985578	3.9390604	5.772134
black	4.2520366	4.3470407	4.517518
event	5.8821826	4.6240177	5.0309067
liberty	6.804467	4.6126347	6.083
negro	3.9797993	4.254186	4.2253327
little	4.913762	3.8841658	4.8454094
fortune	6.0897255	4.301534	5.583134
touch	5.6096096	3.86446	5.4937105
kill	4.1185384	5.4121194	4.726546
feature	5.410182	3.9780777	5.5833273
happiness	7.4688044	4.4456325	6.691573
assume	4.2157135	3.752911	5.0963116
notion	5.5804386	3.9934416	5.4159336
purchase	6.2029834	3.7698007	6.3413377
faithful	6.3479586	3.6749442	6.039686
soldier	4.5309105	4.378296	4.90717
father	5.512423	4.1938896	5.097259
narrow	3.648387	3.6991389	4.466183
great	5.3396444	4.0367193	5.0313473
tear	3.822417	4.011519	4.471486
honorable	5.595083	4.280645	5.9116163
previous	4.417327	3.9378488	4.962991
good	6.0693116	3.6806526	6.1798253
domestic	5.180668	3.5004783	4.881695
glory	6.7031884	4.703073	6.068535
lay	4.6809063	3.3025122	5.560943
occasion	5.1400065	4.14488	5.068458
guard	5.0115404	3.5718157	5.483554
whole	5.2800765	3.9925184	4.9876018
mouth	5.0216246	4.1351786	5.3994126
receive	6.13566	3.7583108	5.937129
take	5.1565013	3.6875541	5.6542416
simple	5.9873743	3.7155108	5.8195233
error	3.3272126	4.466766	4.084615
wisdom	6.214611	4.188409	6.018652
rock	5.323174	4.3023934	5.118213
decide	5.0823956	4.0284595	5.438779
exclaim	5.6182384	4.7637243	5.5826063
assure	6.7673945	3.9848683	6.4318366
sign	4.9261637	3.496684	5.243249
preserve	5.935197	3.4072063	5.9616556
commerce	5.702285	4.2459993	5.661839
plant	4.785197	3.787665	5.2533584
walk	5.8625627	3.7124476	6.0091176
difference	4.9850564	4.1164494	5.212705
hang	4.8410892	3.8408628	5.12981
following	6.539586	3.315724	5.9990983
employ	4.8731775	3.9555967	5.8338294
