deal	5.093662	4.0458317	5.0500035
study	6.1893106	3.9168804	6.2780085
afford	6.1733985	3.986836	5.612914
service	5.6676335	3.889642	5.9211125
height	5.2485275	4.145285	5.2248216
prospect	6.8179226	4.4321146	6.006588
pleasant	6.820081	3.9576223	6.069478
shade	5.1884274	3.536264	5.161655
listen	5.2075872	4.0771976	5.6321173
mighty	5.795072	4.471033	5.6507072
country	5.3992186	3.6840043	5.543441
title	6.0997357	3.8868365	5.9916935
choose	5.4079137	3.6445272	5.7974586
village	5.919613	3.9938054	5.533856
acquire	6.411642	4.3925347	6.735835
rank	4.993528	3.9962626	5.125186
bow	5.8511887	3.3313596	5.7544327
doctor	5.0070896	3.9374776	5.0292025
talent	6.8723383	4.5782104	6.5939693
source	5.837142	4.105721	5.5921087
lead	4.9528236	4.1140857	5.470875
question	5.416561	3.8498359	5.6864357
publish	5.2059135	4.063088	5.613952
interest	6.175581	3.9784913	5.73127
serve	5.0865974	3.2983403	5.6226325
divine	6.6635585	4.0608993	5.8292646
put	5.726569	4.093199	5.8193994
shadow	5.1997766	3.3257499	5.144064
practical	5.5738	3.9402807	5.840197
surface	5.337021	3.170344	5.0951633
account	5.6983237	4.022573	5.605241
loss	4.6029615	4.3641973	4.4967933
indian	5.1064262	4.787464	5.3155546
vine	6.0641937	3.8259268	5.7445993
certain	4.942063	4.4741106	5.3917212
sin	3.8235555	4.1926074	4.286171
necessity	4.291923	4.2719054	4.677352
lose	4.5684867	4.4335856	5.1041546
private	4.448181	3.752947	5.282537
gentleman	5.339983	3.6744814	5.206366
daughter	5.356105	4.2846003	4.901121
drive	4.31046	4.7079325	4.8076744
strange	4.4267163	4.764598	4.5584073
journey	5.9253387	3.7568738	5.7168665
uncle	5.7391787	4.101013	5.961899
species	5.6400633	4.450227	5.282981
think	5.4628587	4.2421126	5.4970093
bed	5.3354244	3.3487709	5.3638315
wind	5.1464195	3.8473368	4.866259
bless	7.3223066	3.9701452	6.319875
destroy	3.8847284	4.9591503	4.831986
author	5.4807005	4.266209	5.2104325
sustain	5.3061705	4.0377874	5.6665244
black	4.49231	4.229145	4.571627
event	5.798508	4.448916	5.028171
liberty	6.683338	4.7159443	5.7923975
negro	4.4655867	4.452051	4.4671106
little	4.94251	3.9585423	4.9027348
fortune	5.898472	4.359203	5.4641247
touch	5.720254	3.7398093	5.5118046
kill	4.36921	5.041403	4.663025
feature	5.2341743	3.929109	5.3509965
happiness	7.2042847	4.5210686	6.4741893
assume	4.1312103	3.6529582	5.0292516
notion	5.6027374	3.7764904	5.3769646
purchase	6.248466	3.8916638	6.4157743
faithful	6.337415	3.7944162	5.8849497
soldier	4.457907	4.4530134	5.0975156
father	5.662346	4.348974	5.360819
narrow	3.6949368	3.8272145	4.4436827
great	5.1995273	4.128969	5.140375
tear	3.953878	4.1332927	4.4741373
honorable	5.6417494	4.1985397	5.788088
previous	4.2725787	3.859458	4.968313
good	6.3367434	3.5440884	6.015969
domestic	5.004162	3.7017822	4.7653003
glory	6.9913254	4.4401445	6.036204
lay	4.6907635	3.2734962	5.5054483
occasion	5.0887284	4.3704004	5.156147
guard	5.188413	3.8536081	5.397675
whole	5.22465	4.173911	5.166641
mouth	5.2403607	4.236585	5.5408697
receive	6.311218	3.682841	6.075692
take	5.5467405	3.6393101	5.70772
simple	5.8824916	3.7639513	5.791987
error	3.6018682	4.319896	4.124838
wisdom	6.5196276	4.1639643	6.253953
rock	5.456376	4.007026	5.1541224
decide	4.905094	3.9798753	5.568246
exclaim	6.0097237	4.7698836	5.8187284
assure	6.7123113	3.992345	6.3797836
sign	5.0592837	3.5919938	5.3013506
preserve	6.067128	3.5298846	5.9276714
commerce	5.6726933	4.3321815	5.5640187
plant	4.7463083	3.8014195	5.183716
walk	5.8386655	3.6930635	5.933973
difference	5.1246767	4.0860186	5.187108
hang	4.795202	3.902291	5.073631
following	6.676522	3.4212058	6.161111
employ	4.891282	3.8076239	6.0549707
