deal	5.1776996	4.400378	5.0973425
study	6.155101	3.884531	6.5753655
afford	6.199799	3.8742993	5.853944
service	5.738208	3.890915	5.9473305
height	5.15875	4.1618176	5.146159
prospect	6.7534466	4.2953005	5.9751964
pleasant	6.9357777	3.9591682	6.184074
shade	4.939613	3.6473715	5.092344
listen	5.34957	4.0972257	5.65242
mighty	5.654197	4.3907647	5.435823
country	5.3078375	3.6569345	5.53139
title	6.416398	3.7823877	6.088325
choose	5.3980474	3.638954	5.841065
village	6.1225753	4.017696	5.6370797
acquire	6.4674053	4.3984776	6.641823
rank	5.0194387	3.8445303	5.1546655
bow	5.759695	3.4217882	5.6447396
doctor	4.8614726	4.0413814	4.8613577
talent	6.894496	4.599525	6.705646
source	6.1012316	4.060179	5.73796
lead	4.836842	3.9169197	5.3329363
question	5.3986416	4.000533	5.58107
publish	5.4647484	4.0826974	5.7880707
interest	6.1286993	3.8710551	5.986806
serve	5.111379	3.3022532	5.7255483
divine	6.443385	4.1485724	5.645275
put	5.6673737	3.807598	5.8099093
shadow	4.805798	3.4571817	5.0119414
practical	5.564213	3.900474	5.895148
surface	5.156033	3.2111926	5.0165753
account	5.643588	3.940057	5.4917383
loss	4.3772044	4.4562716	4.553831
indian	5.249042	5.000341	5.490342
vine	6.1889086	3.868049	5.8074975
certain	5.0751047	4.570525	5.479702
sin	3.7681823	4.230081	4.3538175
necessity	4.37678	4.2776685	4.834639
lose	4.774115	4.661467	5.225318
private	4.213682	3.8422894	5.119261
gentleman	5.562579	3.7303286	5.2332473
daughter	5.470028	4.23878	5.017023
drive	4.13461	4.69183	4.6880107
strange	4.840091	4.7374687	4.7851796
journey	6.3288574	3.7203367	6.011285
uncle	6.009992	3.918396	6.058406
species	5.338176	4.703292	5.1288824
think	5.575837	4.263313	5.752545
bed	5.316041	3.3004227	5.422991
wind	5.00813	4.203042	4.830765
bless	7.2927327	4.0387306	6.200222
destroy	3.8174798	5.101083	4.683641
author	5.526933	4.4196997	5.3139334
sustain	5.1708336	4.063805	5.6975656
black	4.54498	4.3643174	4.5258307
event	5.9473763	4.437801	5.0960894
liberty	6.8937073	4.846178	6.146554
negro	4.4712276	4.381198	4.467584
little	5.2022486	4.1488194	5.0840445
fortune	5.907399	4.2397013	5.4309635
touch	5.620027	3.6402473	5.4936795
kill	4.4190726	5.0792017	4.8397627
feature	5.2125635	3.9456673	5.548153
happiness	7.205491	4.268814	6.554327
assume	4.2947583	3.8296378	5.049512
notion	5.539888	4.0370097	5.3716297
purchase	6.2491016	3.8302057	6.411663
faithful	6.297154	3.580858	6.029797
soldier	4.3132486	4.43662	4.903046
father	5.669543	4.28969	5.144549
narrow	3.4031267	3.7826202	4.1220026
great	5.372002	4.2457347	5.1317143
tear	3.690217	4.0442796	4.443414
honorable	5.466376	4.186159	5.773073
previous	4.5820227	3.9381595	5.0309415
good	6.1050444	3.536395	6.174753
domestic	5.181515	3.5631008	5.0886264
glory	6.6598706	4.3872695	6.097784
lay	4.6541257	3.36477	5.3091197
occasion	5.23994	4.1864085	5.039236
guard	4.77424	3.8808923	5.279775
whole	5.379472	4.100325	5.3363304
mouth	5.1953955	4.1240788	5.3886013
receive	6.328231	3.8014565	5.9653487
take	5.307452	3.9344845	5.795532
simple	6.159106	3.710464	5.926802
error	3.3622012	4.3037887	4.1464677
wisdom	6.359368	4.1292157	6.1106606
rock	5.69126	4.270458	5.2953925
decide	5.1660438	4.097866	5.7528048
exclaim	5.899362	4.7561436	5.672722
assure	6.7269287	3.8940964	6.4942403
sign	4.9591923	3.6483736	5.1635656
preserve	5.9314766	3.5765004	5.885895
commerce	5.7250366	4.2342715	5.5773535
plant	4.778861	3.929133	5.116322
walk	5.5316896	3.8000877	5.772766
difference	4.85544	4.1492066	5.0132127
hang	4.6623125	3.8524318	4.9952655
following	6.5410075	3.5302022	5.9613433
employ	5.063822	3.8432708	6.1961026
