deal	5.242754	4.3925233	5.442973
study	6.0705566	3.9903808	6.3586845
afford	6.4665136	3.9715881	5.77839
service	5.5753922	3.987771	5.9059095
height	5.1486607	4.20066	5.1006575
prospect	6.987366	4.4328737	6.0548234
pleasant	6.9737163	3.8484905	6.1279573
shade	5.026626	3.667137	5.2276654
listen	5.281344	4.246564	5.4127264
mighty	5.5467796	4.6339083	5.5582604
country	5.422327	3.8611383	5.49427
title	6.1613655	3.7483761	5.7725415
choose	5.569455	3.6291332	5.80683
village	6.1333885	3.8927767	5.6419306
acquire	6.7303677	4.5325813	6.7680607
rank	5.0139046	4.070648	5.0067797
bow	5.817912	3.6126578	5.800968
doctor	4.819897	3.8713005	4.8674583
talent	7.253637	4.600942	7.0043836
source	6.0882607	4.3442764	5.5305376
lead	4.9167404	4.0239944	5.4500875
question	5.1307397	3.8394282	5.506007
publish	5.4796195	4.206445	5.7387342
interest	6.0986614	4.0756845	5.8034315
serve	5.0332327	3.414927	5.538412
divine	6.367952	3.9907844	5.701015
put	5.663323	3.8763406	5.77806
shadow	4.62363	3.521089	5.009827
practical	5.573811	3.8689418	6.0145864
surface	5.164721	3.2585878	5.0298886
account	5.6560044	3.84336	5.5759873
loss	4.6174083	4.460385	4.6880727
indian	5.013372	4.9731126	5.4203577
vine	6.079812	3.7625012	5.751618
certain	4.9048114	4.4344816	5.331091
sin	3.4334893	4.359192	4.286233
necessity	4.218585	4.3914576	4.799246
lose	4.6650963	4.6377707	5.0589437
private	4.515454	3.7555933	5.2071185
gentleman	5.674617	3.4460692	5.28349
daughter	5.489251	4.1708937	5.038838
drive	4.3601737	4.7224383	4.8663783
strange	4.637051	4.830388	4.509771
journey	6.2643414	3.7277517	5.990106
uncle	5.6551237	3.7725177	5.7802672
species	5.3651385	4.467315	5.24042
think	5.395924	4.2891803	5.467488
bed	5.1367664	3.3066592	5.258636
wind	5.016918	3.9711428	4.934192
bless	7.3295517	3.9701228	6.357199
destroy	3.7771764	5.017854	4.598688
author	5.6308155	4.2883077	5.257192
sustain	5.2020855	4.019046	5.70561
black	4.305748	4.512821	4.482033
event	6.0887885	4.343568	5.0397677
liberty	6.98962	4.7712913	6.0969133
negro	4.215262	4.310655	4.4167247
little	4.918454	3.9968567	5.044013
fortune	6.013609	4.267948	5.4000278
touch	5.6224394	3.7339108	5.5880413
kill	4.58822	5.1165333	4.923472
feature	5.2412963	3.8745666	5.5702305
happiness	7.192815	4.425228	6.4758954
assume	4.090307	3.8457732	5.1392207
notion	5.6603956	4.0360003	5.5427046
purchase	6.2112503	3.7937202	6.3135033
faithful	6.3639374	3.7132435	6.0838695
soldier	4.419443	4.2477856	4.8321977
father	5.80301	3.9951751	5.3586364
narrow	3.6578841	3.8320632	4.4868307
great	5.1758924	4.184952	5.169209
tear	3.6539483	4.0315886	4.385914
honorable	5.7412663	4.0686164	6.000977
previous	4.4446955	3.9326346	5.0173445
good	6.4591565	3.6244674	6.1411943
domestic	5.093327	3.662831	4.845035
glory	6.690503	4.5158696	5.8885455
lay	4.5899873	3.4089255	5.524639
occasion	5.1153884	4.199876	5.0442576
guard	5.0699778	3.723755	5.4135904
whole	5.1155314	4.05495	5.1987543
mouth	4.9353366	4.236875	5.32831
receive	6.2872715	3.746179	6.1064024
take	5.43727	3.9278407	5.7392645
simple	5.879416	3.8037844	5.799753
error	3.5482516	4.2103806	4.277083
wisdom	6.3695946	3.9801068	6.278
rock	5.3885193	4.236009	5.1319847
decide	5.110221	4.019235	5.7271
exclaim	5.8190994	4.770163	5.5644865
assure	7.0243936	4.0638204	6.5605745
sign	5.1697383	3.498495	5.240709
preserve	5.8805814	3.376501	5.737267
commerce	5.4855385	4.4312387	5.5493975
plant	4.6292853	3.7220323	5.0640063
walk	5.656866	3.71555	5.8502226
difference	5.0116477	4.1946354	5.0352755
hang	4.711253	3.8557897	4.9305367
following	6.5415144	3.4996796	5.9696255
employ	4.8616304	3.795315	5.9224763
