deal	5.01101	4.2492576	5.03959
study	6.0652313	3.8226829	6.457316
afford	6.2179704	4.182596	5.8658347
service	5.4876647	3.9216933	5.875607
height	5.1970544	4.400861	5.2364697
prospect	6.752797	4.3402505	5.981817
pleasant	6.8996034	3.844483	6.1965833
shade	4.9397607	3.6899755	5.204011
listen	5.3089476	4.211145	5.550437
mighty	5.753276	4.473973	5.5281305
country	5.446926	3.6088014	5.627614
title	6.2895756	3.8716092	6.018715
choose	5.315565	3.4678597	5.5871787
village	5.7989826	3.9764369	5.4178386
acquire	6.3535824	4.5160365	6.6534495
rank	5.1506615	4.062709	5.1485114
bow	5.951013	3.5493064	5.9285493
doctor	5.10422	3.6296017	5.2246246
talent	6.874155	4.6520605	6.6137676
source	5.8965178	4.2294235	5.593276
lead	4.7766304	4.1064835	5.5010567
question	5.3398914	4.1408157	5.6381793
publish	5.468122	4.0766745	5.6772547
interest	5.9401956	4.170941	5.844595
serve	5.111086	3.477347	5.704447
divine	6.3856564	3.746538	5.659093
put	5.7000422	4.0130563	5.679864
shadow	4.729787	3.5963132	5.004883
practical	5.6176043	3.8456933	6.051499
surface	5.1284237	3.267007	4.8101773
account	5.6323867	3.9068265	5.606851
loss	4.3868165	4.232799	4.5922456
indian	4.909776	4.9644017	5.266711
vine	6.238584	3.7298837	5.687271
certain	4.895407	4.650389	5.283544
sin	3.537689	4.339482	4.2941823
necessity	4.302799	4.322132	4.709624
lose	4.6533365	4.352023	5.2251525
private	4.4988847	3.6711395	5.3472743
gentleman	5.5590906	3.5291138	5.356138
daughter	5.5598674	4.3171525	5.0442595
drive	4.05346	4.516003	4.596901
strange	4.5480933	4.855553	4.487476
journey	6.1242933	3.6973343	5.848193
uncle	5.7020817	3.8310618	5.9681287
species	5.3114333	4.3665323	5.0623035
think	5.568351	4.066857	5.6835723
bed	5.4504166	3.4777246	5.4493814
wind	5.115751	3.8323894	4.701979
bless	7.189576	4.009189	6.280355
destroy	3.7768176	4.9798355	4.587898
author	5.6291757	4.1728272	5.2941713
sustain	5.169984	3.923595	5.659217
black	4.2787385	4.6962676	4.4335356
event	5.847126	4.3808646	5.065022
liberty	7.0777073	4.777303	6.3787766
negro	4.473092	4.126139	4.535759
little	4.9211574	4.159522	5.0146465
fortune	5.9237146	4.2068157	5.5527377
touch	5.5664253	3.7177467	5.619875
kill	4.3840322	5.1434526	4.646387
feature	5.1590233	3.8005047	5.3492317
happiness	7.1670027	4.3949523	6.431021
assume	3.9929523	3.799409	4.990733
notion	5.7361426	3.8067045	5.6073966
purchase	6.266302	3.7316546	6.4719124
faithful	6.197159	3.542657	5.9498973
soldier	4.2902803	4.386545	4.7935615
father	5.7836847	4.110997	5.332537
narrow	3.5714865	3.8630702	4.5607176
great	5.2836466	4.4104404	5.1757374
tear	4.028155	3.783027	4.4434085
honorable	5.457504	4.451135	5.9377813
previous	4.541251	3.8700767	4.9930778
good	5.987383	3.7026114	6.0667324
domestic	5.2375126	3.6897514	5.010369
glory	6.6987257	4.385989	6.0037327
lay	4.852592	3.4986348	5.5200214
occasion	5.209664	4.253934	5.0849805
guard	4.8700237	3.7409668	5.3150024
whole	5.368734	4.255616	5.0223904
mouth	5.0058875	4.1165824	5.3639264
receive	6.3994293	3.656565	6.027583
take	5.083949	3.9032125	5.587404
simple	6.046227	3.8152938	5.9877095
error	3.4920995	4.2288117	4.1767683
wisdom	6.323256	3.981878	6.2271366
rock	5.408476	4.3209877	5.2216983
decide	4.9840302	4.1181993	5.499549
exclaim	5.719329	4.7026553	5.555987
assure	6.895569	3.9330149	6.5050087
sign	4.9989552	3.5586505	5.1691546
preserve	5.8743134	3.5065393	5.9012
commerce	5.5941005	4.38473	5.4595327
plant	4.7906075	3.9120095	5.016549
walk	5.7401085	3.7837791	5.9646034
difference	5.1806173	3.7920985	5.3329434
hang	4.6453614	3.8905632	5.170146
following	6.611793	3.6246321	6.0017805
employ	4.9524727	3.966514	6.019982
