deal	4.570409	4.167699	4.9946404
study	6.1276126	3.958224	6.3275585
afford	6.1181965	4.0708337	5.7303004
service	5.8502274	3.9629962	6.050437
height	5.2305017	4.2473617	5.278253
prospect	6.79018	4.3756495	6.0815964
pleasant	6.943899	3.8908284	6.1597795
shade	4.7965884	3.6239603	5.034067
listen	5.1978526	4.1637793	5.447768
mighty	5.481948	4.4553022	5.4072804
country	5.434799	3.6008704	5.5098815
title	6.346295	3.9151316	6.0515447
choose	5.5734315	3.656368	5.867781
village	6.0809536	4.0123835	5.5835314
acquire	6.576835	4.391389	6.774117
rank	5.1227183	4.0360627	5.1590724
bow	5.6438594	3.3502693	5.623021
doctor	4.748732	3.9630632	4.8912396
talent	6.8886976	4.5838184	6.7490544
source	6.005315	4.1637626	5.642999
lead	5.0398736	4.0960255	5.3431706
question	5.0326033	3.9119902	5.243886
publish	5.3516216	4.1404634	5.7317524
interest	5.9528913	4.0461574	5.6004586
serve	5.051617	3.440195	5.6291585
divine	6.4654684	4.045968	5.576784
put	5.610809	3.7481484	5.5078034
shadow	4.72842	3.6156363	4.9922776
practical	5.491572	3.894237	5.8808928
surface	4.9756193	3.2403533	4.8971934
account	5.6632795	4.1005216	5.518172
loss	4.4191165	4.3196507	4.5712295
indian	4.798988	4.975341	5.317361
vine	6.2019258	3.6314049	5.908002
certain	5.02151	4.537908	5.50293
sin	3.5299225	4.2723403	4.3565207
necessity	4.28462	4.280649	4.7998233
lose	4.6920347	4.379811	5.192854
private	4.508555	3.578596	5.204155
gentleman	5.624138	3.6764817	5.4303164
daughter	5.3994045	4.3588734	5.0050464
drive	4.2487783	4.774782	4.7655697
strange	4.7770357	4.8686843	4.573336
journey	6.122282	3.8516438	5.8954105
uncle	6.113248	3.8636749	6.096395
species	5.4544578	4.4575477	4.9895806
think	5.6121945	4.3296175	5.5884037
bed	5.364976	3.3702774	5.503035
wind	4.979845	4.1708817	4.973828
bless	7.303287	4.03471	6.353966
destroy	4.0819073	4.8654504	4.839794
author	5.647847	4.365511	5.3388224
sustain	5.164922	3.8412323	5.575158
black	4.19265	4.3865523	4.5931625
event	5.8670387	4.393857	5.129116
liberty	6.930497	4.7495327	6.1472764
negro	4.545949	4.402202	4.580699
little	5.058656	4.18984	5.1710744
fortune	5.9077625	4.407751	5.455194
touch	5.633838	3.783289	5.491977
kill	4.308183	5.0257835	4.824769
feature	5.214958	3.9577231	5.4133925
happiness	7.144515	4.441281	6.497478
assume	4.2718196	3.707849	5.196405
notion	5.6433935	4.0988555	5.569625
purchase	6.44471	3.7213774	6.411401
faithful	6.347606	3.6475768	6.0000386
soldier	4.6485944	4.534704	4.889266
father	5.7280183	4.123965	5.466155
narrow	3.534941	3.7820826	4.329871
great	4.6617007	4.0762916	4.937514
tear	3.7618868	3.9919252	4.416779
honorable	5.535826	4.310382	5.7196665
previous	4.382582	3.8679135	4.9970813
good	6.0299225	3.557381	5.9761467
domestic	5.097468	3.6630507	5.0664754
glory	6.603363	4.449122	5.9408984
lay	4.7823663	3.2878978	5.5141687
occasion	5.0320735	4.269914	4.996706
guard	4.881206	3.8579996	5.166916
whole	5.262916	4.081435	5.1650324
mouth	5.2736063	4.088233	5.4984713
receive	6.3516903	3.5666826	6.0592475
take	5.413345	3.6933696	5.7248287
simple	6.1074243	3.636872	5.872535
error	3.42695	4.496086	4.1348944
wisdom	6.1871033	4.149057	6.138358
rock	5.553193	4.282662	5.147893
decide	4.9017434	3.9518652	5.477842
exclaim	5.822614	4.83696	5.687006
assure	6.813584	3.901513	6.4468894
sign	5.010138	3.4710941	5.326172
preserve	5.9009504	3.1901877	5.7983084
commerce	5.5101957	4.264867	5.5399437
plant	4.7951794	3.6329856	5.007456
walk	5.7933903	3.7157464	5.885872
difference	4.716095	3.9520602	4.9363613
hang	4.6959567	3.799932	5.0532384
following	6.3302655	3.4576426	5.95989
employ	5.123176	3.8828797	6.1963162
