deal	4.9998684	4.3097253	5.2152786
study	6.2836514	4.005304	6.526456
afford	6.177527	4.0838766	5.7382298
service	5.6399283	3.8778267	5.9584517
height	5.1186233	4.3702645	5.0249186
prospect	6.638641	4.313166	5.914406
pleasant	7.027478	3.9036508	6.1718674
shade	5.0552835	3.602154	5.4053693
listen	5.0711746	4.4789753	5.3868265
mighty	5.5911503	4.539665	5.4224877
country	5.644405	3.6533978	5.6421194
title	6.1970005	3.6841393	5.8914185
choose	5.3286715	3.600334	5.7690897
village	6.118776	4.0241175	5.591981
acquire	6.5603447	4.3599734	6.701124
rank	5.0881634	4.0460763	5.2564735
bow	5.757822	3.584144	5.7488613
doctor	4.842991	4.1954927	4.9436083
talent	6.8925967	4.684038	6.640629
source	6.096364	4.3923364	5.819952
lead	4.9910603	3.730278	5.620412
question	5.3107285	4.1411333	5.610246
publish	5.5880322	3.9748983	5.7878647
interest	5.6839876	4.144127	5.535119
serve	5.263304	3.60775	5.816325
divine	6.3214774	3.8048646	5.591296
put	5.484487	3.750006	5.4767313
shadow	4.886679	3.3370328	5.0835905
practical	5.8722296	3.9929795	6.1624804
surface	5.283755	3.122583	4.9047604
account	5.3567715	3.8539712	5.4580965
loss	4.574122	4.3405223	4.6570997
indian	4.9866824	4.9363894	5.256655
vine	6.16168	3.7170477	5.870151
certain	4.8377066	4.4423504	5.175207
sin	3.72106	4.3993616	4.450885
necessity	4.295431	4.261004	4.746072
lose	4.8874826	4.3682365	5.0498953
private	4.520118	3.6219347	5.323327
gentleman	5.563384	3.6954615	5.2006817
daughter	5.4165835	4.104198	4.9146595
drive	4.2781806	4.7000103	4.8326993
strange	4.5101194	4.8486896	4.5182652
journey	6.2641916	3.6432323	5.899838
uncle	5.7869325	3.6773975	5.902939
species	5.205286	4.4418178	5.0448
think	5.4331994	4.3370085	5.723252
bed	5.5109525	3.4868577	5.3482766
wind	5.201158	4.009504	5.1414337
bless	7.420225	3.9688265	6.4522843
destroy	3.749376	4.9183273	4.6771383
author	5.6537747	4.312935	5.2016625
sustain	5.2150207	3.7380564	5.6514134
black	4.310731	4.431273	4.3212414
event	5.776273	4.427121	5.0571833
liberty	7.0227942	4.9110885	6.267535
negro	4.332718	4.316958	4.3875556
little	5.0029798	4.1225095	5.0471315
fortune	5.794417	4.067732	5.4182816
touch	5.6167846	3.7219622	5.4607463
kill	4.4294767	5.229328	4.882835
feature	5.011456	3.7223146	5.240684
happiness	7.093503	4.1960287	6.4127865
assume	4.097339	3.6975088	4.9562926
notion	5.960623	4.0617914	5.6185265
purchase	5.9637	3.656304	6.2161922
faithful	6.441557	3.4801447	6.1144686
soldier	4.5648184	4.433213	5.13621
father	5.7277803	4.1164055	5.268803
narrow	3.6271148	3.812272	4.3944893
great	5.1911974	4.332166	5.352091
tear	3.8689997	4.1646466	4.2501793
honorable	5.433544	4.36949	5.902511
previous	4.422683	3.954532	5.048683
good	6.259254	3.5583286	6.1548395
domestic	5.2813206	3.642812	5.2113996
glory	6.889301	4.305386	6.2716475
lay	4.581545	3.5987535	5.4175825
occasion	5.037662	4.20444	4.887688
guard	5.0698586	3.9262218	5.35232
whole	5.022231	4.0078306	5.041355
mouth	5.1356697	4.0653133	5.464002
receive	6.5425034	3.8187728	6.312547
take	5.0418873	3.7351387	5.7371387
simple	6.1212215	3.8500113	5.9461374
error	3.5091567	4.246373	4.2533875
wisdom	6.4241924	4.106978	6.2855277
rock	5.5782537	4.2390347	5.060553
decide	4.8851476	4.048875	5.42479
exclaim	5.7473297	4.868963	5.7350564
assure	6.8054214	4.11592	6.6281214
sign	4.910491	3.4572031	5.119619
preserve	5.973982	3.4067783	5.8825254
commerce	5.5827966	4.408243	5.7072415
plant	4.634707	3.8708367	4.9971113
walk	5.658787	3.7162988	5.9335136
difference	5.0306606	3.8513808	5.1405854
hang	4.859071	3.7887318	5.2154098
following	6.492649	3.661893	5.8867936
employ	5.08103	3.9785614	6.085982
