deal	4.8903184	4.044318	4.855786
study	6.0784574	3.8732681	6.516496
afford	6.2596965	4.0729437	5.918446
service	5.6175456	4.0228705	5.9756246
height	5.185842	4.3005095	5.2364283
prospect	6.84009	4.269546	6.1107783
pleasant	6.744521	3.907352	5.9704084
shade	4.9470253	3.5596645	5.319916
listen	5.2671976	4.2527084	5.467793
mighty	5.647226	4.478868	5.4906344
country	5.2921247	3.7619462	5.5236225
title	6.2191024	3.7384276	6.004673
choose	5.4809756	3.5053706	5.9672856
village	5.9987016	4.0643964	5.5599084
acquire	6.574022	4.391361	6.636921
rank	5.097543	3.9276648	5.2284656
bow	6.0632195	3.4269185	5.9741077
doctor	5.0146465	3.945811	4.9424777
talent	7.067646	4.5165215	6.7774715
source	5.8727436	4.243947	5.5798697
lead	4.9220953	4.017838	5.4041944
question	5.2046905	3.9548774	5.3856173
publish	5.696488	4.1702075	5.8932524
interest	5.8698797	3.9006717	5.8268175
serve	5.007743	3.4472904	5.5876627
divine	6.32611	3.9631643	5.621683
put	5.449475	3.942453	5.382342
shadow	4.9311733	3.4747825	5.2243176
practical	5.7020206	3.8214047	5.942149
surface	5.1964364	3.310647	4.9757934
account	5.6501656	3.864955	5.4750986
loss	4.524508	4.2531476	4.5970197
indian	5.034882	4.701471	5.1691294
vine	6.1086516	3.7090058	5.6100698
certain	4.925658	4.5698133	5.4537635
sin	3.352985	4.2980905	4.2473087
necessity	4.3211145	4.2968674	4.797094
lose	4.629451	4.537513	5.130419
private	4.4604535	3.8016555	5.3019047
gentleman	5.6691284	3.6513252	5.427001
daughter	5.561419	4.200991	5.1867204
drive	4.13094	4.731914	4.8634086
strange	4.6086955	5.0139413	4.586725
journey	6.180597	3.7118092	5.7440176
uncle	5.9135723	4.0800014	6.0963497
species	5.3897886	4.6726065	4.9708853
think	5.5173783	4.2569637	5.5516224
bed	5.4477577	3.5240583	5.333255
wind	5.1968474	3.8851347	4.9638104
bless	7.265403	4.032994	6.371882
destroy	3.7306373	4.945365	4.6287103
author	5.6349297	4.2475557	5.3000603
sustain	5.3530297	3.9133744	5.698694
black	4.4364448	4.27257	4.370617
event	5.870933	4.368866	5.0237546
liberty	6.638919	4.714421	6.191271
negro	4.459229	4.327571	4.398706
little	4.9547725	4.05804	4.8933787
fortune	5.7656903	4.1917844	5.4083896
touch	5.5966	3.6819377	5.6151533
kill	4.311643	5.150732	4.7402964
feature	5.5453463	3.8690283	5.6011353
happiness	7.276692	4.157067	6.5941544
assume	4.153269	3.7677078	5.0461655
notion	5.81366	3.9545999	5.4276752
purchase	6.2119837	3.7984343	6.338005
faithful	6.391563	3.7638958	6.0860004
soldier	4.3045135	4.349572	4.835342
father	5.6633196	4.181417	5.430067
narrow	3.329185	3.9579434	4.259089
great	5.261258	4.1463256	5.009642
tear	3.9574199	3.8831863	4.502294
honorable	5.6188507	4.139534	5.9355707
previous	4.4572477	4.0025787	4.881329
good	6.0298977	3.6008034	6.06511
domestic	5.1595454	3.8076856	5.2747526
glory	6.4684725	4.345731	5.8963346
lay	4.696223	3.2425003	5.4355297
occasion	5.1476254	4.349832	4.9208126
guard	4.800786	3.9844983	5.2763324
whole	5.2695	3.9601543	5.364483
mouth	5.1090393	4.186287	5.3056884
receive	6.3513684	3.6954079	6.019077
take	4.993866	3.6550827	5.5973516
simple	5.983702	3.7267456	5.8883643
error	3.477687	4.2708783	4.157063
wisdom	6.363536	4.0391083	6.134594
rock	5.592228	4.321113	5.2487454
decide	4.913548	3.9230223	5.410145
exclaim	5.6685233	4.715511	5.7410545
assure	7.036666	4.018631	6.632908
sign	5.0667663	3.4390626	5.3004446
preserve	5.9288435	3.4693363	6.0577755
commerce	5.5655956	4.3629622	5.6946297
plant	4.672381	3.7983036	5.0442495
walk	5.5169244	3.7562659	5.7999897
difference	4.9441347	3.9102066	5.0011816
hang	4.8395395	3.9578571	5.226715
following	6.477022	3.4793413	5.7699146
employ	4.8485146	3.944362	6.080551
