deal	5.2681475	4.39398	5.159538
study	6.115166	3.8705142	6.428673
afford	6.13654	3.8844762	5.8269157
service	5.6295524	3.9456506	6.1448565
height	5.242636	4.2391458	5.10563
prospect	6.7769184	4.3724813	5.9786234
pleasant	6.866294	3.8221254	6.1549606
shade	5.065156	3.5910716	5.2619495
listen	5.2509756	4.10415	5.414641
mighty	5.7241282	4.393668	5.503247
country	5.368482	3.652709	5.3548856
title	6.176055	4.0216665	5.9266067
choose	5.333655	3.626268	5.815056
village	5.8693438	3.8391142	5.4427357
acquire	6.638622	4.4767537	6.725143
rank	5.0689983	4.142267	5.1220303
bow	5.973291	3.5115664	5.856671
doctor	5.0612082	3.6892788	4.9913397
talent	6.7924724	4.626241	6.6817274
source	6.099885	4.2224627	5.6932287
lead	4.9141045	3.9767354	5.4691
question	5.3340006	3.9047825	5.5255103
publish	5.4140506	4.0756817	5.909413
interest	5.9313283	3.9286299	5.7769117
serve	5.1760793	3.3792477	5.6600723
divine	6.3663034	3.9128103	5.6240516
put	5.4889483	3.9894896	5.6080737
shadow	4.8419986	3.3955884	5.136113
practical	5.8560376	3.9589202	6.062939
surface	5.316424	3.2053924	5.0213914
account	5.45725	4.0414033	5.4961905
loss	4.565541	4.398545	4.5525537
indian	5.203654	4.8118863	5.5322886
vine	6.3745046	3.7428942	5.759883
certain	4.7677307	4.456196	5.2763114
sin	3.5495715	4.21453	4.3157997
necessity	4.335208	4.2370257	4.7532096
lose	4.664681	4.764892	5.05786
private	4.365294	3.5647206	5.2087736
gentleman	5.444066	3.6810489	5.4014583
daughter	5.422693	4.193958	4.9478645
drive	4.0485067	4.842532	4.411615
strange	4.3676147	4.8742614	4.502441
journey	5.8575363	3.8198583	5.6837683
uncle	5.803682	3.6180024	5.867028
species	5.465434	4.632161	5.2493625
think	5.473676	3.9958441	5.407242
bed	5.3531227	3.2694778	5.2664833
wind	5.2521424	4.0460644	5.035021
bless	7.2529984	4.0090084	6.4417024
destroy	3.9152102	4.9151344	4.783235
author	5.635698	4.283583	5.2377434
sustain	5.3412976	3.9249706	5.691341
black	4.6545625	4.5240374	4.391719
event	5.7823095	4.2847023	5.1342926
liberty	6.7575445	4.9385552	6.037055
negro	4.2310066	4.044246	4.531404
little	5.1276474	4.150122	4.912721
fortune	5.877877	4.384702	5.352615
touch	5.698077	3.620894	5.6434255
kill	4.4437475	5.0467377	4.8818016
feature	5.2966967	3.8637807	5.4139953
happiness	7.3647804	4.345661	6.4912276
assume	4.017045	3.8842864	4.9165945
notion	5.7046995	3.911878	5.402696
purchase	5.9854746	3.791453	6.249856
faithful	6.230391	3.773233	6.0940366
soldier	4.376507	4.215689	4.823202
father	5.740547	3.890213	5.2834115
narrow	3.523011	3.744336	4.21942
great	5.4085264	4.3301415	5.340248
tear	4.0905614	4.0017195	4.289824
honorable	5.74174	4.2322645	6.0172224
previous	4.389246	3.8383894	4.900577
good	5.997245	3.7036724	5.962331
domestic	4.926778	3.6089628	4.99476
glory	6.7461457	4.463354	6.0636187
lay	4.885725	3.4411774	5.5035257
occasion	5.1667867	4.2068634	5.1143694
guard	4.8584895	3.8716536	5.311934
whole	4.942469	3.9744232	4.996926
mouth	4.8443227	4.0569777	5.2909846
receive	6.2997394	3.701052	6.111514
take	5.1045756	3.8316262	5.7602997
simple	5.8134975	3.6614327	5.7806835
error	3.7022934	4.373525	4.2490845
wisdom	6.498435	4.029258	6.1722383
rock	5.5158253	4.3361397	5.1976423
decide	4.91364	3.9100008	5.378835
exclaim	5.866845	4.650057	5.707671
assure	6.8664646	3.9562395	6.62415
sign	4.9701266	3.5366726	5.34016
preserve	6.0383134	3.4306104	6.155136
commerce	5.552202	4.285245	5.74307
plant	4.7796893	3.9172912	5.084692
walk	5.7589865	3.8447542	5.9187922
difference	5.243043	4.1785827	5.2552376
hang	4.8300185	3.8924906	5.138766
following	6.5235753	3.4181013	6.027395
employ	4.9275584	3.750801	6.0025606
