deal	5.1824017	4.434283	5.068199
study	6.280528	4.0184865	6.5466447
afford	6.0450573	4.1135664	5.7599998
service	5.7140865	3.9454052	5.922508
height	5.112955	4.3039103	5.05791
prospect	6.8161807	4.3704033	6.060053
pleasant	6.865863	3.8542025	6.088022
shade	4.9715266	3.6942363	5.278567
listen	5.42637	4.410346	5.5829864
mighty	5.611038	4.373802	5.433756
country	5.147706	3.514126	5.4315414
title	6.3230047	3.792807	5.8294806
choose	5.6254764	3.6748967	6.0400276
village	6.0148764	3.9797099	5.47698
acquire	6.496707	4.440432	6.637567
rank	5.236422	3.9390159	5.257405
bow	6.039763	3.3787467	5.995346
doctor	4.9348946	4.0336804	5.0309505
talent	6.9454603	4.7022223	6.731922
source	6.11882	4.3517756	5.698681
lead	5.0269327	3.9073436	5.614503
question	5.3433127	3.7567797	5.513328
publish	5.4356837	4.282955	5.7996345
interest	6.0683646	3.9154594	5.6816196
serve	5.030761	3.4294517	5.5240874
divine	6.348892	3.6325438	5.589117
put	5.7072	3.6426768	5.790283
shadow	4.8291163	3.5168538	5.0807943
practical	5.5596423	3.9967873	6.002735
surface	5.1457624	3.2242842	4.9349155
account	5.3796835	3.9785366	5.4626446
loss	4.2149935	4.553423	4.446937
indian	5.2098303	4.860955	5.3437347
vine	6.1285324	3.6521463	5.7010317
certain	4.976666	4.399282	5.4124036
sin	3.5236142	4.3746095	4.2647595
necessity	4.2779994	4.2859836	4.734631
lose	4.6335845	4.478972	5.030617
private	4.2374144	3.6504962	5.1633
gentleman	5.6624784	3.4703248	5.3831463
daughter	5.439056	4.2408967	4.903715
drive	4.064008	4.689953	4.6960897
strange	4.6224318	4.763097	4.535469
journey	6.0845165	3.8351865	5.7852798
uncle	5.341478	3.6436734	5.901577
species	5.29292	4.446125	5.113025
think	5.4034038	4.307069	5.595321
bed	5.3839273	3.2923522	5.3530827
wind	5.06199	4.258011	4.845094
bless	7.340453	3.9532278	6.351371
destroy	3.8680272	5.1014414	4.689789
author	5.6825376	4.1967397	5.340676
sustain	5.166933	3.9113097	5.699104
black	4.2884984	4.511768	4.395009
event	5.784588	4.345847	5.0451183
liberty	6.8604827	5.005639	6.120618
negro	4.288364	4.253577	4.594255
little	5.0576596	4.25864	5.117324
fortune	5.8462667	4.1116004	5.4314866
touch	5.5542583	3.452397	5.5417213
kill	4.237726	5.134666	4.691172
feature	5.35644	3.803291	5.479204
happiness	7.4580574	4.317302	6.6332674
assume	4.047306	3.7349963	4.980807
notion	5.714624	3.963759	5.4589434
purchase	6.1039886	3.7023578	6.3473444
faithful	6.2151866	3.5859456	5.9757543
soldier	4.4059167	4.4367223	4.889241
father	5.4617453	3.8404157	5.0380445
narrow	3.5541935	3.8750384	4.5019207
great	5.337684	4.1752286	5.3625355
tear	3.9289055	4.0756135	4.5574927
honorable	5.7275486	4.167597	6.022832
previous	4.4128942	3.9458747	4.8712234
good	6.4041433	3.6490107	6.222048
domestic	5.012749	3.8252795	5.070454
glory	6.8490553	4.412233	6.092145
lay	4.973002	3.3352976	5.6762004
occasion	5.273036	4.2195077	5.093194
guard	4.6574244	3.976898	5.130747
whole	5.2661963	3.911861	5.1618524
mouth	5.2858834	4.186162	5.589583
receive	6.396147	3.626924	6.17068
take	5.5293484	3.7702622	5.8285375
simple	5.8405337	3.6844554	5.679935
error	3.3871908	4.483136	4.1399927
wisdom	6.2504435	4.2125564	6.219182
rock	5.353417	4.3536596	5.1629324
decide	5.1106086	4.1361575	5.5225086
exclaim	5.7179375	4.7514977	5.648267
assure	6.7917366	4.024349	6.624099
sign	4.960301	3.2321005	5.317287
preserve	6.1417236	3.6292005	6.04778
commerce	5.6786137	4.218152	5.655038
plant	4.775635	3.7026658	5.100455
walk	5.6204214	3.6399505	5.7435846
difference	5.078703	4.2036424	5.285448
hang	4.801745	3.9363232	5.217512
following	6.3527207	3.5478723	5.9097943
employ	5.0281906	4.042447	6.1090093
