deal	5.018043	4.1568046	5.240698
study	6.3384314	3.9718578	6.5233703
afford	5.890359	4.1347456	5.691615
service	5.61938	3.8801365	5.936015
height	5.344286	4.185817	5.156913
prospect	6.865986	4.3350215	6.130577
pleasant	6.695098	3.9006965	6.0004797
shade	5.1986055	3.5695114	5.3647285
listen	5.1420903	4.195579	5.367635
mighty	5.6523323	4.565366	5.593165
country	5.573733	3.647208	5.605913
title	5.8759966	3.8956847	5.5368047
choose	5.4561205	3.7836428	5.806193
village	5.9066224	3.9742851	5.455085
acquire	6.499801	4.5218477	6.706797
rank	5.195265	4.0421925	5.1793623
bow	5.851664	3.6070929	5.846881
doctor	4.9183555	3.857963	4.8039937
talent	6.9240246	4.6212263	6.7305136
source	6.012154	4.348373	5.5112734
lead	4.7861786	3.9843225	5.4480305
question	5.271382	3.8381906	5.36055
publish	5.224753	4.09038	5.648703
interest	6.0128126	4.020498	5.7779794
serve	4.9920034	3.434567	5.609235
divine	6.3831496	4.014297	5.766498
put	5.607081	3.8222566	5.77172
shadow	4.8667955	3.424533	5.1137652
practical	5.6201005	3.9033775	5.9546404
surface	5.1749787	3.401263	4.862961
account	5.842744	4.0985036	5.6362033
loss	4.446721	4.3600106	4.4532285
indian	4.9961586	4.8693013	5.402318
vine	6.3810015	3.8844829	5.8698745
certain	4.985446	4.519283	5.3773017
sin	3.4534044	4.352541	4.3135486
necessity	4.354871	4.3556848	4.8533506
lose	4.850902	4.443081	4.9000654
private	4.2625027	3.5025458	5.313552
gentleman	5.5972867	3.459621	5.4026775
daughter	5.729415	4.218853	5.055991
drive	4.0925426	4.7948895	4.62734
strange	4.5071054	4.8376846	4.5217094
journey	6.0271473	3.7770984	5.7275157
uncle	5.8718157	3.633772	5.8553653
species	5.402313	4.720986	5.160162
think	5.1691275	4.2880874	5.4371505
bed	5.476549	3.4821963	5.518992
wind	5.006931	4.304252	4.7114105
bless	7.3548145	4.0770288	6.4390306
destroy	3.9026937	4.956935	4.803963
author	5.5829644	4.072877	5.11354
sustain	5.276779	3.9748044	5.752302
black	4.646315	4.571282	4.650001
event	5.6352377	4.262484	4.92519
liberty	6.5637116	4.6326017	6.0771675
negro	4.1827345	4.1093326	4.6716995
little	4.7782555	3.978076	4.8574605
fortune	5.900082	4.008878	5.468164
touch	5.4833703	3.7500076	5.490506
kill	4.1437826	5.2296243	4.608247
feature	5.2250876	3.9256124	5.519285
happiness	7.2157874	4.379958	6.511304
assume	4.1757584	3.648046	5.0622697
notion	5.405274	4.1130915	5.3714857
purchase	6.017294	3.7847605	6.3081923
faithful	6.0625877	3.6723628	5.9857364
soldier	4.395896	4.330844	4.9388
father	5.8601327	3.8081336	5.260405
narrow	3.5697331	3.6256597	4.480133
great	5.135842	4.0901165	5.0751963
tear	4.0023866	3.9630473	4.318515
honorable	5.4813666	4.2477155	5.9012775
previous	4.4283504	4.141484	4.8902416
good	6.1991158	3.6372306	6.19736
domestic	4.726513	3.5825505	4.8254137
glory	6.6175594	4.5017242	6.0507135
lay	4.98252	3.385588	5.5320964
occasion	5.1390314	4.4132466	5.007194
guard	4.9520326	3.8279872	5.330614
whole	5.401692	3.9529126	5.4128013
mouth	4.9275713	4.026119	5.3359838
receive	6.121907	3.945692	5.9615293
take	5.0942335	3.6428723	5.614548
simple	6.0226793	3.7702794	5.9734516
error	3.5289319	4.2940893	4.283804
wisdom	6.3675094	4.1304917	6.3153954
rock	5.5041456	4.3241115	5.1842394
decide	4.8870277	4.039063	5.364712
exclaim	5.6892653	4.73191	5.630578
assure	6.7660923	4.082801	6.4875827
sign	5.0620723	3.581583	5.3470936
preserve	5.873799	3.4685383	5.859878
commerce	5.6091385	4.337738	5.482715
plant	5.063995	3.8684635	5.3557014
walk	5.7435865	3.6737072	5.942971
difference	5.3824954	3.9729972	5.33966
hang	4.759669	3.8677015	5.13606
following	6.532524	3.5939646	6.0144734
employ	5.054984	3.8840194	6.067483
