deal	4.809335	4.1669984	5.136876
study	6.173929	3.699197	6.47264
afford	6.379794	4.1359878	5.779469
service	5.713183	3.8694177	6.102412
height	5.0648384	4.350484	4.9147406
prospect	6.892507	4.406403	6.026878
pleasant	6.8894978	3.9006832	6.1196966
shade	5.0283594	3.5490913	5.2286935
listen	5.3232055	4.2313294	5.537771
mighty	5.6638823	4.3788123	5.6290307
country	5.1223965	3.6267478	5.4766097
title	6.5528507	3.7593617	6.0319505
choose	5.1011	3.5796728	5.769022
village	5.832985	3.9978774	5.4685426
acquire	6.32775	4.4766192	6.716525
rank	5.4179397	3.926864	5.3444767
bow	5.802912	3.588787	5.654212
doctor	4.8955135	3.893122	4.799204
talent	6.935023	4.522383	6.742407
source	5.9520617	4.266984	5.6509423
lead	4.7334466	4.026884	5.3848686
question	5.2568035	3.748034	5.598927
publish	5.62589	4.107231	5.8652906
interest	6.172558	3.9640412	5.797101
serve	4.9392576	3.4426808	5.5959435
divine	6.603553	4.062588	5.7181435
put	5.3319507	3.912755	5.7013345
shadow	4.9583697	3.412815	5.121974
practical	5.6073594	3.8190532	5.9992313
surface	5.092409	3.2004113	4.954101
account	5.6636925	4.1597476	5.6184444
loss	4.4910274	4.5152583	4.65053
indian	4.7963295	4.831039	5.2809777
vine	6.2888775	3.7112305	5.8879704
certain	4.9829874	4.4775157	5.385277
sin	3.6843946	4.3860664	4.3129253
necessity	4.3676157	4.3657947	4.695945
lose	4.49162	4.7270865	5.1429543
private	4.387149	3.8294444	5.2430177
gentleman	5.7625628	3.4085665	5.332429
daughter	5.477293	4.369951	4.9671087
drive	3.9360049	4.8102365	4.56574
strange	4.7158003	4.7412806	4.64261
journey	6.1941857	3.6623797	5.883026
uncle	5.865235	3.823656	5.90358
species	5.219798	4.4562016	5.0319085
think	5.663647	4.1297264	5.745374
bed	5.277151	3.3276806	5.4320674
wind	5.054737	4.0729885	4.9336333
bless	7.348915	4.108348	6.4258213
destroy	3.6430376	5.001015	4.690917
author	5.4977074	4.189163	5.17878
sustain	5.0852118	3.907994	5.6281414
black	4.0572042	4.586215	4.261481
event	6.0123	4.455124	5.2247996
liberty	6.9519806	4.9587708	6.057066
negro	4.3956604	4.3415394	4.3217072
little	4.9736385	3.9318914	5.066306
fortune	5.939959	4.1898465	5.501938
touch	5.652984	3.816221	5.489366
kill	4.1695886	5.0967503	4.7493515
feature	5.2512255	3.742486	5.5348225
happiness	7.1857367	4.519034	6.517193
assume	4.1525126	3.7326202	5.0691547
notion	5.578983	4.0346212	5.404192
purchase	6.278618	3.7459037	6.4042635
faithful	6.2840323	3.5926409	6.069981
soldier	4.4060817	4.321882	5.061547
father	5.327881	4.0537624	5.1224847
narrow	3.4482386	3.7217183	4.4589286
great	5.4937277	4.183921	5.2841787
tear	3.870536	3.9619148	4.524873
honorable	5.6600595	4.310637	5.899086
previous	4.5723457	3.7814734	5.0874085
good	6.167744	3.5976913	6.147951
domestic	5.1286917	3.7987423	4.8736205
glory	6.6591535	4.5201592	6.024075
lay	4.8326178	3.1299515	5.620134
occasion	5.279958	4.2421017	5.1148934
guard	4.826605	3.8435416	5.2991724
whole	5.2192125	4.034932	5.2121215
mouth	5.0928664	4.142328	5.630929
receive	6.331056	3.7234275	6.054303
take	5.045474	3.9212368	5.6766396
simple	5.9244766	3.8184938	5.7857237
error	3.3318071	4.38449	4.1157513
wisdom	6.2811112	4.004177	6.2662487
rock	5.551741	4.2525177	5.2406707
decide	5.081378	3.848147	5.636991
exclaim	5.848522	4.813657	5.6093044
assure	6.751437	4.047101	6.4650483
sign	5.138056	3.5819447	5.341011
preserve	5.7972884	3.5348504	5.8005176
commerce	5.6887226	4.368921	5.6486135
plant	4.892381	3.5872493	5.257496
walk	5.664199	3.734651	5.82987
difference	5.3628373	4.093623	5.362932
hang	4.934806	3.7616596	5.104953
following	6.6175756	3.7225626	5.9723225
employ	4.713194	3.9858167	6.0644975
