deal	4.825156	4.3951516	5.011753
study	6.502138	4.077464	6.579338
afford	5.8516054	4.1478634	5.4905796
service	5.499034	3.9112263	5.998462
height	4.994198	4.1390553	5.1559863
prospect	6.699155	4.412874	6.039674
pleasant	6.9732018	3.7119772	6.1089654
shade	5.0510473	3.818151	5.160937
listen	5.208836	4.0902658	5.466597
mighty	5.646227	4.567622	5.564248
country	5.5615854	3.6003094	5.67366
title	6.607009	3.662043	6.190505
choose	5.2963357	3.6574814	5.750977
village	5.7197	4.02839	5.4111137
acquire	6.5386887	4.427183	6.8496447
rank	5.3219705	3.943943	5.156473
bow	5.972752	3.5744863	5.78256
doctor	5.0225573	3.995883	5.0090084
talent	6.9492564	4.645231	6.693527
source	6.0169387	4.3709903	5.5073338
lead	4.7661543	4.027288	5.3755016
question	5.133741	3.7783554	5.4978356
publish	5.643238	4.062503	5.779329
interest	5.8315773	3.9631467	5.81055
serve	5.0126257	3.445189	5.590345
divine	6.446219	3.9675221	5.6264195
put	5.525234	3.8370733	5.5352564
shadow	4.80786	3.5735617	5.132849
practical	5.592833	3.8669581	5.985622
surface	5.187377	3.0847695	4.969638
account	5.375887	3.8623486	5.304099
loss	4.0773497	4.423351	4.413323
indian	4.7460203	4.98742	5.348515
vine	6.3713183	3.6536627	5.8817577
certain	4.963374	4.431663	5.395033
sin	3.4379492	4.3383856	4.2166195
necessity	4.162249	4.262796	4.646965
lose	4.6505156	4.3413205	5.1891074
private	4.3969045	3.6870086	5.1473527
gentleman	5.7787237	3.518724	5.3479104
daughter	5.4734106	4.381265	5.0216856
drive	4.0381393	4.821057	4.609202
strange	4.762554	4.847358	4.6876783
journey	6.142707	3.6456947	5.9452333
uncle	5.7384043	3.9617963	5.7802906
species	5.667246	4.5610723	5.318402
think	5.2637196	4.4146695	5.4114923
bed	5.3217955	3.3106294	5.3847065
wind	5.3146896	4.197765	4.965246
bless	7.285941	4.146854	6.327156
destroy	3.7305331	5.145627	4.6112013
author	5.7788343	4.101271	5.375485
sustain	5.0125737	4.003989	5.5977354
black	4.275036	4.787798	4.5565577
event	5.638502	4.417401	4.7272353
liberty	6.7526093	4.5728283	6.1074543
negro	4.176429	4.3100157	4.379428
little	4.993391	3.8289351	5.0618286
fortune	5.9213567	4.2310424	5.4115806
touch	5.4601927	3.7284167	5.40593
kill	4.2600536	5.0902305	4.643538
feature	5.2054105	4.106486	5.481816
happiness	7.071527	4.2144628	6.3065987
assume	4.2342596	3.6446772	5.1171904
notion	5.5855007	4.0476184	5.5061755
purchase	6.34173	3.7437425	6.4490085
faithful	6.105068	3.7243962	6.0327005
soldier	4.468439	4.427178	4.7964892
father	5.8236475	4.203185	5.389375
narrow	3.6547642	3.7248607	4.4336643
great	4.9671454	3.7452936	5.004588
tear	4.1493115	4.2402163	4.5372887
honorable	5.640372	4.201415	5.854903
previous	4.488135	3.903812	4.9960804
good	6.0268297	3.7009878	6.1299667
domestic	4.972304	3.7578151	4.8888035
glory	6.8101997	4.515002	5.996246
lay	4.9482985	3.4644794	5.6343827
occasion	5.081899	4.1377816	5.0398164
guard	4.8207765	3.872589	5.1672053
whole	5.118255	4.051758	5.154969
mouth	4.9659424	4.14537	5.351968
receive	6.1336207	3.7948718	5.9092493
take	5.207901	3.9238493	5.825776
simple	5.849128	3.823407	5.8628287
error	3.3593917	4.27699	4.1118336
wisdom	6.1736107	4.0854135	6.0633316
rock	5.4703026	4.107087	5.3754153
decide	4.9839044	3.9597085	5.5122313
exclaim	5.5800447	4.685626	5.579077
assure	6.9131875	4.136232	6.549705
sign	4.8601894	3.505889	5.2052145
preserve	5.7487183	3.4164748	5.786721
commerce	5.7292986	4.270948	5.6398826
plant	5.139484	3.7398837	5.25644
walk	5.6505494	3.8998957	5.819823
difference	4.9827805	3.8876195	5.1382747
hang	4.8370705	3.903881	5.067776
following	6.2813787	3.4526312	5.7994094
employ	4.8017645	3.9600382	5.993047
