deal	4.8145466	4.3787584	4.9383197
study	6.285176	4.040117	6.5643744
afford	6.2016377	4.147614	5.6828694
service	5.7120004	3.7731214	5.9915733
height	5.1182437	4.2004194	5.2260847
prospect	6.391773	4.2363124	5.881423
pleasant	6.8636594	3.9436107	6.0764227
shade	5.003621	3.7464252	5.2846518
listen	5.478284	4.1193333	5.6771617
mighty	5.7410026	4.473413	5.4429626
country	5.4005885	3.2578144	5.566725
title	6.4866033	3.844048	6.044683
choose	5.4255395	3.614987	5.8994656
village	6.037727	3.9888783	5.4672546
acquire	6.4694633	4.656321	6.5716333
rank	5.0630026	3.9065638	4.9945316
bow	5.955719	3.5246115	5.883609
doctor	5.1759295	3.6986344	5.226217
talent	6.771332	4.617433	6.6039405
source	6.2828107	4.2250032	5.6749525
lead	5.0680737	3.8378115	5.471673
question	5.088794	3.9204917	5.5708604
publish	5.5540695	4.098862	5.854565
interest	5.973955	4.0337257	5.759415
serve	5.282952	3.4484468	5.71761
divine	6.5076027	3.8684359	5.653853
put	5.646901	3.7612648	5.649769
shadow	4.812248	3.5259142	5.0720935
practical	5.509654	4.0550017	5.817713
surface	5.2192006	3.1101809	4.9834867
account	5.568532	3.9992304	5.5623894
loss	4.0574718	4.4777584	4.4206862
indian	4.9985685	5.1255236	5.3674393
vine	6.1142244	3.738729	5.7993007
certain	5.1634254	4.430589	5.460706
sin	3.543233	4.2883077	4.211049
necessity	4.3463106	4.2534285	4.782733
lose	4.51581	4.546608	5.0826464
private	4.2297053	3.7845054	5.2512426
gentleman	5.525195	3.6017637	5.2776093
daughter	5.3190074	4.3605742	4.909307
drive	4.1668177	4.45097	4.669882
strange	4.9219184	4.772974	4.7216473
journey	6.01942	3.6600652	5.7954698
uncle	5.9143734	4.125484	5.920989
species	5.4021173	4.6161504	5.0890713
think	5.6302557	4.1482096	5.702286
bed	5.127168	3.5736513	5.2210784
wind	5.1493382	4.1186633	4.976418
bless	7.0779543	4.1631	6.0658526
destroy	3.908141	5.1963816	4.844618
author	5.8281345	4.0328865	5.467719
sustain	5.111705	3.9782777	5.640688
black	4.451265	4.171415	4.429925
event	6.004589	4.5435257	5.116351
liberty	6.7616835	4.9335027	6.1961665
negro	4.2864633	4.3734484	4.4517264
little	4.942373	3.8786902	5.0023093
fortune	5.7450814	4.304791	5.3729362
touch	5.8022947	3.6902404	5.7297354
kill	4.5238976	5.119965	4.898933
feature	5.2023244	3.9824085	5.487352
happiness	7.269517	4.368481	6.5644617
assume	4.317058	3.6671185	5.200498
notion	5.6192827	3.8481984	5.5319138
purchase	6.2312665	3.910462	6.3527327
faithful	6.235502	3.6639345	5.936918
soldier	4.46086	4.391782	4.8471723
father	5.6677976	4.0410223	5.3210163
narrow	3.520952	3.633092	4.3634963
great	5.379121	4.0404544	5.05795
tear	3.998077	3.8639822	4.6967077
honorable	5.628903	4.148404	5.846781
previous	4.607802	3.917196	5.1793194
good	5.7970133	3.829615	5.8332815
domestic	4.984292	3.6645958	5.0430126
glory	6.7611113	4.3930416	5.9144454
lay	4.7396607	3.5590224	5.3964195
occasion	5.2787156	3.8921776	5.074436
guard	4.861632	3.7874181	5.313667
whole	5.167206	4.2074394	5.1899867
mouth	5.1461544	4.1953464	5.456094
receive	6.4353886	3.6597536	6.073027
take	5.6908994	3.286278	5.984647
simple	6.0250583	3.7816408	5.802684
error	3.4058964	4.2386866	4.1547556
wisdom	6.224211	4.24614	5.9490075
rock	5.505657	4.28736	5.1999397
decide	5.137711	3.9886699	5.6305485
exclaim	5.5804596	4.6881313	5.4767504
assure	6.818657	4.2462173	6.5113993
sign	5.1873116	3.6050644	5.249132
preserve	6.12963	3.5112412	6.1248584
commerce	5.512698	4.4194818	5.6240387
plant	4.8451047	3.842007	5.185825
walk	5.84075	3.6639373	5.8246765
difference	5.037436	4.0331345	5.079095
hang	4.6691933	3.814158	4.9678097
following	6.6440096	3.530027	6.0326247
employ	4.9074855	4.095435	5.941634
