deal	4.9995413	4.405152	5.117926
study	6.3504725	3.8787813	6.5413284
afford	6.098181	4.0681324	5.80749
service	5.6147327	3.9636722	5.879147
height	5.0794024	4.223599	5.0445127
prospect	6.9498606	4.4483933	5.9888363
pleasant	6.841223	3.8928566	6.065952
shade	5.200321	3.7465196	5.2626605
listen	5.1879525	4.345595	5.633976
mighty	5.710374	4.6152415	5.635376
country	5.3187447	3.67134	5.4537373
title	6.293763	3.591846	5.8559146
choose	5.3887453	3.45106	5.727238
village	6.0284643	3.8620853	5.4209504
acquire	6.3379426	4.290136	6.54427
rank	4.9613657	4.148464	5.131261
bow	5.851081	3.3262472	5.884719
doctor	5.1995897	3.8231788	5.133078
talent	6.88916	4.6853905	6.576283
source	5.9596486	4.1963744	5.618756
lead	4.921576	4.0094457	5.54996
question	5.302156	3.8122919	5.575691
publish	5.2513814	3.9477618	5.587416
interest	6.0468116	4.200369	5.719094
serve	4.976292	3.475336	5.6347213
divine	6.495623	4.0479436	5.6843977
put	5.4649043	3.920951	5.6998844
shadow	5.016262	3.4297385	5.0581517
practical	5.4849253	4.027525	5.9253674
surface	5.1940565	3.278296	4.903247
account	5.7171965	3.8658414	5.5675597
loss	4.2682605	4.613366	4.341857
indian	4.9491076	4.863877	5.229653
vine	6.113836	3.553618	5.7028737
certain	5.0110507	4.22391	5.392538
sin	3.5887198	4.3840303	4.389893
necessity	4.2051387	4.3682117	4.6580067
lose	4.5039115	4.5336356	5.239146
private	4.4904737	3.8450866	5.1174693
gentleman	5.8036013	3.4862373	5.4015813
daughter	5.453906	4.3297043	4.9903717
drive	4.230212	4.6113124	4.640693
strange	4.5413237	4.7661533	4.6259484
journey	6.003439	3.6821275	5.75961
uncle	5.9675913	3.9773602	6.195162
species	5.3978148	4.452478	5.270019
think	5.333188	4.112856	5.4533844
bed	5.476031	3.3441174	5.481941
wind	4.9944544	4.062853	4.977366
bless	7.3511686	4.029981	6.474449
destroy	3.8711905	4.6985464	4.7651396
author	5.667211	4.1290245	5.3991575
sustain	5.103413	3.8576355	5.7236347
black	4.4190946	4.513482	4.541855
event	5.8376994	4.604902	5.0246277
liberty	6.9456773	4.923388	6.083127
negro	4.5824413	4.27997	4.5675125
little	4.8993196	4.243909	5.0486712
fortune	5.8536377	4.3381333	5.3587856
touch	5.682851	3.750993	5.60775
kill	4.435649	4.863623	4.8155575
feature	5.3886657	3.8661132	5.4921007
happiness	7.317891	4.221596	6.4787073
assume	4.054704	3.7779846	5.0504155
notion	5.613115	3.87837	5.4775853
purchase	6.117718	3.5847692	6.18533
faithful	6.305321	3.8112917	6.0558825
soldier	4.2835903	4.507194	4.80706
father	5.6691155	3.9957767	5.282496
narrow	3.6422853	3.8780894	4.4178953
great	5.1698265	4.35062	5.2365866
tear	4.1604147	3.957603	4.5843296
honorable	5.6659503	4.2113776	5.9888496
previous	4.46501	3.877032	4.9317327
good	5.9984818	3.7003553	6.03106
domestic	5.0048347	3.807863	5.0818233
glory	6.687313	4.518389	6.12449
lay	4.9816227	3.5071135	5.725343
occasion	5.16963	4.141521	5.1169424
guard	4.8957486	3.986948	5.2698116
whole	5.340132	4.067031	5.2436733
mouth	5.0191083	4.1466627	5.4194045
receive	6.1453233	3.618861	5.9203787
take	5.1772304	3.7346356	5.623991
simple	5.911024	3.807414	5.7735486
error	3.4632256	4.4179325	4.2440176
wisdom	6.089994	4.1314626	5.918084
rock	5.2122073	4.308457	5.0786905
decide	5.055627	3.929643	5.5389214
exclaim	5.7026753	4.5968328	5.635055
assure	6.7129827	3.9877357	6.6026363
sign	5.08176	3.2623668	5.2382545
preserve	5.8505697	3.3936024	5.94135
commerce	5.5262365	4.3375354	5.760753
plant	4.856858	3.5900698	5.1705737
walk	5.869983	3.6785522	5.914056
difference	5.247034	3.9975777	5.0346084
hang	4.697577	3.797505	5.0228443
following	6.575208	3.3677926	5.930674
employ	4.7413497	3.8127108	6.0457363
