deal	4.975404	4.2789173	5.1169696
study	6.4103866	3.8801653	6.533223
afford	6.0352182	3.7276702	5.4624276
service	5.6397505	4.0069833	5.869158
height	5.224081	4.216417	5.104934
prospect	6.781054	4.3927	6.0414915
pleasant	6.765731	3.9102018	6.046257
shade	4.997774	3.6790652	5.086116
listen	5.3698206	4.1414456	5.6665154
mighty	5.663666	4.643472	5.479334
country	5.3671737	3.8013012	5.517241
title	6.4783726	3.76754	6.1174445
choose	5.1469727	3.7705152	5.77909
village	6.2139807	3.9536211	5.639885
acquire	6.4583445	4.5216546	6.5244756
rank	5.0759	3.9167542	5.1681905
bow	5.686125	3.4611733	5.5114098
doctor	4.8920517	3.8600106	4.9553385
talent	6.7856793	4.715013	6.5013785
source	5.875385	4.0118575	5.585313
lead	4.7717843	4.040514	5.2309012
question	5.1244316	4.0259743	5.521864
publish	5.487255	3.9443035	5.818137
interest	5.9582624	4.019951	5.7916293
serve	5.234174	3.3541224	5.582452
divine	6.4455576	3.963685	5.7353983
put	5.521916	3.756813	5.5814614
shadow	4.9095945	3.5225053	4.8629837
practical	5.870634	3.8948872	6.0606833
surface	5.1731997	3.3766775	4.8770857
account	5.538886	3.8216233	5.468601
loss	4.289286	4.2306013	4.4532976
indian	5.2628427	4.960521	5.343075
vine	6.338089	4.124813	5.98857
certain	4.8289986	4.5624356	5.4308777
sin	3.7693439	4.4094715	4.3148346
necessity	4.180262	4.3502254	4.7384286
lose	4.471256	4.6767063	4.9609046
private	4.3756523	3.7717853	5.2955947
gentleman	5.542905	3.5124214	5.368274
daughter	5.5556774	4.235914	5.005937
drive	4.200335	4.6566834	4.6885433
strange	4.647004	4.901638	4.621017
journey	6.274308	4.015789	5.915547
uncle	6.0214005	3.9776046	6.1125174
species	5.2922726	4.5402446	5.0715256
think	5.6023464	4.212551	5.4978275
bed	5.414222	3.3829417	5.4916506
wind	5.086824	4.080462	4.9121804
bless	7.3413763	3.9702199	6.374449
destroy	3.7319913	4.9856963	4.6276784
author	5.505481	4.1993284	5.2407227
sustain	5.125392	3.8566554	5.6172366
black	4.377909	4.241881	4.568635
event	5.653675	4.5767827	4.910681
liberty	6.5887012	4.756525	6.1615005
negro	4.5806084	4.3200955	4.6483183
little	5.061517	3.858481	5.1561227
fortune	5.7590632	4.352727	5.403767
touch	5.6476946	3.6982598	5.455501
kill	4.3651667	5.1514177	4.7431273
feature	5.2812777	4.0154657	5.319622
happiness	7.1820836	4.313813	6.5603323
assume	4.0438433	3.8530748	4.999853
notion	5.5828295	4.047662	5.388095
purchase	6.164949	3.756487	6.3616147
faithful	6.3474684	3.62699	6.0878663
soldier	4.447841	4.3829317	4.9585233
father	5.66357	4.2341413	5.2123
narrow	3.530725	3.8959553	4.201537
great	5.2072945	4.2303257	5.102234
tear	3.7196434	4.016719	4.3187513
honorable	5.541497	4.0971923	5.7683134
previous	4.3892	4.0536523	4.996346
good	6.20122	3.5692658	6.109024
domestic	5.1952977	3.716556	5.101056
glory	6.753226	4.3849597	6.1772223
lay	4.7217016	3.1514597	5.494109
occasion	5.0543213	4.1396966	5.0846515
guard	4.786827	3.9413686	5.206534
whole	5.4860363	4.1827407	5.4054294
mouth	5.4090166	4.0927672	5.640997
receive	6.2472105	3.4243002	5.9870253
take	4.9062314	3.5855565	5.5356054
simple	6.1131287	3.7507315	5.8202515
error	3.573028	4.3169785	4.0232134
wisdom	6.54185	4.125692	6.2230263
rock	5.3771095	4.162893	5.027758
decide	4.7141843	4.0964084	5.4978895
exclaim	5.82326	4.608457	5.775417
assure	6.7983007	4.055814	6.3971386
sign	4.9653354	3.6441212	5.2247963
preserve	5.882361	3.2979813	5.933203
commerce	5.851633	4.4215517	5.668998
plant	4.777565	3.8495991	5.108328
walk	5.495909	3.8360145	5.6631227
difference	4.948734	3.9696171	5.116608
hang	4.751357	3.8714528	5.046959
following	6.683523	3.4831889	6.0247126
employ	5.018104	4.07759	6.1393385
