deal	5.1419287	4.213293	5.1672807
study	6.202111	3.9306884	6.532178
afford	5.9596806	4.0447483	5.6520057
service	5.7243276	3.7908325	5.946543
height	5.1267643	4.1948447	5.2456293
prospect	6.8196216	4.3600135	6.104627
pleasant	7.04691	3.931095	6.160858
shade	5.1410313	3.6023207	5.2260356
listen	5.1635566	4.211721	5.47877
mighty	5.9236846	4.537511	5.530854
country	5.5686293	3.6380477	5.537497
title	6.1354113	3.7542076	6.000341
choose	5.306222	3.5973191	5.8395295
village	5.9830556	3.8849406	5.5844874
acquire	6.542121	4.4981456	6.6639175
rank	5.1538086	4.0887475	5.2922106
bow	5.992917	3.4731505	6.0353985
doctor	4.6770573	3.8066082	4.9439654
talent	6.8746133	4.541842	6.6907053
source	5.8205314	4.3284993	5.6485977
lead	4.9157615	3.7589412	5.4530373
question	5.414415	4.0110846	5.7679253
publish	5.3511653	4.012953	5.692977
interest	6.0690346	3.9268515	5.8559165
serve	4.881796	3.3220897	5.52969
divine	6.3398466	4.0279417	5.6218123
put	5.828979	4.091229	5.7184277
shadow	5.0013824	3.537561	5.1742396
practical	5.584243	3.9853687	5.996719
surface	5.2026434	3.3078892	5.0829043
account	5.3695965	3.9047751	5.1487155
loss	4.4920382	4.302012	4.5854917
indian	4.981642	4.916054	5.402972
vine	6.410724	3.588438	5.787515
certain	5.033841	4.5167007	5.4410477
sin	3.6699386	4.1674843	4.3158927
necessity	4.3757668	4.3015018	4.7113557
lose	4.7394075	4.4345484	5.1531973
private	4.279945	3.8498578	5.1746097
gentleman	5.6984096	3.7727585	5.316967
daughter	5.4710536	4.290483	5.037806
drive	4.1578317	4.5896196	4.5573177
strange	4.6939874	4.900412	4.537771
journey	6.132822	3.6857758	5.81087
uncle	5.5504284	3.9010763	5.8060336
species	5.4946337	4.422174	5.059273
think	5.328389	4.258307	5.3781686
bed	5.28948	3.363792	5.2906413
wind	5.251983	4.0429106	4.9633017
bless	7.209016	4.0778155	6.304592
destroy	4.0091577	5.0424843	4.832722
author	5.6119576	4.0830603	5.3432426
sustain	5.181196	3.962285	5.596349
black	4.4349194	4.3925705	4.458543
event	5.7835402	4.4141126	4.978174
liberty	7.105145	5.0191507	6.2323723
negro	4.3573284	4.4682393	4.4349394
little	5.143223	4.0326905	5.141347
fortune	5.8345933	4.27219	5.466289
touch	5.6333647	3.6020236	5.6014113
kill	4.481017	4.941111	4.663925
feature	5.420412	3.87552	5.3436885
happiness	7.2488494	4.403029	6.485223
assume	4.172227	3.6384723	4.894526
notion	5.847903	4.026936	5.6500764
purchase	6.1188774	3.897592	6.2693224
faithful	6.415257	3.6416953	6.142127
soldier	4.3056	4.4629025	4.936272
father	5.743166	3.9232152	5.14111
narrow	3.6250281	3.685249	4.481874
great	5.354473	3.9543042	5.0568504
tear	3.9878345	3.9430146	4.476677
honorable	5.7638865	4.270631	5.950878
previous	4.343054	4.100246	4.8914194
good	6.1087914	3.6361654	6.1944427
domestic	4.9702053	3.8980489	4.877707
glory	6.7712073	4.574357	6.220239
lay	4.966661	3.3269248	5.5405345
occasion	5.1233325	4.2922335	4.9819202
guard	4.761296	3.9365933	5.300813
whole	5.254824	4.0748434	5.095461
mouth	5.0708466	4.085076	5.475654
receive	6.412903	3.7259555	6.2124615
take	5.5844975	3.6221027	5.796486
simple	6.1676245	3.6169	5.8888507
error	3.568423	4.1127505	4.3590355
wisdom	6.2594604	4.123664	6.1234536
rock	5.5778513	4.2312403	5.1515102
decide	5.072146	4.1134634	5.641645
exclaim	5.8190103	4.6614656	5.72478
assure	6.807275	3.9893608	6.520682
sign	4.9642096	3.4492617	5.4505982
preserve	5.937603	3.4809923	6.012376
commerce	5.647221	4.391168	5.5815644
plant	4.9306774	3.6637602	5.176475
walk	5.7431555	3.6681478	5.9204626
difference	5.135134	3.964566	5.1755223
hang	4.7622137	3.862489	5.1666956
following	6.77011	3.4647827	6.062417
employ	4.7478027	3.9764466	6.0965357
