deal	4.9239635	4.3821607	5.014458
study	6.2027135	4.0956907	6.411896
afford	6.2646246	3.8584018	5.9840283
service	5.700532	3.790663	5.9786873
height	5.0863433	4.1113195	5.120869
prospect	6.6450305	4.27704	5.9427514
pleasant	6.6875114	3.8154235	6.0792327
shade	5.010483	3.626257	5.1835732
listen	5.242118	4.2226715	5.49975
mighty	5.732049	4.474754	5.631728
country	5.3377337	3.8200765	5.5561213
title	6.335765	3.6544728	6.160924
choose	5.2715473	3.6304317	5.679658
village	5.8562174	4.0750256	5.3166814
acquire	6.339677	4.685074	6.490104
rank	5.229309	4.036592	5.290448
bow	5.765545	3.5163736	5.867561
doctor	4.999072	4.057411	5.1084375
talent	6.7011585	4.648635	6.5614204
source	6.056091	4.3487253	5.602938
lead	4.7153378	4.0207334	5.5772715
question	5.434486	3.797439	5.475479
publish	5.317214	4.1391945	5.7309213
interest	6.0622063	3.904718	5.801185
serve	5.1995378	3.2067373	5.8783083
divine	6.4683623	4.034081	5.7254405
put	5.347918	4.044999	5.4981356
shadow	5.115495	3.4352574	5.267555
practical	5.4866443	3.9052248	5.8829546
surface	5.3180275	3.3240924	5.114841
account	5.5106726	3.9623418	5.5257015
loss	4.2878094	4.5382643	4.479313
indian	5.2480006	5.029889	5.332252
vine	6.351137	3.556648	5.876773
certain	5.1784673	4.46295	5.4969764
sin	3.5543857	4.4436665	4.303596
necessity	4.3620157	4.182254	4.701029
lose	4.506792	4.6063304	4.867828
private	4.219424	3.7716897	5.198755
gentleman	5.499043	3.4727373	5.2931414
daughter	5.556472	4.332586	5.066993
drive	3.8645108	4.528258	4.502643
strange	4.678672	4.9553833	4.5709124
journey	5.938696	3.6394997	5.762518
uncle	5.9056454	4.01747	6.101326
species	5.3062725	4.701701	5.238946
think	5.61866	4.29989	5.562655
bed	5.2755194	3.3047493	5.3614664
wind	5.0862484	4.060636	4.9423847
bless	7.307807	4.019841	6.285079
destroy	3.735083	4.998276	4.659788
author	5.5024986	4.3184624	5.110201
sustain	5.1785107	4.051054	5.699143
black	4.543871	4.277948	4.4103374
event	5.9612017	4.617304	5.1911235
liberty	6.826689	4.8538103	6.138096
negro	4.26711	4.402071	4.5984993
little	5.205744	4.0137367	5.202173
fortune	5.7636437	4.2596064	5.3602085
touch	5.6497364	3.6167996	5.760199
kill	4.190332	5.2439866	4.681437
feature	5.309505	3.8607287	5.510262
happiness	7.2643948	4.376382	6.521336
assume	4.283087	3.750692	5.0571833
notion	5.633828	3.9651444	5.404718
purchase	6.0089436	3.8807225	6.250284
faithful	6.3963585	3.548646	6.2297983
soldier	4.280404	4.4986024	4.9144597
father	5.956954	4.0154796	5.354353
narrow	3.3724265	3.845069	4.264343
great	5.2682796	4.099197	5.0640826
tear	3.9780247	3.90095	4.4901214
honorable	5.524857	4.105169	6.0394144
previous	4.3081937	4.0337906	4.9036694
good	5.937661	3.690041	5.980298
domestic	5.0631413	3.7663689	5.0273013
glory	6.549075	4.543357	5.8268914
lay	4.8178506	3.3951309	5.5367737
occasion	5.1134753	4.1781397	5.0877366
guard	4.9072886	3.9985347	5.2485437
whole	5.220377	4.0827637	5.2392197
mouth	5.092915	4.1826415	5.3513527
receive	6.449464	3.723061	6.226569
take	5.101241	3.9295416	5.5482516
simple	6.1017704	3.6881235	5.8796406
error	3.5607526	4.320267	4.257609
wisdom	6.3417263	4.071091	6.0726657
rock	5.4684505	4.1591406	5.1373577
decide	5.0528145	4.123705	5.459376
exclaim	5.902754	4.6830225	5.680192
assure	6.7186174	4.1275625	6.4291177
sign	5.0972934	3.4981515	5.303015
preserve	5.9918876	3.5419436	5.9407067
commerce	5.6718154	4.356559	5.596823
plant	4.8834825	3.6258612	5.2741313
walk	5.558926	3.5367856	5.8428626
difference	5.299614	3.9540057	5.1440864
hang	4.9295897	3.7971787	5.291202
following	6.5003495	3.2948318	5.995157
employ	4.856414	3.919135	5.9005666
