deal	4.700833	4.365334	4.9643044
study	6.103368	3.9374163	6.3260164
afford	6.2296734	3.9768367	5.915705
service	5.6612263	3.8503919	5.842701
height	5.2684884	4.31093	5.2686095
prospect	6.7654724	4.3721232	6.0085297
pleasant	6.828879	4.0396347	6.1193457
shade	5.1822057	3.4590657	5.3176837
listen	5.2645817	4.213954	5.6093464
mighty	5.514189	4.4058485	5.4873233
country	5.4572935	3.6656885	5.481335
title	6.3286495	3.8968763	6.2657013
choose	5.3355384	3.6647873	5.651435
village	5.9741077	3.9706993	5.4501743
acquire	6.5589333	4.550585	6.7169003
rank	5.0954094	4.098066	5.1549926
bow	5.761191	3.4201322	5.71698
doctor	4.910162	3.8532362	5.0089726
talent	6.9055896	4.6156282	6.6570706
source	5.8487015	4.0520344	5.6472945
lead	5.021115	3.9828591	5.5329366
question	5.304062	3.862127	5.4814663
publish	5.559724	4.2751527	5.8289347
interest	5.740489	4.186355	5.555726
serve	5.0396266	3.4451482	5.677476
divine	6.4684668	3.9657984	5.677973
put	5.4278665	3.9719758	5.733362
shadow	4.934443	3.3790975	5.07735
practical	5.5983233	4.013152	5.8284874
surface	5.140996	3.1146913	4.925538
account	5.7367096	3.970259	5.5988326
loss	4.2976418	4.261125	4.449412
indian	5.0563693	4.9045906	5.4556007
vine	6.3217125	3.6577415	5.790379
certain	4.9202075	4.5329175	5.3469048
sin	3.6649706	4.542412	4.2268553
necessity	4.1369653	4.321231	4.698385
lose	4.684665	4.4655952	5.0165405
private	4.57021	3.6558099	5.284007
gentleman	5.753834	3.40853	5.3767357
daughter	5.571159	4.151177	5.041375
drive	4.0694337	4.7864227	4.6282334
strange	4.648232	4.971678	4.596552
journey	6.013859	3.871387	5.761772
uncle	5.8052974	3.5473363	5.9820995
species	5.504076	4.437195	5.2182827
think	5.3333063	4.455034	5.413457
bed	5.3903637	3.416454	5.381389
wind	5.1609745	4.168709	4.8752604
bless	7.470652	3.964324	6.3869076
destroy	3.9089227	5.00443	4.822599
author	5.582376	4.2041836	5.227222
sustain	5.1891103	3.9781437	5.6570864
black	4.5530033	4.3737335	4.782972
event	5.937484	4.3520393	5.114903
liberty	6.86635	4.7267985	6.1530104
negro	4.430405	4.3537097	4.784346
little	4.9267073	4.0468836	5.02103
fortune	5.962715	4.25133	5.3933
touch	5.6057653	3.768631	5.550472
kill	4.3979425	5.0700893	5.010458
feature	5.3747005	3.7839022	5.492649
happiness	7.033444	4.359617	6.45028
assume	3.9573116	3.642389	4.9359407
notion	5.451475	4.166434	5.3458924
purchase	6.218202	3.7597704	6.3846216
faithful	6.3755536	3.64405	6.0735903
soldier	4.52771	4.1946864	5.009675
father	5.7427783	4.0609355	5.2860956
narrow	3.5579324	3.60584	4.410516
great	5.3004384	4.2223244	5.2649665
tear	3.8469868	3.7626696	4.4299083
honorable	5.640714	4.197275	5.879236
previous	4.3049145	3.902682	4.872734
good	6.181014	3.5714993	6.081766
domestic	5.1327157	3.842257	4.977748
glory	6.7208743	4.448413	5.983112
lay	5.0263834	3.1918054	5.6760187
occasion	5.043684	4.2307467	4.9627604
guard	4.911224	3.7686827	5.3776283
whole	5.18553	4.2264686	5.2330294
mouth	5.156016	4.0329084	5.350107
receive	6.2236443	3.757058	6.073901
take	5.293567	3.8960638	5.4559655
simple	5.9637604	3.7759986	5.995735
error	3.6199512	4.2876062	4.2087746
wisdom	6.2768736	4.2408166	6.0367837
rock	5.5202837	4.1953588	5.1629834
decide	4.857718	4.0283613	5.3804684
exclaim	5.7123585	4.837858	5.638959
assure	6.9815545	4.0813403	6.804264
sign	5.032757	3.4151552	5.3127728
preserve	6.145381	3.558824	6.0727735
commerce	5.7974024	4.2991886	5.6195774
plant	5.1017966	3.736587	5.2072587
walk	5.608304	3.7878115	5.8432384
difference	5.1307015	3.9996905	5.20916
hang	4.8882346	3.801593	5.25886
following	6.552104	3.4450407	6.1023526
employ	5.0175176	3.937107	6.0223064
