deal	4.9492927	4.0465407	5.20226
study	6.130979	3.8483274	6.4283113
afford	6.2720222	3.9655132	5.6714067
service	5.631362	3.9546463	5.9176593
height	5.4051914	4.1738825	5.2736945
prospect	6.816513	4.308045	6.000986
pleasant	6.927369	3.8935413	6.1395507
shade	5.010415	3.721404	5.273554
listen	5.374014	4.11871	5.506436
mighty	5.560156	4.497993	5.4433765
country	5.2574325	3.6802032	5.437834
title	6.2825975	3.6920125	5.952928
choose	5.2380085	3.4971879	5.626956
village	5.9954114	3.9279416	5.607416
acquire	6.4746985	4.37344	6.6237497
rank	5.093895	4.0745206	5.0458016
bow	5.6476836	3.5241485	5.7503285
doctor	5.111107	3.8840966	4.9697695
talent	6.900874	4.535572	6.656974
source	6.015341	4.1630397	5.619739
lead	4.8725963	4.030755	5.507773
question	5.21541	3.7959704	5.604899
publish	5.509582	4.0814996	5.6590834
interest	6.0803123	4.0366144	5.7959814
serve	5.22688	3.4949615	5.6702976
divine	6.3821716	3.8810794	5.53388
put	5.4860435	3.7920368	5.4480085
shadow	5.0464225	3.5942183	5.1824875
practical	5.6585016	3.8777208	6.0039244
surface	5.1292143	3.0371828	4.8559923
account	5.596558	3.9882097	5.5183425
loss	4.5442195	4.3413014	4.561234
indian	5.007774	4.92095	5.3332753
vine	6.171833	3.4073718	5.892523
certain	4.7582216	4.4710536	5.1065626
sin	3.9808323	4.4345865	4.5095344
necessity	4.1786013	4.1717477	4.6957183
lose	4.7808557	4.574092	5.1745048
private	4.3677998	3.825868	5.178623
gentleman	5.8864923	3.3287003	5.5035996
daughter	5.7991147	4.2478995	4.9699626
drive	4.1487746	4.736928	4.785319
strange	4.5030613	4.8586464	4.46964
journey	6.130816	3.8391168	5.824396
uncle	6.1358657	3.8753052	6.2928205
species	5.0860925	4.4878078	4.9652762
think	5.705947	4.235864	5.601261
bed	5.594459	3.4139102	5.423612
wind	5.004119	3.9146328	4.76196
bless	7.2856827	3.9154046	6.3310647
destroy	3.7687466	4.974124	4.6179757
author	5.648491	4.178384	5.2965226
sustain	5.121629	3.850596	5.5779815
black	4.5804515	4.2972975	4.6468277
event	5.895526	4.3037586	5.027122
liberty	6.825939	4.7369056	6.1633043
negro	4.687257	4.330455	4.8042355
little	5.0021076	4.037701	4.8040624
fortune	6.0344024	4.336769	5.591136
touch	5.698814	3.6872492	5.5609007
kill	4.280117	4.9342966	4.7275496
feature	5.2646375	3.910432	5.5111113
happiness	7.338633	4.137882	6.6531734
assume	4.2069545	3.8126235	5.0095754
notion	5.7203836	3.9911137	5.575183
purchase	6.3145447	3.6739945	6.4334726
faithful	6.312999	3.5302055	6.0121055
soldier	4.553354	4.289046	4.9879904
father	5.789472	3.9344234	5.3473835
narrow	3.6084344	4.0567794	4.356912
great	5.0955153	3.9141855	5.1552587
tear	3.9904246	3.9369147	4.566515
honorable	5.7844963	4.1112223	6.125016
previous	4.3892293	3.9275627	4.8840375
good	6.3577094	3.7938101	6.155854
domestic	5.0567985	3.7745523	4.9454656
glory	6.865424	4.419155	6.1081405
lay	4.6289506	3.2713594	5.3683305
occasion	5.2104673	4.188099	4.9669433
guard	5.0034013	3.8181958	5.3319716
whole	5.198599	4.1166587	5.1310005
mouth	5.189584	4.1317773	5.498217
receive	6.1977825	3.5864089	5.952263
take	5.1732335	3.8682082	5.707873
simple	5.991559	3.819623	5.7795753
error	3.627582	4.397477	4.3314753
wisdom	6.4273696	3.8261201	6.050055
rock	5.707324	4.134454	5.292758
decide	4.9501915	3.9228356	5.4120913
exclaim	5.732436	4.672033	5.7517986
assure	6.7261963	3.8714137	6.4025264
sign	4.925383	3.5101955	5.1938267
preserve	5.7576694	3.298913	5.7702904
commerce	5.4633007	4.3631086	5.4133253
plant	4.837949	3.7173424	5.1340814
walk	5.487017	3.8194928	5.8320293
difference	5.0942388	4.001968	5.2471824
hang	4.735095	3.8522358	5.1009502
following	6.555266	3.4719715	6.050546
employ	4.845319	3.9594128	6.0148487
