deal	4.6310844	4.2072067	4.8378096
study	6.07428	3.9699166	6.3992434
afford	6.27859	4.024862	5.7756205
service	5.469969	4.031762	5.6906977
height	5.2224503	4.1026955	5.090144
prospect	6.869524	4.400846	6.070696
pleasant	6.7051535	3.9424174	5.986293
shade	5.030853	3.6750498	5.232034
listen	5.4577217	4.2302876	5.563642
mighty	5.662201	4.471258	5.451956
country	5.354976	3.6697671	5.4365025
title	6.346881	3.7079313	6.0982423
choose	5.4908633	3.7698374	5.997142
village	5.9695168	4.041926	5.470677
acquire	6.196056	4.5683284	6.4385176
rank	5.0345926	4.0931263	5.233646
bow	6.007202	3.5426588	5.9992485
doctor	5.114154	4.0295763	4.9413238
talent	6.8503375	4.6701183	6.7916746
source	6.1902046	4.17377	5.783325
lead	4.907738	4.0663753	5.361747
question	5.2160454	3.8377929	5.5743475
publish	5.58358	3.8801985	5.8834944
interest	5.914027	4.0860977	5.733614
serve	5.097006	3.3934734	5.4223356
divine	6.5588737	3.7971482	5.7592044
put	5.246841	4.1083975	5.541175
shadow	4.625023	3.4121654	5.0039473
practical	5.471558	3.776156	5.7974563
surface	5.1052628	3.2595925	4.842986
account	5.694427	3.9658434	5.4810843
loss	4.284692	4.353268	4.48976
indian	4.878859	4.811727	5.2491975
vine	6.3801427	3.561202	5.7481565
certain	4.770202	4.6262593	5.225404
sin	3.559864	4.349102	4.3566923
necessity	4.2059336	4.2240005	4.778779
lose	4.3442426	4.650218	4.925137
private	4.3761063	3.6411154	5.123455
gentleman	5.6963654	3.5077825	5.2736297
daughter	5.733771	4.2671366	5.162043
drive	4.130853	4.7167935	4.643952
strange	4.6391964	4.9085536	4.3608327
journey	6.063472	3.716587	5.7706327
uncle	6.0159054	3.932039	5.9277124
species	5.323691	4.6271024	5.1440034
think	5.4662523	4.2475624	5.3061404
bed	5.404529	3.4949958	5.394617
wind	5.0348835	4.0195723	4.7443314
bless	7.2707453	4.0440645	6.2455564
destroy	3.6930509	5.096537	4.5964985
author	5.5601172	4.389985	5.2109404
sustain	5.050129	3.9242609	5.5663505
black	4.3369627	4.446294	4.610169
event	6.033462	4.280373	5.0172205
liberty	6.9508705	4.597373	6.335639
negro	4.359618	4.219639	4.6252656
little	5.0393357	4.3116574	5.16366
fortune	6.1411777	4.264144	5.564185
touch	5.550888	3.7272391	5.445124
kill	4.4244366	5.065171	4.841991
feature	5.395482	3.9603217	5.4574375
happiness	7.320022	4.251431	6.6241612
assume	4.1088047	3.766811	5.016358
notion	5.516994	3.8654459	5.303217
purchase	6.249172	3.7898302	6.358464
faithful	6.177403	3.7712865	5.968498
soldier	4.406601	4.4284782	4.7828994
father	5.7339664	4.087262	5.156624
narrow	3.353273	3.9631727	4.255324
great	5.13365	4.1808596	5.194746
tear	4.2115417	3.8852324	4.6323514
honorable	5.6876554	4.158796	6.005427
previous	4.4778924	3.9200456	4.9021664
good	5.976365	3.6611614	5.9553385
domestic	5.2283306	3.6432102	5.050214
glory	6.743623	4.3980513	6.1511393
lay	4.3968353	3.4584439	5.2814293
occasion	5.197163	4.2089505	4.904382
guard	4.617872	3.9007049	5.1481795
whole	5.272255	4.22892	5.2008986
mouth	5.2393985	4.24585	5.548162
receive	6.2770195	3.6667013	5.9834614
take	5.019798	3.8520002	5.673845
simple	5.9823675	3.8455777	5.713524
error	3.4459963	4.412321	4.2545466
wisdom	6.2703943	3.9333596	6.088441
rock	5.4179916	4.269161	5.1128645
decide	5.034039	4.001121	5.6443415
exclaim	5.686604	4.7605667	5.646424
assure	6.687063	3.992021	6.442274
sign	5.1121244	3.562203	5.504837
preserve	5.6268005	3.5639164	5.833666
commerce	5.6762342	4.2188315	5.6285753
plant	5.3933973	3.7414317	5.377761
walk	5.7417583	3.8793359	5.930765
difference	4.9042177	3.8726096	5.1462016
hang	4.5784755	4.022403	5.049557
following	6.4907413	3.482579	5.8650484
employ	4.849481	4.08858	5.9937863
