deal	5.02767	4.3034763	5.211811
study	6.122986	4.058352	6.3699393
afford	6.2005205	3.894158	5.832985
service	5.48987	3.9548612	5.8598022
height	4.916222	4.273358	5.009657
prospect	6.7678933	4.3904805	5.8863015
pleasant	6.94086	4.0193167	6.022449
shade	5.12512	3.6243842	5.2179227
listen	5.0470195	4.1548057	5.475579
mighty	5.7307005	4.539227	5.651328
country	5.1948533	3.64182	5.1910563
title	6.296385	3.565904	6.1861677
choose	5.529957	3.6427834	5.9654503
village	5.9896727	3.8418822	5.4188643
acquire	6.2970824	4.3614683	6.583269
rank	5.13091	3.9293294	5.196858
bow	5.921015	3.4488583	5.76949
doctor	4.6058593	3.9737184	4.7255273
talent	7.048223	4.563583	6.794833
source	5.9986696	4.1313024	5.6835356
lead	4.7201633	4.1399856	5.2026234
question	5.09589	3.9813132	5.423405
publish	5.710385	3.8765109	5.7979746
interest	5.678638	4.0945263	5.592774
serve	5.115554	3.2952547	5.7674494
divine	6.4711657	3.9211142	5.6274066
put	5.6758623	3.7705503	5.574839
shadow	4.937881	3.4437897	5.1216984
practical	5.529517	3.8919892	5.770235
surface	5.217088	3.1981657	5.0086827
account	5.7052913	3.966915	5.6350555
loss	4.4586296	4.443589	4.5574994
indian	4.799908	4.822138	5.3571196
vine	6.35745	3.6713142	5.676711
certain	5.049414	4.61365	5.2528005
sin	3.340414	4.233331	4.0802383
necessity	4.2697554	4.2521763	4.700148
lose	4.298684	4.4696994	4.911867
private	4.247938	3.5002148	5.080801
gentleman	5.7503204	3.808331	5.3483562
daughter	5.6350384	4.136785	5.168284
drive	4.2272644	4.790721	4.6871142
strange	4.517355	4.838805	4.405194
journey	6.090852	3.612916	5.8140945
uncle	5.713888	4.0778894	5.7864914
species	5.287886	4.5968695	5.124896
think	5.370893	4.294813	5.3695717
bed	5.2224693	3.3387272	5.323653
wind	5.238176	3.9911559	5.003428
bless	7.2893867	4.014975	6.4136314
destroy	3.8766427	5.0263925	4.6997323
author	5.7613177	4.266556	5.4836245
sustain	5.084036	3.9660878	5.580982
black	4.215612	4.3522983	4.4719963
event	5.8225837	4.346428	5.020376
liberty	7.0637937	4.9136434	6.259736
negro	4.495676	4.402112	4.51878
little	5.00599	4.050558	4.950034
fortune	6.2066116	4.2163596	5.6470895
touch	5.524394	3.7778852	5.3963614
kill	4.3283525	5.02977	4.8292947
feature	5.2673182	3.938334	5.4441457
happiness	7.1829896	4.3234897	6.5463834
assume	4.0635896	3.6902478	4.9461985
notion	5.680475	4.070878	5.4470944
purchase	6.213397	3.6554134	6.5242996
faithful	6.3574724	3.562663	5.96672
soldier	4.295065	4.4928794	4.807236
father	5.7387915	3.7467978	5.3191595
narrow	3.4210243	3.780149	4.256555
great	5.2384205	4.247575	5.125629
tear	3.989199	4.1995792	4.5185175
honorable	5.70559	4.2804823	5.9089828
previous	4.4540563	3.9426389	5.020415
good	6.3627434	3.5999374	6.461399
domestic	4.8913774	3.5513742	4.901246
glory	6.7547855	4.3493466	6.0727434
lay	4.821354	3.4396164	5.5437713
occasion	5.0862985	4.2640567	5.101148
guard	4.943631	3.8147461	5.3005743
whole	5.2555656	4.056	5.3038826
mouth	4.967783	4.0225687	5.2791615
receive	6.3234205	3.737262	5.9201694
take	5.34554	3.901473	5.400244
simple	5.7565446	3.6955504	5.7325225
error	3.3911514	4.388124	4.108387
wisdom	6.325096	3.9354582	6.1126966
rock	5.5497637	4.2891645	5.205206
decide	4.9331307	4.2018704	5.516613
exclaim	5.9769826	4.732824	5.802425
assure	6.9502025	4.1099434	6.629963
sign	5.2844424	3.3097396	5.4215007
preserve	5.8653526	3.356101	5.7999935
commerce	5.51243	4.2068305	5.5069656
plant	4.853684	3.7094216	5.028576
walk	5.8249607	3.7505872	5.9073825
difference	4.7586856	4.1096263	4.947912
hang	5.0809393	3.756575	5.3267775
following	6.519648	3.4239526	6.0218205
employ	4.9516363	3.9087467	6.157877
