deal	5.450649	4.4676943	5.5164356
study	6.0234785	3.9537964	6.5379624
afford	6.5388174	4.129693	5.939621
service	5.4522667	3.9826875	5.9020133
height	5.1529818	4.050586	5.22406
prospect	6.908533	4.4146857	6.1538086
pleasant	6.9751873	4.2067084	6.1810493
shade	5.2552433	3.479679	5.356302
listen	5.378925	4.1308174	5.5309296
mighty	5.803092	4.5131516	5.5930653
country	5.2464886	3.721189	5.4173355
title	6.3006573	3.8835936	6.114717
choose	5.341028	3.4335766	5.6757627
village	6.105512	3.9137084	5.5969048
acquire	6.7330904	4.539818	6.742136
rank	5.304293	4.0308814	5.296112
bow	5.760302	3.6062188	5.6781282
doctor	5.0067744	3.9085433	5.0169864
talent	7.0587378	4.547016	6.804126
source	6.0552654	4.1942344	5.707058
lead	4.9972515	3.9378288	5.6192102
question	5.4632173	3.8708925	5.622737
publish	5.611912	4.1077275	5.9046817
interest	5.8679724	4.0309772	5.670637
serve	5.1570106	3.3422348	5.566933
divine	6.2537575	3.9879162	5.5289025
put	5.6451416	3.930697	5.751358
shadow	4.954936	3.5064645	5.190939
practical	5.599708	4.004982	5.8549204
surface	4.9956098	3.2425637	4.8878183
account	5.7442913	3.930287	5.58138
loss	4.3874264	4.382247	4.407126
indian	4.9831786	4.752025	5.2202578
vine	6.0350738	3.8008773	5.551921
certain	4.73969	4.6063485	5.2963276
sin	3.579296	4.295249	4.4181433
necessity	4.175064	4.380744	4.664392
lose	4.3801193	4.671593	4.954814
private	4.4127455	3.6958556	5.098424
gentleman	5.814404	3.6923203	5.5503206
daughter	5.491268	4.233445	4.949833
drive	4.2341347	4.692111	4.834175
strange	4.5501046	4.7918077	4.5937004
journey	6.1946	4.0050077	5.8306684
uncle	6.1984053	3.7405765	6.0140104
species	5.1788554	4.3694735	4.8783298
think	5.7567906	4.1763196	5.5853405
bed	5.502903	3.2018664	5.4986005
wind	5.2076416	4.230348	5.0393796
bless	7.080964	4.068307	6.19879
destroy	3.858643	4.850465	4.552197
author	5.650317	4.253782	5.3900485
sustain	5.115238	4.086408	5.559309
black	4.2853136	4.3163285	4.3463197
event	5.8299894	4.4808373	4.9102373
liberty	6.871617	4.886442	5.892311
negro	4.829607	4.248618	4.693454
little	5.281292	4.123915	5.1821218
fortune	6.233744	4.235158	5.611911
touch	5.5522046	3.6886444	5.5235786
kill	4.382579	4.8637786	4.7657185
feature	5.4693465	3.7264478	5.561045
happiness	7.090977	4.260833	6.289779
assume	4.050662	3.5989394	5.0406413
notion	5.924478	3.9741266	5.5458302
purchase	6.4782715	3.7687092	6.4967813
faithful	6.2829213	3.7239635	6.061208
soldier	4.4576707	4.4610243	4.932604
father	5.54885	3.9479852	5.2887344
narrow	3.5335293	3.944995	4.442094
great	5.189786	4.6121025	5.4740014
tear	3.8495917	3.9717746	4.385276
honorable	5.6181593	4.4111986	5.8606324
previous	4.418574	4.0898376	5.057955
good	6.198303	3.763611	6.195279
domestic	5.033627	3.6924498	4.900343
glory	6.839139	4.494663	6.1332364
lay	4.93257	3.323369	5.595902
occasion	5.022968	4.447593	5.0901623
guard	4.9395094	3.755104	5.3560567
whole	5.31994	4.0587997	5.3480306
mouth	5.009224	4.028525	5.414359
receive	6.3076496	3.8884401	6.110951
take	5.1688294	3.9071074	5.9851356
simple	5.895057	3.5972857	5.7892447
error	3.468905	4.284726	4.2531624
wisdom	6.4331574	3.9751775	6.2205553
rock	5.5764475	4.1029305	5.2919197
decide	5.165694	4.2470636	5.709672
exclaim	5.868573	4.6776533	5.894305
assure	6.845448	4.063531	6.6386356
sign	4.6633015	3.618282	4.987067
preserve	5.8837914	3.3906107	5.7975583
commerce	5.6770554	4.4075327	5.7374043
plant	4.5446825	3.858158	5.038761
walk	5.736783	3.8700953	5.929311
difference	4.755415	4.1103067	5.28438
hang	4.8381395	3.790808	5.134857
following	6.5160007	3.6735077	5.9463286
employ	5.183708	3.8722649	6.1860085
