deal	5.173214	4.1431446	5.3902354
study	6.1951857	3.8832111	6.4101796
afford	6.129257	3.7865517	5.699337
service	5.676971	3.9468734	5.8202267
height	5.2869496	4.393138	5.0579767
prospect	6.653174	4.3887315	5.9432592
pleasant	6.826703	3.8586316	6.1422033
shade	5.040357	3.6010869	5.2744555
listen	5.249324	4.2039075	5.428242
mighty	5.6996613	4.4803314	5.6779094
country	5.1363907	3.597067	5.366476
title	6.5323195	3.810168	6.0376296
choose	5.279121	3.5946453	5.7910957
village	6.1440153	3.966254	5.3818607
acquire	6.6622124	4.3602076	6.6085405
rank	5.2633677	3.9795399	5.3591576
bow	5.697711	3.5118864	5.7759275
doctor	4.9189887	3.8133354	4.9774823
talent	6.9609485	4.5754423	6.663517
source	6.103512	4.103263	5.696351
lead	4.9551735	3.8463705	5.5092278
question	5.140036	3.834295	5.4520907
publish	5.485352	4.0704584	5.718997
interest	5.903126	4.1704555	5.827197
serve	5.280318	3.4869058	5.6481695
divine	6.508164	3.9637532	5.8652554
put	5.4293704	3.7282774	5.721984
shadow	4.999591	3.526439	5.0954094
practical	5.675551	4.0070705	5.9652305
surface	5.349226	3.337396	5.0192194
account	5.5626497	3.905381	5.351586
loss	4.466381	4.388601	4.6295
indian	5.0601673	4.8986073	5.2556086
vine	6.1680555	3.886282	5.704623
certain	4.899441	4.4354987	5.3407755
sin	3.6937237	4.310807	4.381012
necessity	4.4182334	4.2107882	4.8265066
lose	4.662669	4.4440703	4.941387
private	4.3176003	3.7342315	5.228619
gentleman	5.6117744	3.5055213	5.261228
daughter	5.717366	4.2341976	5.0599203
drive	4.2293425	4.5889344	4.8034244
strange	4.7128134	4.8400826	4.7021937
journey	6.04669	3.8713386	5.6943455
uncle	5.7429457	3.7530322	5.7174478
species	5.473143	4.4789906	5.1343956
think	5.470393	4.3625236	5.561975
bed	5.425283	3.531563	5.4089384
wind	5.1858687	4.060508	4.932603
bless	7.276376	4.0091467	6.4102726
destroy	3.8545115	4.913781	4.6173916
author	5.849305	4.204333	5.3755507
sustain	5.115694	3.8593864	5.6545167
black	4.154633	4.352793	4.4253182
event	5.7941513	4.4976315	5.139452
liberty	6.6192513	4.6613584	6.16677
negro	4.352849	4.3413396	4.580443
little	5.0572543	3.8848577	5.1647997
fortune	6.2658052	4.227353	5.5801125
touch	5.529967	3.8606343	5.4012527
kill	4.350316	5.1345277	4.7105136
feature	5.222964	3.9057825	5.320588
happiness	7.1664076	4.453877	6.4129477
assume	4.2684097	3.726143	5.0717816
notion	5.693875	3.9005382	5.284071
purchase	6.245646	3.7564788	6.2783213
faithful	6.268589	3.7057693	6.18453
soldier	4.4755745	4.3878517	4.8172493
father	5.753862	4.1089554	5.074401
narrow	3.4891884	3.6797023	4.3739767
great	5.5292654	4.1284394	5.6473284
tear	4.1202803	3.973629	4.794235
honorable	5.636869	4.3070626	5.856146
previous	4.438244	3.970796	4.896955
good	6.2751613	3.4730844	6.4086533
domestic	4.6752315	3.7080503	4.812403
glory	6.83206	4.4470367	6.148555
lay	4.8389235	3.3069634	5.5904565
occasion	4.99168	4.2072477	4.910844
guard	4.865895	3.624658	5.2049856
whole	5.201808	4.2157335	5.327224
mouth	5.171401	4.000673	5.332649
receive	6.329055	3.7543678	6.0818176
take	5.089599	3.627864	5.8194346
simple	5.983855	3.7442389	5.83352
error	3.6455343	4.4091363	4.3512926
wisdom	6.457453	4.267744	6.1477847
rock	5.518915	4.2727323	5.2036695
decide	4.9453616	4.060622	5.640008
exclaim	5.9334216	4.7642965	5.8825035
assure	6.7793574	4.0198154	6.4929585
sign	4.865921	3.5673785	5.0884724
preserve	5.6911354	3.3794165	5.8584833
commerce	5.3865848	4.286792	5.5044136
plant	4.7661424	3.929523	5.2543554
walk	5.6135726	3.6843069	5.9618754
difference	5.176165	3.8825123	5.3473244
hang	4.7141433	3.8529289	5.1276083
following	6.7230215	3.5631697	6.1149387
employ	5.114505	3.7973611	6.033533
