deal	5.2201896	4.4031677	5.2682242
study	6.4544744	3.8472078	6.6348133
afford	6.2225494	3.953898	5.7757406
service	5.8697767	4.0255	5.9882083
height	5.0796514	4.109224	5.1538706
prospect	6.8545113	4.3449693	6.0411177
pleasant	6.7651143	3.8641253	5.92852
shade	5.265313	3.7040918	5.4240675
listen	5.124759	4.2145014	5.4824805
mighty	5.6209164	4.455737	5.646715
country	5.5360675	3.7212472	5.4880886
title	6.094155	3.8258998	5.8537154
choose	5.288367	3.5330727	5.68801
village	6.0139365	4.036462	5.58577
acquire	6.476902	4.368079	6.695818
rank	5.0746202	4.1440563	5.099535
bow	5.8480716	3.3550172	5.895968
doctor	4.8570194	3.8436692	4.798786
talent	7.175106	4.476483	6.7591543
source	5.8552475	4.2865715	5.5488667
lead	4.763649	3.8761008	5.5032945
question	5.5042334	3.8252568	5.7161865
publish	5.4411116	4.068247	5.704113
interest	6.0140295	4.2040586	5.8340564
serve	5.162199	3.651763	5.624015
divine	6.4088826	3.87818	5.5831738
put	5.6175494	3.9981284	5.6361446
shadow	4.955212	3.4354742	5.0993114
practical	5.724586	3.9070332	6.1062803
surface	5.0974736	3.2181542	4.9180484
account	5.458495	4.066665	5.4642344
loss	4.7552347	4.505088	4.816683
indian	5.0536604	4.879507	5.3469877
vine	6.0478816	3.506352	5.5229197
certain	4.9325466	4.399028	5.2860456
sin	3.4792564	4.40415	4.1321316
necessity	4.17004	4.22479	4.678169
lose	4.667031	4.3579726	5.28854
private	4.5584	3.9593349	5.377463
gentleman	5.8329973	3.5380387	5.5013585
daughter	5.6104794	4.125163	5.1426077
drive	4.0070744	4.5048847	4.6094813
strange	4.6154776	4.8851504	4.587383
journey	6.2624874	3.9641647	5.914341
uncle	5.6087923	4.064616	5.855362
species	5.6191874	4.434883	5.182963
think	5.439189	4.2356877	5.478187
bed	5.2640634	3.3075106	5.3409357
wind	5.207626	4.1559434	4.9453135
bless	7.2975426	3.982367	6.233054
destroy	3.8581524	4.878443	4.676901
author	5.709695	4.355276	5.367605
sustain	5.173593	3.8931026	5.5640874
black	3.940505	4.1667924	4.4184327
event	5.9443316	4.4263024	5.1251874
liberty	6.998268	4.6077485	6.246234
negro	4.297376	4.268502	4.589538
little	4.864807	4.147298	5.047826
fortune	6.285166	4.4417987	5.629526
touch	5.550874	3.6675894	5.5542693
kill	4.443987	4.9910746	4.9224014
feature	5.333365	3.8843994	5.536912
happiness	7.393478	4.203055	6.5153885
assume	4.1369395	3.7340326	4.998413
notion	5.65615	4.015458	5.5088305
purchase	6.26941	3.8308525	6.470936
faithful	6.2610044	3.7237353	6.0233936
soldier	4.3205786	4.4919043	4.9154744
father	5.8780336	4.052827	5.445241
narrow	3.3640246	3.8000078	4.3522587
great	5.3196244	4.1784964	5.3621583
tear	4.016995	4.0077395	4.6268306
honorable	5.5953445	4.2530036	5.854991
previous	4.594433	3.9942293	5.0652785
good	6.4530287	3.6543417	6.2228723
domestic	5.1931496	3.712727	5.0681057
glory	6.681658	4.515207	5.966939
lay	4.6921067	3.2304137	5.4516826
occasion	5.095046	4.2786827	5.0594926
guard	5.047882	3.8325095	5.120646
whole	5.2857423	3.9469228	5.163866
mouth	4.8570685	4.232161	5.3402653
receive	6.2532167	3.7726014	6.20205
take	5.1441364	3.8130255	5.582189
simple	5.9537754	3.6969755	5.993523
error	3.4184327	4.400161	4.1779394
wisdom	6.5342045	4.186321	6.320012
rock	5.3761783	4.09666	5.251399
decide	5.095931	4.02971	5.782
exclaim	5.757369	4.5655966	5.600853
assure	6.9082074	3.9212067	6.6522074
sign	5.110194	3.4585028	5.1914887
preserve	5.8216534	3.4349086	5.7847404
commerce	5.3718076	4.268129	5.4265046
plant	4.914923	3.847827	5.186778
walk	5.6347885	3.6905823	5.713182
difference	5.3382564	3.934577	5.4650874
hang	4.6534014	3.9033144	5.006179
following	6.2966733	3.4986978	5.85604
employ	4.9322147	3.9119365	5.960078
