deal	4.8489704	4.162381	5.3391166
study	6.1884646	4.1340213	6.1159425
afford	6.0487213	4.084216	5.8917346
service	5.8412094	3.9620261	5.9097395
height	5.6589108	3.7882383	5.547845
prospect	6.315442	4.3865595	5.6294084
pleasant	6.768923	3.5741477	6.209574
shade	5.5547805	3.4942303	5.750783
listen	5.5925245	3.8594553	5.737408
mighty	5.561751	4.532339	5.35223
country	5.775783	4.148889	5.539266
title	5.8231792	3.9441113	5.722315
choose	5.6571608	3.7283423	5.8202047
village	5.7014036	3.7909982	5.2467866
acquire	6.1172495	3.921821	6.431609
rank	5.2148046	4.422126	5.4895935
bow	5.786578	3.5144033	5.9867735
doctor	4.820325	3.740087	5.1455927
talent	6.463826	4.455211	6.4251585
source	5.828821	4.0969987	5.735304
lead	5.1237063	4.2944126	5.450506
question	5.222548	4.305545	5.442219
publish	5.953925	3.88773	5.6183066
interest	5.823089	4.3359427	5.8443575
serve	5.5892653	3.8031242	5.9244595
divine	5.8835063	4.595513	5.2822824
put	5.2067866	3.8204467	5.51903
shadow	5.1023684	3.7336886	5.224724
practical	5.9281707	3.9523659	6.0708294
surface	5.674731	3.3747265	5.4264784
account	5.511781	4.2942863	5.3756156
loss	4.7467914	4.322804	4.789736
indian	5.2368746	4.134903	5.083838
vine	5.6774716	4.063015	5.355392
certain	5.4877367	4.128223	5.580603
sin	3.9089162	4.3578877	4.2969117
necessity	5.07854	4.4546466	5.201577
lose	5.3612566	4.2348638	5.4180174
private	4.9466896	4.075132	5.3502803
gentleman	5.8935914	4.2127647	5.774734
daughter	5.757331	4.2085648	5.539
drive	4.714517	4.547435	4.9399037
strange	5.210228	4.368287	4.983978
journey	6.1982045	3.7598763	5.750674
uncle	5.8701043	4.020215	5.398732
species	5.68124	4.091509	5.2001963
think	5.572273	4.279774	5.6265607
bed	5.3845987	3.6825733	5.3117075
wind	5.1389947	4.227791	5.0574923
bless	6.1959496	3.9125984	5.844663
destroy	4.1129227	4.6399317	4.581341
author	6.0765023	4.253121	5.706185
sustain	5.671502	3.941731	5.6538215
black	4.567152	3.9588122	4.989448
event	5.5294333	4.428809	5.3081813
liberty	5.8851533	4.2491994	5.712341
negro	4.96545	4.317748	5.0548735
little	5.90305	3.8440382	5.695089
fortune	6.050564	4.563713	5.619461
touch	5.7347383	4.108851	5.5443735
kill	4.083457	4.954565	4.607031
feature	5.7410855	4.2667103	5.677895
happiness	6.370084	4.4055505	5.9900246
assume	5.335777	3.9849088	5.5059032
notion	5.0580792	4.1773224	5.079565
purchase	5.616852	3.9469416	5.821443
faithful	5.668359	4.0693607	5.795289
soldier	5.1288476	4.460885	5.420983
father	5.647367	4.0563865	5.460701
narrow	4.6636624	3.3215227	4.864851
great	5.8385606	4.166155	5.8045692
tear	4.6547556	4.0714746	4.751612
honorable	5.2824907	4.3344784	5.5113463
previous	5.12087	3.853337	5.1532536
good	5.8866	4.0862904	5.9659834
domestic	5.519108	3.9606197	5.688836
glory	6.599868	4.459109	6.059526
lay	5.590339	3.6434383	5.605735
occasion	5.4907737	4.3406944	5.5070677
guard	4.754866	4.3652954	5.509744
whole	5.772773	3.81198	5.646124
mouth	4.9231224	4.0212555	5.0855093
receive	6.030626	4.041011	5.9323387
take	5.4551435	3.9360352	5.61031
simple	6.505612	3.8370287	5.9318533
error	4.130333	4.3835177	4.634674
wisdom	6.4356537	3.7985442	6.2815285
rock	5.6210885	4.1315393	5.210796
decide	5.379972	4.2103057	5.7149706
exclaim	5.6629195	4.5892925	5.8122063
assure	5.98673	4.309178	5.87411
sign	5.1636295	3.9402015	5.649488
preserve	5.9515457	3.8113768	5.76492
commerce	5.8190045	3.916409	5.663068
plant	5.4654145	4.006903	5.4307666
walk	5.7650743	3.69638	5.731182
difference	5.2798967	3.9011374	5.597154
hang	4.81115	4.1030655	5.029578
following	5.9954357	3.769857	5.731015
employ	5.89231	3.7384336	5.9216166
