deal	4.9444666	4.067858	5.558584
study	6.3556385	4.150378	6.2506757
afford	6.1303053	4.00544	6.02345
service	5.6587386	4.086825	5.901169
height	5.5463896	4.0272346	5.4469795
prospect	6.487728	4.1944547	5.767623
pleasant	6.810374	3.3149126	6.2222815
shade	5.6269135	3.5511315	5.736247
listen	5.691876	4.0987606	5.693192
mighty	5.4991183	4.308804	5.4121027
country	5.79184	4.1587014	5.5971775
title	5.905426	3.9418206	5.6667185
choose	5.513117	3.7381692	5.837165
village	5.699531	3.9101381	5.2846947
acquire	6.2758923	3.9531713	6.5418644
rank	5.459675	4.504532	5.5025897
bow	5.743327	3.4197593	5.8190928
doctor	5.058633	3.66426	5.3352323
talent	6.635256	4.6430674	6.5210524
source	5.974291	4.1327167	5.6831284
lead	5.1832514	4.300983	5.5025005
question	5.158367	4.203943	5.4786186
publish	5.9971924	3.953921	5.609308
interest	5.8272142	4.291005	5.8900886
serve	5.4804335	3.8758812	5.8836174
divine	5.850719	4.4672523	5.320122
put	5.213846	3.8203628	5.444356
shadow	5.1358504	3.735173	5.121231
practical	6.0715647	3.9952188	6.0471687
surface	5.5011644	3.4219062	5.4991765
account	5.458746	4.297007	5.420372
loss	4.67634	4.468293	4.9591475
indian	5.394742	4.214531	5.1983666
vine	6.010608	3.6502395	5.5006404
certain	5.55258	4.132422	5.686983
sin	3.7194076	4.425316	4.215881
necessity	5.099298	4.453161	5.192614
lose	5.436657	4.1773577	5.5214887
private	5.136842	4.1289015	5.4901953
gentleman	5.9684715	4.084236	5.8971934
daughter	6.212825	4.1464157	5.7576737
drive	4.6807394	4.5332212	4.910898
strange	5.3204885	4.310778	5.151104
journey	5.8277063	3.8182669	5.561747
uncle	5.94097	4.216647	5.5345716
species	5.412941	4.196757	5.114847
think	5.592275	4.218487	5.636718
bed	5.25024	3.6828313	5.3526235
wind	5.199698	4.0662274	5.169204
bless	6.343335	3.9981685	5.9519725
destroy	3.965714	4.6245637	4.53984
author	6.163916	4.2893486	5.80009
sustain	5.326814	4.1489367	5.48361
black	4.741121	3.8949754	4.9393477
event	5.5839043	4.361355	5.3247848
liberty	5.759773	4.3147902	5.5924973
negro	5.3225765	4.012079	5.248301
little	5.9110255	3.8579443	5.7651634
fortune	6.10044	4.364243	5.713899
touch	5.632131	4.1223884	5.5633984
kill	4.077188	4.9072194	4.6214366
feature	5.644323	4.2493377	5.771672
happiness	6.708009	4.407743	6.1083035
assume	5.2110972	4.0423503	5.4358983
notion	5.027937	4.2960796	4.998661
purchase	5.7456894	3.7776327	5.877979
faithful	5.871526	3.8534503	5.8318396
soldier	5.209033	4.44804	5.4844465
father	5.590911	4.0549073	5.429489
narrow	4.1884537	3.421225	4.765318
great	5.865717	4.1837635	5.857838
tear	4.7352705	4.1550736	4.9002056
honorable	4.943922	4.3200192	5.2790966
previous	5.0946097	4.0111504	5.1949143
good	5.9044056	3.9966278	5.978315
domestic	5.6053777	3.759791	5.7404394
glory	6.526032	4.539252	5.9517937
lay	5.4263935	3.649645	5.5303106
occasion	5.5456376	4.403657	5.5227394
guard	5.020549	4.292719	5.598416
whole	5.7823954	3.8920834	5.6443605
mouth	5.0530815	4.2373033	5.1341968
receive	5.924413	4.0902762	5.88048
take	5.5018697	3.84619	5.6413274
simple	6.388565	3.9111526	5.837391
error	3.9230194	4.5752406	4.482723
wisdom	6.561277	3.909598	6.0336094
rock	5.523117	4.187946	5.4435234
decide	5.466204	4.04736	5.7031164
exclaim	5.70498	4.4662724	5.724289
assure	6.0178747	4.1919966	5.7185984
sign	5.2796116	4.119221	5.7601604
preserve	6.0340147	3.7597532	5.894012
commerce	5.666074	3.831184	5.6182485
plant	5.423414	3.8051264	5.518924
walk	5.817622	3.6775784	5.8492765
difference	5.29883	3.8720913	5.5973825
hang	4.6789517	4.0593886	4.9698043
following	6.0163827	3.7719007	5.741731
employ	5.857622	3.766726	5.9624815
