deal	4.971534	4.247911	5.564481
study	6.205751	4.011595	6.199681
afford	6.3648896	4.1757126	6.0921984
service	5.7389135	3.9764733	5.9277024
height	5.786976	3.9153767	5.612138
prospect	6.3802395	4.2390113	5.737284
pleasant	6.895606	3.4374185	6.3107853
shade	5.64772	3.666528	5.698851
listen	5.750851	3.881802	5.89354
mighty	5.315312	4.3784037	5.210206
country	5.6787844	4.1682067	5.579293
title	5.744472	3.974568	5.628176
choose	5.452957	3.7032146	5.815136
village	5.648666	3.9887445	5.3765903
acquire	6.086926	4.032328	6.2505293
rank	5.1572676	4.246787	5.432689
bow	5.6249948	3.3655376	5.8021097
doctor	4.904189	3.7022834	5.2530804
talent	6.4216294	4.6379833	6.5281305
source	5.8789124	4.1752577	5.8463387
lead	5.150703	4.193564	5.4644837
question	5.132229	4.2092705	5.52529
publish	5.8149233	3.9691992	5.5863357
interest	5.831291	4.3607965	5.844108
serve	5.5212965	3.773398	5.897559
divine	6.137452	4.179521	5.3660727
put	5.236837	3.8477972	5.468495
shadow	5.175249	3.5961382	5.2401123
practical	5.9451356	3.9247842	6.1741223
surface	5.685692	3.4859395	5.633758
account	5.4067554	4.344283	5.43988
loss	4.714904	4.4254637	4.906168
indian	5.3594923	4.152252	5.0696383
vine	6.091097	3.482194	5.7171535
certain	5.474252	4.0231223	5.544248
sin	4.3187895	4.2164373	4.4424815
necessity	5.205902	4.4585724	5.351154
lose	5.2212934	4.1391506	5.310726
private	4.983531	4.118594	5.395418
gentleman	5.982377	4.204784	5.802052
daughter	5.8889327	3.9509187	5.6199937
drive	4.876341	4.5491214	5.0114355
strange	5.1127925	4.351715	5.059616
journey	5.994191	3.6516805	5.7742543
uncle	5.696245	4.283453	5.517891
species	5.6990757	4.146579	5.1915298
think	5.565383	4.1423717	5.6944537
bed	5.3954673	3.6165433	5.3775353
wind	5.199708	4.246132	5.223075
bless	6.1776924	3.793153	6.02349
destroy	4.063974	4.6518755	4.631142
author	5.9563184	4.21648	5.759827
sustain	5.5208406	4.0725245	5.5424666
black	4.6746993	3.9689145	4.8706737
event	5.48405	4.255171	5.4451103
liberty	5.549872	4.290683	5.5528703
negro	5.45312	4.231351	5.1578574
little	5.9033394	3.839125	5.703771
fortune	5.934868	4.4904265	5.6619315
touch	5.675663	4.1043344	5.6593456
kill	4.163822	4.7971673	4.6929293
feature	5.685118	4.0205398	5.7562447
happiness	6.518473	4.3079815	6.0857196
assume	5.1567855	3.8956914	5.58593
notion	4.8160443	4.177716	5.0162234
purchase	5.619089	3.9312427	5.7166276
faithful	5.5878406	4.0579724	5.6565223
soldier	5.0786223	4.416067	5.4348774
father	5.548757	3.8433294	5.455665
narrow	4.127543	3.697117	4.712437
great	5.866466	4.18781	5.852989
tear	4.614947	4.0646873	4.8885574
honorable	5.4309125	4.39262	5.502072
previous	5.347259	3.9511092	5.2962594
good	5.891716	4.0319185	5.9546847
domestic	5.7013736	3.715212	5.827737
glory	6.588443	4.36888	6.063969
lay	5.3396263	3.6060448	5.529696
occasion	5.592916	4.3821316	5.5213833
guard	4.896289	4.0968184	5.5486364
whole	5.6740794	3.7530892	5.540795
mouth	5.2079883	4.2766557	5.115425
receive	5.8545365	4.1532135	5.896481
take	5.412076	3.8235304	5.5705967
simple	6.396629	3.9552238	5.9576273
error	4.1971073	4.4758162	4.729175
wisdom	6.5447736	3.7956078	6.1026273
rock	5.5362244	4.2248926	5.3332376
decide	5.277877	4.0511665	5.6894126
exclaim	5.6801724	4.546131	5.843057
assure	5.9812174	4.1442738	5.8743634
sign	5.3586082	4.163802	5.6588874
preserve	5.8792996	3.834818	5.87456
commerce	5.6771154	3.9739833	5.5803456
plant	5.8227077	3.8600585	5.74127
walk	5.645923	3.8607535	5.7287197
difference	5.106138	3.7753012	5.435673
hang	4.7983847	4.0095854	5.063454
following	5.8438473	3.7771513	5.6793103
employ	5.606229	3.9354403	5.8510313
