deal	5.0638905	4.1448565	5.4830923
study	6.3725953	3.9901745	6.2376757
afford	6.1618977	4.0761757	5.997642
service	5.8283916	4.04929	5.9796
height	5.654493	3.9711058	5.5906043
prospect	6.4245353	4.3436203	5.838211
pleasant	6.8635974	3.5614276	6.240424
shade	5.862786	3.5222871	5.818479
listen	5.5356755	3.9409866	5.6978974
mighty	5.565347	4.387686	5.395963
country	5.7826667	4.1643305	5.5535774
title	5.865263	4.100335	5.539045
choose	5.640238	3.7828827	5.8189898
village	5.667496	3.8983335	5.407661
acquire	6.1331687	4.094996	6.3035197
rank	5.227811	4.4824395	5.3223844
bow	5.741637	3.3972595	5.885686
doctor	5.096069	3.7071147	5.256909
talent	6.5173903	4.6292467	6.4000497
source	5.7633877	4.08492	5.5502462
lead	5.3655415	4.285454	5.598763
question	5.0784664	4.296289	5.423747
publish	5.737187	4.059289	5.63019
interest	5.7357802	4.3871975	5.848441
serve	5.661298	3.8205962	5.948825
divine	6.086801	4.3383675	5.5584745
put	5.2167873	3.806975	5.5124207
shadow	5.334477	3.5779517	5.3070545
practical	5.836578	3.84679	6.0559483
surface	5.739262	3.3687577	5.4761147
account	5.375368	4.1963177	5.4652085
loss	4.669185	4.335282	5.0564423
indian	5.3005033	4.1735945	5.1267147
vine	5.865243	3.863493	5.516015
certain	5.470774	4.1915665	5.5943227
sin	4.0237646	4.249125	4.4707093
necessity	4.9086733	4.358743	5.187278
lose	5.263892	4.2133336	5.3884077
private	5.2181587	4.282187	5.4870224
gentleman	6.041068	4.1067533	5.8818974
daughter	6.193504	4.210692	5.7384973
drive	4.6905594	4.3972964	4.9309363
strange	5.299067	4.371878	5.023405
journey	6.0320168	3.9264967	5.6998096
uncle	5.519148	4.1439157	5.341519
species	5.7150965	4.019644	5.426918
think	5.681147	4.181151	5.715418
bed	5.4685874	3.583934	5.359586
wind	5.0227065	4.099482	5.098637
bless	6.639446	3.8357248	6.109829
destroy	4.251028	4.5408416	4.914198
author	5.8523	4.1963024	5.7837725
sustain	5.4308634	4.0488415	5.4878855
black	4.9322124	3.7426686	5.021739
event	5.449186	4.177558	5.2879286
liberty	5.970697	4.2361584	5.810517
negro	5.491544	4.239208	5.051223
little	5.97511	3.841113	5.7848196
fortune	6.038701	4.5245214	5.6879673
touch	5.764857	4.124005	5.543132
kill	4.265708	4.85279	4.759133
feature	5.790051	4.1671906	5.747924
happiness	6.563181	4.3423986	6.0521007
assume	5.2486506	4.0073137	5.6004195
notion	4.971868	4.223977	4.8875275
purchase	5.490687	3.9952703	5.7494073
faithful	5.857385	3.8814611	6.0336766
soldier	5.0306797	4.4336042	5.4332213
father	5.736818	4.007765	5.5646434
narrow	4.4636593	3.4737854	4.91428
great	5.8427925	4.197677	5.7583566
tear	4.5306444	4.1165257	4.6884823
honorable	5.4586964	4.418079	5.49316
previous	5.3273053	4.056723	5.2561884
good	6.1025624	4.092653	6.0922503
domestic	5.609361	3.840106	5.645733
glory	6.862516	4.449966	6.1151657
lay	5.56153	3.628344	5.6910725
occasion	5.5521283	4.3787527	5.57237
guard	4.7551446	4.149801	5.6395226
whole	5.846425	3.818878	5.675653
mouth	5.100874	3.9908214	5.191347
receive	5.945073	4.0647597	5.943999
take	5.534418	3.8330345	5.685892
simple	6.3292046	3.7840173	6.0407963
error	4.127743	4.3709793	4.686086
wisdom	6.895917	3.8063717	6.430105
rock	5.6175323	4.017191	5.344217
decide	5.1766834	4.210957	5.622147
exclaim	5.7426486	4.461705	5.8377566
assure	6.0189	4.268649	5.8450437
sign	5.3172083	4.183506	5.957051
preserve	5.9926834	3.716174	5.870033
commerce	5.7439375	4.0449452	5.5616627
plant	5.763635	3.8850603	5.5503006
walk	5.9218965	3.7411282	5.86879
difference	4.844731	3.8037858	5.1725554
hang	4.769532	4.0837946	5.028997
following	6.175052	3.8404536	5.942665
employ	5.7859874	3.89756	6.149987
