deal	4.988494	4.2557206	5.4417114
study	6.148595	3.9415433	6.2126565
afford	6.258071	4.148811	6.0570145
service	5.9368377	4.0858216	6.057777
height	5.617641	4.0221477	5.536832
prospect	6.503229	4.3395815	5.727349
pleasant	6.926303	3.7014818	6.224288
shade	5.6904554	3.5034487	5.8042574
listen	5.5908804	3.9362159	5.822372
mighty	5.476739	4.425879	5.48494
country	5.6974726	4.182874	5.5642767
title	5.94479	3.8938897	5.701648
choose	5.5447035	3.862924	5.7791095
village	5.6996317	3.928453	5.432371
acquire	6.146868	4.087021	6.3947105
rank	5.246715	4.3245635	5.4398756
bow	5.69503	3.3882985	5.788348
doctor	5.071484	3.9857154	5.1963177
talent	6.3381543	4.5761433	6.408446
source	5.935585	3.9299161	5.7737103
lead	5.024317	4.2383037	5.43076
question	4.935115	4.180373	5.2863255
publish	5.812244	3.9349942	5.5807347
interest	5.7990775	4.205908	5.827128
serve	5.495079	3.8308403	5.9329996
divine	5.943845	4.404647	5.461586
put	5.1089725	3.8025725	5.376988
shadow	5.277893	3.6458802	5.2932677
practical	6.1206737	3.8193815	6.1628013
surface	5.5550795	3.3917875	5.495473
account	5.529241	4.3027234	5.413394
loss	4.8158145	4.2289124	4.9520297
indian	5.2620873	4.207342	5.0657935
vine	5.5519676	3.5066645	5.263962
certain	5.474372	4.2291803	5.5363116
sin	3.936553	4.3194466	4.4251804
necessity	5.047772	4.2797117	5.1567254
lose	5.2878428	4.2208624	5.3987894
private	5.190751	4.011563	5.5670133
gentleman	6.1083617	4.0256047	5.8843794
daughter	5.996207	3.9838822	5.4855433
drive	4.7991047	4.5091743	5.061749
strange	5.065626	4.4828086	4.910761
journey	6.1129026	3.7156758	5.7296343
uncle	5.69953	4.2597528	5.34793
species	5.7708015	4.141497	5.316454
think	5.465359	4.2530546	5.5740013
bed	5.4625425	3.763371	5.4013305
wind	5.3843975	4.1042876	5.201352
bless	6.239732	3.851443	5.980655
destroy	3.8744895	4.5927444	4.5266438
author	6.095824	4.2855077	5.738971
sustain	5.552756	4.034662	5.5688562
black	4.7423897	4.056146	5.0266533
event	5.5928597	4.3530807	5.414522
liberty	5.768977	4.3114614	5.700384
negro	5.4379034	4.381721	5.12736
little	5.8370605	3.8965707	5.710673
fortune	5.9356356	4.4510503	5.5458555
touch	5.8310094	4.123102	5.614032
kill	4.036311	4.969616	4.713448
feature	5.71229	4.087819	5.5791025
happiness	6.554902	4.2664614	6.079657
assume	5.296946	4.0023246	5.539193
notion	4.8698144	4.240079	4.8505516
purchase	5.868857	4.166063	5.7931952
faithful	5.5786095	4.022324	5.8155074
soldier	5.076995	4.339284	5.4625316
father	5.7789974	3.9013221	5.606434
narrow	4.5210037	3.3918998	4.882216
great	5.8253903	4.2493424	5.8500695
tear	4.7216353	4.08385	4.7262516
honorable	5.1270447	4.2814093	5.494481
previous	5.423781	3.9043717	5.32028
good	5.9450274	4.100525	6.0226398
domestic	5.860195	3.8118362	5.72357
glory	6.5360227	4.456908	6.1577682
lay	5.2878613	3.5637577	5.520397
occasion	5.4201427	4.3656783	5.464922
guard	4.815674	4.1352005	5.605983
whole	5.6841726	3.8072083	5.6139092
mouth	5.178177	4.077153	5.272823
receive	5.970087	4.079567	5.9222627
take	5.4814534	3.8868382	5.6224766
simple	6.4013324	3.987158	5.9874263
error	4.0623994	4.506611	4.386788
wisdom	6.763729	3.5541453	6.4693446
rock	5.5202713	4.1890984	5.3370514
decide	5.2335873	4.23501	5.5165987
exclaim	5.5198846	4.532206	5.6431837
assure	6.0711255	4.2846255	5.983796
sign	5.2184854	4.3454623	5.6541204
preserve	5.897481	3.7711437	5.8613286
commerce	5.507712	3.688186	5.683264
plant	5.373512	3.6521575	5.347557
walk	5.7554193	3.7825825	5.8468604
difference	5.11941	3.8949385	5.5076203
hang	4.8127112	4.0485163	5.1356215
following	6.0154786	3.8892915	5.783529
employ	5.603116	3.839913	5.91365
