deal	4.914684	3.9746885	5.4526787
study	6.386925	4.0057306	6.1992455
afford	6.2639384	4.11406	6.0562944
service	5.851644	3.9252417	5.866807
height	5.742053	4.05874	5.577297
prospect	6.390154	4.3498664	5.683831
pleasant	6.7182555	3.4401848	6.1377487
shade	5.730197	3.5962055	5.7216883
listen	5.5465355	3.9544258	5.717385
mighty	5.574787	4.4712434	5.3408732
country	5.7317524	4.161812	5.579509
title	5.9401536	3.9602191	5.5740795
choose	5.415655	3.7154105	5.759414
village	5.7313704	3.6917	5.3167334
acquire	6.110565	3.86971	6.3241887
rank	5.441269	4.522148	5.4623632
bow	5.978948	3.5865107	5.9464912
doctor	4.9909654	3.674736	5.2830944
talent	6.5826173	4.5227003	6.5075603
source	6.065732	4.1660023	5.660645
lead	5.144806	4.2151804	5.5501814
question	5.142361	4.0720882	5.5064673
publish	5.7974997	4.086614	5.640317
interest	5.937593	4.3125906	5.8868914
serve	5.5518456	3.81619	5.758174
divine	5.9593472	4.4131455	5.4916754
put	5.1718946	3.8464308	5.4058895
shadow	5.2387285	3.7057185	5.2657037
practical	6.084951	3.757709	6.1214347
surface	5.51865	3.5380886	5.4335494
account	5.4747386	4.2435713	5.4598055
loss	4.704014	4.3446608	4.9448223
indian	5.493462	4.074034	5.1937275
vine	5.7909026	3.7491727	5.3022895
certain	5.5376034	4.032152	5.521384
sin	3.883976	4.5126424	4.301852
necessity	5.0474715	4.325798	5.1436605
lose	5.282757	4.0706053	5.395114
private	5.281965	4.14455	5.491587
gentleman	6.0972304	4.0815144	5.835321
daughter	6.2549086	4.2483106	5.736734
drive	4.637403	4.463298	4.9368334
strange	5.162294	4.2910852	4.9879413
journey	6.187596	3.755425	5.5828285
uncle	5.6946554	4.110799	5.3180346
species	5.6269884	3.9841096	5.276291
think	5.5287633	4.1223	5.5555167
bed	5.4898686	3.6979337	5.522073
wind	5.1341214	4.1966453	4.983368
bless	6.346615	3.979628	5.910487
destroy	4.099634	4.5516195	4.594263
author	6.0206003	4.3383837	5.7578497
sustain	5.440739	3.9918747	5.5037208
black	4.7588644	3.8973665	4.95425
event	5.570161	4.344316	5.3073797
liberty	5.838174	4.418599	5.691239
negro	5.3925104	4.4197426	5.2081194
little	5.9719667	3.7792084	5.696435
fortune	5.971766	4.4631095	5.479965
touch	5.7683706	4.005352	5.572694
kill	4.0527687	4.9109416	4.617853
feature	5.654329	3.985568	5.672298
happiness	6.8464184	4.329927	6.2856684
assume	5.118866	4.0654883	5.5370674
notion	5.114825	4.147605	5.0721583
purchase	5.5173197	3.906005	5.825906
faithful	5.769633	3.881554	5.790062
soldier	5.0378113	4.4155827	5.3878226
father	5.7158856	3.9102201	5.4542727
narrow	4.4643164	3.3202677	4.6855097
great	5.911471	4.14717	5.8735194
tear	4.4994106	4.118565	4.5670476
honorable	5.4522986	4.313801	5.477638
previous	5.285937	3.7898111	5.3667507
good	5.9213743	4.028088	5.9645247
domestic	5.8901763	3.9801075	5.8910174
glory	6.7093334	4.599903	6.036091
lay	5.4436884	3.624486	5.623191
occasion	5.50776	4.317731	5.49024
guard	4.8601303	4.2879205	5.5177097
whole	5.7340713	3.8081071	5.5683208
mouth	5.064453	4.198299	5.151961
receive	5.994837	3.950472	5.991679
take	5.4223294	3.8751028	5.590267
simple	6.4930797	3.6907978	6.024828
error	4.441835	4.3730946	4.8776135
wisdom	6.87086	3.8745465	6.2930946
rock	5.5252466	3.9798403	5.388034
decide	5.452679	4.01155	5.7780266
exclaim	5.4208727	4.391487	5.668872
assure	6.1032414	4.2859	5.9032626
sign	5.336939	4.151856	5.7063913
preserve	5.9001293	3.7740717	5.7598677
commerce	5.683354	4.067682	5.6775107
plant	5.4285035	3.9163775	5.3584795
walk	5.63457	3.6544726	5.593639
difference	5.033632	3.8538308	5.3982506
hang	4.518048	3.9783568	4.8887286
following	6.1623144	3.875383	5.9054503
employ	5.589887	3.7794604	5.912852
