deal	4.742558	4.253973	5.300008
study	6.3777394	3.9408548	6.254513
afford	6.2404766	4.0033245	6.006224
service	5.529272	4.069184	5.880913
height	5.5051174	3.9331114	5.3914914
prospect	6.3973594	4.371058	5.7488284
pleasant	7.027488	3.287601	6.349489
shade	5.5895348	3.5412338	5.7699566
listen	5.534856	3.8425717	5.6793737
mighty	5.5633516	4.425011	5.445231
country	5.7213945	4.103032	5.5614905
title	5.8967404	4.033289	5.726934
choose	5.4468923	3.629975	5.712188
village	5.7042146	3.848081	5.3699536
acquire	6.081324	3.8495831	6.27182
rank	5.277939	4.3982835	5.3846545
bow	5.771754	3.3902717	5.89105
doctor	5.131334	3.83472	5.2540083
talent	6.23244	4.5392084	6.4205737
source	5.906116	3.8079326	5.5931234
lead	5.2013316	4.2337575	5.5207453
question	5.060768	4.2843184	5.3314643
publish	5.8545012	3.965621	5.583045
interest	5.929958	4.297324	5.924178
serve	5.434761	3.9239087	5.942268
divine	5.9603267	4.1741	5.4740887
put	5.1627407	3.7577477	5.409563
shadow	5.1273327	3.723474	5.2772036
practical	6.043485	3.8084774	6.0928435
surface	5.6853623	3.2907498	5.5274324
account	5.383417	4.3202734	5.3670797
loss	4.749783	4.341725	4.856866
indian	5.3474555	4.0931125	5.1055727
vine	6.072679	3.5057116	5.521627
certain	5.4639425	4.062582	5.5406504
sin	4.1495137	4.2185445	4.471375
necessity	5.1670856	4.37558	5.307287
lose	5.388348	4.1689863	5.3595915
private	5.0231466	4.075413	5.2878966
gentleman	6.104099	4.090878	5.8454223
daughter	6.052714	3.991099	5.643272
drive	4.7507706	4.5125513	5.0298367
strange	5.195905	4.3507457	4.9996524
journey	6.0525503	3.5343182	5.7358003
uncle	5.476184	4.1761465	5.2929883
species	5.747784	4.0817432	5.4090905
think	5.60281	4.1251802	5.6171236
bed	5.431661	3.6214683	5.408352
wind	5.22631	4.036723	5.143873
bless	6.1272902	3.7896912	5.8827
destroy	4.1206474	4.592931	4.5686207
author	6.0875998	4.2859898	5.5561805
sustain	5.54106	3.9407935	5.571446
black	4.615435	3.9373217	4.8944
event	5.43981	4.336867	5.364075
liberty	5.7594175	4.20527	5.718132
negro	5.259483	4.2486405	5.1436715
little	5.97254	3.7472174	5.745432
fortune	5.9315577	4.4807115	5.607056
touch	5.7935867	4.0482025	5.5663323
kill	4.2007804	4.9086504	4.6691236
feature	5.73414	4.0660763	5.6368504
happiness	6.5798593	4.153606	6.108978
assume	5.2338877	3.8716965	5.451927
notion	5.072508	4.191837	5.0891943
purchase	5.759448	3.8836486	5.826081
faithful	5.826891	4.0668015	5.8523016
soldier	5.046738	4.4059453	5.348098
father	5.6201043	3.839548	5.4364686
narrow	4.384199	3.561741	4.6171665
great	5.8663087	4.135673	5.7532134
tear	4.683648	4.1012216	4.882313
honorable	5.299944	4.425058	5.565754
previous	5.3757114	3.8102355	5.1984367
good	6.0035973	3.9635088	6.023402
domestic	5.821031	3.763774	5.6190186
glory	6.728062	4.31455	6.114586
lay	5.477503	3.5327682	5.5294647
occasion	5.669561	4.304107	5.5962167
guard	4.845457	4.1901016	5.461606
whole	5.727814	3.7485046	5.5463753
mouth	4.7628384	4.037229	4.946637
receive	5.858571	4.0483565	5.8302794
take	5.517741	3.8052118	5.6359024
simple	6.4413037	3.814657	5.9923034
error	3.9754953	4.388556	4.3627095
wisdom	6.6703963	3.537637	6.4425783
rock	5.648545	4.0324793	5.3338914
decide	5.188744	4.1895037	5.473602
exclaim	5.69288	4.5195146	5.7990513
assure	6.3214364	4.2080364	5.91995
sign	5.2148657	4.268081	5.7494583
preserve	6.0182743	3.6967545	5.921356
commerce	5.6535277	3.7719297	5.581144
plant	5.5610704	3.7490861	5.4874926
walk	5.9552627	3.6142082	5.8792663
difference	5.108917	3.7893283	5.409511
hang	4.755352	4.0214396	5.0203314
following	6.1085343	3.7800167	5.947891
employ	5.7063546	3.844946	5.921084
