deal	5.03547	4.104986	5.4599876
study	6.315876	4.095862	6.205486
afford	6.1058517	4.0575323	6.016881
service	5.7815223	4.1476336	5.94189
height	5.6443043	3.926681	5.4679947
prospect	6.2208	4.215065	5.679614
pleasant	6.7296677	3.6489763	5.9706073
shade	5.62611	3.5626953	5.778796
listen	5.3271914	3.8297577	5.52467
mighty	5.616981	4.4798055	5.43867
country	5.650118	4.1353917	5.5519056
title	6.02413	3.8586755	5.7128086
choose	5.6859	3.607845	5.81756
village	5.6203966	3.7974846	5.2601233
acquire	6.214468	4.1248937	6.3194394
rank	5.3475113	4.4185953	5.5351734
bow	5.6667595	3.3836179	5.799577
doctor	4.6369367	3.7431037	4.885912
talent	6.367982	4.705821	6.559343
source	5.750472	3.9698737	5.5860076
lead	5.145043	4.2614822	5.3759294
question	4.953314	4.2467575	5.4598427
publish	5.845305	3.9510076	5.6965575
interest	5.8532214	4.2510934	5.8991284
serve	5.674693	3.841299	5.975806
divine	5.964647	4.226987	5.4999156
put	5.2954097	3.8875434	5.4820905
shadow	5.0563974	3.8230522	5.3166246
practical	5.960764	3.9690082	5.9983854
surface	5.7357078	3.4880276	5.6550255
account	5.447523	4.2849636	5.431477
loss	4.817709	4.396515	4.8636684
indian	5.4568067	3.8965397	5.152134
vine	5.4916763	4.041732	5.2116623
certain	5.3402047	4.082753	5.424606
sin	4.4118586	4.3718514	4.7484536
necessity	4.83691	4.299874	5.0535345
lose	5.2546997	4.129611	5.332191
private	5.188668	4.1908665	5.5939975
gentleman	6.076385	4.2022367	5.8137937
daughter	6.1115294	4.0634174	5.673577
drive	4.708129	4.4575243	4.93322
strange	5.2540135	4.354186	5.083749
journey	6.106201	3.7966032	5.6719613
uncle	5.7272234	4.0267005	5.394413
species	5.762517	4.227399	5.3793488
think	5.549854	4.2267056	5.5660024
bed	5.480939	3.6611037	5.444496
wind	5.1080093	4.2111926	5.0541067
bless	6.2754984	3.9250035	5.9407616
destroy	4.023967	4.4322944	4.590316
author	6.1176805	4.1677337	5.8414807
sustain	5.331266	4.0836706	5.358861
black	4.8651614	3.838988	5.035534
event	5.4771347	4.379064	5.254106
liberty	5.7211876	4.2352905	5.6207194
negro	5.1747465	3.9445877	5.112187
little	5.902543	3.8247905	5.6861315
fortune	5.8749027	4.5671372	5.6124988
touch	5.7554073	3.9852853	5.593678
kill	4.257283	4.7767744	4.5995364
feature	5.5358553	4.050614	5.7062316
happiness	6.607896	4.280274	6.1862664
assume	5.141596	3.9528835	5.4832597
notion	5.1874266	4.0674787	5.088442
purchase	5.632452	4.1250553	5.7972703
faithful	5.9749355	4.145798	5.9680037
soldier	4.9376817	4.3134694	5.3934813
father	5.7455354	3.9109626	5.503443
narrow	4.390596	3.552476	4.7385445
great	5.8831253	4.206018	5.81314
tear	4.49807	4.12702	4.7687902
honorable	5.2956953	4.216323	5.5316863
previous	5.2465887	3.8705878	5.188135
good	6.000891	4.1476955	5.9957013
domestic	5.645661	3.8516803	5.780051
glory	6.629807	4.509324	6.0291266
lay	5.52226	3.487931	5.6894836
occasion	5.560179	4.3808107	5.5175076
guard	4.8174424	4.3136826	5.513217
whole	5.6901164	3.8967006	5.597905
mouth	5.071452	4.123533	5.210126
receive	5.8413863	4.030715	5.8703046
take	5.497481	3.8145082	5.628208
simple	6.1780887	3.9216304	5.7418585
error	4.162752	4.256442	4.6807103
wisdom	6.681488	3.6850586	6.2543936
rock	5.907543	4.0741777	5.599141
decide	5.1416016	3.9853826	5.71207
exclaim	5.575169	4.3178673	5.794098
assure	5.927768	4.147521	5.7850614
sign	5.1969256	3.934651	5.7103405
preserve	5.9331384	3.722601	5.754505
commerce	5.82575	3.9077377	5.7930436
plant	5.394772	3.8774734	5.3800263
walk	5.784256	3.8201394	5.7933598
difference	5.1201544	3.8630009	5.4772882
hang	4.920707	4.083273	5.0431714
following	6.098735	3.7047215	5.871041
employ	5.478611	3.7964046	5.8036304
