deal	4.8451924	4.0484257	5.3295884
study	6.2308083	3.906735	6.2355123
afford	6.157943	4.0845714	6.065561
service	5.743631	4.0061	5.8279734
height	5.6109095	3.8925462	5.4861336
prospect	6.332079	4.3792453	5.642696
pleasant	6.757613	3.5445428	6.1947336
shade	5.390238	3.379639	5.5642843
listen	5.6027937	3.829043	5.547026
mighty	5.5990057	4.3368382	5.3362164
country	5.694826	4.2157693	5.4900117
title	6.087541	3.7997024	5.79782
choose	5.313602	3.6359017	5.6962633
village	5.614783	3.7311985	5.222314
acquire	6.1273365	4.0389366	6.362336
rank	5.323189	4.495415	5.324574
bow	5.555116	3.2775106	5.7422686
doctor	4.6764684	3.877438	5.129754
talent	6.3146467	4.4580774	6.264545
source	6.016892	3.990257	5.6701956
lead	5.2248626	4.28	5.440394
question	5.1286483	4.2232428	5.361294
publish	5.843967	4.221432	5.7204986
interest	5.851022	4.349344	5.8827815
serve	5.572673	3.8484082	5.9214745
divine	6.0454683	4.132001	5.495635
put	5.230509	3.773736	5.440874
shadow	5.0246615	3.612085	5.210947
practical	5.9730983	3.7982025	6.0009675
surface	5.5712357	3.284475	5.689408
account	5.555393	4.196491	5.4698334
loss	4.8072414	4.472332	4.7797446
indian	5.3842893	4.0986953	5.1918306
vine	5.7739534	3.6296432	5.36512
certain	5.4154334	4.14353	5.5415163
sin	3.8658054	4.264515	4.3926406
necessity	5.009648	4.2797413	5.2246246
lose	5.3988676	4.2072487	5.32215
private	5.243028	4.048392	5.4556904
gentleman	6.0259714	4.1005387	5.79099
daughter	5.9877844	4.0889893	5.565917
drive	4.72374	4.510689	4.982179
strange	5.3397403	4.3979077	5.165563
journey	6.129685	3.7502606	5.7213464
uncle	5.958809	4.2107334	5.435106
species	5.540626	3.9402716	5.204463
think	5.6448135	4.1745844	5.6040606
bed	5.6635747	3.6325223	5.5039177
wind	5.1311855	4.2401686	5.0310316
bless	6.3353643	3.8909671	5.9424887
destroy	4.1211767	4.596517	4.6844416
author	6.0860267	4.216224	5.6553707
sustain	5.361924	4.066315	5.337168
black	4.585778	3.851855	4.912379
event	5.5743456	4.331652	5.295519
liberty	6.0635405	4.230675	5.783644
negro	5.3523006	4.2518206	5.1882997
little	5.9995227	3.833659	5.7706547
fortune	6.13244	4.46891	5.6243906
touch	5.886552	4.036496	5.6125383
kill	4.030937	4.851327	4.524905
feature	5.7615976	4.0815783	5.7514887
happiness	6.7559056	4.293648	6.004954
assume	5.0138383	3.946364	5.464439
notion	5.3468623	4.1235166	5.1035886
purchase	5.7397547	3.9498281	5.913868
faithful	5.820766	3.941066	5.9259543
soldier	5.0767846	4.4503655	5.307978
father	5.556671	3.9625652	5.354644
narrow	4.6675625	3.3831573	4.8824673
great	5.73097	4.1081758	5.734748
tear	4.568581	4.314287	4.7520533
honorable	5.1979237	4.3141937	5.3917494
previous	5.4639997	3.897201	5.51376
good	6.005246	4.0209994	5.9786906
domestic	5.448927	3.9212675	5.6520205
glory	6.692935	4.3156533	5.967661
lay	5.4517975	3.5189216	5.5792847
occasion	5.393809	4.322699	5.4550695
guard	4.872833	4.2793474	5.4773226
whole	5.682408	3.8368537	5.5898447
mouth	4.9774957	4.1226525	4.9877715
receive	5.9145684	4.143436	5.9127893
take	5.4778457	3.791933	5.639212
simple	6.554981	3.838091	6.0154285
error	4.2074566	4.3968525	4.601802
wisdom	6.6872363	3.4099278	6.293393
rock	5.4153657	4.1552753	5.2214775
decide	5.2593303	4.233915	5.6103086
exclaim	5.7379355	4.4860053	5.8823714
assure	6.1177526	4.194151	5.9221697
sign	5.306761	4.0871973	5.713068
preserve	5.9371758	3.663602	5.858707
commerce	5.742658	3.9799552	5.760991
plant	5.333679	3.738756	5.3575783
walk	5.79279	3.6564717	5.783407
difference	5.3563333	3.9064982	5.4806323
hang	4.894744	4.1568155	4.9250917
following	6.0074058	3.6821604	5.828837
employ	5.667549	3.885252	5.9147906
