deal	4.873723	4.0268626	5.374652
study	6.39333	4.0276628	6.194707
afford	6.2195315	3.9482634	5.913068
service	5.8111124	4.0865145	5.943467
height	5.8160315	3.8723505	5.6150193
prospect	6.3183494	4.4375935	5.648414
pleasant	6.859463	3.4742472	6.2640877
shade	5.641164	3.6726444	5.85267
listen	5.61612	3.920592	5.715583
mighty	5.331145	4.348812	5.33127
country	5.7628956	4.178141	5.5239825
title	5.8998885	3.808496	5.609408
choose	5.630204	3.9175377	5.9420943
village	5.823201	3.9010384	5.34213
acquire	6.120416	4.0178843	6.3480525
rank	5.3688293	4.4390836	5.4956875
bow	5.6063046	3.4870505	5.8281584
doctor	4.8238053	3.7258272	5.1667128
talent	6.391048	4.569199	6.3516517
source	5.9411054	4.0631905	5.5725274
lead	5.241116	4.319508	5.4432592
question	4.975027	4.259821	5.308859
publish	5.901054	3.7406816	5.7950773
interest	5.9116435	4.307919	5.819789
serve	5.632481	3.9874299	6.0933595
divine	5.788748	4.1756396	5.2975245
put	5.314499	3.8108313	5.5158243
shadow	5.3570256	3.888413	5.3623905
practical	6.035065	3.9552035	6.1389647
surface	5.8560286	3.326837	5.5899625
account	5.4426494	4.294262	5.397552
loss	4.8253317	4.4308534	4.8737626
indian	5.3699055	4.173986	5.153499
vine	5.837544	3.6931894	5.645872
certain	5.2620044	4.1884737	5.3979893
sin	3.9820137	4.2239943	4.3133965
necessity	4.8699107	4.2318015	4.971571
lose	5.379548	4.248603	5.423233
private	5.115221	4.051256	5.3987265
gentleman	5.9649887	4.1104007	5.8811955
daughter	6.1024866	4.2653184	5.647354
drive	4.9373875	4.489975	5.1592407
strange	5.256807	4.4923334	5.1038733
journey	6.035156	3.9251506	5.5414615
uncle	5.743573	4.4959	5.264836
species	5.6466846	3.9347098	5.2470245
think	5.5707855	4.2089477	5.6485996
bed	5.361976	3.6039648	5.4382763
wind	5.2037497	4.211362	4.9456377
bless	6.140179	4.0275826	5.872593
destroy	4.2044897	4.695409	4.7525682
author	5.9943433	4.0917397	5.7716856
sustain	5.526956	3.9726074	5.4504633
black	4.8024	3.900914	5.1200676
event	5.4331093	4.252814	5.2681403
liberty	6.069693	4.376765	5.6228023
negro	5.264459	4.335274	5.118152
little	5.988785	3.8583622	5.794196
fortune	5.9336424	4.6504993	5.583317
touch	5.712092	3.9881134	5.503026
kill	4.2546606	5.0983667	4.5418224
feature	5.699066	4.1965365	5.676485
happiness	6.6783366	4.6240945	6.18727
assume	5.059018	3.9105396	5.4838376
notion	5.0595064	4.4008737	5.0307865
purchase	5.7527514	3.9135835	5.724379
faithful	5.606779	4.007367	5.7304263
soldier	5.0419655	4.3961635	5.476793
father	5.751366	4.0091133	5.4415035
narrow	4.204406	3.5011106	4.617228
great	5.9091263	4.1572857	5.7976303
tear	4.6175504	4.149242	4.706193
honorable	5.068985	4.2639694	5.192415
previous	5.2192354	3.7574956	5.2650633
good	5.948579	4.079496	5.941495
domestic	5.7235255	3.8057814	5.8186255
glory	6.525183	4.50366	5.898054
lay	5.51027	3.5396175	5.642742
occasion	5.711592	4.3131285	5.6079693
guard	4.821542	4.195319	5.5896096
whole	5.8409824	3.788272	5.6922045
mouth	4.8401985	4.1967363	4.968975
receive	5.8644643	4.1065407	5.8609915
take	5.539921	3.8742623	5.713103
simple	6.2890425	3.8683257	5.812783
error	4.0920997	4.4053054	4.5079603
wisdom	6.561592	3.8551078	6.192736
rock	5.697601	4.1453605	5.4493217
decide	5.295003	4.2888856	5.778696
exclaim	5.5650434	4.5822163	5.859849
assure	6.1682153	4.387771	5.9356623
sign	5.1285343	4.0484996	5.8014264
preserve	6.016406	3.6388474	5.947917
commerce	6.0388184	3.9695482	5.743247
plant	5.421279	4.000205	5.542282
walk	5.840101	3.7809534	5.8131638
difference	5.118287	3.7918684	5.3404393
hang	4.814206	4.056716	5.023261
following	6.0200243	3.9183679	5.710739
employ	5.7412877	3.7135952	6.065973
