deal	4.932619	4.1914754	5.529723
study	6.4767056	3.9514766	6.373781
afford	6.521947	3.9317238	6.162544
service	5.898453	4.069223	6.0029974
height	5.8046308	3.7615376	5.8459196
prospect	6.5252686	4.2387333	5.8223944
pleasant	6.915702	3.4517226	6.3527036
shade	5.621376	3.3380523	5.6395335
listen	5.5940056	4.053916	5.743497
mighty	5.5134974	4.503417	5.4623237
country	5.748485	4.1949887	5.561202
title	5.951194	4.008897	5.5361347
choose	5.542075	3.6935425	5.8893595
village	5.6504555	3.835612	5.277193
acquire	6.228209	3.9060202	6.406781
rank	5.268356	4.481027	5.4574523
bow	5.996832	3.4281335	6.0014906
doctor	4.968038	3.7245235	5.199077
talent	6.511144	4.511326	6.459271
source	6.159038	3.9627814	5.750143
lead	5.1794863	4.214459	5.422829
question	5.0615964	4.2034245	5.3548017
publish	6.25129	3.9902215	5.7712483
interest	5.912321	4.2498546	5.9128666
serve	5.456884	3.8867779	5.8717184
divine	6.0410976	4.112691	5.4893913
put	5.406796	3.7192674	5.537939
shadow	5.2331333	3.5186758	5.2036986
practical	6.0228286	3.857517	6.168204
surface	5.5427704	3.2963147	5.492391
account	5.5076795	4.3500023	5.5381403
loss	4.840083	4.294004	5.0363398
indian	5.1744423	4.136012	4.9888105
vine	5.8688164	3.7604616	5.4352584
certain	5.573456	4.050323	5.6082134
sin	4.008095	4.2031455	4.425994
necessity	5.1326475	4.348482	5.193818
lose	5.265221	4.1968145	5.4688563
private	5.2338524	3.9811873	5.523056
gentleman	5.902948	4.1200023	5.795047
daughter	6.180393	3.9525447	5.812671
drive	4.7629294	4.59891	5.000788
strange	5.3973184	4.385359	5.221716
journey	6.512798	3.7741854	5.858949
uncle	5.679535	4.237939	5.658107
species	5.8460865	4.0238485	5.3345413
think	5.5690107	4.172154	5.6732793
bed	5.4655333	3.7347848	5.3764205
wind	5.1754045	4.0910034	5.0787454
bless	6.4404383	3.8267422	6.140527
destroy	4.3180604	4.4638977	4.624766
author	6.2250457	4.3129506	5.7889442
sustain	5.3588796	4.0301814	5.5431385
black	4.814492	3.818007	5.1242065
event	5.628045	4.352614	5.4393716
liberty	5.9441237	4.213953	5.7729154
negro	5.074957	4.246591	4.9244018
little	6.018923	3.777772	5.75793
fortune	5.9739547	4.4964013	5.6128535
touch	5.6726255	4.065735	5.602419
kill	4.253183	4.8036757	4.75723
feature	5.750784	4.0756807	5.789697
happiness	6.5091686	4.2207136	6.023522
assume	5.029171	3.951803	5.4618707
notion	5.1521792	4.289503	5.090477
purchase	5.491912	4.1144614	5.665749
faithful	5.924827	3.9705453	5.9433975
soldier	5.0523	4.355817	5.375352
father	5.713806	3.9421194	5.581417
narrow	4.5219374	3.2815702	4.960978
great	5.955768	4.1428485	5.8510137
tear	4.66117	4.182752	4.906
honorable	5.2337093	4.286968	5.413803
previous	5.2198586	4.018408	5.185529
good	6.1397133	3.9520464	6.080727
domestic	5.71824	3.7465842	5.722738
glory	6.6336102	4.205051	6.0144196
lay	5.37151	3.5636406	5.4982815
occasion	5.5061235	4.319835	5.48124
guard	4.945393	4.154429	5.5947056
whole	5.7101226	3.761577	5.62384
mouth	5.409928	3.924508	5.497078
receive	6.0882115	4.041173	5.990825
take	5.579635	3.8133032	5.680005
simple	6.471295	3.8754447	6.0016932
error	4.0904965	4.3909206	4.5969553
wisdom	6.689892	3.43587	6.2337127
rock	5.8283763	3.8709197	5.4568596
decide	5.110963	4.2254825	5.498266
exclaim	5.2092543	4.6087303	5.550441
assure	6.2216854	4.2692385	6.0177484
sign	5.448821	4.110951	5.896058
preserve	5.834277	3.7262123	5.7892504
commerce	5.5552526	3.7419755	5.6202054
plant	5.4815	3.767326	5.4083796
walk	5.950589	3.6729045	5.8647923
difference	5.185554	3.999681	5.333671
hang	4.916402	4.1721535	5.071201
following	6.179735	3.9206033	5.828959
employ	5.805377	3.8510203	5.8847656
