deal	4.9822636	4.141414	5.457588
study	6.415957	3.9511192	6.2975025
afford	6.2689915	3.9604135	5.920108
service	5.724925	4.0289135	5.9447126
height	5.622897	3.8044584	5.534546
prospect	6.226222	4.3133497	5.6588783
pleasant	6.6852636	3.633125	6.1395288
shade	5.639047	3.4020004	5.8004866
listen	5.343654	3.9000735	5.592677
mighty	5.471717	4.463028	5.3718805
country	5.7790403	4.1025357	5.630154
title	5.8415275	4.0033054	5.777449
choose	5.442406	3.7121103	5.817387
village	5.7421317	3.9116673	5.3671255
acquire	6.378551	4.1101804	6.372
rank	5.3160954	4.3684683	5.5402102
bow	5.9117327	3.309148	5.776572
doctor	4.9777164	3.8912916	5.1674337
talent	6.3791	4.5192738	6.5268316
source	6.0956573	3.9356983	5.739609
lead	5.2704587	4.182453	5.5749016
question	5.057876	4.2737865	5.4290543
publish	5.662409	3.9886453	5.569506
interest	6.046595	4.2286987	5.993366
serve	5.5456886	3.7252598	5.936305
divine	5.98084	4.2124662	5.4901543
put	5.3233595	3.78693	5.460824
shadow	5.206339	3.623793	5.3584375
practical	6.16551	3.9433165	6.2871313
surface	5.609907	3.4155648	5.455383
account	5.461465	4.175723	5.5197115
loss	4.921356	4.5021324	4.94101
indian	5.3134165	4.151365	5.1293626
vine	5.9568605	3.5540729	5.5698624
certain	5.362199	4.0864153	5.5173397
sin	4.1732492	4.1777744	4.5429025
necessity	5.0872583	4.231709	5.2336135
lose	5.3174305	4.184005	5.3656178
private	5.3684044	4.0875325	5.626768
gentleman	6.0126586	4.1415234	5.704219
daughter	6.176271	4.042733	5.6832085
drive	4.7935357	4.387583	5.011484
strange	5.0604415	4.3049254	4.8871536
journey	5.90233	3.9520545	5.633995
uncle	5.87137	4.1445417	5.6206665
species	5.6965117	4.041519	5.2387033
think	5.4981165	4.161102	5.6124783
bed	5.5156283	3.6057143	5.3750834
wind	5.4106345	4.0974913	5.1917915
bless	6.1994343	3.7541814	5.90593
destroy	4.3687634	4.5196986	4.754504
author	5.916613	4.0640626	5.6904616
sustain	5.3178444	4.04921	5.4355135
black	4.6677694	3.8933997	4.8871384
event	5.329556	4.2865386	5.217581
liberty	5.792329	4.2556806	5.637265
negro	5.203437	4.026992	4.8731766
little	5.9193387	3.8624833	5.72475
fortune	5.7843475	4.6161604	5.5369353
touch	5.6068444	4.075949	5.5378776
kill	4.283292	4.635529	4.707696
feature	5.6225615	4.0158205	5.655349
happiness	6.5129695	4.380778	6.1530223
assume	5.093362	3.9834616	5.499582
notion	5.066195	4.289627	5.0565987
purchase	5.682661	3.948351	5.810281
faithful	6.082739	4.1404266	6.0084767
soldier	5.0057516	4.359801	5.461957
father	5.7077203	3.824801	5.53129
narrow	4.294524	3.3707926	4.7444887
great	5.957682	4.126655	5.8574295
tear	4.578919	4.10887	4.79607
honorable	5.044177	4.388813	5.377649
previous	5.2888355	3.895836	5.271445
good	6.0194144	4.0599093	6.027818
domestic	5.758248	3.9026577	5.736679
glory	6.642927	4.3562746	6.133506
lay	5.4710207	3.4478085	5.639767
occasion	5.5861893	4.339043	5.493308
guard	4.8911266	4.2162404	5.502978
whole	5.689844	3.8268948	5.592986
mouth	5.1316166	3.9060183	5.2097673
receive	5.983716	4.0060573	5.8438244
take	5.5253453	3.7741566	5.6135783
simple	6.581013	3.8915246	6.014877
error	4.159588	4.2600684	4.7978716
wisdom	6.781557	3.9150465	6.3496675
rock	5.6684203	3.879847	5.3711667
decide	5.2934804	4.3019605	5.5967593
exclaim	5.515202	4.4812703	5.885155
assure	6.0120406	4.095517	5.839186
sign	5.3525558	4.0486336	5.883602
preserve	5.9831076	3.659738	6.0132046
commerce	5.578035	3.951079	5.731004
plant	5.6477118	3.7098243	5.5070205
walk	5.7532115	3.6912715	5.776953
difference	5.1075745	3.8814285	5.320319
hang	4.8379774	3.8679986	5.013871
following	6.152694	3.762692	5.903896
employ	5.64691	3.8541036	5.988156
