deal	4.954916	4.246456	5.571618
study	6.231394	3.9676	6.160342
afford	6.2839637	4.061432	6.023277
service	5.754131	4.0348845	5.917531
height	5.7223353	3.9865007	5.5589023
prospect	6.4175105	4.2967606	5.8122463
pleasant	6.9195833	3.3936987	6.2847323
shade	5.625926	3.4806035	5.7518587
listen	5.6852016	3.981687	5.678812
mighty	5.614642	4.2349677	5.3627253
country	5.6365967	4.2058816	5.495534
title	6.0734897	3.875253	5.850022
choose	5.5078454	3.626706	5.652615
village	5.4931827	3.9018655	5.180212
acquire	6.264036	3.9018724	6.360297
rank	5.2994037	4.5001197	5.649381
bow	5.720481	3.336693	5.8235497
doctor	5.1084843	3.6187382	5.276894
talent	6.57919	4.534009	6.475051
source	5.9820466	4.0649977	5.705051
lead	5.1666064	4.33442	5.548717
question	5.0332785	4.192692	5.292033
publish	5.8919654	4.1297817	5.736192
interest	5.743392	4.3133993	5.7122703
serve	5.640102	3.7950482	5.9899254
divine	5.912205	4.102889	5.3209667
put	5.213318	3.7448277	5.4591155
shadow	5.442726	3.6813128	5.3435717
practical	6.0396132	3.8800833	5.9305077
surface	5.6431932	3.3455741	5.636892
account	5.4381943	4.2590966	5.3632884
loss	4.717551	4.309472	4.741952
indian	5.238201	4.246442	5.0059624
vine	5.6905146	3.9502327	5.5056252
certain	5.396261	4.197267	5.4158363
sin	4.0976324	4.322154	4.422958
necessity	5.0021133	4.3725395	5.035572
lose	5.5041623	4.040745	5.4621406
private	4.9746313	4.2139797	5.3194795
gentleman	5.9553514	4.173182	5.879032
daughter	5.979869	4.027471	5.693478
drive	4.633604	4.541941	4.8382225
strange	5.2945504	4.347499	5.0099277
journey	6.3218565	3.7100272	5.634503
uncle	5.9469767	4.045234	5.4673758
species	5.6459737	4.234242	5.240459
think	5.6295967	4.1095862	5.647047
bed	5.46553	3.686317	5.436185
wind	5.1294746	4.2524137	5.0911183
bless	6.2624507	3.8703878	6.00373
destroy	4.0190325	4.4846206	4.599518
author	6.1538553	4.2470026	5.907368
sustain	5.4733753	4.242308	5.3260593
black	4.8397655	3.9210916	5.112374
event	5.522363	4.333771	5.311333
liberty	5.897625	4.202004	5.728289
negro	5.1067786	4.330721	5.0664835
little	6.0398874	3.801359	5.8093486
fortune	6.1537538	4.5546594	5.709136
touch	5.813017	4.102111	5.5586185
kill	4.1081147	4.8469386	4.6233826
feature	5.459882	3.96308	5.557298
happiness	6.7310452	4.459807	6.1016455
assume	5.2559795	3.8762662	5.455758
notion	5.260631	4.1672664	5.0906043
purchase	5.847004	4.0924015	5.9324026
faithful	5.798964	4.267741	5.964433
soldier	4.948438	4.3473635	5.2247906
father	5.55352	3.8964899	5.4010534
narrow	4.574317	3.5424008	5.015637
great	5.78609	4.2014246	5.7615285
tear	4.652275	4.0628824	4.7939653
honorable	5.1251135	4.2256823	5.275814
previous	5.0694594	3.8937354	5.2138834
good	6.0509925	4.06989	6.042975
domestic	5.6655574	3.9333704	5.575251
glory	6.8701687	4.3308263	6.291916
lay	5.4432116	3.569371	5.5847507
occasion	5.3759727	4.415404	5.4257703
guard	4.942049	4.3650837	5.598786
whole	5.7295885	3.7734413	5.6510324
mouth	5.0646834	4.2471137	5.175824
receive	5.843655	4.05863	5.851275
take	5.5187545	3.7968533	5.662265
simple	6.55885	3.8801932	6.014146
error	4.0943713	4.499202	4.7204447
wisdom	6.7225533	3.6555433	6.224069
rock	5.7709737	3.9087524	5.544361
decide	5.3164396	4.0991654	5.6459
exclaim	5.476243	4.5148735	5.7848883
assure	6.09875	4.1835856	5.844325
sign	5.379127	4.058545	5.808843
preserve	5.9119883	3.8033042	5.849043
commerce	5.5273705	3.8484151	5.6166525
plant	5.3080897	3.8684132	5.4396167
walk	5.8623943	3.6814878	5.899518
difference	5.1611776	3.7753863	5.3181148
hang	4.694191	4.018675	4.9623203
following	6.123328	3.905115	5.832506
employ	5.697552	3.8931613	5.916551
