deal	4.662322	4.150791	5.295099
study	6.242671	3.9443822	6.131108
afford	6.2134304	3.9203188	6.057339
service	5.763946	3.8875954	6.1056685
height	5.7220826	3.7488046	5.5468717
prospect	6.3135314	4.2241964	5.742534
pleasant	6.790901	3.705737	6.0851026
shade	5.447754	3.4206781	5.6808877
listen	5.5740027	3.757025	5.6441984
mighty	5.572647	4.4170156	5.5091996
country	5.766486	4.2409678	5.5458474
title	5.874756	3.974267	5.731484
choose	5.454692	3.58498	5.6744003
village	5.7502565	3.8045144	5.313456
acquire	6.0998707	4.015885	6.3707128
rank	5.235057	4.5258837	5.339536
bow	5.6746716	3.2356439	5.780416
doctor	4.972349	3.5831282	5.2705307
talent	6.2642426	4.462413	6.3175354
source	5.8953085	4.024352	5.7611413
lead	5.274843	4.192208	5.5639434
question	5.0003495	4.0304565	5.3352466
publish	5.661942	4.0391073	5.4542823
interest	5.909948	4.2574773	5.8746324
serve	5.508946	3.836603	5.978593
divine	5.8751836	4.18848	5.3967237
put	5.1705313	3.7352917	5.4142714
shadow	5.0664444	3.6101508	5.2734604
practical	5.9631386	3.854937	6.0233436
surface	5.523948	3.4685864	5.531344
account	5.379854	4.2087398	5.329016
loss	4.9949493	4.2807817	5.1629796
indian	5.365629	4.0803013	5.172084
vine	5.8503256	3.8774314	5.3890333
certain	5.4290977	4.085743	5.4101534
sin	3.979021	4.3517413	4.388174
necessity	5.006668	4.3605776	5.133054
lose	5.313732	4.147042	5.458885
private	5.0563655	4.1293774	5.4282813
gentleman	6.147846	4.0848327	5.8433533
daughter	6.1102133	4.0740113	5.686154
drive	4.6887856	4.429	4.924505
strange	5.3138924	4.3047013	5.049114
journey	6.3363028	3.6570501	5.7587724
uncle	5.7415714	4.1063366	5.448155
species	5.4182205	4.10303	5.2625136
think	5.509155	4.1378655	5.5359945
bed	5.409122	3.7174604	5.3998585
wind	5.294586	4.0011487	5.267286
bless	6.395824	3.7908995	6.0980473
destroy	4.114666	4.643301	4.6155877
author	5.871353	4.262751	5.612782
sustain	5.634163	3.9642005	5.5821333
black	4.7397623	3.726277	5.049446
event	5.459277	4.343394	5.308428
liberty	5.760839	4.46942	5.7273283
negro	5.126271	4.119551	5.19351
little	5.916866	3.7929463	5.661999
fortune	5.9827957	4.5038986	5.611326
touch	5.740717	4.054738	5.549505
kill	4.3756814	4.7831435	4.7700777
feature	5.601539	4.0063562	5.6647215
happiness	6.6507077	4.2958884	6.176066
assume	4.9253507	3.9227164	5.3880377
notion	4.863077	4.1595592	4.864415
purchase	5.5758843	3.8894615	5.7264433
faithful	5.911957	4.364375	6.1192284
soldier	5.157357	4.40611	5.5091085
father	5.704215	3.8949652	5.4839
narrow	4.423433	3.4465005	4.952487
great	5.7816825	4.104739	5.747215
tear	4.737099	4.0638494	4.874015
honorable	5.1762133	4.31287	5.392309
previous	5.047707	3.8519309	5.113504
good	6.0628114	4.0039124	5.987313
domestic	5.7404737	4.0326843	5.7219887
glory	6.488798	4.4424453	6.129198
lay	5.4621687	3.5215733	5.5413065
occasion	5.535942	4.2432866	5.5521374
guard	4.9717712	4.2072816	5.6158166
whole	5.6732936	3.8380291	5.6197634
mouth	4.884482	4.164249	5.086376
receive	5.9993687	3.94008	5.907187
take	5.5281305	3.7502594	5.6380672
simple	6.4088416	3.7392557	5.828353
error	4.162691	4.4023676	4.615484
wisdom	6.4316926	3.7329202	6.119156
rock	5.6599617	4.036525	5.510339
decide	5.2779436	3.9671972	5.6207695
exclaim	5.7641478	4.360066	5.933913
assure	6.071475	4.2550225	5.7785983
sign	5.539955	4.1699824	5.9706144
preserve	5.9233737	3.8220756	5.864442
commerce	5.8441706	3.9256988	5.6989794
plant	5.491706	4.004494	5.4336343
walk	5.8206253	3.7196264	5.804438
difference	5.0847282	3.7398548	5.275544
hang	4.957268	3.879059	5.096717
following	6.0799623	3.8128023	5.987095
employ	5.685881	3.8836474	5.9332848
