deal	4.8816676	4.3759627	5.3228884
study	6.1779146	4.076021	6.2162933
afford	6.2919407	3.7590663	6.084659
service	5.7769876	3.9490957	6.020293
height	5.6581306	3.8765464	5.472555
prospect	6.4354	4.220445	5.731189
pleasant	6.91431	3.3902426	6.2903404
shade	5.616831	3.58788	5.79109
listen	5.44687	3.811697	5.5661817
mighty	5.8162637	4.2675734	5.4511714
country	5.868956	4.137793	5.616354
title	6.0866895	4.037862	5.874892
choose	5.471478	3.7958171	5.747401
village	5.7475142	3.6851249	5.3149304
acquire	6.0985136	4.123549	6.4964004
rank	5.433665	4.3051667	5.406137
bow	5.635722	3.4167206	5.756902
doctor	4.8595996	3.8291152	5.144069
talent	6.389831	4.4205823	6.516314
source	5.822152	4.0372453	5.727084
lead	5.1392884	4.1232314	5.428953
question	5.0415573	4.1318245	5.4190416
publish	5.7485385	4.2291408	5.547738
interest	6.0175247	4.122608	5.9754066
serve	5.4422073	3.6899672	6.065086
divine	5.995773	4.2941866	5.331795
put	5.177575	3.8410206	5.4958935
shadow	5.255769	3.675563	5.2878785
practical	5.75541	3.950127	6.012309
surface	5.674916	3.4247963	5.647367
account	5.435487	4.280071	5.526227
loss	4.7020407	4.2810965	4.9327745
indian	5.492364	4.2006936	5.2437754
vine	5.8221865	3.849703	5.473066
certain	5.2990766	4.123268	5.481395
sin	3.9669385	4.342099	4.4832215
necessity	5.0863957	4.348778	5.2022085
lose	5.3640447	4.1138167	5.4446263
private	5.086269	4.118281	5.4235196
gentleman	5.9843707	4.127768	5.802277
daughter	6.0847735	4.03798	5.659231
drive	4.888666	4.521305	5.0551248
strange	5.3190346	4.3653502	5.1587358
journey	5.98473	3.8054726	5.6392727
uncle	5.712716	4.0961943	5.3640027
species	5.6296144	4.144554	5.333324
think	5.542039	4.140339	5.604739
bed	5.589657	3.7434478	5.3832836
wind	5.121888	4.11269	5.0374002
bless	6.3860188	3.6739583	6.0330048
destroy	4.3005505	4.522283	4.6802998
author	5.9382606	4.377858	5.7269483
sustain	5.478476	3.9125876	5.4741793
black	5.0652447	4.063705	5.267506
event	5.6206384	4.216749	5.4679823
liberty	5.9143095	4.176965	5.6558247
negro	5.291444	4.2793307	5.27637
little	5.8355565	3.8178952	5.70979
fortune	6.056993	4.490701	5.6662316
touch	5.8508615	4.1975007	5.5396166
kill	4.3475494	4.803601	4.8065195
feature	5.6649895	4.192187	5.6844482
happiness	6.797871	4.370432	6.138456
assume	5.161311	4.0407276	5.318115
notion	5.1116743	4.376594	4.9822598
purchase	5.609412	4.060735	5.8015285
faithful	5.780031	3.935476	5.847303
soldier	5.036024	4.434964	5.3038306
father	5.743488	3.8441644	5.4976096
narrow	4.4492674	3.5490098	4.782162
great	5.838262	4.1877623	5.8607254
tear	4.629515	3.9607248	4.7285037
honorable	5.288942	4.288271	5.4174037
previous	5.07185	4.0573015	5.297991
good	6.0352373	4.0021095	6.073052
domestic	5.7832165	3.9735024	5.7425523
glory	6.640566	4.4337096	6.109736
lay	5.4289618	3.6281872	5.585193
occasion	5.466862	4.381205	5.580361
guard	4.7620955	4.2213736	5.5180526
whole	5.737861	3.9224784	5.6376486
mouth	4.944403	4.4101768	5.0736923
receive	5.92025	4.0403857	5.8263984
take	5.5150847	3.833752	5.6313195
simple	6.5307837	3.7313108	5.9847326
error	4.0759974	4.328903	4.6657076
wisdom	6.4379673	3.7626755	6.1788654
rock	5.743071	4.013038	5.512933
decide	5.218814	4.206766	5.660948
exclaim	5.6191807	4.3437977	5.6870813
assure	6.1357327	4.1948137	5.8656416
sign	5.172286	4.2005057	5.74175
preserve	6.0093074	3.640017	6.092634
commerce	5.810684	3.9370162	5.6651855
plant	5.5979815	3.8963585	5.482586
walk	5.749164	3.745062	5.752078
difference	5.029072	3.678618	5.413788
hang	5.003386	3.8627193	5.184024
following	6.010502	3.7382326	5.8621745
employ	5.691027	3.827757	6.0235195
