deal	4.922166	4.2251167	5.4442096
study	6.3810663	4.015492	6.2473097
afford	6.255037	4.217332	5.941921
service	6.000129	4.1265903	6.071929
height	5.4575925	3.9592886	5.5216265
prospect	6.5248513	4.367724	5.754098
pleasant	6.8059897	3.4945786	6.15378
shade	5.856567	3.5563684	6.0335855
listen	5.545668	4.1216965	5.627039
mighty	5.528446	4.4546723	5.4176364
country	5.751046	4.166667	5.5911255
title	5.7935734	3.8426352	5.5703106
choose	5.4734564	3.7582228	5.791193
village	5.822152	3.732616	5.2919035
acquire	6.320307	4.0116463	6.3919697
rank	5.3967547	4.6266947	5.523933
bow	5.894711	3.4267168	5.9046082
doctor	5.041892	3.6517026	5.2224374
talent	6.518042	4.5287495	6.4151125
source	5.994043	4.0603437	5.5795174
lead	5.2675962	4.2720523	5.5647893
question	4.9960613	4.1832356	5.391432
publish	5.8067284	3.8222747	5.4277196
interest	5.8178487	4.3013315	5.8808317
serve	5.5858035	3.9550822	6.0034986
divine	5.9015408	4.1839347	5.456833
put	5.164869	3.821813	5.400217
shadow	5.2786436	3.537459	5.3981504
practical	5.67387	3.7684925	5.875029
surface	5.7196097	3.4788785	5.7360344
account	5.382625	4.1705885	5.390919
loss	4.7491436	4.3473134	4.7726974
indian	5.4850006	4.1143217	5.282409
vine	5.9794993	3.7553105	5.426346
certain	5.3849673	4.1089387	5.42048
sin	3.7740328	4.2377887	4.332451
necessity	4.9464855	4.3183074	5.098348
lose	5.258084	4.12278	5.4124775
private	5.2718415	4.1078873	5.54308
gentleman	6.003715	4.105104	5.8606443
daughter	6.128455	4.160128	5.698025
drive	4.7085385	4.5038414	4.913501
strange	5.1456804	4.4824233	4.9974957
journey	5.9558716	3.6666102	5.547619
uncle	5.679946	4.2454624	5.658338
species	5.4675183	4.0351357	5.117723
think	5.4903264	4.254016	5.6203456
bed	5.249198	3.7212987	5.2267137
wind	5.2275786	4.24622	5.147315
bless	6.3438606	4.0577455	6.029933
destroy	4.121825	4.545643	4.523146
author	6.0957694	4.1387043	5.6829686
sustain	5.364229	4.039398	5.3467574
black	4.8244653	3.970823	5.059947
event	5.5540433	4.3282585	5.3958673
liberty	5.799139	4.323927	5.7430434
negro	5.5918465	4.4857216	5.488949
little	5.918102	3.8798769	5.745511
fortune	5.9126287	4.6184325	5.613619
touch	5.4950056	4.1413946	5.511507
kill	4.2558956	4.969572	4.723235
feature	5.7593775	4.0636578	5.834887
happiness	6.624336	4.5108705	6.1200924
assume	5.129214	3.8929684	5.4350443
notion	5.0017886	4.3113427	5.0219593
purchase	5.689144	3.8905406	5.8459573
faithful	6.1653676	4.0571275	6.091835
soldier	5.1287723	4.409642	5.4372025
father	5.6939535	3.9841747	5.503182
narrow	4.427657	3.348321	4.8054013
great	5.976653	4.1092024	5.8263607
tear	4.5751333	4.069567	4.7449346
honorable	5.3227005	4.383671	5.401368
previous	5.3175516	3.947914	5.164068
good	6.018523	4.1011033	6.006244
domestic	5.5834403	3.8719912	5.682957
glory	6.698351	4.5830245	6.234227
lay	5.38666	3.5493867	5.5075665
occasion	5.4681144	4.441543	5.481901
guard	4.937586	4.1922326	5.7489834
whole	5.7578425	3.8230765	5.6331296
mouth	5.15882	4.063395	5.2271624
receive	5.9130554	4.0256333	5.85457
take	5.4417043	3.8696811	5.527997
simple	6.245344	3.8769286	5.777117
error	4.108587	4.558729	4.5341015
wisdom	6.4953303	3.7716699	6.0550942
rock	5.6589913	4.0422845	5.5310316
decide	5.190343	4.264081	5.4615316
exclaim	5.543228	4.60101	5.9881244
assure	6.2253804	4.4109006	6.037243
sign	5.225139	4.198183	5.876961
preserve	5.928939	3.7480335	5.8201113
commerce	5.597811	3.9282918	5.648452
plant	5.650107	3.932562	5.5398474
walk	5.8383627	3.8082664	5.8954225
difference	5.117958	3.8280041	5.390583
hang	4.5962205	4.003345	4.991619
following	6.3085	3.8534093	5.850085
employ	5.81593	3.7887013	6.0226893
