deal	5.044753	4.264754	5.501157
study	6.106025	4.0531163	6.173629
afford	6.2981896	3.9651473	6.059328
service	5.844853	4.2382374	5.9155016
height	5.6921763	3.9794037	5.6382246
prospect	6.3566656	4.271887	5.9061594
pleasant	6.9327035	3.5535054	6.174399
shade	5.6218104	3.6758604	5.8090158
listen	5.3912883	3.9084084	5.4973416
mighty	5.542542	4.3398027	5.4533224
country	5.710573	4.1769137	5.5457993
title	6.337432	3.7756624	5.895563
choose	5.38434	3.8449678	5.694996
village	5.6118197	3.78517	5.130783
acquire	5.8809414	4.0643115	6.3996916
rank	5.350402	4.4709687	5.531886
bow	5.7048073	3.5593436	5.6929836
doctor	4.8841977	3.7462626	5.214906
talent	6.572214	4.6254077	6.5475407
source	5.9140863	4.0850596	5.5459986
lead	5.130843	4.2600355	5.418065
question	5.0383945	4.1965494	5.3110814
publish	5.907984	4.119309	5.802987
interest	5.9235077	4.1907825	5.812513
serve	5.674635	4.0124016	6.0212
divine	5.715236	4.236215	5.267782
put	5.247	3.9388542	5.493184
shadow	5.2330885	3.6807945	5.342537
practical	6.004159	3.9718318	6.0976543
surface	5.7106986	3.2347462	5.5662622
account	5.416133	4.4176164	5.472458
loss	4.8811255	4.3381777	4.991831
indian	5.300125	4.269008	5.1190023
vine	5.6917257	3.7184908	5.3844223
certain	5.408543	4.1533737	5.4053493
sin	3.963973	4.4632607	4.5941772
necessity	5.0383162	4.2781315	5.1850305
lose	5.4481072	4.222129	5.509786
private	5.152269	4.0413437	5.3435035
gentleman	5.934769	4.2286243	5.6691723
daughter	6.181124	4.1276574	5.6755266
drive	4.6533146	4.49553	5.01527
strange	5.180582	4.534334	5.000293
journey	6.018752	3.648859	5.6303144
uncle	5.865001	4.295262	5.488648
species	5.8769383	4.017585	5.3496547
think	5.603314	4.2787423	5.65485
bed	5.431277	3.6344926	5.3193727
wind	5.211372	4.1412234	5.08562
bless	6.281284	3.8357203	5.8468647
destroy	4.3400774	4.551329	4.6789255
author	5.9868207	4.3195124	5.7594666
sustain	5.4460497	3.9823136	5.3781986
black	4.8175917	4.151037	5.0023313
event	5.4321575	4.2659764	5.304331
liberty	5.859854	4.3133073	5.6163807
negro	5.2946196	4.4312825	5.0955276
little	5.9618793	3.9156585	5.7010803
fortune	5.9515386	4.4132824	5.6186666
touch	5.7493696	4.2036633	5.5682507
kill	4.1718516	4.7789216	4.6634703
feature	5.7092056	4.2069635	5.688878
happiness	6.613381	4.2056212	6.044886
assume	5.0359483	3.9654665	5.4491363
notion	5.1024036	4.2901764	5.0851617
purchase	5.8250875	3.9394784	5.9559894
faithful	6.079525	3.9657993	5.9260416
soldier	4.9642234	4.4045568	5.4455714
father	5.6612496	4.124848	5.3763604
narrow	4.166019	3.6086679	4.6127725
great	5.8380675	4.194759	5.7809353
tear	4.8511176	4.1490645	4.861093
honorable	5.095604	4.3278813	5.3476357
previous	5.1610594	3.8270564	5.2269864
good	6.0560656	4.141574	6.036966
domestic	5.7760863	3.8696427	5.827906
glory	6.6432567	4.3938966	6.0405917
lay	5.448615	3.6073666	5.585002
occasion	5.572919	4.2979407	5.508898
guard	4.885866	4.3023353	5.5520124
whole	5.754153	3.8761644	5.6580305
mouth	5.0489016	4.0691075	5.1421924
receive	6.0611596	4.091414	5.868431
take	5.5254965	3.8944385	5.6765537
simple	6.446349	4.040201	5.9940796
error	4.0680866	4.4186673	4.552663
wisdom	6.494412	3.8090641	6.2138176
rock	5.626109	4.143175	5.332269
decide	5.016747	4.162359	5.5708275
exclaim	5.459696	4.4182396	5.627234
assure	6.056549	4.1831923	5.925541
sign	5.269115	4.110196	5.859677
preserve	6.2024965	3.8778956	6.054388
commerce	5.807017	3.7389503	5.875472
plant	5.5075197	3.7499466	5.536908
walk	5.667323	3.852705	5.762058
difference	5.1929193	3.9162498	5.3962646
hang	4.815234	4.1376486	4.960825
following	6.107833	3.799108	5.649945
employ	5.5865645	3.9310317	5.927828
