deal	4.811948	4.311997	5.5157075
study	6.252859	3.9290342	6.1571794
afford	6.327209	4.041373	6.109764
service	5.802162	3.9553561	5.9209604
height	5.4844046	3.7869077	5.521229
prospect	6.2634573	4.4090853	5.6664357
pleasant	6.755638	3.5435977	6.1595426
shade	5.6939864	3.5909142	5.797848
listen	5.423849	3.9405344	5.635263
mighty	5.411663	4.4033804	5.3206635
country	5.6684155	4.187744	5.5631266
title	5.8788905	4.0554566	5.642204
choose	5.4848733	3.6335132	5.7597737
village	5.660943	3.91724	5.364137
acquire	6.1808095	4.0437994	6.369114
rank	5.3665233	4.2638016	5.5136924
bow	5.734863	3.480284	5.759281
doctor	5.032153	3.6362896	5.2391887
talent	6.5236497	4.4982333	6.545663
source	6.0365124	4.0615606	5.8350496
lead	5.2224035	4.2715096	5.5170856
question	5.154702	4.169742	5.4557304
publish	5.722152	4.0669174	5.587592
interest	5.8678856	4.2541995	5.8983793
serve	5.5444074	3.8505712	5.856943
divine	6.067405	4.1517797	5.5068555
put	5.156067	3.8364258	5.450986
shadow	5.2990375	3.7270877	5.274496
practical	6.076657	3.8006575	6.145477
surface	5.7011833	3.3273919	5.6721625
account	5.3943377	4.268411	5.427309
loss	4.7737684	4.1852975	5.010038
indian	5.1060567	4.1405106	5.004274
vine	5.9316425	3.8709536	5.9325023
certain	5.3213015	4.075638	5.4540577
sin	4.129763	4.1242642	4.5079126
necessity	4.930513	4.288269	5.1666527
lose	5.340319	4.061885	5.319199
private	5.2344313	4.1202435	5.603101
gentleman	5.966335	4.032477	5.9111457
daughter	6.021635	4.0773287	5.5801845
drive	4.804057	4.4359	4.9886637
strange	5.0194755	4.4186473	4.9059205
journey	6.1110706	3.4811037	5.7872047
uncle	5.4106836	4.224821	5.293685
species	5.4985466	3.89977	5.230729
think	5.5311365	4.1981816	5.643998
bed	5.3689623	3.7230062	5.437447
wind	5.220958	4.1794043	5.124053
bless	6.583558	3.936138	6.181945
destroy	4.192382	4.667397	4.7174807
author	5.938811	4.3579974	5.7843833
sustain	5.052556	4.0324774	5.3431683
black	4.7408433	3.8424132	5.060234
event	5.4370832	4.2890444	5.2888083
liberty	5.6929884	4.2831306	5.5963526
negro	5.1560016	4.1507225	5.028204
little	5.8913183	3.8686297	5.706421
fortune	6.0144873	4.531407	5.7210436
touch	5.602239	4.1090307	5.5724983
kill	4.2548685	4.800228	4.6620717
feature	5.523374	4.073649	5.6697884
happiness	6.5770197	4.5339446	6.0535545
assume	5.1324754	3.9208517	5.430453
notion	5.121441	4.0705385	5.0938306
purchase	5.5383706	4.0294485	5.6880608
faithful	5.8896723	4.094923	6.061262
soldier	4.8926125	4.3660097	5.376532
father	5.5371165	3.9407477	5.467005
narrow	4.4000025	3.5960248	4.807645
great	5.8905296	4.176756	5.799388
tear	4.5579724	3.9654608	4.881357
honorable	5.1129746	4.1854334	5.4094305
previous	5.246929	3.798874	5.3241925
good	6.004271	4.033025	5.9779706
domestic	5.8702602	3.91376	5.8017564
glory	6.817575	4.4669414	6.1484704
lay	5.2973447	3.5079048	5.521543
occasion	5.437121	4.3696327	5.429323
guard	4.8704176	4.573267	5.6847844
whole	5.680479	3.844449	5.677518
mouth	5.0038786	4.079884	5.0615444
receive	5.936796	4.018567	5.8959937
take	5.4458694	3.8291302	5.6111946
simple	6.2859583	3.9059055	5.991747
error	4.3623614	4.378783	4.745716
wisdom	6.6662126	3.4995508	6.3366456
rock	5.6186604	4.060028	5.4190016
decide	5.3292255	4.2415314	5.6897
exclaim	5.882771	4.50012	5.831405
assure	6.240471	4.0461917	5.8984184
sign	5.1965485	3.924868	5.6491656
preserve	5.9790034	3.8471189	5.9473805
commerce	5.7766876	3.8506315	5.727147
plant	5.3956356	3.80928	5.568152
walk	5.870413	3.7838287	5.950064
difference	5.0948725	3.9802554	5.1871142
hang	4.755542	4.1166534	5.003914
following	6.032733	3.8686247	5.8794236
employ	5.607182	3.761373	5.838924
