deal	4.8860807	4.3248305	5.493231
study	6.327557	3.8923764	6.1653223
afford	6.279882	4.03311	6.0579515
service	5.7225018	4.08362	6.0292573
height	5.6282997	3.9067407	5.554052
prospect	6.373238	4.331615	5.626046
pleasant	6.65718	3.5028026	6.0561705
shade	5.6589003	3.528398	5.7991314
listen	5.4725013	3.8971713	5.579815
mighty	5.5381513	4.5022306	5.4642544
country	5.8159075	4.1519523	5.563888
title	5.9349523	3.9306777	5.5553074
choose	5.449255	3.6945558	5.675735
village	5.71749	3.9456055	5.2765465
acquire	6.1469355	3.9780192	6.341038
rank	5.3086433	4.4584603	5.391879
bow	5.8776226	3.3428612	5.8851137
doctor	4.97487	3.7270942	5.3312554
talent	6.6728773	4.5734353	6.5134606
source	6.123398	3.9976168	5.712507
lead	5.284739	4.248438	5.511578
question	5.036606	4.1429005	5.3365164
publish	5.9132524	3.968658	5.526825
interest	5.8168507	4.2656813	5.827948
serve	5.5446625	3.862036	5.8409133
divine	6.092825	4.2201414	5.4569826
put	5.2473197	3.6822567	5.414255
shadow	5.3761806	3.7113135	5.3183117
practical	6.0644174	3.7675068	6.1008754
surface	5.554492	3.2695434	5.459137
account	5.5301433	4.2735214	5.4648304
loss	4.8003793	4.444234	5.0712023
indian	5.282686	4.110426	5.1377215
vine	6.0283856	3.8706436	5.2731295
certain	5.4157333	4.1661596	5.5101967
sin	3.9527333	4.3244486	4.4939795
necessity	5.1755114	4.393315	5.272515
lose	5.3764677	4.325996	5.45026
private	5.1174493	4.042492	5.4622283
gentleman	6.1705947	4.1017165	5.8986864
daughter	6.1943083	4.06884	5.6563754
drive	4.7892303	4.403184	4.9869223
strange	5.2124605	4.4657574	4.9524326
journey	6.0777307	3.780101	5.67112
uncle	5.8774004	4.180391	5.4585104
species	5.7054663	4.055402	5.4088597
think	5.617627	4.205408	5.5972714
bed	5.286712	3.9153314	5.3792877
wind	5.11156	4.1358337	5.0871477
bless	6.257622	3.8179972	5.963571
destroy	4.2225924	4.584105	4.5946403
author	6.2208533	4.19366	5.766855
sustain	5.402341	3.9302497	5.439569
black	4.88562	3.875479	5.0893116
event	5.5168066	4.323267	5.2742395
liberty	5.7696424	4.2776012	5.608513
negro	5.4495344	4.0497484	5.451803
little	5.970457	3.8655055	5.7308984
fortune	6.016072	4.489269	5.6816254
touch	5.6888723	3.996033	5.6248837
kill	4.1502123	4.8327284	4.7437096
feature	5.697347	4.076206	5.7182584
happiness	6.5720167	4.4021964	6.153926
assume	5.0150714	3.9490654	5.37978
notion	4.976604	4.2575035	4.9257245
purchase	5.6401286	4.095455	5.8852625
faithful	5.6750765	4.113946	5.744545
soldier	5.1224227	4.4173536	5.4476414
father	5.6056256	3.9211953	5.430538
narrow	4.4866824	3.5827658	4.7072973
great	5.9561424	4.19552	5.8377748
tear	4.6102653	3.9825628	4.6463623
honorable	5.165106	4.1460648	5.396534
previous	5.1338763	3.7703388	5.21918
good	6.072905	4.045766	6.0624084
domestic	5.8759737	3.8106887	5.837219
glory	6.6995387	4.406461	6.060568
lay	5.4164047	3.6120589	5.4892197
occasion	5.509974	4.292862	5.5626526
guard	4.9920545	4.3214135	5.594433
whole	5.7244196	3.9175332	5.581428
mouth	5.3259916	4.2349315	5.2730885
receive	5.999913	4.015062	5.9283767
take	5.5160003	3.8608954	5.6687713
simple	6.349998	3.8825645	5.8412485
error	4.2610517	4.29952	4.6934123
wisdom	6.684299	3.7785854	6.2009163
rock	5.621281	4.10008	5.406373
decide	5.1376653	4.204521	5.6908774
exclaim	5.77972	4.333412	5.901792
assure	6.14701	4.4077296	5.9326982
sign	5.281031	3.9888537	5.868502
preserve	5.819224	3.7276945	5.8753357
commerce	5.516538	3.913376	5.464506
plant	5.449275	3.9718387	5.295864
walk	5.87278	3.7509313	5.8492036
difference	5.108684	3.952841	5.4536004
hang	4.7838016	4.1030035	5.041718
following	6.217405	3.8241706	5.991525
employ	5.8871346	3.8355947	6.000672
