deal	4.6528788	4.156874	5.323972
study	6.407844	3.9855072	6.2177896
afford	6.204305	4.10354	5.8684516
service	5.779217	4.057175	5.921896
height	5.714344	4.217765	5.578317
prospect	6.4015927	4.391335	5.842814
pleasant	6.803261	3.481019	6.203866
shade	5.7344513	3.4728727	5.7614822
listen	5.388691	3.8171313	5.485701
mighty	5.4445906	4.4915047	5.3432817
country	5.744619	4.185785	5.589759
title	5.72111	3.9533243	5.7118936
choose	5.5031276	3.574011	5.746246
village	5.5578456	3.8541236	5.2559786
acquire	6.1629386	4.248321	6.157439
rank	5.3422413	4.437315	5.400946
bow	5.515893	3.2449582	5.72577
doctor	4.7481413	3.6525023	5.1065464
talent	6.43464	4.562219	6.2235894
source	5.940115	4.0734463	5.6915617
lead	5.248458	4.2959566	5.538284
question	5.006495	4.1541786	5.297528
publish	5.795518	4.077413	5.6871347
interest	5.916886	4.2643185	5.8936944
serve	5.491072	3.8379126	5.8914866
divine	5.7365	4.154691	5.3579683
put	5.084203	3.7642865	5.3692136
shadow	5.158345	3.6306171	5.26667
practical	6.1990223	3.8387291	6.142558
surface	6.0672693	3.2822466	5.847629
account	5.3909845	4.3819547	5.414395
loss	4.682171	4.335239	4.7326627
indian	5.194075	4.1877418	4.9738936
vine	5.9237623	3.8097782	5.562106
certain	5.424431	4.087438	5.5551176
sin	4.1361046	4.3623576	4.4530907
necessity	5.0364985	4.348351	5.0838346
lose	5.2724853	4.2079973	5.2806597
private	5.1593714	4.218254	5.559551
gentleman	6.0123973	4.108887	5.835258
daughter	6.1273046	4.1532245	5.6490717
drive	4.95857	4.453807	5.1172256
strange	5.2891183	4.3658834	4.946061
journey	6.1430387	3.6579092	5.561494
uncle	5.790814	4.0661545	5.6479917
species	5.4880238	4.055015	5.190165
think	5.503819	4.2023635	5.551207
bed	5.347006	3.8059082	5.2356553
wind	5.144863	3.976557	5.140943
bless	6.283233	3.8581617	5.8509655
destroy	4.051139	4.685684	4.531502
author	6.0349245	4.2270226	5.814738
sustain	5.494825	3.955148	5.4441624
black	4.740842	3.8696072	4.9439225
event	5.5064363	4.3457246	5.3045955
liberty	5.7406163	4.3760715	5.7349567
negro	5.5568104	4.1471334	5.2387314
little	5.9169693	3.834895	5.7007155
fortune	5.9706635	4.5698314	5.703326
touch	5.6978936	3.9534755	5.529438
kill	4.066038	4.8854876	4.521139
feature	5.6980524	4.0804615	5.765193
happiness	6.682724	4.2816787	6.106486
assume	5.0503817	3.9492717	5.36057
notion	5.095581	4.304457	4.9791985
purchase	5.8235264	4.011419	5.88977
faithful	5.8618574	4.1827807	5.800094
soldier	4.9761324	4.356979	5.291898
father	5.5841427	3.9808278	5.40734
narrow	4.3447256	3.4840565	4.8974752
great	5.824947	4.2057858	5.7685394
tear	4.549305	3.8883374	4.691313
honorable	5.2672205	4.310039	5.51596
previous	5.4426017	4.0139847	5.17615
good	6.011399	4.0421777	5.9506507
domestic	5.9715004	3.9156096	5.9082623
glory	6.533363	4.4686365	5.9896197
lay	5.3429832	3.5085995	5.6179113
occasion	5.5310564	4.4141407	5.454862
guard	4.7293134	4.316431	5.3137627
whole	5.817079	3.8704152	5.6567535
mouth	4.867385	4.0493283	5.286612
receive	5.9506063	4.014483	5.8584557
take	5.45083	3.82646	5.5918436
simple	6.281595	3.8027694	5.7576857
error	4.072877	4.499182	4.650278
wisdom	6.6328998	3.5794706	6.041259
rock	5.7017655	4.0330005	5.482514
decide	5.258924	4.0639687	5.6259637
exclaim	5.838761	4.469553	5.983536
assure	6.121272	4.1274962	6.0190973
sign	5.02942	4.066281	5.609319
preserve	5.71729	3.7780633	5.668242
commerce	5.748991	3.966322	5.811705
plant	5.4329185	3.7829971	5.403655
walk	5.7523127	3.7521684	5.751804
difference	5.294932	3.736157	5.4203553
hang	4.906245	4.1308026	5.1152925
following	6.149116	3.7480102	5.862413
employ	5.7449236	3.953951	5.9087462
