deal	4.92446	4.0765457	5.5249076
study	6.2178154	4.110807	6.1509767
afford	6.3361883	3.8796003	5.9830823
service	5.7030754	4.052407	5.8171096
height	5.692761	3.9333236	5.5232186
prospect	6.339067	4.3268943	5.717753
pleasant	6.930065	3.6292665	6.203023
shade	5.6533303	3.560282	5.653324
listen	5.3871756	4.09153	5.6493597
mighty	5.47016	4.433919	5.3021975
country	5.813069	4.1514955	5.602656
title	5.8348494	4.113644	5.8031845
choose	5.516166	3.7349114	5.7977524
village	5.8313727	4.034493	5.365885
acquire	6.052452	4.103104	6.348016
rank	5.327915	4.5236416	5.3816657
bow	5.831415	3.3692548	5.916429
doctor	4.702834	3.7540364	4.9382114
talent	6.5268307	4.636595	6.4713726
source	5.8968306	4.033452	5.7400346
lead	5.19311	4.405625	5.4674025
question	4.9334087	4.2873745	5.412015
publish	5.949415	3.9359355	5.7718515
interest	5.983652	4.265194	5.9219923
serve	5.444163	3.7841024	5.911443
divine	5.9095263	4.3643756	5.3890204
put	5.296146	3.782406	5.432491
shadow	5.161785	3.620197	5.1597404
practical	6.0258036	4.066709	6.0914264
surface	5.7530212	3.3279018	5.6624937
account	5.503062	4.278661	5.3483934
loss	4.810322	4.4036627	4.8533945
indian	5.52178	4.183771	5.2224135
vine	5.673786	3.8448143	5.339183
certain	5.444251	4.1536074	5.493186
sin	4.020282	4.2889085	4.5011573
necessity	5.222903	4.30921	5.2777734
lose	5.3980575	4.1698656	5.445341
private	4.959931	4.087968	5.311119
gentleman	6.051451	4.30398	5.8269677
daughter	5.997025	4.130455	5.6344223
drive	4.746693	4.4734898	5.0108247
strange	5.2097206	4.4564657	4.9743605
journey	6.0479736	3.8138216	5.682718
uncle	5.590915	4.2854815	5.1721683
species	5.8015966	3.9724102	5.299778
think	5.5799885	4.194981	5.579539
bed	5.381069	3.6959147	5.3986197
wind	5.23724	4.1939263	5.1148148
bless	6.4117355	4.0062146	6.0076585
destroy	4.0263796	4.4235888	4.650529
author	6.1023107	4.2209644	5.782932
sustain	5.451182	4.0092435	5.462816
black	4.9591136	3.9136832	5.0821
event	5.511076	4.288294	5.26461
liberty	5.7863383	4.3322372	5.7381454
negro	5.0801873	4.450147	4.8778167
little	5.859624	3.8087337	5.641509
fortune	5.8175764	4.583295	5.649884
touch	5.8167095	4.098079	5.597118
kill	4.2306776	4.926217	4.632157
feature	5.8077617	3.9725997	5.831631
happiness	6.588205	4.3804784	6.1387563
assume	5.144669	3.9389794	5.443906
notion	5.0267982	4.302797	5.091257
purchase	5.5535307	4.062254	5.641268
faithful	5.8277245	3.8562822	6.01336
soldier	5.0073514	4.6285744	5.2139454
father	5.6962695	4.1008177	5.5284376
narrow	4.4235735	3.2491734	4.78104
great	5.869828	4.1777916	5.7384434
tear	4.782398	4.1524644	4.750852
honorable	5.1957526	4.2755194	5.466184
previous	5.218469	3.92549	5.131838
good	5.945854	4.063932	5.9714284
domestic	5.7600136	3.8401582	5.7692065
glory	6.6446505	4.4965124	6.0080686
lay	5.393392	3.5600257	5.4964867
occasion	5.608383	4.303601	5.5404367
guard	4.8901105	4.373032	5.47136
whole	5.7602253	3.819901	5.5772867
mouth	5.096337	4.036292	5.1673436
receive	6.01155	4.120139	5.9420533
take	5.507338	3.814896	5.5679083
simple	6.4024467	3.881314	5.90234
error	4.1711874	4.491066	4.6243258
wisdom	6.5556607	3.86011	6.2838345
rock	5.6402926	4.0657015	5.5776296
decide	5.162016	4.286199	5.697317
exclaim	5.6640134	4.4670134	5.753788
assure	5.8877125	4.1893163	5.7576733
sign	5.3813443	4.017455	5.8917737
preserve	6.0466757	3.7263768	5.9225364
commerce	5.7858315	3.8055108	5.6429486
plant	5.481165	3.6857457	5.479861
walk	5.7270784	3.68713	5.687727
difference	5.1023765	3.8331666	5.3162656
hang	4.9052663	4.1849437	5.0167656
following	6.0220785	3.9010892	5.7830977
employ	5.5520926	3.8080735	5.9000225
