deal	4.890872	4.2705507	5.476716
study	6.2718773	4.1054044	6.2442102
afford	6.229429	3.891171	5.9318647
service	5.540138	4.0268106	5.90417
height	5.726331	4.026515	5.559322
prospect	6.459497	4.2367983	5.7767487
pleasant	6.841343	3.477551	6.3301344
shade	5.8625526	3.52192	5.946831
listen	5.5331717	4.153339	5.649733
mighty	5.3496675	4.522566	5.0996366
country	5.718415	4.14048	5.6590633
title	5.669431	3.8571496	5.6296387
choose	5.6713967	3.7062025	5.863661
village	5.7299633	3.7277184	5.466693
acquire	6.029438	4.1768384	6.248202
rank	5.2668386	4.610428	5.2688227
bow	5.846944	3.49813	5.856022
doctor	4.879907	3.5932333	5.126369
talent	6.40589	4.6591783	6.3175607
source	6.12478	3.9852188	5.74039
lead	5.035509	4.1948895	5.456375
question	5.0999312	4.1440225	5.5632205
publish	5.7487683	4.039449	5.6298785
interest	5.955925	4.2734723	5.9514856
serve	5.4206595	3.8610299	5.8888226
divine	5.905672	4.2304273	5.2383814
put	5.1479206	3.7902875	5.3823485
shadow	5.3026385	3.6470144	5.3630447
practical	6.198913	3.978912	6.2682314
surface	5.743573	3.3220818	5.526489
account	5.361878	4.2083626	5.3778944
loss	4.612406	4.3883595	4.8443737
indian	5.149522	4.090628	4.9862337
vine	5.736971	3.5890589	5.3912196
certain	5.556426	4.0580053	5.588424
sin	3.8289435	4.153219	4.3085732
necessity	5.244994	4.1919603	5.304974
lose	5.2403116	4.1846585	5.390662
private	5.0343027	4.072572	5.380603
gentleman	5.8826575	4.1605697	5.7211475
daughter	5.9477916	4.1799808	5.614815
drive	4.5954466	4.492921	4.9727545
strange	5.2903666	4.339911	5.0445232
journey	6.1292787	3.7848985	5.7369175
uncle	5.614841	4.428113	5.377221
species	5.491741	3.9267485	5.177954
think	5.5606627	4.1463194	5.624604
bed	5.444633	3.6371186	5.4960513
wind	5.0535746	3.965867	5.1288033
bless	6.277916	3.9185114	6.0230327
destroy	4.035659	4.5373793	4.5382442
author	5.9032726	4.2924485	5.679944
sustain	5.456491	3.966335	5.5279756
black	4.821931	3.7272153	5.135598
event	5.5051994	4.4641294	5.3850327
liberty	5.9181466	4.145961	5.90417
negro	5.162285	4.148918	5.0434923
little	5.9054275	3.8000438	5.690033
fortune	6.010812	4.4336624	5.560982
touch	5.679191	4.106673	5.568156
kill	4.1756115	4.7747483	4.7011433
feature	5.9649773	4.105191	5.921374
happiness	6.7133155	4.275339	6.120571
assume	5.1894455	4.0549273	5.515375
notion	5.040884	4.272227	5.0170417
purchase	5.3718276	4.01784	5.5954
faithful	5.6751127	4.209481	5.7372622
soldier	4.9624104	4.607426	5.3466754
father	5.588963	3.910124	5.560004
narrow	4.117085	3.4086041	4.968007
great	5.882113	4.2057033	5.786032
tear	4.634278	4.077368	4.900381
honorable	5.195845	4.2556567	5.3461246
previous	5.3225017	3.9069114	5.2749453
good	5.9241934	3.9692097	5.9827347
domestic	5.7567515	3.9388409	5.8803005
glory	6.562575	4.3637056	6.0271683
lay	5.37891	3.560664	5.582081
occasion	5.5404625	4.302978	5.4379454
guard	4.869193	4.3137784	5.6094227
whole	5.6675897	3.8846245	5.5727024
mouth	5.1509604	4.151675	5.184784
receive	5.9305434	4.053099	5.857615
take	5.413542	3.8662267	5.6146927
simple	6.3231483	3.783504	5.90313
error	4.0782776	4.2514367	4.5251813
wisdom	6.710721	3.7683077	6.296993
rock	5.5923643	3.8679397	5.177154
decide	5.0168686	4.192638	5.491437
exclaim	5.61691	4.383466	5.7702527
assure	6.1881227	4.2113404	5.776059
sign	5.300554	4.031727	5.7431974
preserve	5.9561625	3.7477076	6.001542
commerce	5.9623785	3.9115105	5.8025613
plant	5.768258	3.7461023	5.5792565
walk	5.809508	3.812428	5.8357773
difference	5.3492184	3.8087392	5.418773
hang	4.797595	4.0841823	5.0387287
following	6.040315	3.799972	5.874042
employ	5.4496365	3.7964835	5.8576164
