deal	4.8425665	4.197378	5.318105
study	6.1742077	4.0351825	6.1944246
afford	6.0850515	3.9774585	5.8286576
service	5.9231777	4.1129317	6.145702
height	5.675105	3.862509	5.616952
prospect	6.314162	4.4445524	5.7367525
pleasant	6.971132	3.3947875	6.15166
shade	5.5987415	3.5317185	5.707305
listen	5.739984	3.897129	5.7781224
mighty	5.5126224	4.299733	5.358875
country	5.6873913	4.2036014	5.567436
title	5.987916	3.8816822	5.731588
choose	5.633463	3.8115044	5.9125175
village	5.5717435	3.8027005	5.1266026
acquire	6.063525	4.0828266	6.389525
rank	5.4791036	4.5105605	5.55792
bow	5.6881266	3.4951816	5.8024926
doctor	4.968866	3.7297676	5.2625284
talent	6.3439956	4.6093683	6.381787
source	5.7858124	3.8563828	5.5167356
lead	5.1807823	4.3218756	5.4425387
question	4.9887	4.261767	5.334265
publish	5.5630994	3.8383512	5.485215
interest	5.7389774	4.316021	5.764819
serve	5.6836967	3.9409876	6.056185
divine	5.8275228	4.3646107	5.300663
put	5.2787437	3.8172076	5.478072
shadow	5.1435905	3.7471614	5.3274508
practical	5.8951526	3.750809	6.00195
surface	5.652991	3.3820467	5.547533
account	5.3567677	4.2749376	5.346544
loss	4.734272	4.5350747	4.879917
indian	5.373307	4.0094295	5.1896343
vine	5.7527742	3.6865847	5.3644524
certain	5.442934	4.211809	5.5091105
sin	3.8274617	4.383708	4.397181
necessity	4.9715466	4.4041157	5.2389174
lose	5.396298	4.200638	5.44786
private	5.163956	4.078926	5.4125385
gentleman	5.9669814	4.164303	5.8868833
daughter	6.2553205	4.12832	5.746602
drive	4.5928807	4.512738	4.876389
strange	5.242012	4.3420067	4.995598
journey	5.7173457	3.537897	5.472582
uncle	5.900311	4.1892943	5.4849763
species	5.7227364	4.1909666	5.324828
think	5.6230383	4.149105	5.5972366
bed	5.579045	3.7554688	5.4552426
wind	4.9962955	4.12935	4.991173
bless	6.1690264	4.0177875	5.963055
destroy	4.3026505	4.5023775	4.6680603
author	6.0955243	4.168775	5.779469
sustain	5.469575	4.161235	5.491768
black	4.7022905	3.8198507	4.910816
event	5.521991	4.2819366	5.3988276
liberty	5.992594	4.155758	5.8808813
negro	5.0569963	4.157343	4.9944415
little	6.0527434	3.8405106	5.7737637
fortune	5.8079815	4.5781684	5.554449
touch	5.9728174	4.079466	5.648895
kill	4.0953593	4.9639177	4.6504736
feature	5.540396	4.0777082	5.697445
happiness	6.6725764	4.3077884	6.104889
assume	5.0039253	3.9554923	5.421479
notion	4.9639697	4.3785768	4.82706
purchase	5.5021214	3.8823955	5.771914
faithful	5.6292677	3.9969351	5.7751355
soldier	5.0486574	4.355445	5.4340105
father	5.614037	3.9250474	5.49487
narrow	4.453361	3.6381598	4.800199
great	5.788232	4.1741977	5.7035985
tear	4.79615	4.113465	4.8896008
honorable	5.3115315	4.357975	5.471813
previous	5.1270604	3.753754	5.1727495
good	5.920043	4.0831327	5.942872
domestic	5.6945086	4.0143747	5.74793
glory	6.522971	4.438576	5.993534
lay	5.431855	3.588412	5.607674
occasion	5.4366817	4.4549904	5.473855
guard	4.972309	4.1125984	5.6009984
whole	5.6812325	3.8806202	5.597182
mouth	5.13667	4.172968	5.2851157
receive	5.9643936	4.1085367	5.876304
take	5.5835605	3.8904936	5.708229
simple	6.4897094	3.853001	5.9728894
error	4.440768	4.331829	4.72245
wisdom	6.5973687	3.762904	6.348758
rock	5.666973	4.1381383	5.413623
decide	5.132857	4.228393	5.6288624
exclaim	5.592803	4.5085344	5.747637
assure	5.965865	4.2845836	5.947993
sign	5.460664	3.9524984	5.8379674
preserve	5.8846984	3.8554373	5.9357643
commerce	5.7674637	3.758006	5.6515274
plant	5.3604856	3.8990018	5.3152375
walk	5.7825804	3.7530239	5.8035116
difference	5.288689	3.8375823	5.493942
hang	4.8164973	3.9692569	4.9752245
following	6.2068024	3.7981224	5.8895288
employ	5.7542624	3.8974924	6.059036
