deal	5.044161	4.2160215	5.391807
study	6.2316737	3.8830693	6.172237
afford	6.0236573	4.25659	5.8216076
service	5.801217	4.179397	5.8693485
height	5.747413	3.960227	5.551092
prospect	6.098533	4.2886014	5.5731463
pleasant	6.863508	3.6500263	6.1805043
shade	5.5135465	3.6693625	5.646233
listen	5.5897384	4.0032425	5.5776215
mighty	5.5723176	4.5291104	5.4011216
country	5.6988497	4.1599956	5.500231
title	6.069917	4.0860105	5.9776726
choose	5.3971477	3.6797166	5.5003843
village	5.72515	3.5960748	5.17458
acquire	6.25892	4.0285196	6.4850545
rank	5.2538743	4.6411614	5.289327
bow	5.722672	3.5350661	5.821264
doctor	4.7099977	3.7370617	5.0071907
talent	6.70006	4.635971	6.4358273
source	5.882794	3.9968638	5.742392
lead	5.106118	4.2499585	5.458948
question	5.037361	4.2232933	5.276029
publish	5.673499	4.0520363	5.6811333
interest	6.02849	4.319108	5.951242
serve	5.5633307	3.9647617	5.826258
divine	5.80169	4.3933992	5.13367
put	5.1568747	3.821515	5.3812356
shadow	5.176276	3.7191005	5.277429
practical	5.8728504	3.8369665	6.021078
surface	5.7511945	3.4677763	5.647311
account	5.426541	4.3036823	5.367788
loss	4.824745	4.2919946	4.8246136
indian	5.223657	4.0416183	5.0966563
vine	5.6317163	3.947514	5.2632236
certain	5.35253	4.3024755	5.445449
sin	3.838819	4.3333077	4.255544
necessity	5.1151514	4.331537	5.1900024
lose	5.455379	4.2000203	5.42047
private	4.9584503	4.0933456	5.438148
gentleman	5.9963036	4.0912886	5.789483
daughter	6.1609898	4.1360765	5.6926017
drive	4.782237	4.4903674	5.0561905
strange	5.2277336	4.4278812	5.0131197
journey	6.0092077	3.6507597	5.846266
uncle	5.726611	4.045857	5.3570194
species	5.696897	4.1568394	5.1914673
think	5.578673	4.290557	5.55121
bed	5.3035026	3.8999114	5.311593
wind	5.0311956	4.0441585	5.0688467
bless	6.2429934	3.911783	5.998985
destroy	4.2506065	4.6388826	4.727807
author	5.8985376	4.3157215	5.8327584
sustain	5.5359898	3.9247973	5.427763
black	4.5924044	4.037834	4.8804073
event	5.4419374	4.2432384	5.2649064
liberty	5.817763	4.285467	5.6443143
negro	5.0537844	4.408046	5.2315836
little	5.85377	3.8478632	5.6682734
fortune	5.982033	4.6022344	5.477367
touch	5.7109857	4.043394	5.5329466
kill	4.023671	4.874289	4.3833275
feature	5.603998	4.121986	5.634228
happiness	6.646841	4.2579384	6.150413
assume	5.184715	4.099054	5.4313006
notion	5.393902	4.4037127	5.146525
purchase	5.8281546	4.1304674	5.920417
faithful	5.625663	4.052348	5.798903
soldier	4.9665117	4.393122	5.3148155
father	5.624392	3.9325192	5.404607
narrow	4.2145457	3.492569	4.7430606
great	5.846937	4.1609826	5.763602
tear	4.7812953	4.186635	4.765573
honorable	5.3068357	4.257182	5.2728386
previous	5.3863964	3.9635615	5.4301667
good	5.981239	4.06751	5.938629
domestic	5.749415	3.6665568	5.8499947
glory	6.687765	4.4130144	6.0763817
lay	5.477706	3.717078	5.634661
occasion	5.4653077	4.311823	5.386264
guard	4.7265015	4.145667	5.5862083
whole	5.7218833	3.832573	5.5655317
mouth	4.9378276	4.0490465	5.1026187
receive	5.8805466	3.997004	5.8409524
take	5.4337597	3.865036	5.528195
simple	6.47465	3.961039	5.848405
error	4.0706487	4.5107417	4.575453
wisdom	6.417094	3.5585642	6.003148
rock	5.5853124	4.0106115	5.2624626
decide	5.0784917	4.18295	5.4951053
exclaim	5.648174	4.5461955	5.8248653
assure	6.0661716	4.437072	5.9401217
sign	5.384634	4.248881	5.7967877
preserve	6.121694	3.74059	5.9184
commerce	5.815673	3.680853	5.6539884
plant	5.483069	3.9877532	5.4851723
walk	5.7825074	3.8263052	5.720768
difference	5.231262	3.9134023	5.4950795
hang	4.757053	4.00362	4.9533525
following	5.877727	3.8914363	5.7130237
employ	5.749904	3.8376744	5.966576
