deal	4.84542	4.1889486	5.5162807
study	6.391841	3.8755922	6.308244
afford	6.214971	3.998379	6.027642
service	5.7777767	3.888261	5.904234
height	5.665405	3.838282	5.6222925
prospect	6.594997	4.436054	5.8304453
pleasant	6.9987283	3.4735632	6.4469934
shade	5.7180805	3.6108506	5.8942966
listen	5.617146	3.8176954	5.7335167
mighty	5.6015806	4.498823	5.3562694
country	5.8592343	4.1355247	5.6928267
title	6.055775	4.023105	5.7869287
choose	5.5878925	3.6926196	5.8308187
village	5.7371907	3.8522213	5.338107
acquire	6.0330095	4.3050375	6.2059946
rank	5.413093	4.3751745	5.480368
bow	5.8040733	3.3455715	5.8601384
doctor	4.928253	3.7440145	5.2462797
talent	6.4696026	4.6304135	6.557965
source	5.921908	4.0199466	5.780638
lead	5.2972064	4.1569357	5.530981
question	5.074297	4.076497	5.533685
publish	5.9377904	4.065094	5.668802
interest	5.9387655	4.1755514	5.9076476
serve	5.6107693	3.7672727	5.8896174
divine	5.826828	4.1750755	5.478232
put	5.1507907	3.828028	5.443301
shadow	5.320392	3.6520596	5.522424
practical	6.039447	3.981474	6.081187
surface	5.653243	3.3239422	5.472923
account	5.418414	4.2627954	5.4259677
loss	4.81234	4.421946	4.813845
indian	5.3147163	4.1912885	5.0489984
vine	5.7342176	3.879122	5.2347817
certain	5.457853	4.0835733	5.596071
sin	4.1090126	4.3611064	4.585532
necessity	5.117083	4.21662	5.2849107
lose	5.316583	4.0944285	5.415227
private	5.243367	4.168162	5.426177
gentleman	6.1629295	4.098322	5.952364
daughter	6.216268	4.042038	5.634367
drive	4.894418	4.4241123	4.9581995
strange	5.267206	4.3061256	5.016103
journey	5.9375243	3.7375417	5.647181
uncle	5.7071967	4.1134524	5.598525
species	5.5925937	3.9883437	5.383243
think	5.553125	4.1653385	5.6298666
bed	5.3496075	3.6054451	5.411591
wind	5.2269244	4.229282	5.1601644
bless	6.3046465	3.9121578	5.9499903
destroy	4.02252	4.4737186	4.501352
author	5.9653077	4.274039	5.6489296
sustain	5.324896	4.0166154	5.4072156
black	4.753859	3.79244	4.9554434
event	5.7021422	4.337928	5.4698977
liberty	5.838969	4.1515403	5.7427654
negro	5.2939076	4.4631734	5.123863
little	5.9408836	3.7843318	5.690416
fortune	6.0292416	4.42812	5.698124
touch	5.7294197	4.0909734	5.57329
kill	4.167741	4.9408336	4.5362945
feature	5.7669997	4.1070247	5.8127
happiness	6.688942	4.3012137	6.136234
assume	5.107145	4.0275526	5.464431
notion	5.080865	4.22075	5.10032
purchase	5.568785	3.821817	5.6478415
faithful	5.775408	3.9914398	5.86573
soldier	5.075586	4.46577	5.379757
father	5.7770166	4.015084	5.5392447
narrow	4.4396873	3.3322093	4.7857995
great	5.866868	4.2101536	5.824481
tear	4.481517	4.209629	4.640259
honorable	5.3093176	4.2798586	5.38663
previous	5.2033925	3.917312	5.2103443
good	5.99192	4.045317	5.97827
domestic	5.8633394	3.9415164	5.858231
glory	6.7107806	4.5600066	6.103001
lay	5.330275	3.5232153	5.5887084
occasion	5.4969096	4.1988177	5.564056
guard	4.9368606	4.320176	5.536643
whole	5.7493124	3.7826703	5.559783
mouth	5.1645584	4.1975713	5.2290597
receive	5.9606247	4.0545726	5.9463644
take	5.5306787	3.7855656	5.644206
simple	6.33727	3.8901548	5.81937
error	4.0638027	4.223661	4.5932903
wisdom	6.5489783	3.804587	6.2644153
rock	5.7406044	4.055767	5.321072
decide	5.33365	4.060625	5.6822906
exclaim	5.5488296	4.590061	5.85207
assure	6.0940785	4.2329254	5.982665
sign	5.404263	4.152427	5.9570975
preserve	5.9285154	3.6807692	5.8582664
commerce	5.9506435	3.7971025	5.7436094
plant	5.608658	3.9253232	5.643157
walk	5.726804	3.728618	5.8491635
difference	5.185458	3.7656176	5.3823533
hang	4.8629065	4.124537	4.9870853
following	6.0480623	3.709203	5.759043
employ	5.739095	3.8168697	6.041004
