deal	4.8398995	4.1721334	5.4231873
study	6.3526497	4.0704637	6.2055798
afford	6.2264266	4.017058	6.0078835
service	5.719506	3.9927173	5.8966317
height	5.5457015	3.8716023	5.536613
prospect	6.399279	4.243503	5.787265
pleasant	6.7431035	3.4316359	6.291675
shade	5.7715106	3.5454285	5.882757
listen	5.5913525	3.8660223	5.737513
mighty	5.300237	4.5137286	5.2041407
country	5.7418337	4.1148577	5.590889
title	6.0303063	3.9545102	5.692409
choose	5.6764092	3.702155	5.926963
village	5.778937	4.018323	5.3187466
acquire	6.37494	4.148455	6.356776
rank	5.211588	4.535284	5.3658056
bow	5.5854473	3.408612	5.781136
doctor	4.8002963	3.9570832	5.154275
talent	6.303779	4.714772	6.2504644
source	6.0349417	4.0278707	5.727884
lead	5.2032423	4.1972036	5.392731
question	5.1399493	4.2190895	5.483809
publish	5.8532743	4.022148	5.494111
interest	5.979068	4.320284	5.9419045
serve	5.623785	3.752053	5.8710756
divine	5.977616	4.2224865	5.4335895
put	5.13638	3.808008	5.442479
shadow	5.2637763	3.6177316	5.3354907
practical	5.987745	3.9551904	6.085501
surface	5.6890364	3.4446592	5.63645
account	5.5094986	4.3867254	5.341729
loss	4.81859	4.426249	4.996003
indian	5.5314236	4.0755057	5.259332
vine	5.7360744	3.687055	5.2542663
certain	5.411774	4.111369	5.5277357
sin	3.939914	4.3749785	4.4057713
necessity	5.0776544	4.2968855	5.1387124
lose	5.4023633	4.193118	5.4706426
private	5.172224	4.054412	5.372933
gentleman	6.018437	4.0670605	5.887667
daughter	6.0179	4.1257095	5.6117373
drive	4.82751	4.4303184	4.92865
strange	5.3731537	4.379244	4.926587
journey	6.0966783	3.8451893	5.6178956
uncle	5.713075	4.2878065	5.6335087
species	5.755818	4.009596	5.166724
think	5.474629	4.250284	5.5708747
bed	5.5120974	3.653189	5.2831173
wind	5.329295	4.1621013	5.2164545
bless	6.0631676	4.089699	5.8728604
destroy	4.060363	4.6006494	4.599957
author	6.0777397	4.286494	5.796081
sustain	5.3802996	3.8254926	5.4666705
black	4.8853116	3.8414736	5.0667343
event	5.509836	4.1510305	5.3303504
liberty	5.7793894	4.1502395	5.8727307
negro	5.6047063	4.0788245	5.285016
little	5.978094	3.8680193	5.7315826
fortune	5.9716277	4.612822	5.7119336
touch	5.835921	4.134381	5.561754
kill	4.3690414	4.941635	4.7924666
feature	5.9457893	4.1113276	5.8809032
happiness	6.605482	4.4535275	6.187191
assume	5.130649	3.9011095	5.4545135
notion	5.2247677	4.3936157	5.2448463
purchase	5.733842	3.8591347	5.8885007
faithful	5.5650387	3.9904451	5.8456426
soldier	5.0180244	4.375779	5.392683
father	5.5816374	3.9927754	5.487674
narrow	4.2561255	3.3310585	4.6334114
great	5.792412	4.1653056	5.771767
tear	4.5966763	4.2064934	4.8244314
honorable	5.2055116	4.2491612	5.50971
previous	5.300708	3.8744998	5.2504845
good	5.976663	4.1386204	5.98551
domestic	5.774563	3.8680742	5.9015336
glory	6.475064	4.54335	6.0683675
lay	5.403409	3.585236	5.553206
occasion	5.5993037	4.338212	5.6370835
guard	4.9853067	4.1184754	5.6091065
whole	5.804557	3.8615851	5.698126
mouth	5.2147636	4.098777	5.069668
receive	5.922979	4.019745	5.8379025
take	5.502689	3.816168	5.6266217
simple	6.33807	4.0184097	5.844246
error	4.2142253	4.4157557	4.636627
wisdom	6.868424	3.9593723	6.2898784
rock	5.76518	4.285036	5.406474
decide	5.3605585	4.1762004	5.7325726
exclaim	5.5591154	4.4930425	5.851297
assure	6.1045547	4.1214466	5.9280715
sign	5.3146586	4.075582	5.725489
preserve	5.8949723	3.8352952	5.845112
commerce	5.8724384	3.84082	5.805716
plant	5.345903	3.8141954	5.449457
walk	5.8000717	3.7472658	5.9042335
difference	5.267073	3.9099443	5.573439
hang	4.876542	3.88359	5.0358853
following	6.0617795	3.8697805	5.800953
employ	5.6832848	3.8174524	5.816457
