deal	4.777354	4.2855663	5.3826723
study	6.115641	4.047619	6.189755
afford	6.2111707	4.059347	6.1232257
service	5.770638	3.947938	5.863417
height	5.7210283	3.8775396	5.6032915
prospect	6.4147463	4.21995	5.7583146
pleasant	6.735272	3.4566762	6.2613316
shade	5.6017904	3.4728107	5.8232527
listen	5.6064796	3.9695733	5.708288
mighty	5.6566267	4.323328	5.4288483
country	5.75833	4.105986	5.5775595
title	5.8207984	3.8957005	5.4383216
choose	5.5052576	3.7155979	5.7206955
village	5.7040386	3.7090712	5.315384
acquire	6.155181	4.132812	6.248874
rank	5.5736547	4.573264	5.5116544
bow	5.825251	3.4104128	5.868034
doctor	4.898858	3.910327	5.2397904
talent	6.400452	4.5484924	6.508365
source	5.7580924	4.0078936	5.5462914
lead	5.257399	4.131089	5.5781655
question	4.9570904	4.225096	5.296266
publish	5.62841	3.969713	5.63302
interest	5.9008927	4.230068	5.955566
serve	5.5743995	3.7311883	5.913815
divine	6.0994587	4.496838	5.507241
put	5.2222323	3.7698348	5.485738
shadow	5.368472	3.5280445	5.4033084
practical	6.012665	3.9589682	6.0421596
surface	5.897355	3.365658	5.709398
account	5.474051	4.1327558	5.4996405
loss	4.8532867	4.472115	4.992296
indian	5.199813	4.07323	5.0289626
vine	5.9297023	3.5740561	5.4658284
certain	5.2498493	4.146282	5.4704385
sin	4.234204	4.3915687	4.642304
necessity	4.8420916	4.385945	5.2377295
lose	5.297461	4.1338696	5.380757
private	5.168907	4.0630164	5.4534073
gentleman	5.9711175	4.126459	5.8319607
daughter	6.152469	4.1808057	5.726935
drive	4.637285	4.518682	4.961342
strange	5.099323	4.3265786	5.0184736
journey	5.6257825	3.7278368	5.449983
uncle	5.6269665	4.0691605	5.536893
species	5.81697	4.2397065	5.2853518
think	5.493952	4.1691995	5.61271
bed	5.714994	3.7208016	5.4992175
wind	5.1349974	4.122758	5.119785
bless	6.128889	4.015959	5.8189664
destroy	4.255054	4.5112205	4.676556
author	5.9446235	4.2938504	5.629475
sustain	5.425092	4.077614	5.51326
black	4.953889	3.8327177	5.093318
event	5.533461	4.0897903	5.3299847
liberty	5.9347196	4.2283354	5.6725845
negro	5.416752	4.0804625	5.238162
little	5.96517	3.8300045	5.7771015
fortune	5.9714694	4.5066276	5.6351824
touch	5.4582624	4.110118	5.4645853
kill	4.0582047	4.767892	4.5510693
feature	5.753978	3.8976014	5.834134
happiness	6.3671083	4.303525	5.929391
assume	5.3003707	3.9689214	5.4965973
notion	5.0832863	4.3048515	5.0416117
purchase	5.547008	4.173679	5.692617
faithful	5.945441	4.1684895	5.8151317
soldier	5.0826955	4.4123898	5.405997
father	5.6166124	3.9739869	5.4630003
narrow	4.2071557	3.369665	4.568844
great	5.856768	4.1826863	5.849538
tear	4.478888	4.1579843	4.689001
honorable	5.235967	4.2191854	5.459448
previous	5.4045787	4.103178	5.2935615
good	5.956985	4.136138	5.9988265
domestic	5.805809	3.81126	5.7924504
glory	6.792186	4.3350353	6.058962
lay	5.538232	3.666362	5.751708
occasion	5.537683	4.326261	5.6365705
guard	4.706299	4.231003	5.337826
whole	5.834361	3.8056545	5.6783247
mouth	5.248382	3.9898102	5.2309923
receive	5.8985834	4.05244	5.873095
take	5.494417	3.7912984	5.656022
simple	6.2601395	3.8367572	5.6848264
error	4.2070403	4.361698	4.695684
wisdom	6.7768745	3.830299	6.2201214
rock	5.635009	3.9345443	5.2472
decide	5.264615	4.262148	5.705108
exclaim	5.6647754	4.5618205	5.8691034
assure	6.1809835	4.2304068	6.028999
sign	5.2294216	4.142412	5.956626
preserve	6.073138	3.7662709	5.9236217
commerce	5.803777	3.8018906	5.680153
plant	5.5068665	3.7801313	5.4888415
walk	5.966786	3.7613885	5.9504538
difference	5.036869	3.908914	5.433772
hang	4.847086	4.0972404	5.074937
following	6.1316485	3.7623394	5.840547
employ	5.819587	3.8606186	5.9764895
