deal	4.958036	4.188973	5.376548
study	6.1551323	4.0654244	6.1551547
afford	6.0864325	4.063221	6.01667
service	5.8217473	3.955275	6.077559
height	5.966597	4.012789	5.760646
prospect	6.328067	4.366886	5.6834064
pleasant	6.714273	3.566902	6.0720415
shade	5.632015	3.5419748	5.694316
listen	5.744769	3.8312156	5.75551
mighty	5.416064	4.460629	5.255018
country	5.7372923	4.1919293	5.566069
title	5.978317	4.09781	5.704008
choose	5.506037	3.7998517	5.770736
village	5.5097704	3.8194838	5.115226
acquire	6.3773346	3.9211113	6.5686364
rank	5.388431	4.4002476	5.5518475
bow	5.794148	3.354966	5.75301
doctor	5.26348	3.49897	5.320652
talent	6.4097733	4.4391775	6.4180655
source	5.7080793	3.9960952	5.6056633
lead	5.292865	4.1520457	5.5216956
question	4.894702	4.296148	5.2837324
publish	5.7986617	4.037993	5.6099725
interest	5.9557896	4.324476	5.9372077
serve	5.4292917	4.0598392	5.8569493
divine	5.8747163	4.24754	5.292559
put	5.213771	3.883668	5.4678774
shadow	5.419015	3.7534485	5.407911
practical	6.019841	3.893302	6.014483
surface	5.6932106	3.383341	5.525579
account	5.4570208	4.329267	5.478516
loss	4.852806	4.3996325	4.9773607
indian	5.3230233	4.063188	5.1330767
vine	5.8883176	3.6475215	5.4339256
certain	5.4250035	4.142499	5.6374245
sin	3.9120505	4.423294	4.340723
necessity	5.1041756	4.317485	5.254368
lose	5.309063	4.1169667	5.2823186
private	5.33963	4.1450186	5.6415787
gentleman	6.101706	4.1264777	5.842281
daughter	6.326766	3.885119	5.739516
drive	4.8067927	4.5695744	4.9327984
strange	5.358591	4.3025975	5.007832
journey	5.8890395	3.941072	5.5239635
uncle	5.6460257	4.09676	5.2597055
species	5.6419935	4.150321	5.4483685
think	5.5900335	4.146554	5.5306616
bed	5.4877396	3.678773	5.3818665
wind	5.364368	4.245371	5.244852
bless	6.197108	3.9313362	5.889027
destroy	4.2538548	4.444045	4.5439286
author	6.0823727	4.1970167	5.7748213
sustain	5.3346496	3.9527922	5.5806327
black	4.6709223	3.9379125	5.067106
event	5.524317	4.270089	5.2770996
liberty	5.80159	4.338774	5.646445
negro	5.2486076	4.4244924	5.1102843
little	5.9087267	3.8672643	5.6758842
fortune	6.034148	4.528992	5.695694
touch	5.70468	4.056108	5.493991
kill	4.397277	4.9190354	4.6668158
feature	5.6944604	4.054979	5.787617
happiness	6.709861	4.3709326	6.06275
assume	5.203156	3.9455576	5.465283
notion	4.965808	4.1871586	4.88661
purchase	5.655353	3.967557	5.7146716
faithful	5.9152026	3.8095975	6.0551353
soldier	5.1189556	4.2659283	5.394842
father	5.7047005	3.9246364	5.4817867
narrow	4.4032087	3.557961	4.874029
great	5.8398	4.1722655	5.741273
tear	4.5649853	3.9742155	4.822175
honorable	5.351788	4.3813677	5.474543
previous	5.4093585	3.821726	5.2467995
good	6.017537	4.065818	6.033242
domestic	5.6444297	4.0355535	5.7549496
glory	6.447414	4.39218	5.9231844
lay	5.4005466	3.6810396	5.5754576
occasion	5.5876384	4.346701	5.64575
guard	4.9520636	4.234944	5.580723
whole	5.7635307	3.858678	5.6276217
mouth	5.2610283	4.283669	5.348888
receive	5.8993497	4.1386385	5.905709
take	5.5087147	3.8221679	5.620745
simple	6.322139	3.7785459	5.8511004
error	4.3256035	4.385004	4.7749653
wisdom	6.608913	3.783822	6.14042
rock	5.5366597	4.02728	5.404388
decide	5.1683846	4.1708736	5.555024
exclaim	5.745547	4.505121	5.773624
assure	6.1441336	4.2836227	5.838611
sign	5.491811	3.8887987	5.779231
preserve	6.0403132	3.729216	5.8748846
commerce	5.9457555	4.124504	5.6665363
plant	5.615398	3.892849	5.4887877
walk	5.7861147	3.7440953	5.8067584
difference	5.084885	3.8250513	5.425014
hang	4.782274	4.114888	5.025059
following	6.2641344	3.9428515	6.0412188
employ	5.67499	3.7215323	6.0209584
