deal	5.032017	4.156467	5.60955
study	6.002846	4.00389	6.1536593
afford	6.066615	4.05951	5.978676
service	5.7490435	3.920632	5.971121
height	5.6484904	3.9895372	5.3672776
prospect	6.3363347	4.4455633	5.7911606
pleasant	6.8164387	3.517364	6.20658
shade	5.6799116	3.5391	5.7930703
listen	5.356789	3.8409226	5.737108
mighty	5.461639	4.45731	5.398167
country	5.7762127	4.164965	5.6563506
title	6.0407796	3.9208875	5.832385
choose	5.579234	3.7731009	5.7483087
village	5.7434945	3.7997975	5.351626
acquire	6.2102704	3.8662546	6.445152
rank	5.397114	4.466659	5.5890355
bow	5.736853	3.4705548	5.8275657
doctor	4.653142	3.674369	5.0396495
talent	6.347921	4.6884623	6.4580007
source	5.90958	4.0466814	5.680561
lead	5.302957	4.2600856	5.558561
question	5.029251	4.168973	5.4609566
publish	5.9994545	3.934565	5.7162266
interest	5.9264884	4.369377	5.8912954
serve	5.6918173	3.8007326	6.0506377
divine	5.6751375	4.4144506	5.230882
put	5.1087074	3.801755	5.3867197
shadow	5.159274	3.783121	5.2818174
practical	6.0814557	3.9370646	6.219071
surface	5.612992	3.5652556	5.596562
account	5.5722613	4.326466	5.386204
loss	4.688587	4.456726	4.757069
indian	5.3250866	4.1028895	5.1353593
vine	5.6461577	3.8522892	5.4879103
certain	5.401655	4.114973	5.4680743
sin	4.06214	4.3093615	4.3837976
necessity	4.8790326	4.3904996	5.141459
lose	5.321331	4.226775	5.3429303
private	4.9634914	4.186956	5.4917774
gentleman	6.0070915	4.0861096	5.8361745
daughter	6.0380893	4.1463027	5.658997
drive	4.644255	4.667613	4.9693637
strange	5.3229933	4.295897	4.981139
journey	5.9148993	3.7044666	5.5380507
uncle	5.5175195	4.3130555	5.4818063
species	5.670812	4.00438	5.159112
think	5.5600953	4.2457333	5.593886
bed	5.7464266	3.7367537	5.5134897
wind	5.1235633	4.1745954	5.124544
bless	6.346885	3.7733076	5.998842
destroy	4.124365	4.656481	4.7529745
author	6.126119	4.288886	5.7199144
sustain	5.4352226	4.1458282	5.428735
black	4.9224887	3.873018	5.1441975
event	5.611104	4.276742	5.384109
liberty	5.9030724	4.2187324	5.853499
negro	5.1795726	4.1428213	5.1062183
little	5.8410482	3.821775	5.7213626
fortune	5.9608297	4.66808	5.5733104
touch	5.6628757	4.09452	5.5106554
kill	4.2080884	4.8817267	4.6837664
feature	5.8385262	4.04992	5.691842
happiness	6.706268	4.422942	6.221905
assume	5.2511	4.0194306	5.458293
notion	4.9652843	4.235483	4.9802995
purchase	5.348996	3.7361233	5.8378897
faithful	5.830688	4.0808444	5.8491974
soldier	4.938314	4.367613	5.4169784
father	5.6509795	3.950733	5.5011616
narrow	4.582386	3.482788	4.8598113
great	5.8715835	4.152864	5.82236
tear	4.615207	4.2159	4.767463
honorable	5.20655	4.39557	5.418666
previous	5.415494	3.9076622	5.4046807
good	6.047859	4.0260787	6.0541563
domestic	5.7270813	3.8543856	5.813688
glory	6.802554	4.400066	6.1151104
lay	5.381215	3.614823	5.532876
occasion	5.51929	4.25834	5.470266
guard	4.7627077	4.161223	5.6587663
whole	5.8289113	3.8438725	5.721627
mouth	4.8902774	4.1584635	5.17268
receive	6.007607	4.077628	5.976119
take	5.4711537	3.8334546	5.599286
simple	6.409469	3.9320328	5.9333353
error	4.206224	4.5741715	4.49358
wisdom	6.7313466	3.680882	6.207048
rock	5.7283893	4.055362	5.457503
decide	5.3505926	4.0965433	5.629263
exclaim	5.6350822	4.5486946	5.8577037
assure	5.9717827	4.162247	5.8431826
sign	5.252046	4.037858	5.856827
preserve	6.004288	3.5609846	5.9366436
commerce	5.7402782	3.915787	5.9076514
plant	5.413184	3.9463477	5.5116878
walk	5.709886	3.7013924	5.8621016
difference	5.182969	3.822474	5.327213
hang	4.790325	4.1347866	4.9699783
following	6.187459	3.7653623	5.908518
employ	5.5430245	3.766632	5.955442
