deal	4.562752	4.255953	5.1926155
study	6.3539753	3.9338584	6.1784997
afford	6.2057214	4.086417	5.9684753
service	5.782989	3.95916	5.9855003
height	5.6868725	3.794268	5.6049743
prospect	6.01408	4.222324	5.6380377
pleasant	6.668824	3.7298548	6.1053357
shade	5.6308794	3.6055288	5.665902
listen	5.4325333	3.9147604	5.6891127
mighty	5.383365	4.550563	5.28457
country	5.612821	4.259377	5.5434465
title	5.904161	4.0219555	5.6666117
choose	5.4526215	3.8558006	5.7279806
village	5.816618	3.808197	5.238166
acquire	6.136083	4.1213965	6.5057635
rank	5.1896753	4.4921427	5.4173646
bow	5.953459	3.388642	5.9031143
doctor	4.7019424	3.9237797	5.187475
talent	6.581813	4.619808	6.527779
source	6.0887365	3.937592	5.8897066
lead	5.1389093	4.2336626	5.409663
question	4.942405	4.2211876	5.35961
publish	5.7907586	3.9083307	5.542236
interest	5.879426	4.2476935	5.7644763
serve	5.3676434	3.7859898	5.8515143
divine	5.8161244	4.2783375	5.321103
put	5.277879	3.8230228	5.4912357
shadow	5.333463	3.6830575	5.2883444
practical	5.9958444	3.9211125	6.0004506
surface	5.8172035	3.2102752	5.408006
account	5.4057455	4.2955847	5.3128085
loss	5.044669	4.4908743	5.033831
indian	5.381339	4.093625	5.249662
vine	5.7349806	3.6013713	5.400981
certain	5.354785	4.2283983	5.4861393
sin	4.169687	4.23871	4.405932
necessity	4.993803	4.3094254	5.1172066
lose	5.41483	4.327363	5.4888372
private	5.02912	4.0155478	5.313862
gentleman	5.9762115	4.167279	5.8624444
daughter	6.23657	4.144068	5.856688
drive	4.8932242	4.5059285	4.9187794
strange	5.2638226	4.3619967	4.9968467
journey	6.1583195	3.8239996	5.6639094
uncle	5.510558	4.426843	5.4988885
species	5.696572	3.9316368	5.1242647
think	5.506297	4.182855	5.573034
bed	5.543638	3.6837752	5.485819
wind	5.2806063	4.1405287	5.0912757
bless	6.2709527	4.074793	5.846513
destroy	4.0867023	4.4572573	4.4922094
author	5.9945893	4.1924877	5.7788134
sustain	5.530945	4.2323737	5.5777507
black	4.699812	3.9531598	4.8514376
event	5.3510566	4.3273845	5.339074
liberty	5.6245017	4.3599987	5.5856676
negro	5.008118	4.544219	5.1015124
little	5.9489827	3.7755325	5.7404356
fortune	5.9905243	4.742592	5.722598
touch	5.49681	4.096033	5.552569
kill	4.156889	4.8261147	4.5539455
feature	5.6488414	4.0062737	5.790958
happiness	6.5875516	4.331849	6.16175
assume	5.078499	3.9127707	5.4677653
notion	4.8069553	4.361066	4.7486463
purchase	5.6316457	4.163538	5.805651
faithful	5.5490794	4.1332	5.8461757
soldier	4.957029	4.5328145	5.525797
father	5.79183	4.0207	5.460469
narrow	4.1738796	3.188509	4.598411
great	5.8478413	4.1438518	5.736082
tear	4.5960774	4.2392216	4.7035427
honorable	5.1396966	4.248651	5.548073
previous	5.2960253	3.9185174	5.0718555
good	5.960543	4.108032	5.955636
domestic	5.519514	4.0234947	5.6810737
glory	6.4964542	4.3942156	6.0164013
lay	5.4472866	3.4551396	5.5920377
occasion	5.5932717	4.4386306	5.5199747
guard	4.788485	4.3647447	5.618647
whole	5.64888	3.747774	5.5473757
mouth	4.933794	3.9043539	5.1214123
receive	5.9528418	4.056759	5.84314
take	5.492407	3.8777423	5.5999136
simple	6.2444754	4.047909	5.900303
error	4.0005617	4.501862	4.6171474
wisdom	6.7400894	3.7867048	6.2790213
rock	5.7834454	3.9668472	5.400069
decide	5.37379	4.209869	5.6583457
exclaim	5.5682716	4.622782	5.7197084
assure	5.977985	4.2729797	5.8530903
sign	5.3409624	4.177367	5.8195662
preserve	5.9566107	3.7730577	6.0192513
commerce	5.76076	3.7957733	5.7552476
plant	5.5633845	3.7107267	5.470241
walk	5.764703	3.7564852	5.7505116
difference	5.0716314	3.7422817	5.2923512
hang	4.614329	4.178567	4.8237476
following	6.0633855	3.6926258	5.8668823
employ	5.599832	3.6862223	6.0102687
