deal	4.8864217	4.126695	5.393737
study	6.389344	4.075066	6.239455
afford	6.2170672	4.040718	6.0693483
service	5.7743316	3.9586315	5.8819017
height	5.592989	3.8586826	5.517707
prospect	6.427306	4.3278728	5.8063927
pleasant	6.6558003	3.6089299	6.1356983
shade	5.603048	3.5219421	5.823844
listen	5.5679245	3.911309	5.6096807
mighty	5.388349	4.557343	5.3453846
country	5.7524805	4.2336216	5.629707
title	6.020109	4.1540956	5.7507863
choose	5.5095506	3.58432	5.660348
village	5.7994018	3.9103901	5.3115816
acquire	6.0812893	4.1626024	6.365783
rank	5.470699	4.598705	5.494581
bow	5.751649	3.4331725	5.784924
doctor	4.902835	3.9844062	5.0343595
talent	6.5245523	4.6368003	6.4655623
source	6.134962	4.1302004	5.791906
lead	5.180331	4.2871046	5.5267305
question	4.9800653	4.2336082	5.228429
publish	5.954891	3.9534774	5.929936
interest	5.884518	4.2345495	5.8529725
serve	5.457435	3.7731893	5.8530426
divine	5.913458	4.416536	5.441545
put	5.293823	3.728216	5.5401354
shadow	5.219982	3.717292	5.267532
practical	6.0356984	3.967258	6.2406907
surface	5.6530986	3.4881165	5.5460668
account	5.55233	4.1982436	5.501671
loss	4.675543	4.2460237	4.9070287
indian	5.3853235	4.169586	5.2316303
vine	5.648286	3.6243696	5.4843593
certain	5.5282454	4.125325	5.499383
sin	3.936984	4.442483	4.4715905
necessity	5.1552706	4.5003743	5.2320576
lose	5.403068	4.1602907	5.389791
private	5.0162907	4.1310577	5.4100738
gentleman	5.9924827	4.3056083	5.861902
daughter	5.998026	4.180448	5.5954485
drive	4.796008	4.5198145	5.0726027
strange	5.177064	4.2508106	4.942728
journey	6.220241	3.715217	5.765998
uncle	5.825574	4.159184	5.4251413
species	5.828452	4.181215	5.3060594
think	5.5263834	4.135538	5.5637035
bed	5.539553	3.6247003	5.307031
wind	5.286315	4.20928	5.217197
bless	6.1754346	3.8558044	5.9489207
destroy	3.9927	4.559191	4.5411234
author	6.022208	4.227957	5.717464
sustain	5.6081767	4.109383	5.531904
black	4.757663	3.7779481	5.068448
event	5.553997	4.3516417	5.4487705
liberty	5.69109	4.4346843	5.666225
negro	5.2712755	4.568713	5.2407613
little	5.98465	3.8213875	5.730618
fortune	5.926423	4.434581	5.6382685
touch	5.910098	4.1052527	5.5650897
kill	4.2952824	4.823214	4.6804743
feature	5.848604	4.124945	5.70469
happiness	6.508898	4.412782	6.0428414
assume	5.22766	4.0444384	5.5370584
notion	4.9537153	4.3149877	4.992689
purchase	5.601006	3.9606223	5.658293
faithful	5.7235446	4.0445924	5.8860936
soldier	5.2429953	4.409185	5.6014075
father	5.66842	4.004848	5.4975023
narrow	4.480481	3.3152804	4.621276
great	5.918787	4.1637635	5.844417
tear	4.607852	4.177859	4.7569785
honorable	5.0333524	4.4669976	5.415509
previous	5.3065643	3.8913357	5.313969
good	5.99555	4.041512	5.933407
domestic	5.7296844	4.0300937	5.9082417
glory	6.5127463	4.4841633	5.973162
lay	5.428495	3.541321	5.658517
occasion	5.629951	4.3515553	5.5164447
guard	4.882408	4.3434167	5.431944
whole	5.763763	3.8259368	5.690662
mouth	5.1403656	4.06705	5.274632
receive	6.0598245	4.0461097	5.9465666
take	5.4715247	3.8051934	5.6586485
simple	6.4094195	3.8734522	5.9314
error	4.097624	4.3875146	4.601286
wisdom	6.675559	3.7522326	6.230615
rock	5.6097383	3.9949784	5.2849784
decide	5.2293444	4.049146	5.5430255
exclaim	5.5468326	4.6477365	5.755394
assure	6.1786304	4.2780504	5.934742
sign	5.360915	4.206127	5.7469788
preserve	6.0458856	3.7701259	6.005181
commerce	5.7127943	3.881193	5.8647304
plant	5.5676064	3.9004676	5.6235666
walk	5.7877192	3.768007	5.75268
difference	5.099811	3.9676514	5.3159847
hang	4.925142	3.9731543	5.058219
following	6.0805836	3.8106196	5.9576697
employ	5.7504487	3.8422475	5.9609365
