deal	4.8226004	4.1945133	5.541588
study	6.293591	4.089543	6.2103777
afford	6.230019	4.145857	6.05422
service	5.7208867	3.9441526	5.963943
height	5.695436	4.066766	5.5481477
prospect	6.434687	4.3853507	5.8085136
pleasant	6.6649094	3.6508348	6.03895
shade	5.463457	3.520697	5.6616864
listen	5.57473	4.0379577	5.7044444
mighty	5.602874	4.288996	5.4555163
country	5.710565	4.1892133	5.624196
title	6.036996	3.9490318	5.715644
choose	5.4248514	3.7544358	5.8069015
village	5.659094	3.9237063	5.364545
acquire	6.1539145	4.089935	6.2268615
rank	5.399401	4.483156	5.683858
bow	5.7330546	3.379822	5.848028
doctor	5.070856	3.919074	5.345114
talent	6.579803	4.6099057	6.494644
source	6.064686	4.0588493	5.689847
lead	5.272256	4.1492996	5.4054894
question	5.06981	4.3206263	5.3356977
publish	5.865932	4.054737	5.627862
interest	5.9912496	4.361513	5.997401
serve	5.73296	3.7337084	5.9943337
divine	6.0365605	4.3657956	5.569842
put	5.2922864	3.785353	5.437215
shadow	5.2491674	3.5613992	5.2878766
practical	5.767101	4.001448	5.8859153
surface	5.599472	3.3441207	5.563603
account	5.4008627	4.3422456	5.3875446
loss	4.849036	4.2997303	4.809391
indian	5.43933	4.0774727	5.089291
vine	5.704414	3.8314536	5.2442336
certain	5.4659276	4.197289	5.5563445
sin	3.9815757	4.4602923	4.4521546
necessity	5.1120963	4.400319	5.1260624
lose	5.34318	4.0432496	5.371726
private	5.186271	4.0482783	5.4966245
gentleman	6.1132154	4.089929	5.9341874
daughter	6.121565	3.949926	5.659566
drive	4.590495	4.4782963	4.696771
strange	5.1451616	4.5101757	4.9324074
journey	5.893744	3.769918	5.45074
uncle	5.8241973	4.082422	5.5227695
species	5.580976	4.170107	5.16822
think	5.5616975	4.178159	5.6125135
bed	5.53263	3.6831079	5.5121512
wind	5.1690125	4.1998672	5.1034703
bless	6.299698	3.7500544	6.150287
destroy	4.1901207	4.4559216	4.6401577
author	5.994873	4.2711473	5.695549
sustain	5.409952	4.1240325	5.405026
black	4.7551813	3.923268	4.904755
event	5.5072155	4.2475286	5.2530756
liberty	5.8965206	4.347168	5.850073
negro	5.158238	4.324645	5.0901403
little	6.021541	3.7440286	5.7308297
fortune	6.0813794	4.5030847	5.715515
touch	5.9366546	4.015879	5.740467
kill	4.116582	4.9115047	4.5832977
feature	5.6062922	4.0659432	5.660846
happiness	6.7317023	4.330519	6.19044
assume	5.1232295	3.946026	5.460424
notion	5.044798	4.2890806	4.9113126
purchase	5.73545	4.0657606	5.8191423
faithful	5.9143047	3.9684262	5.942711
soldier	4.9558315	4.476518	5.389738
father	5.6625423	3.9475653	5.412501
narrow	4.4886646	3.4522214	4.8661757
great	6.0078483	4.151227	5.867258
tear	4.6313243	4.1550684	4.658189
honorable	5.290679	4.497408	5.4992414
previous	5.3268538	3.9012325	5.3289886
good	6.012135	4.130479	6.0162945
domestic	5.6857295	3.6676745	5.8511004
glory	6.6563287	4.4710994	6.10795
lay	5.569533	3.6665454	5.600937
occasion	5.68199	4.347663	5.575914
guard	4.837965	4.179196	5.5418973
whole	5.789183	3.8076828	5.722989
mouth	5.2146473	4.0127954	5.2918158
receive	6.0026736	4.0886583	5.8728967
take	5.604739	3.799004	5.6488924
simple	6.374405	4.028396	5.8211365
error	4.2723956	4.3414884	4.7061853
wisdom	6.790224	3.8202977	6.302202
rock	5.737171	4.02661	5.338112
decide	5.3075724	4.1068325	5.689531
exclaim	5.7498016	4.416827	5.9347534
assure	6.1063423	4.3863797	5.9389253
sign	5.4924965	4.2220793	5.874426
preserve	5.985969	3.7767346	5.8566504
commerce	5.8500752	3.764023	5.9745226
plant	5.155654	3.871242	5.2116313
walk	5.916819	3.8264709	5.9323616
difference	5.2544103	3.8162575	5.4169364
hang	4.907031	4.1656394	4.9789453
following	6.1225367	3.6889744	5.7955413
employ	5.858995	3.6887035	6.0228925
