deal	4.987919	5.106987	5.6540217
study	6.3319407	4.67158	6.5663514
afford	6.592683	4.7976108	5.7719984
service	6.498521	4.5037527	5.892911
height	5.390818	5.421733	5.7156606
prospect	7.598282	5.348908	6.2924385
pleasant	7.4879017	3.927172	4.729385
shade	4.587519	3.7835279	3.3171864
listen	5.38895	5.368267	4.8104663
mighty	5.872491	5.5659637	6.784435
country	5.326421	4.6424756	5.7865086
title	7.2648425	4.447561	6.608085
choose	5.9435306	4.254011	5.3017936
village	6.1794634	4.6853733	5.671079
acquire	7.6875286	5.721688	8.086357
rank	5.8314943	5.4552264	6.0118093
bow	5.715561	4.406066	4.9478106
doctor	5.340168	3.8722723	5.1016574
talent	8.137832	5.8748603	7.708289
source	6.577425	4.715594	5.984293
lead	4.8878202	5.7240863	5.2711544
question	5.026768	4.656684	5.404981
publish	5.560093	5.1841893	5.462096
interest	6.510724	4.8227167	5.800131
serve	5.281215	3.758634	4.4991345
divine	7.6875706	4.2152286	7.0449805
put	4.6978774	4.760635	3.9830437
shadow	4.4742827	3.5642564	4.024161
practical	6.099494	4.4863725	6.2838984
surface	4.438943	3.026299	3.8114505
account	5.868252	4.472181	5.878573
loss	3.4551933	5.5540633	4.0516257
indian	5.086732	5.361321	5.4277325
vine	7.001434	4.0631	5.498713
certain	5.2409735	5.327831	5.8783364
sin	2.9139535	5.2817783	3.9615922
necessity	4.409256	5.1716065	5.563776
lose	3.9883015	5.252335	4.3680115
private	4.3175735	4.490227	5.033194
gentleman	6.1382675	4.4231963	5.422843
daughter	5.6621194	4.5078306	5.2664595
drive	3.0945187	6.8188286	4.509249
strange	4.1639094	5.3328013	4.2013927
journey	6.3289886	4.3966227	4.633353
uncle	6.351314	4.5401225	6.0338063
species	5.7396526	5.4103937	5.123634
think	5.7456594	4.7871265	5.174587
bed	5.169588	2.6102107	3.2534008
wind	4.346678	5.198471	4.722391
bless	8.472803	4.023881	6.0826406
destroy	3.2932768	6.510174	5.2794476
author	5.9257727	4.8010635	5.3915176
sustain	5.466319	5.314653	6.2088284
black	3.2464352	4.509577	3.3054278
event	6.11089	5.5056806	6.545205
liberty	7.6013794	5.960484	7.6956906
negro	3.854082	4.920955	3.8785787
little	4.7114773	4.1836386	3.6617317
fortune	6.985478	5.2217093	6.591464
touch	5.4965467	4.338868	4.302328
kill	3.8056374	6.6891756	5.029193
feature	5.601572	3.8864098	5.195727
happiness	8.568271	4.878113	6.1408815
assume	4.658681	4.884252	5.2082148
notion	5.400054	4.3822994	5.0615835
purchase	6.660643	4.403942	5.7636557
faithful	6.839565	3.8053617	6.3065815
soldier	4.4496007	5.999537	6.3371305
father	5.2709823	5.2374153	5.5263247
narrow	2.8957891	4.2657633	3.4748287
great	5.1615105	5.6236835	5.747047
tear	3.4581738	4.905693	2.714474
honorable	6.1958222	5.333692	6.160059
previous	4.5163574	4.3872805	4.6372194
good	7.0321593	4.061364	6.357659
domestic	4.858447	3.4125051	3.8339179
glory	7.9594946	5.2829566	7.287431
lay	4.1914372	4.397555	4.186253
occasion	5.0988603	5.348896	5.215081
guard	4.7573657	5.2876024	6.1616693
whole	5.3330765	4.5118923	5.3207884
mouth	4.8076606	4.501003	4.5608134
receive	6.534433	5.196615	5.851571
take	4.521634	5.3388658	5.0420003
simple	6.399333	4.045051	5.681676
error	2.4298055	5.6404166	4.0338926
wisdom	7.0599546	4.6838126	7.1858144
rock	4.5807385	4.887536	5.049289
decide	5.351366	5.143389	6.1882806
exclaim	5.574704	5.9083953	5.1047163
assure	7.2551785	5.3032827	6.1631136
sign	5.382159	4.1473417	4.9994154
preserve	5.883695	3.8679385	5.7779064
commerce	6.5330114	5.1666927	6.87741
plant	4.886951	4.255542	4.574685
walk	5.892083	4.150919	3.9080577
difference	4.239685	4.450898	4.5135236
hang	4.0106173	4.6177964	4.206361
following	7.321293	3.5060492	5.894007
employ	4.6889067	4.7531395	5.6157093
