deal	5.35575	5.108261	5.7531557
study	6.91381	4.1354284	6.459806
afford	6.581071	5.3984127	6.0084667
service	6.5934725	4.602541	5.997201
height	4.829313	5.284427	5.55881
prospect	7.1844587	5.64249	6.3425756
pleasant	7.483226	4.245089	4.942566
shade	4.112761	3.9480724	3.3197951
listen	5.431718	4.9616313	4.9568567
mighty	6.2811985	5.7200875	7.3239145
country	5.861063	4.665427	6.3000374
title	7.384297	4.498179	6.555393
choose	4.9558997	4.3937345	5.0383925
village	6.3462763	4.8034773	5.72337
acquire	7.898864	5.260771	7.871161
rank	5.832093	5.2464447	5.966245
bow	6.495005	3.9365115	5.2174187
doctor	5.0521154	4.066526	5.230274
talent	7.971095	6.0855675	7.683479
source	6.2742434	4.840186	5.6773634
lead	4.8299713	5.5037103	5.214629
question	5.1109567	4.531833	5.282207
publish	5.573671	5.257221	5.5176287
interest	6.8599176	4.7835474	6.2826695
serve	5.329141	4.3519855	4.983252
divine	7.732315	4.2709837	7.1583033
put	5.2646985	4.7173114	4.3194175
shadow	4.14342	3.55431	3.581465
practical	6.130356	4.3467064	6.363409
surface	4.94794	2.821367	4.0397825
account	5.395703	4.546589	5.421409
loss	3.3199763	5.4627776	3.6928387
indian	5.01399	4.7994986	5.01239
vine	6.77691	3.5166962	5.5438933
certain	5.0904827	5.4452715	5.595255
sin	3.3057532	5.1224613	4.5573735
necessity	4.0578365	5.3181896	5.4204674
lose	4.399221	5.5838184	4.606195
private	4.2833223	4.417513	4.769644
gentleman	6.2049646	4.549164	5.4965057
daughter	5.804352	4.9169827	5.8236465
drive	2.9865558	6.587743	4.4427786
strange	4.1169133	5.573755	3.9599357
journey	6.130877	4.0870237	4.759391
uncle	6.9519405	4.2453833	5.599638
species	5.8314743	5.139977	5.248482
think	5.479228	4.917395	4.7898855
bed	5.178227	3.191627	3.4401026
wind	4.8664117	4.721044	4.3452783
bless	8.778305	4.0569315	6.487482
destroy	2.9413247	6.6567235	4.8196397
author	6.1028676	4.660784	5.3283606
sustain	5.1457295	5.033235	5.7718034
black	3.0812979	4.9963045	3.8942611
event	6.206147	5.5287967	6.3657293
liberty	7.6914988	5.8943353	7.338394
negro	3.6884441	5.39637	4.0272384
little	4.1934047	3.9853144	3.0174987
fortune	6.6131744	5.263359	6.324564
touch	5.880955	4.2300386	4.481268
kill	4.164636	6.519788	4.9285846
feature	5.433813	4.115084	5.2472405
happiness	8.408624	5.035676	6.246831
assume	3.581281	4.816329	4.526767
notion	5.7189803	4.1911592	5.0465093
purchase	6.9100504	4.3820066	5.6145487
faithful	6.990077	3.9474201	6.156409
soldier	4.6350226	5.5338492	5.836971
father	5.732145	5.0742536	5.970387
narrow	3.354427	4.125767	3.599579
great	5.7923994	5.8987894	6.215789
tear	2.8811545	5.0309277	2.5850482
honorable	6.369053	5.1379395	6.2631965
previous	4.1424522	4.547424	4.404294
good	7.2789583	4.6237984	6.6252813
domestic	4.6597276	3.7572093	4.240668
glory	7.2160945	5.2260027	7.1555223
lay	4.7284403	4.5507045	4.433581
occasion	5.2672353	5.328263	5.353156
guard	4.968175	4.846403	6.089673
whole	5.103805	5.0238485	5.521696
mouth	5.0011277	4.435302	4.4938006
receive	6.679397	5.2348595	5.6975117
take	4.454974	5.404611	4.899809
simple	6.4435787	4.04652	5.4938955
error	2.23483	5.143059	3.9462922
wisdom	6.8851767	4.7796435	7.3571053
rock	5.1223598	5.0505657	5.3896503
decide	4.8254204	5.321409	6.0562334
exclaim	6.013709	6.2148094	5.734743
assure	7.8689723	5.2025905	6.4361615
sign	5.0805216	4.255909	4.5090585
preserve	5.806139	3.6979613	5.64922
commerce	6.306677	5.2599635	6.8213663
plant	5.071528	4.1850843	4.8619823
walk	5.880554	4.2162137	4.3053837
difference	4.744196	4.6895905	4.9788218
hang	4.365288	4.4016614	4.0989027
following	7.694488	3.4081223	5.5944767
employ	4.768996	4.6244164	5.4474688
