deal	5.2777133	5.428295	5.846232
study	6.877767	4.199825	6.5275974
afford	6.345465	4.8089395	5.63643
service	6.926914	4.8356338	6.4568605
height	5.1984653	5.1386166	5.9609327
prospect	7.515356	4.969152	6.1582108
pleasant	7.706422	4.400752	5.1298776
shade	4.095304	3.8325748	3.033931
listen	4.9165163	5.341896	4.6992917
mighty	6.2472143	5.574093	7.0492
country	5.7236223	4.1442447	5.684574
title	7.875369	4.357893	7.05279
choose	5.433654	4.458307	5.2716236
village	6.6518297	4.5880575	5.75978
acquire	8.121864	5.586935	8.09351
rank	6.0829206	5.225365	6.019396
bow	5.950325	4.123675	4.7806497
doctor	5.1411896	4.2413635	5.062837
talent	8.297253	5.786948	7.943354
source	6.2662554	4.494152	5.6783605
lead	5.1301193	5.73479	5.1323185
question	5.179472	4.231883	5.1202884
publish	5.21922	4.9809294	5.5152607
interest	6.557764	5.013149	6.3132133
serve	5.539473	4.2139454	5.0910635
divine	7.51869	4.3153887	6.9557395
put	4.8942733	4.319237	4.1217346
shadow	4.245195	3.426537	3.6556425
practical	6.0093374	4.494883	6.13791
surface	4.7266574	3.0296764	4.199662
account	5.565318	4.8733478	5.589016
loss	3.3505764	5.208993	3.7932134
indian	5.126555	5.026433	5.3868723
vine	6.6333504	3.715931	5.59149
certain	5.5208697	5.494479	6.070201
sin	2.9173286	5.1980577	4.3628125
necessity	4.2400746	5.369127	5.543833
lose	4.8256736	5.562093	4.703341
private	4.0734525	4.374856	4.8637877
gentleman	6.228529	4.6010394	5.5269413
daughter	6.0652895	4.0988817	5.4011555
drive	3.304938	6.527152	4.2103205
strange	4.291453	6.027845	4.3909616
journey	5.9152384	4.141671	4.564333
uncle	7.3817005	3.8365874	5.8510184
species	5.495017	5.151426	4.855912
think	5.6476774	4.9041905	5.002382
bed	5.2224975	2.9854126	3.3820827
wind	4.590019	4.778373	4.2732086
bless	8.723274	4.4412675	6.6043477
destroy	3.3099751	6.629506	4.9471884
author	5.7929363	4.47748	5.3772845
sustain	5.1077423	5.1296544	5.8519616
black	4.223216	4.642019	3.9309986
event	6.3314195	5.9508624	6.859356
liberty	7.5658994	6.151369	7.5931993
negro	3.830542	5.2380724	4.2946587
little	4.9737153	4.30923	3.790028
fortune	6.723805	5.2529273	6.2571397
touch	5.417045	4.2867594	4.407018
kill	3.9201965	6.421512	4.8049107
feature	5.652185	3.7580953	5.1573257
happiness	8.618401	4.5953007	6.583601
assume	4.2678404	5.0422325	5.120808
notion	5.8463144	3.9210396	4.9579773
purchase	6.9600973	4.529299	5.749846
faithful	6.598381	4.2455287	6.094958
soldier	4.7345643	5.945407	6.094007
father	6.105999	4.4259677	5.8379774
narrow	3.2558317	4.4043274	3.8386283
great	5.5500255	6.2525706	6.4597187
tear	3.1530147	4.619748	2.9782372
honorable	6.2647514	5.1539454	6.150923
previous	4.3754735	4.8573394	4.629449
good	7.2498984	4.8406196	6.4377317
domestic	4.849482	3.6041608	4.3388977
glory	7.7489715	5.42737	7.0733285
lay	4.7779727	4.1897926	4.2644167
occasion	5.4966283	5.3332796	5.2684083
guard	4.77053	5.035333	6.040887
whole	5.3492675	4.5988574	5.7143736
mouth	5.525901	4.7562184	5.189346
receive	6.5408463	5.015488	5.4484267
take	4.930625	5.431844	5.1684623
simple	6.127583	4.2142615	5.5468745
error	2.2995076	5.202739	3.9955301
wisdom	6.948389	4.943415	7.2625227
rock	5.1041784	4.7173576	5.2539024
decide	5.325379	5.47941	6.310622
exclaim	6.1059604	6.1261377	5.7283335
assure	7.5202665	5.1659837	6.307945
sign	5.361535	4.0584936	4.734475
preserve	5.964546	3.930932	5.688965
commerce	6.496064	5.00144	6.709733
plant	4.9686465	4.140979	4.871302
walk	5.710946	4.7231884	4.25296
difference	5.1446123	4.4617853	4.8687735
hang	4.459946	4.432341	4.1958504
following	6.953039	3.4494662	5.508078
employ	4.814583	4.8942523	5.6092744
