deal	5.2918077	5.385907	5.812685
study	6.3812675	4.339667	6.387873
afford	6.624589	4.3683634	5.8367267
service	6.3734426	4.724698	6.231487
height	5.2541094	5.249972	5.8994637
prospect	7.600033	5.3603134	6.7092113
pleasant	7.888434	4.2071075	5.2470274
shade	4.467259	3.5076594	3.3158798
listen	5.428	5.302947	4.8206587
mighty	6.2478223	5.412327	6.9269614
country	5.569086	4.236048	5.416046
title	7.248109	4.624025	7.0452695
choose	5.6049414	4.2010465	5.3638043
village	6.4220886	4.572045	5.6135426
acquire	7.730118	5.679886	7.8944077
rank	5.97186	5.0475187	6.2079163
bow	6.0650325	3.855557	4.9430966
doctor	4.867058	4.175041	4.92
talent	7.845813	5.801461	7.5986977
source	6.1778393	4.7113767	5.584659
lead	4.9470634	5.531779	5.0132713
question	5.039875	4.5433064	5.5441494
publish	5.2669687	5.007201	5.207252
interest	6.138653	5.0069685	5.6034055
serve	4.9008946	3.874174	4.5664625
divine	7.2925262	4.184512	7.0913277
put	4.9412565	4.468208	4.3200254
shadow	4.2306213	3.2974925	3.6976485
practical	5.8771367	4.384626	6.016121
surface	4.6426797	2.9047232	4.0250835
account	5.432071	5.0414157	5.675955
loss	3.7673712	5.4382367	4.0388336
indian	4.9078445	5.2126484	5.1505637
vine	6.495191	3.7143471	5.3123198
certain	5.2227674	5.2971907	5.774051
sin	2.9076881	5.234086	4.1833706
necessity	4.172573	5.10326	5.514057
lose	4.629079	5.1761637	4.759853
private	4.0837083	4.3135467	4.402974
gentleman	6.3660555	4.112543	5.713998
daughter	5.9166784	4.5299597	5.383268
drive	3.2767198	6.6196747	4.537017
strange	4.4417114	5.79513	4.341505
journey	5.890895	4.130661	4.253923
uncle	7.0363913	3.6536512	5.3512297
species	5.3344207	5.587209	4.8895345
think	5.664571	4.53734	4.807871
bed	4.8141365	3.1239731	3.4106843
wind	4.614567	4.6707034	4.5567555
bless	8.43322	4.161521	6.349387
destroy	3.3154263	6.569457	5.231185
author	5.349117	4.59414	4.9237547
sustain	5.19764	5.0444765	5.9229307
black	3.6525292	4.704891	4.0229907
event	6.25046	5.8632126	6.587375
liberty	7.688088	5.91436	7.7799644
negro	3.9497163	5.407072	4.6383543
little	5.070585	4.242878	3.9699514
fortune	6.4979916	5.066665	6.279453
touch	5.4810185	4.442004	4.4693346
kill	3.737388	6.3378983	4.5236096
feature	5.732826	3.637613	5.023758
happiness	8.348789	4.286786	6.0221405
assume	4.173243	4.9645653	5.315383
notion	5.335749	3.9825788	4.633076
purchase	6.854227	4.4983325	5.6697893
faithful	6.6900673	4.1856413	6.420274
soldier	4.632107	5.724584	5.8337226
father	5.589767	4.989514	5.7743454
narrow	3.128406	4.340132	3.5550196
great	5.433403	5.7241893	6.31365
tear	2.9620824	4.681798	2.4062235
honorable	6.182344	5.2822614	6.1682463
previous	4.4198236	4.6575623	4.6212945
good	7.200899	4.2307825	6.381404
domestic	4.7073	3.5050805	3.8754787
glory	7.296406	5.311596	7.014223
lay	4.623802	4.5725684	4.4660616
occasion	5.2608805	5.567557	5.410847
guard	4.6566176	5.07094	5.835011
whole	5.2058268	4.564944	5.550525
mouth	4.937734	4.820035	4.7869334
receive	6.577319	4.978513	5.702351
take	4.423703	5.109561	4.8479834
simple	6.2867823	3.937648	5.415036
error	2.0912843	5.626917	3.759799
wisdom	6.8424044	4.6009855	7.1149673
rock	4.8804407	4.8499737	5.4385967
decide	5.0382524	5.3107805	6.1893616
exclaim	6.255736	6.003759	5.556816
assure	7.470276	5.066327	6.28889
sign	5.1153517	4.2687	4.7470703
preserve	6.050577	3.7544365	5.653449
commerce	6.3088045	5.370344	6.722256
plant	4.668185	4.3807964	4.7419705
walk	6.0282984	4.259882	4.5156255
difference	5.1396527	4.6237926	5.093409
hang	4.4169035	4.33547	4.1663947
following	6.8731174	3.8453467	5.664895
employ	4.95726	5.04054	5.589973
