deal	5.4169927	5.086072	6.3595176
study	6.540552	4.346261	6.666726
afford	6.463742	5.028697	5.880137
service	6.385844	4.973283	6.074106
height	5.4284606	5.284886	5.7061524
prospect	7.4858365	5.275969	6.2442193
pleasant	7.386058	4.146443	5.0667343
shade	4.195672	3.8972764	3.2740712
listen	5.0984783	5.5419016	4.554986
mighty	6.108162	5.8615484	7.461931
country	5.294651	4.083332	5.3874474
title	7.5046406	4.4725657	6.7871056
choose	5.767996	4.4366045	4.9975195
village	6.016058	4.604788	5.5213695
acquire	7.6568103	5.727202	8.142551
rank	5.7262564	5.236289	5.614492
bow	5.8671517	4.2271047	5.030664
doctor	4.7117276	4.153016	4.9270434
talent	8.004829	5.9932013	7.9678507
source	6.403965	4.9335856	5.9782257
lead	4.5708175	6.017026	5.1459737
question	5.1218176	4.193676	5.1509895
publish	5.9633074	4.8371735	5.4545836
interest	6.729161	4.780549	5.9054675
serve	5.317329	4.362059	4.8103
divine	7.608404	4.303753	7.0594716
put	4.9647717	4.7544985	4.529503
shadow	4.25463	3.6796122	3.8040607
practical	6.0673337	4.4925127	6.352433
surface	4.882147	2.786577	3.9071004
account	5.770874	4.540528	5.539835
loss	3.5998752	5.2702513	3.8575954
indian	5.0318503	5.1828995	5.520637
vine	6.6381083	3.2100027	5.2562914
certain	5.1544814	5.1784043	5.8008347
sin	3.1980362	5.5626984	4.8265734
necessity	4.2250314	5.177211	5.570014
lose	4.384062	5.732167	4.6302476
private	4.419706	4.2114525	4.620032
gentleman	5.9847875	4.3253965	5.3451605
daughter	5.663929	4.7920823	5.466434
drive	2.683989	7.0071125	4.6857934
strange	4.11641	5.6797876	4.2641077
journey	6.2236814	4.300478	4.8932896
uncle	6.5904083	4.1941385	6.126014
species	5.685854	4.7912216	4.9818535
think	5.6769094	4.9320135	4.9509263
bed	5.398183	2.9376106	3.440292
wind	4.7387547	4.7145495	4.2734065
bless	8.717968	4.3820553	6.4739347
destroy	3.0413353	6.7751255	5.1564445
author	5.9282775	4.3582816	5.31436
sustain	5.60347	4.726026	6.0825605
black	3.9260578	4.706988	3.717709
event	7.0020847	5.3588715	6.7543163
liberty	7.8697553	5.6680026	7.546829
negro	3.9156113	5.254368	4.1469517
little	4.5099826	4.3292294	3.576737
fortune	6.5863338	5.2779703	6.3277392
touch	5.4904027	4.3253508	4.4283
kill	3.6079168	6.329525	4.9633093
feature	5.2178106	4.1927814	5.350731
happiness	8.243537	4.7324166	6.3369465
assume	3.849935	5.166662	4.9064946
notion	5.5436287	4.4199047	5.2025294
purchase	6.718771	4.5692043	5.7667856
faithful	7.011495	4.1499534	6.2197933
soldier	4.491778	5.7947326	5.785391
father	5.406683	5.057839	5.9245005
narrow	3.101406	4.327512	3.6862757
great	5.290083	5.5796185	6.447388
tear	2.896446	4.991296	2.8302703
honorable	5.8635936	5.3888264	6.1973724
previous	4.5576096	4.6934447	4.6627507
good	7.56606	4.434825	6.9898834
domestic	4.8731084	3.2787318	3.9153314
glory	7.4649296	5.581971	7.0586643
lay	4.736116	4.1003923	4.399315
occasion	4.9941745	5.0275326	5.045065
guard	5.135746	5.049273	6.0929546
whole	5.505728	4.6335993	5.682209
mouth	4.9937816	4.983452	4.693645
receive	6.61363	4.827995	5.348454
take	4.5158987	5.8606744	5.3454328
simple	6.5230045	4.2240305	5.852106
error	2.4585822	5.5077972	3.94563
wisdom	7.1142445	4.991629	7.231678
rock	5.22627	4.9409323	5.5896506
decide	5.1146097	5.5013733	6.3659925
exclaim	5.3935695	6.026508	5.4494133
assure	7.5653124	5.091132	6.208131
sign	5.627007	3.8205786	4.7607055
preserve	6.22217	3.6528656	5.689441
commerce	6.520605	4.8848734	6.7793365
plant	4.9258065	4.1574	4.788978
walk	5.947994	4.5602107	4.4607935
difference	4.6030107	4.3021097	4.76586
hang	4.0847964	4.73455	4.0294952
following	7.2711596	3.3047564	5.5209146
employ	5.23814	4.8884544	5.676071
