deal	4.800274	5.3411036	5.4870577
study	6.370226	4.374279	6.2358723
afford	6.8661327	4.9614487	6.1440024
service	6.5565243	4.315527	6.3270693
height	5.607853	5.320194	6.089525
prospect	7.3898053	5.464105	6.462325
pleasant	7.613302	4.211022	4.999701
shade	4.4437056	3.8326044	3.4031126
listen	5.2615266	5.208674	4.6477227
mighty	6.487675	5.570312	7.3467274
country	5.07312	4.494306	5.6920223
title	7.2275753	4.407614	6.764492
choose	5.2814064	4.384921	4.922233
village	5.966088	4.8199778	5.5607805
acquire	7.86677	5.4264445	7.7829866
rank	6.2120514	5.155443	5.961464
bow	6.353215	3.996929	5.3513784
doctor	4.6690955	4.4374323	5.134984
talent	8.135509	5.9295244	7.690069
source	6.0327353	4.8820744	5.815433
lead	4.841851	5.809434	5.2562656
question	5.0941534	4.2110486	5.490447
publish	5.2827425	5.123533	5.316595
interest	6.501651	5.0491176	6.0187564
serve	5.2423506	3.9080892	4.7371736
divine	7.6737094	4.693687	7.288122
put	4.9557657	4.9193344	4.650186
shadow	4.727477	3.1105995	3.8453574
practical	5.8533177	4.6163473	6.165473
surface	4.6772323	2.958568	3.894269
account	5.638031	4.9713793	5.8428364
loss	3.5592375	5.343785	4.007828
indian	4.5399113	5.1584306	5.1187744
vine	6.893361	3.6869786	5.5972023
certain	5.23757	5.3305597	5.7528086
sin	2.8895838	5.2730756	4.360615
necessity	4.361029	5.2197194	5.338497
lose	4.498072	5.060506	4.401516
private	4.0802283	4.4804077	4.713921
gentleman	6.938341	4.208313	5.906253
daughter	6.189973	4.518478	5.6107893
drive	2.8792686	7.138978	4.4657125
strange	4.1881404	5.5760164	4.167417
journey	6.222393	4.3431544	4.5811687
uncle	6.7981415	3.6929228	6.1774254
species	5.10478	5.7070556	4.721055
think	5.824742	4.7911305	5.2134485
bed	4.6675177	3.3249784	3.5193703
wind	4.8525395	4.597576	4.186893
bless	8.622997	4.3309436	6.630066
destroy	3.175013	6.640663	5.3344345
author	5.554613	4.69561	5.0218716
sustain	5.3379064	5.1062803	6.057866
black	3.647706	4.8614435	4.070324
event	6.3128767	5.5113897	6.664797
liberty	7.963125	5.8710084	7.7989435
negro	3.9464061	5.14971	4.5699124
little	4.4065876	4.1160593	3.2807488
fortune	6.9257193	5.132721	6.3173437
touch	5.383812	4.2766066	4.1517973
kill	3.2741237	6.7931476	4.7927737
feature	5.22886	4.159745	5.153131
happiness	8.333923	5.0226126	6.560296
assume	4.4583836	4.8528237	5.060272
notion	5.5914516	4.7027245	4.9902315
purchase	6.664225	4.57819	5.9166594
faithful	6.742442	3.905599	6.191455
soldier	4.864189	5.6112785	5.891412
father	6.011635	4.664072	5.959545
narrow	3.48377	4.138915	3.7101011
great	5.289429	5.620049	5.8274164
tear	2.6639585	4.8466873	2.4326463
honorable	6.604088	5.2108674	6.601585
previous	4.4079847	4.5738525	4.45339
good	6.8862376	4.459032	6.3366942
domestic	4.629035	3.6903458	3.7644863
glory	7.6148157	5.702963	7.205464
lay	4.391541	4.287337	4.381885
occasion	5.079361	5.6042433	5.104763
guard	4.8049936	5.052999	5.8170147
whole	5.7222614	4.467641	5.719698
mouth	4.9479494	4.795326	4.7989497
receive	6.474602	5.057845	5.7157116
take	4.212253	5.663601	4.9141984
simple	6.5023537	3.857681	5.9092975
error	2.1631956	5.2496786	3.7489624
wisdom	7.438347	4.835161	7.188579
rock	5.0646996	4.9776964	5.5662546
decide	5.2191935	5.220622	5.9433064
exclaim	5.794913	6.268685	5.9092107
assure	7.694748	5.282839	6.5815935
sign	4.8211565	3.7443616	4.3786407
preserve	5.9523354	3.6924858	5.7181926
commerce	6.5519133	5.082018	6.687965
plant	4.3521256	4.3372498	4.6114507
walk	6.345577	4.20637	4.3564644
difference	4.560507	4.9924097	5.1269784
hang	4.5049105	4.157249	4.164759
following	7.476237	3.323855	6.111301
employ	4.7873335	4.6686277	5.2712264
