deal	5.2722926	5.068359	5.8206344
study	6.4262104	4.2934556	6.284151
afford	6.5592647	5.210185	5.92982
service	6.72325	4.882432	6.240999
height	5.0332284	5.4774103	5.6799693
prospect	7.740672	5.4822764	6.738888
pleasant	7.247031	3.9840758	4.7716794
shade	4.338377	4.0986357	3.5097127
listen	5.6979437	5.0911083	4.8088694
mighty	6.137517	5.2803397	7.084495
country	5.568412	4.142503	5.872186
title	7.106468	4.313082	6.802598
choose	5.423624	4.095151	5.033968
village	6.380098	4.792654	5.8214855
acquire	7.6825037	5.8569946	8.210302
rank	5.5554066	5.395115	5.885109
bow	5.7835503	4.126051	4.941466
doctor	4.7976165	3.9819438	4.9820976
talent	7.8698325	5.8133574	7.829544
source	6.463711	4.4269724	5.61922
lead	4.743946	5.797679	5.302053
question	5.415399	4.3553486	5.63802
publish	5.148235	5.21077	5.4646583
interest	7.0110893	4.7659974	5.9107666
serve	5.7623053	4.0949793	4.7717023
divine	7.3475246	4.7217827	7.208147
put	5.2293725	4.489979	4.2757816
shadow	4.3820667	3.6718051	4.060066
practical	6.034473	4.3924875	6.1764135
surface	4.579962	2.7675874	3.900307
account	5.8734217	5.161316	6.0134354
loss	4.1837497	5.5089345	3.927238
indian	5.013716	5.2078524	5.6203628
vine	6.415764	3.9569316	5.5902615
certain	5.198391	5.1486306	5.8034053
sin	3.1361573	5.301866	4.4872093
necessity	4.751389	4.9744835	5.720802
lose	4.5874043	5.2940674	4.6039033
private	4.044408	4.5855927	4.694526
gentleman	6.4127517	4.4606695	5.7005696
daughter	5.9044647	4.726413	5.495378
drive	3.0223756	6.8565817	4.7203145
strange	4.182713	5.5501323	4.145364
journey	6.276052	4.1283865	4.598761
uncle	7.19557	3.679126	5.840433
species	5.640812	4.9107304	4.9745135
think	5.561385	4.7811937	4.9132524
bed	4.7357006	3.151707	3.2689936
wind	4.4944773	4.947098	4.4106236
bless	8.211538	4.5410714	6.397809
destroy	3.1478302	6.83293	5.2452197
author	5.719534	4.6138344	5.216524
sustain	5.440985	5.180704	6.01245
black	4.296656	4.5327253	4.224436
event	6.5850163	5.7729406	7.036243
liberty	7.8775673	5.9509583	7.6520247
negro	3.8842466	5.5094466	4.5122433
little	4.559	3.7329836	3.4449081
fortune	6.679215	5.2429056	5.9763575
touch	5.301076	4.0506773	4.325139
kill	3.9210777	6.4222407	4.914908
feature	5.721004	3.9648519	5.5499954
happiness	8.299966	4.7695746	6.1154733
assume	4.0906615	5.1252446	5.188565
notion	5.664189	4.2046413	5.0257
purchase	6.8272085	4.444657	5.9902973
faithful	6.6763105	4.1342926	6.1545916
soldier	4.8354974	5.848442	6.003349
father	6.083272	4.8794985	6.0716677
narrow	2.958312	4.3827043	3.492536
great	5.5659275	5.374229	6.3612394
tear	2.7454567	4.967714	2.5322013
honorable	5.769611	5.5199833	6.1672554
previous	4.636473	4.550904	4.755988
good	6.870916	4.57009	6.741847
domestic	4.960091	3.7363124	4.4274282
glory	7.6073565	5.3535037	7.0628743
lay	4.567236	4.271805	4.545707
occasion	5.4514437	5.0915136	5.2954154
guard	4.5477257	5.291627	5.9076457
whole	5.6805806	4.7310777	5.8899226
mouth	5.256443	4.4945765	4.697965
receive	6.656653	4.965674	5.452568
take	4.900183	5.276431	5.047046
simple	6.261777	3.9682746	5.241161
error	2.2625492	5.339297	3.7558343
wisdom	6.9899106	4.897693	7.130785
rock	4.9335074	4.775512	5.2424593
decide	5.0327253	5.2284493	6.082942
exclaim	5.6701226	6.233557	5.639826
assure	7.524112	5.138228	6.380237
sign	5.037761	3.6088016	4.374164
preserve	5.7783923	3.8732727	5.815628
commerce	6.5400276	5.2547603	7.2674007
plant	4.48691	4.2289224	4.706178
walk	5.7572703	4.519206	4.2413793
difference	4.888575	4.0143023	4.827332
hang	4.1898274	4.5575	4.1188784
following	7.241751	3.8102257	5.9430194
employ	5.1426716	4.745402	5.7882366
