deal	5.4348335	5.21979	5.636116
study	6.85894	4.1655827	6.5765285
afford	6.304526	4.937309	5.8790464
service	6.7344246	4.327724	6.0727
height	5.781831	5.123204	5.9458575
prospect	7.5269346	5.608034	6.712858
pleasant	7.6859646	4.1912413	5.025899
shade	4.3816295	3.7612534	3.1898685
listen	5.007027	5.2819257	4.653451
mighty	6.2430267	5.4370947	7.1166563
country	5.6133432	4.698378	5.9716187
title	7.218225	4.2681456	6.65763
choose	4.9723907	4.417763	4.729166
village	6.1669645	4.850458	5.7163053
acquire	7.60678	5.7597938	8.1408
rank	5.8352747	5.2240443	5.843784
bow	6.189013	4.1726737	5.12503
doctor	4.6022787	4.7273774	5.073249
talent	7.990405	5.832119	7.7255363
source	6.133614	5.2507877	5.892584
lead	5.116214	5.4852753	5.1856337
question	4.6953845	4.470705	5.4600453
publish	5.645088	4.8615537	5.3472815
interest	6.715693	4.883662	6.2271056
serve	5.5935926	3.7264805	4.546221
divine	7.6428967	4.3027716	6.9395647
put	4.5669756	4.660909	4.3979945
shadow	4.528092	3.3055773	3.720381
practical	6.0377054	4.5473323	6.3675704
surface	4.438069	3.3503933	3.92803
account	5.525581	4.8049374	5.5725946
loss	3.3601222	5.555532	3.6782513
indian	4.840768	5.0323515	5.5417566
vine	6.722555	3.910244	5.5880985
certain	5.4410963	5.0479455	5.9002514
sin	3.216854	5.1035604	4.6539392
necessity	4.24647	5.3645515	5.597448
lose	4.1743045	5.4967604	4.5269713
private	3.7943883	4.246933	4.133016
gentleman	6.625065	4.4536405	5.685563
daughter	5.8346634	4.5588965	5.8507237
drive	3.415341	6.6011534	4.5861716
strange	4.255388	5.5943255	4.1858525
journey	6.2269254	4.110609	4.935947
uncle	6.3394556	3.6990237	5.8307657
species	5.6588106	5.3850713	4.9379983
think	5.737954	4.947959	5.176214
bed	4.5939736	3.2522616	3.3770924
wind	4.6440935	4.6445985	4.4314137
bless	8.717108	3.9214358	6.352739
destroy	3.2428794	6.668928	4.999324
author	5.787365	4.3590336	4.9463205
sustain	5.375301	5.1728225	6.031019
black	4.1335697	4.9936247	4.0971913
event	6.5808754	5.5445156	6.66423
liberty	7.711488	5.8451905	7.4143558
negro	4.07365	5.451984	4.3905435
little	4.8852315	3.8140616	3.4976463
fortune	6.75893	5.0085464	6.1158857
touch	5.2502885	4.2451406	4.4295306
kill	3.6478674	6.5975003	5.204812
feature	5.728234	3.9341197	5.586681
happiness	7.987335	4.7027407	5.8585796
assume	4.078729	4.9528017	4.789659
notion	5.493042	4.170926	4.8181453
purchase	6.663561	4.582546	5.8300214
faithful	6.5712743	4.0820994	6.1536207
soldier	4.3668427	5.9309072	5.5478177
father	5.8849006	4.5269594	6.260068
narrow	3.2133603	4.644539	3.6839056
great	5.690113	5.455726	6.2446284
tear	3.1475282	4.791586	2.5455194
honorable	6.228958	5.1431475	6.1663933
previous	4.1812377	4.4690847	4.343776
good	7.103571	3.917152	5.9265547
domestic	4.659023	3.519047	3.9343145
glory	7.533227	5.2602625	7.0694284
lay	4.372856	4.711795	4.409047
occasion	5.1107	5.371852	5.3394403
guard	4.511851	5.188812	5.8736897
whole	5.781391	4.3663964	5.611676
mouth	4.637181	4.5708227	4.411707
receive	6.564847	4.661498	5.3036585
take	4.494694	4.959347	4.963929
simple	6.5339985	4.038173	5.6261797
error	2.2827191	5.3997927	3.791623
wisdom	7.055499	4.9066935	7.106598
rock	4.812183	5.100686	5.3852215
decide	5.2038727	5.2232714	6.441592
exclaim	5.849186	6.236408	5.5197825
assure	7.8440623	5.0040593	6.5152044
sign	5.104966	3.7889097	4.564279
preserve	5.7489824	3.884963	5.489951
commerce	6.519067	5.201641	7.1306744
plant	4.805943	4.2575665	4.91689
walk	6.4584837	4.2486806	4.4628735
difference	5.075323	4.403809	5.0435905
hang	4.4224563	4.3411946	4.1080203
following	7.2036705	3.6254182	5.5338955
employ	4.639991	4.553283	5.219836
