deal	5.2244287	5.151552	5.613193
study	6.5358276	4.41754	6.6468186
afford	6.696804	4.869087	5.6897373
service	7.0050163	4.469585	6.23106
height	5.4649186	5.208258	5.740218
prospect	7.610816	5.23732	6.633624
pleasant	7.6051016	3.9357593	4.766392
shade	4.540461	3.3582497	3.2110233
listen	5.175737	5.577132	4.728406
mighty	6.181769	5.2433605	7.027984
country	5.962331	4.4074965	5.8342915
title	7.2183633	4.600744	6.7612634
choose	5.6233683	4.4044924	5.0663347
village	6.1335053	4.990517	5.593172
acquire	7.4101915	5.8305473	7.957837
rank	5.6743574	5.0254464	5.8041215
bow	6.3137207	3.874506	5.1368103
doctor	5.0420322	4.1312075	5.2086625
talent	7.969614	5.3790874	7.5322075
source	6.0714116	5.3073273	5.803195
lead	5.3877583	5.7863684	5.589749
question	5.280343	4.5586963	5.903342
publish	5.490156	4.998022	5.5066986
interest	6.911585	5.116916	6.360244
serve	5.269822	3.8409362	4.7403526
divine	7.478224	4.4706144	7.475933
put	5.256321	4.582385	4.469367
shadow	4.6488376	3.0240073	3.7655413
practical	6.0937495	4.3152227	6.2062106
surface	4.7482524	2.8954308	3.9755669
account	5.5323305	4.9036255	5.6888957
loss	3.6371727	4.777716	3.5690684
indian	4.7127748	5.109544	5.4308524
vine	6.8643904	4.1408052	5.7670074
certain	5.533484	5.4483604	6.1207275
sin	3.1715882	5.1365433	4.4663353
necessity	4.400691	4.983668	5.3587837
lose	4.492976	5.117678	4.479915
private	4.137261	4.6940985	4.9876585
gentleman	6.5644817	4.4800944	5.927329
daughter	6.1616974	4.669648	5.630391
drive	3.262134	6.868048	4.3679295
strange	4.268484	5.6751127	4.1247835
journey	6.043373	4.5405884	5.0259523
uncle	6.6610756	4.8522167	6.36225
species	5.314489	5.5946918	5.1475244
think	5.8068357	4.592264	4.91256
bed	5.0963373	2.9659874	3.2735066
wind	4.7327833	5.030547	4.3221307
bless	8.741964	3.9545841	6.525977
destroy	3.5007312	6.6123443	5.1311293
author	5.768511	4.5566673	5.2483134
sustain	5.5096025	5.0416727	6.0088644
black	3.608006	5.083126	4.1053042
event	6.514962	5.593281	6.9074516
liberty	7.7241454	5.8198066	7.340134
negro	3.5556462	5.5425234	4.599472
little	4.646106	3.6995394	3.4664326
fortune	6.8401666	5.2771206	6.4130673
touch	5.707031	4.1686487	4.4552975
kill	3.7961316	6.6463633	4.8087864
feature	5.441068	3.8591533	5.2594357
happiness	8.516838	4.956897	6.2125645
assume	4.4307084	4.7967033	5.097675
notion	5.886791	4.1032867	5.244568
purchase	6.3608255	4.7121882	5.607907
faithful	7.0868115	3.8411012	6.0275173
soldier	4.467435	5.7926297	5.9165564
father	6.2183185	4.7850103	5.952161
narrow	3.1237912	4.3909154	3.7417262
great	5.2554216	5.4532313	6.453338
tear	2.822596	4.621176	2.3761177
honorable	5.9528017	5.4895163	6.6229444
previous	4.2276387	4.4722767	4.5439262
good	6.9107695	4.013937	6.1911597
domestic	4.83018	3.3348944	3.9010103
glory	7.5176816	5.469818	7.2984104
lay	4.486061	3.9788778	4.0592375
occasion	5.295167	5.3668346	5.6276584
guard	5.2201467	4.8621755	6.099107
whole	5.437974	4.822061	5.860864
mouth	5.1297765	4.5303974	4.840002
receive	6.5668106	4.929675	5.403915
take	4.95554	5.2744718	5.1291513
simple	6.4913745	3.932829	5.3765893
error	2.541288	5.098994	4.008558
wisdom	7.0623326	4.6197143	7.0223308
rock	5.3096623	4.5593615	5.407473
decide	5.3946304	5.4175787	6.4116178
exclaim	6.0247674	5.990018	5.483848
assure	7.5544415	5.157253	6.306302
sign	5.0462303	3.8304107	4.602637
preserve	6.0892224	3.9956758	5.9063168
commerce	6.40004	5.2153397	6.9883323
plant	5.165908	4.350362	4.8768063
walk	6.0507298	4.550054	4.397012
difference	5.1619487	4.1875405	4.8644876
hang	4.3780355	4.4456887	4.0947633
following	7.0133076	3.5925574	5.506681
employ	4.3236237	5.121321	5.508655
