deal	5.2029257	5.1103587	5.6997023
study	6.588896	4.1179047	6.3992615
afford	6.1645613	5.2854185	5.812501
service	6.3747377	4.6669564	5.7284064
height	5.251171	5.3956556	5.9431133
prospect	7.135337	5.0797987	6.201371
pleasant	7.379085	4.139125	4.912008
shade	4.265101	3.7473612	3.2335553
listen	5.365524	5.8025017	4.921777
mighty	6.29695	5.481094	7.1015615
country	5.9462256	4.5418415	6.2464666
title	7.907455	4.046617	7.006377
choose	5.489576	4.1356287	4.698973
village	6.3400345	4.6969733	5.8265676
acquire	8.09369	5.607567	7.916869
rank	5.825156	5.1997256	5.91423
bow	5.9487247	4.159942	5.0039916
doctor	5.056617	4.464436	5.2586946
talent	7.946933	6.0218115	7.8160295
source	6.674734	4.453438	5.7446156
lead	5.2389283	5.6179404	5.2489038
question	5.1855793	4.1041346	5.0078897
publish	5.890836	4.745837	5.4847283
interest	6.837614	4.9941525	5.986202
serve	4.943538	4.1284065	4.428044
divine	7.100095	4.369788	6.882958
put	4.510281	4.548897	4.241991
shadow	4.218702	3.3815947	3.6879997
practical	6.1404915	4.306778	6.1669235
surface	4.9254484	3.1536667	4.2957215
account	5.76052	4.486682	5.550979
loss	3.087531	5.1401424	3.660197
indian	5.0643573	4.863334	4.9741383
vine	7.432792	3.4079592	5.778904
certain	5.29929	5.206948	5.760837
sin	2.7123966	5.5463524	4.4345717
necessity	4.1441054	5.197994	5.3567433
lose	4.4478707	5.1941776	4.5835977
private	4.174073	4.3281627	4.383953
gentleman	6.325185	4.839866	6.1582274
daughter	6.29443	4.522866	5.8434014
drive	3.1901736	6.523546	4.3701544
strange	4.2967606	5.5377803	4.1094613
journey	6.23499	4.1692038	4.5339875
uncle	6.546012	4.5509896	5.870002
species	5.4387617	5.204505	5.2736063
think	5.740138	4.7347937	4.9857483
bed	4.8007746	2.7278714	3.061159
wind	4.9117117	4.749499	4.5974383
bless	8.325115	4.287895	6.272649
destroy	3.2490144	6.5907235	5.190843
author	5.5856295	4.390279	5.0899925
sustain	5.1793356	5.044989	5.7151427
black	3.71682	5.086614	4.079562
event	6.329817	5.3093395	6.318369
liberty	7.527451	5.8136635	7.3738422
negro	3.5962782	5.4728646	4.501401
little	4.0552716	3.8876657	2.7521138
fortune	6.3136153	4.878266	5.8975706
touch	5.726406	4.456268	4.4362564
kill	3.9227483	6.2198143	4.9862595
feature	5.5493746	3.8962975	5.238385
happiness	8.296438	4.5269327	5.888346
assume	4.210989	4.7687664	4.806842
notion	5.829956	4.2007	5.0509796
purchase	6.7575626	4.554701	5.7328916
faithful	6.686534	4.1360254	5.9582872
soldier	4.9244895	5.7202773	5.960024
father	5.753127	5.0536795	6.006048
narrow	3.1063626	4.265847	3.8886724
great	5.1511865	5.096296	5.907942
tear	2.86524	4.764971	2.5189128
honorable	5.8444166	5.3842134	6.1178956
previous	4.398586	4.3103886	4.485283
good	6.993105	4.3322725	6.32588
domestic	4.930141	3.5987315	4.0113997
glory	7.1962147	5.2877307	6.7276373
lay	4.6492157	4.3381076	4.746126
occasion	5.227132	5.260418	5.458357
guard	5.139591	5.6236076	6.5571337
whole	5.264959	4.4913397	5.531223
mouth	5.2452145	4.7638717	4.7998753
receive	6.9578733	4.940698	5.550455
take	4.7364454	4.8061996	4.802244
simple	6.385067	4.053286	5.393445
error	2.5289872	5.0486703	3.821781
wisdom	6.945778	4.518112	7.06481
rock	4.943897	5.093619	5.681389
decide	5.517085	4.7677593	5.878824
exclaim	5.818652	6.51785	5.739796
assure	7.5723	5.194458	6.474962
sign	5.0975485	3.8757203	4.7053094
preserve	5.922656	4.070308	5.6135173
commerce	6.6878858	5.2085743	6.9551673
plant	5.110377	4.15261	5.0094967
walk	5.6775756	4.3879037	4.367128
difference	4.7197742	4.552938	4.984345
hang	4.330914	4.4001737	4.277426
following	7.283963	3.7911723	5.780172
employ	5.0135307	4.9416366	5.4321556
