deal	5.092464	4.937862	5.900153
study	6.69216	4.4702373	6.4666605
afford	6.5176034	4.7539654	5.9301615
service	6.340544	4.738661	6.27974
height	5.5817337	5.4164834	5.799245
prospect	7.5590725	5.322623	6.553899
pleasant	7.5556593	4.0498586	4.9652963
shade	4.5641265	3.8531632	3.6811793
listen	4.9448967	5.595076	4.6893497
mighty	6.4362774	5.5807486	7.3818026
country	5.3945556	4.79344	5.6658
title	7.4125834	4.821579	6.8765855
choose	5.246894	4.685433	4.9934883
village	6.025524	4.882378	5.691563
acquire	7.4650745	5.6715	7.6608925
rank	5.676795	5.102515	5.8598995
bow	6.350781	4.0221424	5.304288
doctor	4.7253857	4.2309012	4.7632127
talent	7.8304553	5.816244	7.6858463
source	6.1882114	4.7502418	5.9106417
lead	4.801893	5.864699	5.1508007
question	5.198948	4.3725514	5.427161
publish	5.428814	4.934919	5.1328135
interest	6.5840464	4.852607	5.984847
serve	5.3474064	4.0719814	4.620525
divine	7.3671474	4.450944	7.0084906
put	5.1358514	4.312001	4.4290614
shadow	4.3504844	3.5470283	4.0211716
practical	6.1021214	4.386754	6.2999353
surface	4.770784	3.0789802	4.1062465
account	5.056816	4.8336315	5.365641
loss	3.2482169	5.139135	3.9060016
indian	5.082424	5.1770406	5.411956
vine	7.1943088	3.7951465	5.534105
certain	5.2330546	5.292563	5.6863666
sin	3.028185	5.015535	4.4055195
necessity	4.371209	5.2582183	5.439145
lose	4.206951	5.2751393	4.5762763
private	4.1405535	4.47855	4.5647197
gentleman	6.5512986	4.4128227	5.8118944
daughter	5.9873743	4.7438974	5.812044
drive	3.3463516	6.6892104	4.6116548
strange	4.143395	5.529954	4.021049
journey	6.0013266	4.197349	4.693465
uncle	7.00767	4.5753765	6.1549377
species	5.296918	5.569772	4.683146
think	5.669217	4.6959724	4.9185724
bed	4.84825	2.753388	2.8609433
wind	4.7083607	4.7362194	4.428647
bless	8.646223	3.9293818	6.4939566
destroy	2.9862165	6.679089	4.958821
author	5.679861	4.544889	5.1126976
sustain	5.334956	5.02536	5.650424
black	3.393207	4.8732595	4.090926
event	6.5356956	5.722758	6.989337
liberty	7.745942	5.716998	7.7727604
negro	4.2687373	5.3102326	4.975494
little	4.010318	4.2183366	3.2822757
fortune	6.065579	5.164798	6.0826497
touch	5.595651	4.064104	4.49859
kill	3.817047	6.2977314	4.8760767
feature	5.4121346	3.9782841	5.2542315
happiness	8.262284	4.8190517	6.426039
assume	3.7616973	5.052052	4.8794513
notion	5.8406672	4.1275387	5.0243335
purchase	6.4274554	4.4522076	5.6625137
faithful	6.778698	4.071568	6.4374294
soldier	4.4270773	6.0913825	5.9216986
father	6.0385904	5.089266	6.1797447
narrow	2.865446	4.1899233	3.3865438
great	5.435183	5.143928	6.030715
tear	3.0990357	4.600211	2.7510376
honorable	6.2373877	5.2390413	6.4635262
previous	4.5209	4.6360574	4.7318482
good	7.414109	4.1138043	6.776621
domestic	4.8936195	3.8581016	4.121857
glory	7.276711	5.5773892	7.0672574
lay	4.581464	4.001466	4.2681727
occasion	5.316427	5.055172	5.269322
guard	5.2281866	5.3054237	6.30187
whole	5.4065046	4.306698	5.6149397
mouth	4.8859715	4.9062605	4.822393
receive	6.9091325	4.7177043	5.6129446
take	4.649942	5.1033797	5.0798955
simple	6.3871217	4.0813866	5.5497165
error	2.6189122	5.34487	4.1209197
wisdom	7.078822	4.6476536	7.3362846
rock	5.0462446	4.847043	5.129261
decide	5.325428	5.2360935	6.208872
exclaim	6.199317	5.997665	5.7339687
assure	7.5316277	4.8936925	6.290058
sign	5.286557	3.676974	4.3621635
preserve	5.996582	4.1826887	5.76449
commerce	6.223731	5.0965304	6.5412045
plant	5.314576	4.039277	4.63733
walk	6.2135096	4.4398212	4.192207
difference	5.541486	3.9649696	4.953262
hang	4.574968	4.396704	4.292043
following	7.4869084	3.5948746	5.793079
employ	4.6925783	4.932479	5.3615065
