deal	4.979481	5.3945456	5.8994293
study	6.4089947	4.2985377	6.242021
afford	6.2063704	4.969707	5.528163
service	6.651185	4.7161145	6.34134
height	5.440575	5.188431	5.6422195
prospect	7.282056	5.568106	6.385678
pleasant	7.1760597	4.087544	4.676115
shade	4.3946357	3.6953487	3.3869858
listen	5.038131	5.583111	4.7717533
mighty	6.1081767	5.425148	7.057073
country	5.9999037	4.3607516	6.220536
title	7.2561245	4.5583296	6.613898
choose	5.7470717	4.2819543	5.0279408
village	6.3477125	4.5673523	5.7158084
acquire	7.360793	5.7691264	7.8944254
rank	6.003548	5.8005342	6.450259
bow	5.756416	4.257804	4.686005
doctor	4.569824	4.1972914	4.8583655
talent	8.230583	5.9933405	7.919619
source	6.055959	4.4172263	5.306101
lead	5.0032067	5.616577	5.203334
question	4.5513415	4.0889316	4.9782686
publish	5.6651597	5.162309	5.6271486
interest	6.37189	4.994476	5.9979925
serve	5.392916	4.138386	4.9446907
divine	7.2115097	4.312821	6.8986197
put	5.1458025	4.8607993	4.4232864
shadow	4.4043145	3.2203057	3.705948
practical	5.910098	4.3439703	6.040193
surface	4.6218505	3.149195	3.9133906
account	5.3091335	5.1045523	5.7237024
loss	3.1983726	5.1219335	3.513433
indian	4.6127934	5.108615	4.919485
vine	6.900055	4.069762	5.836055
certain	5.139513	5.2528896	5.749811
sin	3.1188412	5.3450413	4.595268
necessity	4.096369	5.1332617	5.3039656
lose	4.121483	5.144167	4.3427024
private	4.0926256	4.0892305	4.643985
gentleman	6.3845234	5.173326	5.9609423
daughter	5.9387493	4.716318	5.7518406
drive	3.1101472	7.0738144	4.5956683
strange	4.030519	5.352573	3.9532757
journey	6.0001335	4.0777326	4.5605793
uncle	6.943144	4.2336807	5.658061
species	5.87013	5.236111	5.4392457
think	5.749362	4.444627	4.9508924
bed	5.1249447	2.8898032	3.6169553
wind	4.6392646	4.8511143	4.1159573
bless	8.561469	4.672084	6.5938926
destroy	3.392186	6.6092105	5.324438
author	5.847167	4.9016876	5.309284
sustain	5.3914986	5.237241	5.968474
black	3.8411784	4.991829	4.094956
event	6.520227	5.5510187	6.967163
liberty	7.8500113	6.1655793	7.738369
negro	3.5176978	5.442603	4.3211823
little	4.70984	3.8689218	3.2287824
fortune	6.520271	5.3187075	6.426193
touch	5.3703766	4.354964	4.2776113
kill	4.127339	6.3304768	5.0970674
feature	5.876765	3.3529828	5.316185
happiness	8.55262	4.5903473	6.3037705
assume	4.0413218	4.958517	5.058855
notion	5.446246	4.1763983	4.88725
purchase	6.8671956	4.4837637	5.9096737
faithful	6.861619	3.9774632	6.328699
soldier	4.6245	5.8643146	6.094756
father	5.9254785	4.7598596	6.070897
narrow	3.717779	4.142851	3.9563766
great	4.5012946	5.4291015	5.6362066
tear	3.2822354	4.5234747	2.7434375
honorable	6.132984	5.7182703	6.357073
previous	4.1432066	4.372556	4.185355
good	6.4765954	4.3942156	6.053941
domestic	4.955659	3.2467465	4.28696
glory	7.323821	5.3673215	6.975191
lay	4.6633315	4.475368	4.7535133
occasion	4.8734975	5.546253	5.197935
guard	5.0408044	5.1233263	6.1306443
whole	5.452871	4.9799957	5.959879
mouth	5.1833196	3.964937	4.3120275
receive	6.4618735	4.4316316	5.212428
take	4.364472	4.8987412	4.58112
simple	6.5034733	3.8454094	5.5665894
error	2.5619364	5.1354218	3.9585228
wisdom	6.974966	4.657053	7.0695763
rock	4.781761	4.8222666	5.2333174
decide	4.6697755	5.185129	5.587734
exclaim	6.113873	6.157644	5.7242303
assure	7.6076612	5.11724	6.3771133
sign	4.9426465	3.3962262	4.296778
preserve	5.8068995	4.071048	5.8397136
commerce	6.267267	5.203553	6.9167466
plant	5.1155424	4.1552467	5.112832
walk	6.11593	4.5742397	4.4315877
difference	4.733619	4.2020717	4.814002
hang	4.729	4.571416	4.354334
following	7.2172174	4.0517135	5.97783
employ	4.9654584	4.784656	5.7495823
