deal	5.1717067	5.3326597	5.85418
study	6.537199	4.344522	6.3506103
afford	6.734046	4.9161987	5.598117
service	6.3908806	4.8594756	6.170821
height	5.232876	5.1859875	5.6646733
prospect	7.499653	5.2950215	6.4640045
pleasant	7.96463	3.950194	4.9893985
shade	4.740638	3.9112606	3.6013238
listen	5.623659	5.5941696	4.852151
mighty	6.271837	5.821962	7.3212085
country	5.492506	4.371702	5.815315
title	7.2357235	4.585397	6.7109137
choose	5.1717772	4.525515	4.8745203
village	6.214482	4.62888	5.5327673
acquire	7.6462994	5.8323426	8.019776
rank	5.8365307	5.427382	6.076632
bow	6.1056595	4.5797524	5.2425985
doctor	4.4725637	4.0508747	4.8111415
talent	7.866232	6.045918	7.9786
source	6.458432	5.0957174	5.786218
lead	5.195536	6.012864	5.13715
question	4.684876	4.6633387	5.128492
publish	5.5869017	5.1176853	5.6783547
interest	6.452695	4.8384414	5.9148273
serve	5.410068	4.271761	4.6160574
divine	7.428338	4.317894	7.294223
put	4.8429627	4.941271	4.595435
shadow	4.2317395	3.5378478	3.8695898
practical	5.9584856	4.3733463	6.168932
surface	4.7240424	3.1211567	4.03351
account	5.145999	4.6283765	5.461864
loss	3.227063	5.159359	3.8537788
indian	4.7424517	5.2200317	5.101829
vine	6.9228086	3.6210718	5.5228477
certain	5.4678364	5.445289	5.6976376
sin	2.8724768	5.249095	4.3505316
necessity	4.1111336	5.1876216	5.2664037
lose	4.2077165	5.0085254	4.7033024
private	4.3494806	4.4630747	4.5404263
gentleman	6.4716177	4.487257	5.6664767
daughter	5.812808	4.554777	5.7609396
drive	3.1553235	6.7409534	4.5628715
strange	4.4098744	5.561971	4.0275908
journey	6.547389	3.8381672	4.585407
uncle	7.1632824	4.13755	5.8072796
species	5.4515758	4.9810853	4.6817026
think	5.7379417	5.030283	5.0375443
bed	4.7374916	3.0849195	2.981733
wind	4.5081058	4.894669	4.531768
bless	8.625025	4.495752	6.6736946
destroy	3.2787554	6.668594	5.082436
author	5.7784905	4.5522757	5.1888766
sustain	5.1608396	4.9795804	5.8430276
black	4.0160036	5.1083994	3.894115
event	6.5391574	5.580513	6.6868153
liberty	7.7425766	5.8722367	7.598672
negro	3.8320155	5.3345056	4.139242
little	4.6646748	3.8011074	3.3297005
fortune	6.4971256	5.4362793	6.3217096
touch	5.4931083	4.3926597	4.3867726
kill	3.7352092	6.3995275	4.760896
feature	5.572849	3.3763378	5.0339184
happiness	8.311186	4.6413894	6.0899563
assume	3.8597903	5.098654	4.764355
notion	5.4962134	4.317122	5.01597
purchase	6.5600805	4.871331	5.773669
faithful	6.5762005	3.8063784	5.941745
soldier	4.9137816	5.5546823	6.076088
father	5.774671	5.037053	5.8532834
narrow	3.5769603	4.1516547	4.097887
great	5.5381727	5.7966576	6.415425
tear	3.1346738	4.809023	3.1912236
honorable	6.2075944	5.4256306	6.274451
previous	4.1725497	4.449257	4.5423374
good	7.555976	4.147353	6.442587
domestic	4.9938564	3.398542	4.1716356
glory	6.992131	5.60374	6.867174
lay	4.2364526	4.773367	4.519288
occasion	4.9473248	5.300948	5.264209
guard	4.8957396	5.1550035	6.0389237
whole	5.422893	4.6144667	5.764545
mouth	5.446174	4.581608	4.6792607
receive	6.7893357	4.9490156	5.558258
take	4.3449683	5.5638814	4.8508787
simple	6.3459616	3.9407678	5.2782536
error	2.289511	5.0517287	3.8620198
wisdom	7.394513	4.602783	7.019128
rock	5.0947213	5.0942116	5.2139587
decide	5.1155357	5.43037	5.9657383
exclaim	6.000515	6.1910133	5.509718
assure	7.7234597	5.5218334	6.415744
sign	5.1701813	4.0570188	4.8202486
preserve	5.8239756	3.946797	5.363431
commerce	6.228726	5.3451023	6.806243
plant	5.207568	4.4899845	4.906538
walk	5.9794006	4.662893	4.619303
difference	4.6823387	4.6316204	4.8259463
hang	4.4317813	4.5270205	4.1730614
following	7.0385985	3.4319139	5.8339868
employ	4.869855	5.086832	5.600256
