deal	5.4837756	5.018099	5.5288057
study	6.6124268	4.249659	6.7456145
afford	6.6433487	4.6834383	5.9289646
service	6.6604433	4.6568933	6.2589254
height	5.0531154	5.1579385	5.7698936
prospect	7.7321777	5.415575	6.6945963
pleasant	7.3703384	4.1144905	4.8130856
shade	4.2906313	3.697317	3.3446958
listen	5.488674	5.17973	4.72411
mighty	6.097539	5.4290977	7.029177
country	5.4455833	4.375662	5.6548767
title	7.4111094	4.615394	6.706905
choose	5.6002774	4.335438	5.078806
village	6.280916	4.738391	5.460032
acquire	7.804365	5.832066	7.9657173
rank	5.896008	5.486419	5.9581122
bow	5.5248227	4.198644	5.01105
doctor	4.714264	3.8304691	4.9531045
talent	8.181944	5.8807664	7.753495
source	6.388745	4.429272	5.5253115
lead	4.8245087	5.505607	5.1861076
question	5.667365	4.006155	5.724765
publish	5.4914074	5.453154	5.448231
interest	6.525877	4.639907	6.0580306
serve	5.166118	3.907034	4.2809734
divine	7.5717044	4.2715836	7.1937947
put	5.397686	4.9683743	4.681679
shadow	4.2148533	3.562948	4.0240974
practical	6.2143993	4.2899675	6.345937
surface	4.534116	2.916243	3.9002733
account	5.6158805	4.5908737	5.5463014
loss	3.7343836	5.4239464	3.8369665
indian	4.6667633	5.3961096	5.3653
vine	7.157242	3.6570234	5.8954325
certain	5.1442533	5.332372	6.0633125
sin	2.7269616	5.434025	4.5826063
necessity	4.441781	5.2194366	5.7107887
lose	4.466503	5.6997466	4.923807
private	4.284172	4.145195	4.4458036
gentleman	6.4108515	4.334011	5.598055
daughter	5.514889	4.4868035	5.3381233
drive	3.244087	6.7077413	4.5274878
strange	4.31838	5.586606	4.177231
journey	6.317154	4.0958147	4.543743
uncle	6.686348	3.5367093	5.4161444
species	5.446309	5.2144732	5.0293875
think	5.5212727	4.8111415	4.834712
bed	5.0017047	3.157454	3.0759552
wind	4.5506372	4.6197867	4.2258353
bless	8.130843	4.6376104	6.5889025
destroy	3.0561569	6.8247957	5.310841
author	5.922868	4.7038	5.2727785
sustain	5.5146775	5.0266027	6.013157
black	3.8283625	5.200936	4.1765943
event	6.326317	5.623489	6.4803705
liberty	7.39927	6.34879	7.704998
negro	3.8473651	5.339302	4.376858
little	4.8377047	3.976707	3.5338595
fortune	6.699026	5.2588134	6.4276547
touch	5.3328714	4.1786194	4.156451
kill	3.872992	6.540147	4.7936907
feature	5.6426687	3.8910089	5.369466
happiness	8.164784	4.8575697	6.40057
assume	4.3375354	4.9170227	4.8797884
notion	5.3027444	4.407699	4.8213696
purchase	6.9691253	4.9039354	5.854842
faithful	6.609967	4.0626454	6.178462
soldier	4.486212	5.6235003	5.4736204
father	5.585845	4.6602345	5.4668484
narrow	2.7789526	4.348505	3.5986784
great	6.130187	5.522323	6.5432334
tear	3.3930929	4.7303963	2.7138987
honorable	6.1559114	5.2856045	6.2385893
previous	4.477571	4.5308557	4.2269855
good	7.026269	4.517195	6.416043
domestic	4.2103653	3.2374673	4.0366797
glory	7.5311995	5.685562	7.283183
lay	4.223989	4.8061705	4.5753913
occasion	5.1789675	4.9750414	4.938659
guard	4.3267603	5.1003294	5.753787
whole	5.4015694	5.012118	5.906052
mouth	5.1355796	4.519122	4.706932
receive	6.9370174	4.7088337	5.5873547
take	5.4098387	5.4008284	5.597666
simple	6.3827333	4.105751	5.5174923
error	2.5908875	5.5427284	4.1289067
wisdom	7.147336	4.813965	7.2617493
rock	4.781174	5.2033086	5.3199263
decide	5.826929	5.047821	6.409027
exclaim	6.09864	6.204056	5.6822
assure	7.6773596	5.6032205	6.63268
sign	5.2172155	3.9056072	4.9324174
preserve	5.8211436	4.286002	5.8975725
commerce	6.3499184	5.1222715	7.120468
plant	5.298403	4.160357	4.997356
walk	6.0281057	4.3197665	4.459996
difference	4.834532	4.659213	4.943672
hang	4.3290505	4.531867	4.1954412
following	6.869708	3.8514292	5.599095
employ	4.730001	4.8894444	5.2829037
