deal	5.751991	5.2543454	6.0142093
study	6.309276	4.7458305	6.5353785
afford	6.4058895	4.976513	5.820578
service	6.34533	5.12243	6.2098293
height	5.442897	5.0447707	5.752713
prospect	7.4826326	5.211112	6.3413763
pleasant	7.7399683	4.134879	5.1217785
shade	4.6243305	3.6829946	3.3267899
listen	5.190751	5.3704515	4.5516896
mighty	6.1939497	5.3205	6.8348274
country	5.7288885	4.269715	5.760094
title	7.3761272	4.0490723	6.414046
choose	5.4441447	4.277196	4.99926
village	6.3540287	4.5076923	5.575141
acquire	7.7649727	6.0164604	8.391555
rank	5.561245	5.1652412	5.8668594
bow	5.778193	4.4755483	5.2733593
doctor	4.6807985	4.543591	5.049281
talent	7.885181	5.917926	7.753158
source	6.4353404	5.188246	6.128849
lead	4.922783	5.587802	5.0937138
question	5.01791	4.292414	5.3679314
publish	5.872727	4.9886312	5.6161942
interest	6.0240192	4.9397907	5.562379
serve	5.5833254	4.1308346	4.654653
divine	7.095296	4.4366264	6.9293866
put	4.4950767	4.638446	4.165353
shadow	4.5397596	3.3239899	3.8901567
practical	6.189532	4.4443293	6.223335
surface	4.5275393	3.1290874	3.855349
account	5.7660303	4.438584	5.5364823
loss	3.8097055	5.340035	4.0815725
indian	5.158578	5.367851	5.521364
vine	6.486269	3.5577438	5.724465
certain	4.8008637	5.3684254	5.796077
sin	2.8726048	5.3313875	4.475366
necessity	4.347536	4.929602	5.1793385
lose	4.116148	5.475113	4.431495
private	3.991733	4.5392866	4.5892677
gentleman	6.535969	4.46125	5.9197106
daughter	6.280645	4.6616774	5.839962
drive	3.2489374	6.6237097	4.632674
strange	4.1904197	5.410282	3.9496653
journey	6.04902	4.228031	4.7335587
uncle	6.4614563	4.3731174	5.893675
species	5.4397354	5.3034334	4.868627
think	5.5501723	4.829045	5.057936
bed	5.5407944	2.7805285	3.4635823
wind	4.8492246	5.08812	4.894285
bless	8.52801	4.4992065	6.6003203
destroy	3.2687337	6.865626	5.101124
author	5.8825617	4.488739	5.320563
sustain	5.4928803	5.1483665	6.1861897
black	4.3672857	4.665337	4.0159936
event	6.240962	5.863342	6.8381786
liberty	7.59591	6.203689	7.6797285
negro	3.934706	5.3920174	4.664027
little	4.733152	3.8780894	3.1260364
fortune	6.8177557	5.086381	6.5190163
touch	5.0542603	4.419504	4.223648
kill	3.8545666	6.3336763	5.0331182
feature	5.4946294	3.755008	5.1040893
happiness	8.178849	4.960107	6.1449556
assume	4.1129093	4.849508	4.816575
notion	5.602609	4.0889025	5.091861
purchase	6.756562	4.728263	5.7482953
faithful	6.7335606	4.018612	6.069844
soldier	4.390601	5.571737	5.771365
father	5.947484	4.4449463	6.0146337
narrow	3.619841	4.3620644	3.9636555
great	5.3738556	5.231236	5.8980255
tear	3.2287745	4.491662	2.709573
honorable	6.179142	5.8661675	6.753866
previous	4.40258	4.7053995	4.4763417
good	7.2178917	4.4954586	6.578021
domestic	4.901714	3.8729236	4.3194857
glory	7.43773	5.321064	6.9692054
lay	4.8515906	4.039403	4.184232
occasion	4.84729	5.4535894	5.3243666
guard	4.8001685	5.134635	5.999132
whole	5.327782	4.9116254	5.7225738
mouth	4.948366	4.819316	4.7434373
receive	6.313441	5.025637	5.5584946
take	4.755286	4.9372845	4.8518825
simple	6.545525	4.062724	5.6187334
error	2.6011288	5.067141	4.039522
wisdom	7.2923985	4.7016215	7.4375443
rock	5.283346	4.880253	5.5127573
decide	5.029551	5.2921977	6.053323
exclaim	5.916188	5.944358	5.504778
assure	7.5615706	5.4511194	6.5695333
sign	4.999693	3.7277672	4.475499
preserve	5.494434	4.1650243	5.431504
commerce	6.6675076	5.2494745	6.9779644
plant	4.9557195	4.1481895	4.688291
walk	6.062258	4.0775256	4.2030005
difference	4.9807034	4.204381	4.628542
hang	4.4425335	4.21541	4.1597867
following	7.022525	3.5453634	5.6789637
employ	4.8391786	5.0236726	5.628254
