deal	4.862141	5.3196974	5.458698
study	6.991127	4.337959	6.6998644
afford	6.5147676	4.91743	5.935955
service	6.5420914	4.536706	5.9807806
height	5.293663	5.1015463	5.801523
prospect	7.5513153	5.3381815	6.348175
pleasant	7.2933083	4.272426	4.8709574
shade	4.2819147	3.8849013	3.267535
listen	5.0031605	5.602278	4.8680825
mighty	5.901565	5.5917954	6.83576
country	5.814931	4.2530336	6.0025086
title	7.55537	4.286767	6.7877994
choose	5.3562727	4.1959534	5.0090885
village	6.6026607	4.8619194	5.9389195
acquire	7.562816	5.637854	7.94698
rank	6.2897243	5.1620917	6.006756
bow	5.803198	4.4208527	5.0082917
doctor	4.8684635	4.3096685	5.147466
talent	8.216447	5.743269	7.781227
source	6.2287097	4.8472104	5.610908
lead	4.75036	5.9991083	5.229871
question	5.187495	4.3556604	5.44126
publish	5.63484	5.042354	5.432407
interest	6.366877	4.58311	5.527259
serve	5.319423	3.9610546	4.7726526
divine	7.7021847	4.562096	7.1948156
put	5.0512877	4.6991253	4.401268
shadow	4.692553	3.1533813	3.7775166
practical	6.269442	4.4328322	6.5594115
surface	4.9777856	2.7546258	3.9489088
account	5.7406616	4.404071	5.365152
loss	3.3486466	5.5118713	3.66987
indian	5.0794835	5.3201337	5.334247
vine	6.622343	3.5541883	5.509906
certain	5.1889305	5.2076244	5.857064
sin	2.8546233	5.4256487	4.085205
necessity	4.4941106	4.9564023	5.59858
lose	4.0913467	5.1932383	4.593447
private	3.9374528	4.5043135	4.5829897
gentleman	6.173169	4.2989373	5.435557
daughter	5.627605	4.4303594	5.3307276
drive	3.115489	6.8318014	4.611051
strange	4.446122	5.5595937	4.5034785
journey	5.847976	4.232998	4.461225
uncle	6.3499303	4.072178	5.520377
species	5.515089	5.2934093	5.3777957
think	5.860683	4.7213755	5.3229523
bed	5.475873	3.039528	3.6984622
wind	4.6754274	4.59521	4.233233
bless	8.40236	4.718672	6.648923
destroy	3.306086	6.7207437	5.4580503
author	6.0051494	4.8028336	5.186456
sustain	5.637076	5.3205743	6.3920717
black	3.6301403	4.716983	3.5459428
event	5.8642883	5.5409775	6.3345566
liberty	7.3696837	5.7389803	7.4709606
negro	3.5789733	5.504058	4.0833664
little	4.3070054	4.26016	3.392021
fortune	6.4612417	5.0870934	5.970371
touch	5.55323	4.258801	4.1723027
kill	3.6318731	6.4645424	5.0285854
feature	5.5188885	3.7290444	5.2108107
happiness	8.353968	4.7584205	5.9853797
assume	4.1544805	4.8181486	5.022087
notion	6.015048	4.420327	5.1292844
purchase	6.49899	4.6202793	5.698151
faithful	6.697356	3.9127426	6.020662
soldier	4.1091504	5.8734527	5.7086897
father	5.755744	5.108533	5.9011936
narrow	2.7137842	4.3946314	3.584177
great	4.880299	5.6247387	5.9225154
tear	3.3036785	4.8629174	2.708088
honorable	5.9508047	5.3717437	6.2338114
previous	4.657951	4.580406	4.6242976
good	7.1225877	4.233413	6.39371
domestic	4.5392146	3.0948925	3.6873918
glory	7.693944	5.855045	7.367253
lay	4.8928823	4.2567925	4.219333
occasion	5.345999	5.4168234	5.1767077
guard	5.0320783	5.17752	6.0465517
whole	5.446359	4.5628185	5.5296245
mouth	5.0040627	4.5828342	4.397304
receive	6.549711	4.779024	5.412896
take	4.8718677	5.325168	4.9875994
simple	6.3141007	4.0556507	5.6476307
error	2.8726459	5.430777	4.177955
wisdom	7.044777	4.580425	7.089626
rock	5.066019	4.709356	5.397091
decide	5.167128	4.970259	6.2387657
exclaim	6.076453	6.247624	5.739375
assure	7.3355217	5.359707	6.2446666
sign	4.830052	4.125641	4.5568004
preserve	5.931228	4.1710825	5.8659654
commerce	6.203728	4.939683	6.4404335
plant	5.0388837	4.226201	4.903511
walk	5.619842	4.6902657	4.2873554
difference	4.7889924	4.484561	4.893781
hang	4.2242317	4.568834	4.0915456
following	7.266901	3.4201279	5.763852
employ	4.879968	4.8271065	5.472685
