deal	5.123346	5.848623	5.899356
study	7.1371202	4.3708453	6.853009
afford	6.7040324	4.718204	6.108221
service	6.0886765	4.652705	5.846482
height	5.097682	5.3929925	5.5418277
prospect	7.3996363	5.0212026	6.2627826
pleasant	7.346597	4.193817	4.7652664
shade	4.269942	3.5727327	3.308876
listen	5.202935	5.6139235	4.8404193
mighty	5.936981	5.5201283	7.0883474
country	5.2323422	4.334321	5.3260393
title	8.189036	4.0987988	7.2127676
choose	5.0144067	4.41388	4.712884
village	6.3440266	4.8142333	5.69917
acquire	8.176023	5.596413	8.09156
rank	5.882168	5.366193	6.0234785
bow	5.8605223	4.2148657	4.8704476
doctor	5.1738696	4.331327	5.2713428
talent	8.035919	5.982813	7.7097864
source	7.043625	4.922528	6.273425
lead	5.0043297	5.3313637	5.372786
question	5.172519	4.2093534	5.4743023
publish	5.737328	5.097447	5.5720844
interest	6.4464664	4.8345804	5.40519
serve	5.2391734	3.9239588	4.531888
divine	7.235113	4.313878	6.854407
put	4.375467	4.301997	4.0072236
shadow	4.3819847	2.9713933	3.634797
practical	6.1079264	4.3231506	6.135737
surface	4.4229565	3.061512	3.8339238
account	5.2146025	4.8305254	5.5837717
loss	3.430981	5.69733	3.853546
indian	4.874559	5.0309525	4.9411654
vine	6.992583	3.7226038	5.6265645
certain	5.343045	5.247071	5.853229
sin	2.9284267	5.496241	4.336685
necessity	4.3812976	4.9332304	5.4971843
lose	4.715193	5.154808	4.921726
private	4.2311263	4.35921	4.7362823
gentleman	6.3650846	4.4128046	5.657611
daughter	6.190283	4.598798	5.71401
drive	3.2566614	6.6777287	4.800109
strange	4.314884	5.5120997	4.012003
journey	6.026987	3.9516373	4.536669
uncle	6.7449903	3.9633794	5.7277513
species	5.34789	5.2329564	4.808372
think	5.9879813	4.351535	4.646272
bed	4.832816	3.1792724	3.2637775
wind	4.479232	4.9320173	4.5988884
bless	8.254858	4.2521296	6.2192526
destroy	3.1943593	6.723632	5.5791793
author	6.139119	4.380897	5.321837
sustain	5.2707863	5.060058	5.8875074
black	3.344574	4.7583156	3.613207
event	6.3861284	5.76209	6.636343
liberty	7.2556467	6.3233643	7.259001
negro	3.4293091	5.3414507	3.9718378
little	4.5637684	3.836563	3.438334
fortune	6.8671494	5.3610744	6.2947826
touch	5.4972944	4.2439985	4.230376
kill	3.840612	6.5750833	4.963433
feature	5.762276	3.3420506	5.022954
happiness	8.323061	4.8353744	6.2045374
assume	4.298304	4.634946	5.071518
notion	5.847559	3.979455	5.1484933
purchase	6.703912	4.617985	5.8412113
faithful	6.5222836	3.9585083	5.9378815
soldier	4.5560985	6.032652	5.920352
father	5.7253895	4.674429	5.6615653
narrow	3.4030356	3.8935263	3.6836345
great	5.640771	5.6945815	6.4082828
tear	3.2369487	4.5832167	2.522618
honorable	6.1025133	5.241695	6.1545553
previous	4.4156785	4.493778	4.3837833
good	7.2248464	4.7949457	6.6529045
domestic	4.568932	3.456362	3.8572454
glory	7.3953934	5.6163325	7.1930437
lay	4.245132	4.489607	4.3968806
occasion	5.0992703	5.132492	5.320884
guard	4.3829	5.2214394	5.85695
whole	5.4008756	4.430209	5.3565216
mouth	5.316044	4.5972238	4.8781085
receive	6.438654	4.919016	5.628782
take	4.7420607	5.025743	5.086753
simple	6.4582505	3.8073506	5.4573617
error	2.3507414	5.3282266	3.8895695
wisdom	7.105898	4.724161	7.1257625
rock	4.7432356	5.0608115	5.251708
decide	5.374994	5.091374	6.1903334
exclaim	5.8778806	6.358463	5.5305247
assure	7.4765315	5.0427074	6.3526273
sign	5.334788	3.597002	4.635948
preserve	5.786878	4.082293	5.755813
commerce	6.621179	5.0968213	6.844846
plant	5.0527983	4.2924767	4.8495016
walk	6.1209464	4.375419	4.4667964
difference	4.9944735	4.455588	4.9818363
hang	4.2472615	4.1179614	4.2780337
following	6.904723	3.7807617	5.8267856
employ	4.7410817	5.25523	5.628662
