deal	5.489093	5.124324	5.543543
study	6.566408	4.2079587	6.278635
afford	6.263129	5.123294	5.99935
service	6.3184557	4.4637346	6.1103063
height	5.37116	5.06859	5.630587
prospect	7.2598767	5.1267242	6.4241686
pleasant	7.547269	4.074407	5.1285577
shade	4.1079893	3.816781	3.2815852
listen	5.1181893	5.5458446	4.263813
mighty	6.2749915	5.8268046	7.0544624
country	5.681324	4.3670406	5.939586
title	7.554739	4.134882	6.568262
choose	5.2588663	4.0828533	4.7027793
village	6.1418047	4.838114	5.632869
acquire	8.128702	5.732327	8.443883
rank	6.1533155	4.9757605	6.4255424
bow	5.8037457	3.8067143	4.9360046
doctor	5.005544	4.001373	4.8934674
talent	8.076273	5.819951	7.8990483
source	6.7567015	4.634753	5.8548555
lead	5.075599	5.883239	5.6209483
question	5.0391884	4.5454855	5.561484
publish	5.7521524	4.8784866	5.6702037
interest	6.218788	4.966459	5.5703077
serve	5.1865406	3.8364158	4.5920587
divine	7.0308456	4.6309323	6.684495
put	4.67866	4.543706	3.8468008
shadow	3.9184613	3.404474	3.9551232
practical	5.980839	4.608026	6.170946
surface	4.51932	3.0814636	3.8680594
account	5.441504	4.841193	5.7455025
loss	3.8424	5.449036	4.3364224
indian	5.014415	5.255054	5.052732
vine	6.4376636	4.1576796	5.5462294
certain	5.2801123	5.5649796	6.100926
sin	2.7253795	5.304811	4.431734
necessity	4.1988883	5.3410616	5.2565727
lose	4.0088377	5.17065	4.2242427
private	4.412168	4.4380527	4.985316
gentleman	6.457121	4.397776	5.9412675
daughter	6.221642	4.3566294	5.8484983
drive	3.297896	6.7597523	4.509127
strange	4.4050984	5.603858	4.351584
journey	5.8394423	3.9393237	4.630046
uncle	6.426565	4.5268674	6.0466375
species	5.2832727	5.3012705	4.7169933
think	6.1312714	5.0647874	5.467752
bed	5.1987653	2.9229026	3.3364906
wind	4.9606705	4.939825	4.72951
bless	8.266381	4.4162426	6.4962726
destroy	3.2947018	6.69394	5.010354
author	5.7175875	4.377479	4.9305296
sustain	5.4661674	5.2129703	6.1611595
black	3.8305507	4.787901	3.4408374
event	6.103009	5.7691708	6.7713127
liberty	7.8199053	5.816865	7.6030188
negro	3.8730984	5.178695	3.835067
little	5.21824	3.7617905	3.4684982
fortune	7.000144	5.0378323	6.899576
touch	5.3901815	4.360807	4.27124
kill	3.779223	6.6615124	4.7556353
feature	5.685423	4.0622997	5.404216
happiness	8.319288	4.769175	6.4134474
assume	4.4408417	4.9195156	4.914511
notion	5.5909467	4.1610236	5.0981126
purchase	6.8853555	4.5631256	5.785422
faithful	6.4973116	4.063812	6.018233
soldier	4.4343467	6.3297753	6.366645
father	5.719447	5.154935	5.871846
narrow	3.034226	4.4383345	3.7944417
great	5.6080594	5.5139227	6.2028065
tear	3.58325	4.858916	2.715454
honorable	6.012124	5.3340197	6.7449126
previous	4.1127334	4.4196434	4.32753
good	7.4781017	4.2127585	6.917323
domestic	4.4877563	3.4770253	4.0922284
glory	7.294319	5.631042	6.934168
lay	4.4817877	4.2841787	4.063706
occasion	4.763981	5.234024	5.1262465
guard	4.5081973	5.48348	6.3996887
whole	5.201556	4.501335	5.4284
mouth	4.7657547	4.86319	4.453497
receive	6.6300364	4.852334	5.5808163
take	5.1786623	5.1031528	5.1290565
simple	6.409625	4.093499	5.4130116
error	2.546831	5.386093	4.238146
wisdom	7.0780253	5.037376	7.4480276
rock	5.105854	4.9931297	5.3499107
decide	5.1630697	5.121302	6.0461273
exclaim	5.921497	6.353736	5.7941866
assure	7.6148124	5.148975	6.4585123
sign	4.857269	4.0402	4.847052
preserve	5.560714	4.087933	5.564387
commerce	6.2730513	5.5369945	7.072004
plant	5.043262	4.1329327	4.989317
walk	5.988278	4.4603243	4.623801
difference	5.2272096	4.037986	4.97983
hang	4.5619206	4.2640886	4.3420587
following	6.5763073	3.7276893	5.5309305
employ	4.7782073	5.0624804	5.5962896
