deal	4.882257	5.0971413	5.4866695
study	6.546743	4.1800265	6.687469
afford	6.5736732	5.348858	6.471968
service	6.464016	4.492656	6.0687284
height	5.2710505	5.2110953	5.7227173
prospect	7.425153	5.4781804	6.464613
pleasant	7.7400193	4.0069375	5.25995
shade	4.2107825	3.5857959	3.2975268
listen	4.8839602	5.723512	4.817013
mighty	6.4088345	5.8312407	7.2407417
country	5.865218	4.513088	5.586246
title	6.962085	4.409936	6.8423147
choose	5.3067856	4.3752427	4.918171
village	6.563843	4.893879	5.866394
acquire	7.8397317	5.681056	8.066045
rank	5.5935936	5.156468	5.746857
bow	6.053086	4.267505	5.1294584
doctor	5.2327137	4.3093762	5.155026
talent	8.18984	5.7777033	7.7188973
source	6.673977	4.7035475	5.868989
lead	4.5966206	5.6384587	5.2633495
question	5.0536256	4.721508	5.5280333
publish	5.812665	4.815802	5.735215
interest	6.7568936	5.188896	6.068581
serve	5.427704	3.9513865	4.970268
divine	7.3676114	4.5237517	7.0861683
put	4.4586506	4.8215218	4.309752
shadow	4.27388	3.3783457	3.9222374
practical	5.983048	4.546312	6.328759
surface	5.006928	2.8702934	3.924417
account	5.491744	4.9895506	5.5823936
loss	3.4677699	5.325615	3.4374094
indian	4.2676535	5.383558	4.9332976
vine	7.142787	3.6442676	5.578256
certain	5.8353815	5.3303714	6.1974263
sin	3.0029395	5.1687083	4.46314
necessity	4.2572665	5.4245157	5.4023952
lose	4.13196	5.060376	4.549905
private	4.195888	4.391402	4.4992447
gentleman	6.2883544	4.6817064	5.870367
daughter	6.0058346	4.459922	5.5512238
drive	2.9223742	6.6264353	4.4005904
strange	4.481318	5.8086147	4.4420943
journey	6.372526	4.2717943	4.9027114
uncle	6.0906544	3.7720237	5.1458235
species	5.5755725	5.246814	4.985473
think	5.796585	4.906266	5.200421
bed	5.2072487	2.856633	3.184945
wind	4.7934666	4.8019977	4.6449795
bless	8.751007	4.299982	6.501226
destroy	3.3066645	6.867092	5.5515327
author	5.705973	4.4511237	5.1361675
sustain	5.3121357	5.5569077	5.927627
black	3.999041	5.203734	4.1855083
event	6.9394703	5.7076316	6.791154
liberty	8.22335	6.045845	7.6249075
negro	3.6661367	5.4018664	4.3245897
little	4.652454	3.4024682	3.3596995
fortune	6.8757615	5.1124825	6.15874
touch	5.613585	4.427474	4.6042695
kill	3.9482987	6.604704	5.068285
feature	5.2659745	3.9899092	5.1192937
happiness	8.376709	4.7215533	6.1833386
assume	3.7257462	4.7531486	4.8495607
notion	5.759592	4.287581	5.227884
purchase	6.675206	4.86695	5.828392
faithful	6.8292465	4.0780993	6.1671495
soldier	4.937396	5.73277	5.811736
father	5.796148	4.8516617	5.6276283
narrow	3.6783504	4.067224	3.8513427
great	5.5103245	5.4196687	5.9301577
tear	2.7817738	4.7509604	2.5461407
honorable	6.0587587	5.474395	6.3864927
previous	4.310258	4.7491393	4.6801047
good	6.8786497	4.4800453	6.1532726
domestic	4.9883227	3.631435	4.029287
glory	7.4162755	5.639609	7.2917113
lay	4.339138	4.5276794	4.473033
occasion	4.603044	5.7475176	5.3498745
guard	5.2365723	5.0338326	6.0435333
whole	5.374146	4.632773	5.3871784
mouth	5.070567	4.5519285	4.5411797
receive	6.7648697	5.1803784	5.8885984
take	4.6778693	5.400388	5.3286514
simple	6.556875	3.9410925	5.4853325
error	2.659835	4.9884276	4.0358734
wisdom	7.1404066	4.576622	7.2582808
rock	5.120212	5.1499667	5.5488906
decide	4.9529185	5.404991	6.3772926
exclaim	5.732532	6.674521	5.78147
assure	7.793208	5.289127	6.8018036
sign	5.5062547	3.9440694	4.969072
preserve	5.775541	3.8499796	5.7498794
commerce	6.2899384	5.251984	6.8211694
plant	5.1471825	4.0496135	4.8899884
walk	5.849227	4.5691957	4.641055
difference	4.2696486	4.5026283	4.9336586
hang	4.6027746	4.543317	4.3663054
following	7.382249	3.8910422	5.770711
employ	4.9800277	5.042113	5.480873
