deal	5.205248	5.2957125	5.3990684
study	6.749731	4.4947004	6.510337
afford	6.618353	4.918853	6.0760636
service	6.5671806	4.784625	6.6512203
height	5.4658976	5.2780933	5.857449
prospect	7.6103425	5.234479	6.6020403
pleasant	7.8674545	4.034937	4.898167
shade	4.2450347	3.6197207	3.2309318
listen	5.507203	5.3111544	4.972742
mighty	5.882094	5.4204235	7.001032
country	4.9358206	4.0877323	5.2885156
title	7.629448	4.3620005	7.1084414
choose	5.4444966	4.404907	5.063826
village	6.4593945	4.843436	5.8434067
acquire	8.026952	5.5903435	8.098448
rank	5.6272693	5.286428	5.916859
bow	5.9028664	4.362605	5.160924
doctor	5.322759	4.327198	5.329747
talent	7.9546947	5.965873	7.733358
source	6.136845	5.381933	5.8352976
lead	5.0118103	5.603502	5.2391624
question	4.95444	4.43186	5.5361857
publish	5.393477	4.8496	5.203529
interest	7.024543	4.94059	6.242859
serve	5.355012	4.288755	4.930047
divine	7.468275	4.8412743	7.52277
put	4.588329	4.3454823	4.448938
shadow	4.275158	3.3585567	3.793289
practical	6.057138	4.368539	6.2293396
surface	4.856645	3.1154048	4.1255016
account	5.370408	4.7903748	5.780935
loss	3.816426	5.458892	3.9837422
indian	4.85238	5.2089634	5.5820045
vine	7.338482	3.7608685	5.6758122
certain	5.277467	5.530815	5.8001995
sin	3.0643	5.57821	4.5855474
necessity	4.192635	5.2001677	5.476427
lose	4.16509	5.1498837	4.6305366
private	4.106927	4.4164724	4.4937563
gentleman	6.0393467	4.268582	5.392895
daughter	6.084506	4.2855	5.4656553
drive	3.3064542	6.760771	4.7817883
strange	4.2749763	5.8182964	4.3744516
journey	6.6714973	4.072473	4.584868
uncle	6.146266	4.253842	5.538805
species	5.1297255	5.2677712	4.617455
think	5.855945	4.866979	5.1407075
bed	4.6036754	2.904803	3.1183589
wind	4.7053924	4.8223267	4.3514853
bless	8.642548	4.5292087	6.709879
destroy	3.405618	6.767689	5.2550287
author	5.6958237	4.573076	5.1545777
sustain	5.4919157	5.0443244	6.066268
black	4.3596444	4.077875	4.2089577
event	6.403306	5.686352	6.7030144
liberty	8.073675	5.7720804	7.7319937
negro	3.8281393	4.9458275	4.4237423
little	4.3757954	4.2907076	3.3386285
fortune	6.6329517	5.208084	6.056232
touch	5.729867	4.298238	4.445347
kill	3.9638977	6.541178	4.8827624
feature	5.1905737	3.7321825	4.8212233
happiness	8.179836	4.873187	6.15348
assume	4.110717	5.062759	4.984812
notion	5.337685	4.188695	4.7293367
purchase	6.730999	4.496858	5.81078
faithful	6.824322	3.943344	6.2552643
soldier	4.7230163	5.9596977	5.8155804
father	5.659279	4.8089685	5.964007
narrow	3.083209	4.229727	3.582966
great	5.5441036	5.7445045	6.194073
tear	2.965911	4.8994675	2.7724798
honorable	6.2885337	5.459555	6.4826856
previous	3.9312027	4.634596	4.3479276
good	7.371125	4.4485683	6.2542405
domestic	4.8860116	3.6099153	4.1951294
glory	7.698847	5.2913265	7.104823
lay	4.412567	4.156614	4.114865
occasion	5.1290493	5.323918	5.4182663
guard	4.8549814	5.16069	6.0105414
whole	5.5386868	4.3200846	5.6746454
mouth	5.075641	4.879517	4.861472
receive	6.5524836	4.9388137	5.4778843
take	4.679576	5.1334424	5.2748785
simple	6.786792	3.901249	5.8270807
error	2.1924276	5.598521	3.8129618
wisdom	6.985855	4.766018	7.1004663
rock	5.012721	5.1016283	5.4766254
decide	5.1985865	5.214953	6.194347
exclaim	5.868058	6.464184	5.64705
assure	7.5584216	5.008564	6.096395
sign	5.091704	4.0828896	4.2951345
preserve	6.0339785	4.189421	5.657474
commerce	6.5802684	5.2168646	6.854699
plant	5.108523	4.359247	4.9916873
walk	5.854306	4.214299	4.1967616
difference	4.4988847	4.3794975	4.617784
hang	4.27022	4.56404	4.2131414
following	7.2008295	3.4971225	5.943534
employ	4.6352143	4.997353	5.534443
