deal	4.768882	5.2021794	5.6123905
study	6.9645576	4.3646946	6.498499
afford	6.565387	4.678218	5.709692
service	6.5178633	4.5661235	6.147403
height	5.108998	5.1566725	5.695963
prospect	7.659686	5.410585	6.4307823
pleasant	7.4844694	4.1390743	4.921532
shade	4.448436	3.7204154	3.2740417
listen	5.515506	5.1375837	4.781708
mighty	6.015772	5.5379605	7.0826283
country	5.381734	4.2564096	5.5399814
title	7.728513	4.3374157	6.7936068
choose	5.5758076	4.2791505	4.8631296
village	6.235034	4.6222296	5.6502314
acquire	7.762876	5.3944964	7.849701
rank	5.7125335	5.153803	5.815683
bow	5.8411374	4.0764976	4.8434935
doctor	4.53994	4.036831	4.628663
talent	8.2714815	5.76725	7.886142
source	5.9170713	4.254273	5.3125234
lead	5.150511	5.939474	5.468853
question	5.080117	4.1094155	5.2026625
publish	5.7150655	4.7920694	5.3487625
interest	6.7598443	5.3618655	6.5697346
serve	5.3386183	4.150318	4.709484
divine	7.55737	4.3755555	7.019375
put	5.0648575	4.3228097	4.133939
shadow	4.412949	3.5501945	3.823195
practical	6.0468473	4.5904245	6.214376
surface	4.8463507	3.0311038	4.0084167
account	5.533519	4.703185	5.7291536
loss	3.4231272	5.518587	4.02999
indian	4.4896154	4.856494	4.876846
vine	6.6344366	3.864897	5.490457
certain	5.155917	5.2953124	5.7275934
sin	2.799792	5.4841785	4.415234
necessity	4.096734	5.3199825	5.28669
lose	4.0854335	5.3531218	4.4467616
private	4.1055813	4.414221	4.652335
gentleman	6.505296	4.428869	5.4415855
daughter	5.908717	4.0609484	5.548851
drive	3.2782345	6.7354465	4.45062
strange	4.3455887	5.367311	4.1419744
journey	6.288372	4.0318356	4.6441383
uncle	6.3391485	3.7887025	5.3233185
species	5.6942825	5.2097716	5.111473
think	5.794654	4.933991	5.155202
bed	4.9720144	2.8013372	3.1679907
wind	4.6685076	4.5589733	4.228092
bless	8.327751	4.137616	6.299057
destroy	2.9584653	6.738617	4.9934134
author	5.5995626	4.6085186	5.0876513
sustain	5.272405	5.2830524	5.9972425
black	3.7452295	5.134794	4.1751466
event	6.646713	5.447204	6.941209
liberty	7.6000967	5.6999207	7.4295583
negro	3.9991388	5.6919284	4.577427
little	4.167436	3.436243	2.8311377
fortune	6.707441	5.2435284	6.366275
touch	5.52733	4.5346212	4.769327
kill	3.7629573	6.4916706	5.120942
feature	5.8413463	3.7747355	5.363295
happiness	7.8737316	4.7294064	6.041828
assume	4.051656	4.943635	4.9862976
notion	5.626017	4.454064	5.027425
purchase	7.2456503	4.3657455	5.9592276
faithful	6.6116524	3.8787205	6.041642
soldier	4.4090333	5.8868923	5.9657125
father	5.7921405	4.7895575	6.0158787
narrow	2.8371353	4.5437365	3.5030293
great	5.1593957	5.4581423	5.986129
tear	2.9961529	4.866415	2.8483145
honorable	6.0360365	5.3520055	6.0341063
previous	4.4635797	4.4555516	4.3293023
good	7.116309	4.2976503	6.2881503
domestic	4.738017	3.7325535	4.005871
glory	7.227766	5.2305546	6.8396654
lay	4.7435923	4.505262	4.478948
occasion	5.339905	5.458689	5.3686223
guard	4.6074033	4.8596573	6.2057223
whole	5.262007	5.200095	5.6489143
mouth	5.0883036	4.49699	4.6019254
receive	6.826667	4.624972	5.596318
take	4.4677253	5.0807424	5.0564966
simple	6.1977367	4.128289	5.5626936
error	2.1379209	5.1101813	3.8308792
wisdom	6.893196	4.903827	7.186505
rock	4.989974	4.8235574	5.422253
decide	5.424294	4.9916835	6.1177754
exclaim	6.076463	6.2061615	5.5774918
assure	7.41129	5.4160495	6.4539022
sign	5.001515	3.9137938	4.6488056
preserve	5.6527185	3.4282196	5.187786
commerce	6.1105695	5.059652	6.538696
plant	5.190449	4.1458836	4.884156
walk	6.279602	4.366993	4.537143
difference	4.8337617	4.455857	4.9125986
hang	4.5309987	4.1088	3.9086227
following	7.242147	3.6007261	5.8367963
employ	5.158084	4.9752207	5.845992
