deal	5.1263914	5.7148457	5.896762
study	6.514991	4.828465	6.583062
afford	6.2316465	4.9710455	5.8953686
service	6.304595	4.586235	5.8855495
height	5.651351	5.0641627	5.8932257
prospect	7.49094	5.224164	6.5645814
pleasant	7.3543844	3.8761435	4.6358056
shade	4.0930185	3.9205346	3.2944455
listen	5.182062	5.100124	4.5091963
mighty	5.68165	5.800882	7.3304415
country	5.4511213	4.2928686	5.6974955
title	7.2319818	3.971815	6.575752
choose	5.048049	4.75103	4.702153
village	6.1921673	4.7420206	5.457434
acquire	7.608344	5.624265	7.602011
rank	5.9206433	5.0722265	6.119289
bow	5.819814	4.4866915	5.0817056
doctor	4.766046	4.1196556	5.107619
talent	8.4389	5.6850543	8.039431
source	6.2230725	5.0379424	5.8210697
lead	4.5074773	5.926427	5.385708
question	4.4329047	4.4131403	5.256751
publish	6.039969	5.0830646	5.847233
interest	6.3117504	5.188626	5.963111
serve	4.8942785	4.170641	4.820636
divine	7.1833687	4.582164	7.0535154
put	5.1256227	4.4749174	4.539987
shadow	4.011425	3.749796	3.847556
practical	5.8294687	4.7615514	6.129485
surface	4.530034	3.1795921	3.908687
account	5.543995	4.3616867	5.3357844
loss	4.0889463	5.436831	4.0582595
indian	4.936926	5.1252656	4.97958
vine	6.7156296	3.743177	5.3441863
certain	5.305	5.1501274	5.677011
sin	3.1534536	5.254259	4.794415
necessity	4.197691	5.151084	5.183955
lose	4.5231194	5.3200197	4.5831447
private	4.424546	4.5431514	4.770017
gentleman	5.7077217	4.3605385	5.156267
daughter	6.0480747	4.626995	5.7490635
drive	3.1954026	6.7093725	4.757763
strange	4.308451	5.443803	3.8444116
journey	5.840284	4.4073453	4.6190157
uncle	6.731062	3.471125	5.90341
species	5.6148624	5.1718087	4.745878
think	5.596139	5.1538243	5.23822
bed	5.235613	2.8933637	3.3342826
wind	4.767383	4.915494	4.541548
bless	8.48518	3.9441657	6.369078
destroy	3.4874969	6.78809	5.253081
author	5.726359	4.754756	5.346065
sustain	5.317654	5.2955546	6.002701
black	4.2666974	4.5211763	4.468442
event	6.8546276	5.3202834	6.662042
liberty	8.269756	5.670133	7.567379
negro	3.606996	5.118526	4.30408
little	4.669569	3.5898232	3.3364682
fortune	6.5558996	5.1328783	6.318576
touch	5.4379473	4.334525	4.417194
kill	3.6423168	6.5548496	4.823892
feature	5.3879886	3.8982103	5.00048
happiness	8.367128	4.6652927	6.279366
assume	4.0492396	4.9312434	4.840415
notion	5.3622246	4.469654	5.3601594
purchase	6.6724253	4.475086	5.7569304
faithful	7.0524006	4.236722	6.088416
soldier	4.3930473	6.1481	5.8910747
father	6.0618095	3.874218	5.773287
narrow	2.8463893	4.288357	3.6096795
great	5.41319	5.4978085	6.5482283
tear	3.7734547	4.3261466	3.0819244
honorable	6.079773	5.3677173	6.4707713
previous	4.237026	4.8702335	4.421855
good	7.4856925	4.38586	6.5338054
domestic	5.164544	3.6295972	4.523356
glory	7.49899	5.7959075	7.6308284
lay	4.61544	4.2587595	4.4311733
occasion	5.1001425	5.031906	5.0390253
guard	5.4701176	4.988858	6.307872
whole	5.558269	4.854114	5.978109
mouth	4.8338866	4.367022	4.3912787
receive	6.5757117	4.926723	5.386152
take	5.434976	5.2789855	5.7500005
simple	6.4770336	4.1791105	5.3980374
error	2.3329573	5.423248	4.0233483
wisdom	6.558113	4.8011746	6.9932117
rock	5.329339	4.71517	5.3642335
decide	4.554675	5.41368	5.764112
exclaim	5.5291514	5.969532	5.5403376
assure	7.4941835	5.0297623	6.2496276
sign	5.4472957	3.7594957	4.5442524
preserve	6.2185535	3.6671736	5.657746
commerce	6.460146	5.2840133	7.201395
plant	4.8779902	4.189169	4.571839
walk	5.6182575	4.728094	4.313076
difference	4.9704485	4.174108	4.718281
hang	4.3593273	4.245463	4.2395825
following	7.023366	3.2143362	5.188863
employ	5.0448737	4.972116	5.9011383
