deal	4.9634724	5.3462257	5.538916
study	6.6096063	4.07106	6.244877
afford	6.5956144	5.297788	6.237766
service	6.61168	4.2585955	6.037345
height	5.9035416	5.0694075	6.151754
prospect	7.8196936	5.129551	6.4655523
pleasant	7.639316	4.0324726	4.846647
shade	4.3231864	3.8269591	3.4378214
listen	5.329101	5.722989	4.9617305
mighty	6.1555786	5.6338034	6.9675655
country	5.218475	4.3073716	5.375235
title	8.014828	4.3366475	7.1114607
choose	5.463511	4.472551	4.827006
village	5.98027	4.7041726	5.47879
acquire	7.482871	5.500217	7.842544
rank	5.9661727	5.167802	6.0127244
bow	5.5735807	4.3513503	4.943487
doctor	4.8217635	4.419577	5.357894
talent	7.9574256	5.884174	7.77444
source	6.8296103	5.034639	5.9344225
lead	4.945902	5.361571	5.164114
question	5.415279	4.378392	5.549915
publish	5.8918962	5.0513806	5.7673364
interest	6.774002	5.5173965	6.3630114
serve	5.1075935	4.136594	4.635271
divine	7.683421	4.3143654	7.05184
put	4.5477204	4.8262506	4.1867237
shadow	4.3866	3.4710648	3.7765174
practical	6.3179774	4.2721157	6.4325438
surface	4.9532905	3.011637	3.9214566
account	5.577326	4.8855934	5.7500095
loss	3.5705543	5.120932	3.8519628
indian	4.6837163	5.2159395	5.2681193
vine	6.9394145	3.415425	5.3304973
certain	5.0779366	5.024755	5.37045
sin	2.8346982	5.5574546	4.5457845
necessity	4.3800845	5.2686925	5.348941
lose	3.9684594	5.3532524	4.7606535
private	4.551268	4.110262	4.702501
gentleman	6.509563	4.311924	5.6473794
daughter	5.9296875	4.7604694	5.6286926
drive	3.2288108	6.7485723	4.397487
strange	4.3765287	5.4309516	4.0005693
journey	6.4538784	4.1811676	4.772355
uncle	6.9602976	3.626043	5.8552074
species	5.1710587	5.2811613	4.972542
think	5.898854	4.281914	4.901553
bed	4.8965397	2.9581869	3.1926746
wind	4.5660625	4.7253013	4.0418777
bless	8.040571	4.0392084	6.2717466
destroy	3.109644	6.711751	5.2173533
author	5.8896866	4.8086357	5.4278145
sustain	5.386009	5.139077	6.044842
black	4.374382	5.10387	4.6202435
event	6.322147	5.694799	6.6919613
liberty	7.80057	5.8752923	7.595739
negro	4.0711145	5.203431	4.3374
little	4.0017786	4.0343	3.0916615
fortune	6.7427273	4.9784136	6.1367307
touch	5.705138	4.222062	4.3560658
kill	3.414548	6.2900996	4.715566
feature	5.1911163	3.987699	5.148925
happiness	8.152474	4.9338613	6.0973873
assume	4.1085696	4.9294376	5.0833125
notion	5.78393	4.2806644	5.081221
purchase	6.88089	4.377865	5.665509
faithful	6.7812243	3.93296	5.9803104
soldier	4.544444	5.273697	5.389501
father	5.7667055	5.180146	6.435847
narrow	2.7510338	4.2159176	3.4426947
great	5.154146	5.669274	6.0582333
tear	3.3719013	4.6422024	3.0926719
honorable	6.2895875	5.636413	6.3980923
previous	4.4935074	4.5037985	4.5925875
good	6.8674994	3.954111	5.9685674
domestic	4.789198	3.3182151	3.9663267
glory	7.4041142	5.3269973	7.0008106
lay	4.5126195	4.1982417	4.1809626
occasion	5.3270288	5.3437676	5.2538657
guard	4.8905625	5.434662	6.2608
whole	5.4128933	4.8048925	5.4631715
mouth	4.76817	4.148039	4.459156
receive	6.8013844	4.602845	5.4905396
take	4.6294813	5.8203745	5.1139755
simple	6.711235	4.0182686	5.685447
error	2.2038887	5.6944013	3.994965
wisdom	7.158681	4.6915526	7.1885147
rock	5.233539	5.059824	5.6803927
decide	5.350875	5.137665	6.040965
exclaim	5.5240226	6.258041	5.4182568
assure	7.403681	4.9167585	6.2068768
sign	5.065448	3.7419558	4.462985
preserve	5.5998178	3.9995031	5.7506895
commerce	6.2582717	5.3746166	6.8361797
plant	5.217372	4.140786	4.779674
walk	5.5449133	4.800897	4.419222
difference	4.9110217	4.5861053	4.769561
hang	4.2829494	4.3952894	4.218862
following	7.3262205	3.8286254	5.773032
employ	4.5353007	4.8075843	5.1330643
