deal	5.037488	5.5005045	5.5517616
study	6.53149	4.2284346	6.2824183
afford	6.841794	4.712481	5.9582376
service	6.3294973	4.918595	5.964576
height	5.3498216	5.19161	5.745966
prospect	7.547369	5.161965	6.539675
pleasant	7.2863283	4.360507	4.921605
shade	4.2365704	3.7310734	3.1446245
listen	5.046418	5.1294084	4.6623187
mighty	5.8274627	5.786261	7.1124573
country	5.3976	4.399472	5.7980986
title	8.0128355	4.0946417	6.842142
choose	5.3498015	4.2186995	4.7925534
village	6.4563737	4.9992676	5.6327333
acquire	7.6021156	5.290801	7.3966556
rank	5.867385	5.2809095	5.793755
bow	5.7650337	4.485927	4.6680818
doctor	5.101863	4.0838594	5.2576246
talent	7.8593264	5.940361	7.676385
source	6.636682	4.644336	5.696608
lead	5.0529623	5.8193655	5.266593
question	5.1811056	4.1661043	5.4290524
publish	5.799185	5.1264434	5.793976
interest	6.101148	5.4290733	6.1250596
serve	5.1984916	3.657466	4.482465
divine	7.5670085	4.195158	6.810082
put	4.8610287	4.568532	4.24229
shadow	4.205455	3.1628659	3.539505
practical	5.7751684	4.6247997	6.268051
surface	4.8650312	2.7712953	3.854468
account	6.109325	4.5625534	5.7734466
loss	3.639412	5.402919	3.802341
indian	5.1091957	4.987679	4.737347
vine	6.9994116	3.836484	5.652857
certain	5.280538	5.3136964	5.963221
sin	2.8194842	5.2307916	4.399696
necessity	4.4364862	5.336299	5.455451
lose	4.033394	5.299383	4.591012
private	3.9644253	4.1937838	4.602542
gentleman	6.350466	4.89076	5.828683
daughter	6.111837	4.547432	5.3325667
drive	3.0830326	6.647503	4.526533
strange	3.9309378	5.7822413	4.0949078
journey	5.650667	4.2357974	4.5484457
uncle	5.7185283	4.3109565	5.8615794
species	5.461704	5.625331	5.3750896
think	5.493743	4.8374844	5.100589
bed	5.138948	2.8950624	3.4201963
wind	4.5915785	5.102639	4.340025
bless	8.336353	4.078078	6.1146636
destroy	3.2869925	6.6662917	5.312546
author	5.914768	4.720886	5.3630295
sustain	5.2517667	5.2897468	6.1127872
black	3.896551	4.460434	4.0854793
event	6.319146	5.6642785	6.7430186
liberty	8.028257	5.9241643	7.617212
negro	4.047713	5.326973	4.3766255
little	4.3964925	3.8575368	3.2766948
fortune	6.7198267	5.214358	6.2519474
touch	5.419569	4.497946	4.5554533
kill	4.036699	6.775916	5.0551224
feature	5.6852894	3.823721	5.158054
happiness	8.651571	4.987862	6.700118
assume	4.4035783	4.6470156	4.8472986
notion	5.877055	4.2871037	5.153507
purchase	7.0466485	4.392981	5.736796
faithful	6.4775147	4.0213823	5.995003
soldier	4.595604	5.7195153	5.6125374
father	5.581202	4.968091	6.145393
narrow	3.2056367	4.272871	3.7026365
great	4.981147	5.752743	5.9031367
tear	3.182939	4.6892133	2.7702727
honorable	6.21317	5.427076	6.2890735
previous	4.4745846	4.5878563	4.538736
good	7.181712	4.1258583	6.236827
domestic	4.2524567	3.549433	3.9588623
glory	7.254841	5.2987843	6.731051
lay	4.687492	4.1708965	4.1963553
occasion	5.019233	5.2822328	5.2849646
guard	5.2760396	4.861027	6.0320225
whole	5.6541004	4.5664077	5.966799
mouth	5.1707506	4.6289153	4.898965
receive	6.581544	5.1417103	5.5520763
take	4.516485	5.298555	4.720264
simple	6.6633368	4.24314	5.4163547
error	2.151487	5.5410295	3.6269765
wisdom	6.7774925	4.7014384	6.9639454
rock	5.0206137	5.130355	5.5214105
decide	4.733355	5.1132646	5.9927917
exclaim	6.081744	6.1815567	5.747447
assure	7.6166162	5.4207993	6.255135
sign	5.4750805	3.903718	4.7643876
preserve	5.8190403	3.534638	5.3715825
commerce	6.4104342	5.2542024	6.9659796
plant	5.2239647	4.308963	4.9131823
walk	5.904773	4.3889217	4.03799
difference	4.912286	4.2388015	4.5076985
hang	4.493357	4.4044776	4.2301884
following	7.0336437	3.7215257	5.6113343
employ	4.6023436	4.5293593	5.1756063
