deal	5.131723	5.698092	6.0870314
study	6.870391	4.3531585	6.6661186
afford	6.536638	4.8898945	6.032776
service	6.1672916	4.963906	6.515831
height	5.2453074	5.3680563	5.737521
prospect	7.417609	5.487131	6.6295943
pleasant	7.296091	4.116827	4.9000883
shade	4.3394766	3.8566844	3.3743987
listen	5.3848977	5.3127866	4.787467
mighty	6.4148197	5.586125	7.3591976
country	5.5384645	4.5090065	5.7692766
title	7.2695208	4.257036	7.0991516
choose	5.2285647	4.201442	4.7409563
village	6.318583	4.847995	5.804594
acquire	7.784521	5.4879265	7.98705
rank	5.93579	5.621035	6.326339
bow	5.9645405	4.028945	4.9893255
doctor	5.0245767	3.84359	5.3117027
talent	7.83059	5.797394	7.564276
source	6.261586	4.7478614	5.9411345
lead	5.0589933	5.710074	5.2849402
question	4.996305	3.979434	5.098518
publish	5.8329654	4.8665056	5.7861757
interest	6.2591467	5.048593	5.697843
serve	5.2172856	3.96648	4.764043
divine	7.881085	4.7525997	7.6297035
put	5.3008413	4.730563	4.086255
shadow	4.0630546	3.4096513	3.636415
practical	6.124399	4.394872	6.3273506
surface	4.615741	3.111105	4.08819
account	5.483361	5.1233926	5.8736677
loss	3.441998	5.401893	4.018066
indian	5.0346503	5.251283	5.1625824
vine	6.7573195	4.0286627	5.6135817
certain	5.2331085	5.102121	5.5576644
sin	2.818297	5.389387	4.288039
necessity	4.4482245	5.2665453	5.552783
lose	3.9663153	5.4471684	4.375389
private	4.1900325	4.09943	4.759496
gentleman	6.5755997	4.214486	5.676381
daughter	5.9034653	4.4317884	5.8434377
drive	3.2174973	6.848632	4.646365
strange	4.2463403	5.751147	4.32556
journey	5.7600813	3.860415	4.431155
uncle	7.3041534	3.6144366	6.06915
species	5.357653	5.726905	5.0103884
think	5.7790594	4.6100802	5.0389066
bed	4.814248	3.3452814	3.4375606
wind	4.560584	4.957542	4.6430297
bless	8.193197	4.3529196	6.071536
destroy	3.3632302	6.640986	5.011998
author	5.8715935	4.7706165	5.3335123
sustain	5.4598074	5.018787	5.8873596
black	3.8042483	4.8384695	3.7068698
event	6.4010935	5.4506	6.8073883
liberty	7.5963736	5.628497	7.314494
negro	4.154257	5.0761623	4.4656343
little	4.1756372	3.8314724	3.3696437
fortune	6.3904934	5.0463786	6.3939395
touch	5.325349	4.522112	4.2364492
kill	3.7860103	6.5693746	4.591575
feature	5.7274013	4.073152	5.409361
happiness	8.367508	4.9253087	6.380622
assume	3.9988036	5.231329	5.2022743
notion	5.668178	4.4493823	5.229549
purchase	6.949094	4.4938726	6.0880437
faithful	6.5853276	3.940184	6.1566267
soldier	4.6221857	5.730578	5.9642744
father	5.7834005	4.9750543	6.0901318
narrow	2.8556697	4.251263	3.472498
great	5.218345	5.850484	6.5305915
tear	3.375961	4.9064016	2.9401913
honorable	6.148572	5.275543	6.2898626
previous	4.257232	4.5885563	4.429895
good	6.7471642	3.9595728	6.374696
domestic	4.7650385	3.485095	3.8969069
glory	7.7300615	5.33765	7.3119473
lay	4.334947	4.6748505	4.003448
occasion	5.020261	5.657911	5.416089
guard	4.5660954	5.2849464	5.923213
whole	5.4806485	4.801419	5.6128917
mouth	4.8458385	4.468762	4.4694433
receive	6.4534745	4.9292054	5.470908
take	4.854987	5.349783	5.216697
simple	6.4826546	4.046793	5.6185775
error	2.121633	5.7547455	3.9346957
wisdom	6.799599	4.770614	7.088299
rock	5.154603	4.9930024	5.5123754
decide	5.361525	4.8612685	5.770017
exclaim	5.7851543	6.2217474	5.723146
assure	7.4102297	5.16095	6.3004417
sign	4.894802	3.8865829	4.605431
preserve	5.8612175	3.7467494	5.4487185
commerce	6.310849	5.392914	6.7264323
plant	4.88816	4.4525495	4.7786293
walk	6.1096377	4.213332	4.372104
difference	5.0844283	4.452531	5.260618
hang	4.296162	4.4642544	4.2609506
following	7.277144	3.768249	5.6190343
employ	4.9194617	4.726307	5.373843
