deal	4.8795767	5.552432	5.831834
study	6.4515877	4.1858587	6.3979807
afford	6.8581166	4.4828606	6.1216164
service	6.3884754	4.8951755	6.106338
height	5.2644925	5.1194	5.897416
prospect	7.5569425	5.310144	6.3948574
pleasant	7.4503975	4.0008435	4.852366
shade	4.2297983	3.53824	3.163368
listen	5.384958	5.5692253	5.02026
mighty	5.8784637	5.48655	6.9458094
country	5.3269377	4.3179994	5.6309767
title	7.1187363	4.0000587	6.403847
choose	5.1160483	4.270318	4.964514
village	6.113531	4.730744	5.576439
acquire	7.3681498	5.5291758	7.6394224
rank	5.914277	5.5054874	6.00631
bow	6.021467	4.0037265	4.9824734
doctor	5.179577	4.125891	5.1720266
talent	8.021755	5.67305	7.448505
source	6.321663	4.5681033	5.7581067
lead	5.1187506	5.6114182	5.33901
question	5.0005574	4.1684504	5.499705
publish	5.7866597	5.019391	5.4442196
interest	6.9095106	5.14964	6.276338
serve	5.739914	3.9923875	4.765118
divine	7.4171906	4.7929316	7.2340107
put	5.0101743	4.3860598	4.120079
shadow	4.0223236	3.2752395	3.768604
practical	6.131399	4.3600316	6.1762524
surface	4.750218	3.041258	3.9826736
account	5.696419	4.7783747	5.8008833
loss	3.6051016	5.0365186	3.521378
indian	4.774676	4.8045464	5.049032
vine	6.7781143	3.8762074	5.5658674
certain	5.1572328	5.360982	5.7925453
sin	3.0015297	5.4860635	4.262227
necessity	4.0512037	5.146793	5.2796707
lose	4.1313562	4.848507	4.0786915
private	4.1101065	4.4614773	4.568535
gentleman	6.623989	4.4163723	5.7123065
daughter	6.0533504	4.616612	5.835414
drive	3.275701	6.661032	4.622894
strange	4.334079	5.43534	4.276797
journey	6.2267556	3.936435	4.59666
uncle	6.4499135	4.0971975	5.3863325
species	5.4477	5.7725234	5.2086744
think	5.9597664	4.5774794	5.0922103
bed	5.3570433	3.2670305	3.6148977
wind	4.54669	4.9139833	4.4842834
bless	8.70501	4.352059	6.402899
destroy	3.1104631	6.854938	5.0400786
author	5.896054	4.5442333	5.129208
sustain	5.2512197	5.019163	5.9421616
black	3.4206243	4.693201	3.7132773
event	6.673547	5.724651	6.788487
liberty	7.4163632	6.05173	7.3992357
negro	3.65142	5.6959815	4.2851834
little	4.118797	4.1019516	3.1244178
fortune	6.4635873	5.157757	6.026965
touch	5.97119	4.337393	4.5323834
kill	3.818865	6.3201528	4.6004276
feature	5.6165824	3.7015257	5.2430105
happiness	7.879963	4.7931404	5.8873644
assume	3.8648043	4.915976	5.0883474
notion	5.4318275	4.1409063	4.9581447
purchase	6.4878488	4.270368	5.355119
faithful	6.9835854	4.4428344	6.554105
soldier	4.8018994	5.9336934	6.1245756
father	6.095584	4.7875557	5.9706516
narrow	3.074573	4.0212884	3.428722
great	5.2571244	5.6067467	5.995162
tear	3.3995752	4.377946	2.4614677
honorable	6.1041355	5.1487517	6.176369
previous	4.258338	4.480677	4.518181
good	7.375513	4.4324045	6.1717215
domestic	4.8429956	3.5456233	4.167228
glory	6.9108067	5.272145	6.7763767
lay	4.532763	4.326428	4.321014
occasion	5.581325	5.2572374	5.3616376
guard	5.041799	5.356354	6.264116
whole	5.464809	4.7112193	5.668419
mouth	4.683877	4.598722	4.5623293
receive	6.723814	4.7763076	5.565522
take	4.2285085	5.183597	4.5358953
simple	6.6833277	4.1008973	5.9607897
error	2.0281725	5.653411	3.76828
wisdom	6.8111124	4.444048	6.964371
rock	5.337437	4.9511166	5.6540008
decide	4.6712	5.2871017	5.8746614
exclaim	5.901924	6.266048	5.823128
assure	7.8472767	4.90262	6.3753414
sign	4.9456215	4.0437436	4.4818964
preserve	5.8954535	3.9500341	5.8102913
commerce	6.7244363	4.9956694	6.9690466
plant	5.091417	4.383051	5.296894
walk	5.5576787	4.516331	4.2855883
difference	4.286859	4.6036034	4.8584223
hang	4.1659026	4.311779	3.9487133
following	7.4359984	3.732004	5.9071445
employ	4.596119	4.7777567	5.355273
