deal	5.4886527	5.3886747	5.8645773
study	6.866873	4.361164	6.6464577
afford	6.3323565	4.9476733	5.918945
service	6.552745	4.7821956	6.441136
height	5.260983	5.165148	5.7320004
prospect	7.423456	5.4681077	6.467822
pleasant	7.2944174	4.133166	4.8394365
shade	4.44973	3.7790022	3.3498452
listen	5.094084	5.471315	4.8011217
mighty	6.22875	5.383926	6.9418106
country	5.261122	4.5131516	5.624528
title	7.305719	4.528101	6.591386
choose	5.71137	4.160142	5.189746
village	6.413788	4.6388245	5.6027517
acquire	7.956938	5.9945536	8.188175
rank	5.944898	5.2252645	5.859235
bow	5.86727	4.3960557	5.062471
doctor	5.1223984	4.36731	5.322142
talent	8.146146	5.956648	7.9457626
source	6.102744	4.4834557	5.5802264
lead	4.9989758	5.5870037	5.2115717
question	5.1333585	4.9420686	5.9752073
publish	5.5073967	4.8720765	5.546422
interest	5.784712	5.2987165	5.822309
serve	5.173086	4.0750613	4.8531113
divine	7.5492077	4.499025	7.2843943
put	5.0383782	4.715704	4.3262415
shadow	4.1549907	3.5970435	3.8696632
practical	6.2527294	4.5561614	6.387248
surface	4.4550676	3.148556	3.9039154
account	5.329446	4.5784545	5.262725
loss	3.4956198	5.2709374	3.6531706
indian	5.0522633	5.01169	4.9670506
vine	6.644827	4.289413	5.7275505
certain	5.1198907	5.3737044	5.962672
sin	2.9562504	5.1172233	4.1748724
necessity	4.1074886	5.176818	5.368305
lose	4.2981043	5.172264	4.5948315
private	3.9248128	4.873152	4.695708
gentleman	6.6001077	4.405072	5.544857
daughter	6.180105	4.6553583	5.751626
drive	3.3505564	6.450587	4.27396
strange	4.278133	5.3518715	4.244544
journey	5.900505	4.186641	4.6862364
uncle	6.31789	3.456213	4.8435516
species	5.4218183	5.109224	4.967564
think	5.68461	4.5571795	4.7266946
bed	5.1576915	3.1589668	3.518171
wind	4.9332256	4.781257	4.3907995
bless	8.301384	4.3585434	6.4286866
destroy	3.352391	6.660213	5.1166754
author	5.613919	4.505453	5.2850842
sustain	5.532244	5.0890856	6.0565214
black	3.5440245	4.8275185	3.6243868
event	6.0795546	5.857573	6.617469
liberty	7.3410225	5.8742247	7.3449078
negro	4.059691	5.087141	4.297618
little	4.50891	3.8552601	3.335693
fortune	6.854285	5.30434	6.5501976
touch	5.3278723	4.1167116	4.126036
kill	3.9917018	6.210361	4.832199
feature	5.7252502	3.8872516	5.3966575
happiness	8.146257	4.6596727	6.1272235
assume	4.1512957	5.0797396	5.0152607
notion	5.278506	4.177906	4.6918416
purchase	6.856622	4.529861	5.9786696
faithful	6.67351	4.3262773	6.51027
soldier	4.4162803	5.7994103	5.71461
father	5.6643014	5.0557446	5.7828174
narrow	2.9699812	4.520277	3.813179
great	5.84192	5.4929657	6.337388
tear	2.846188	4.5236278	2.593511
honorable	6.1997366	5.664956	6.500906
previous	4.579191	4.533222	4.6281714
good	7.2023735	4.35288	6.3599343
domestic	4.7570353	3.4383965	3.9876528
glory	7.7137637	5.3770585	6.9015155
lay	4.6478877	4.465659	4.492721
occasion	5.1523685	5.1457458	5.1312904
guard	4.6603093	5.447792	6.209498
whole	5.4492245	4.70734	5.968503
mouth	5.1266136	4.6426525	4.6599913
receive	6.305522	4.656525	5.218073
take	5.22166	4.8382573	5.1749835
simple	6.1791744	4.2631555	5.645198
error	2.399124	5.125429	3.743928
wisdom	6.992325	4.7636256	6.993675
rock	4.91094	4.8690906	5.2014055
decide	5.253226	5.2357397	6.19157
exclaim	5.9075375	6.0475535	5.702379
assure	7.35431	5.153278	6.1526194
sign	5.00095	4.022005	4.4926677
preserve	5.8376884	3.962555	5.7511296
commerce	6.6145587	5.1553783	6.934614
plant	5.096734	4.332503	5.0363517
walk	6.023344	4.565478	4.7505903
difference	4.431625	4.321524	4.4288454
hang	4.559689	4.2171545	4.1994767
following	6.496769	3.886286	5.6850176
employ	4.731935	4.711705	5.8057623
