deal	5.0974555	5.268716	5.5993958
study	6.7781715	4.356087	6.5925736
afford	6.554668	4.698303	6.203635
service	6.536556	4.8143516	6.3820157
height	5.407596	5.335626	5.928347
prospect	7.3008003	5.1369615	6.588044
pleasant	7.483824	4.1791964	5.028886
shade	4.1582985	3.7317157	3.2048194
listen	5.2847333	5.664067	4.6750774
mighty	6.2480755	5.6211686	7.41415
country	5.6245522	4.0885644	5.5685687
title	7.687897	4.0491066	6.9564037
choose	5.5062704	4.48583	4.7999425
village	6.144143	4.7620316	5.521737
acquire	8.077341	5.7001915	8.080627
rank	5.881852	5.390129	6.0416727
bow	5.916275	4.457297	5.248721
doctor	4.6530857	4.283787	4.644035
talent	8.035978	5.8753486	7.7079015
source	6.5604362	4.503765	5.6035247
lead	4.729384	5.9116883	5.47456
question	5.352575	4.270067	5.423518
publish	5.761709	5.184416	5.923863
interest	6.558008	5.034523	6.170457
serve	5.420382	4.0156584	4.963707
divine	7.163966	4.3912	6.829379
put	4.8884363	4.3862343	4.0657177
shadow	4.656127	3.16363	3.7472568
practical	5.806598	4.534183	6.3445516
surface	4.8229475	2.8625414	3.8501844
account	5.219857	4.7077146	5.4288473
loss	3.2971458	5.8236895	3.9105074
indian	5.2369742	5.0998	5.1723685
vine	6.9664364	3.5754707	5.392491
certain	5.5962076	4.9796534	5.7252674
sin	3.0166054	5.337583	4.556822
necessity	4.298874	5.16817	5.481579
lose	4.3862195	5.228732	4.6551933
private	4.1471996	4.5305457	4.850725
gentleman	6.418747	4.3765545	5.7607956
daughter	5.819624	4.4603662	5.4833527
drive	2.8983755	6.6377206	4.5530505
strange	4.356292	5.4997625	4.234549
journey	6.790039	4.0753417	4.9198117
uncle	7.435239	2.916655	6.0287185
species	5.6698556	5.368574	4.8029103
think	5.605461	4.7492228	5.187267
bed	4.801065	2.9624949	3.300742
wind	4.925409	4.9749026	4.6304507
bless	8.370005	4.4733477	6.5149946
destroy	2.7497468	6.9346094	4.958671
author	5.904108	4.636729	5.1805487
sustain	5.3613596	5.2201357	5.871199
black	4.100576	4.7012205	3.935985
event	6.639718	5.9769135	6.908736
liberty	7.595619	6.2342224	7.7192583
negro	3.8524177	5.265354	4.320785
little	4.7585063	3.6392114	3.3703475
fortune	6.745429	5.2391233	6.5082493
touch	5.601893	4.4707136	4.6505613
kill	3.7916393	6.5777287	4.961498
feature	5.342139	3.7127843	4.9684873
happiness	8.253416	4.7599225	6.556601
assume	4.093693	4.9191976	4.699588
notion	5.504692	4.3139834	5.1763153
purchase	6.959937	4.415984	5.8355184
faithful	6.809817	3.9333396	6.2317796
soldier	4.487637	6.1221457	5.6455646
father	6.002678	4.6122127	6.0058675
narrow	3.0442438	4.2050967	3.561678
great	5.3598146	5.6127257	6.2127876
tear	2.6916487	4.65521	2.5450947
honorable	6.2344947	5.5960183	6.392434
previous	4.268735	4.6663346	4.3314977
good	7.148816	4.4812727	6.195757
domestic	4.9589405	3.647191	4.222926
glory	7.64361	5.5464096	7.4274597
lay	4.6847982	4.3592787	4.36689
occasion	5.07808	5.280385	5.032274
guard	4.7402806	5.350399	6.108675
whole	5.422844	4.5150127	5.6651444
mouth	5.3695345	4.4906197	4.554253
receive	6.6628594	4.7451925	5.754921
take	4.450662	5.3957286	5.055672
simple	6.528864	4.020528	5.5673904
error	2.0747342	5.7773156	4.090657
wisdom	7.1863856	4.5479636	6.974765
rock	5.14365	4.9821873	5.4774604
decide	5.655731	5.0793285	6.088271
exclaim	5.59403	6.4342117	5.693101
assure	7.9144564	5.332914	6.7321024
sign	4.969942	3.82018	4.3501654
preserve	5.8868484	4.2102537	5.6191134
commerce	6.29669	5.2026463	6.877
plant	5.221734	3.9295597	4.76751
walk	5.7713675	4.4775515	4.1077476
difference	4.9906144	4.477025	5.221576
hang	4.487992	4.5479164	4.348088
following	7.0524783	3.7642543	5.5950794
employ	4.858834	4.9146357	5.483286
