deal	5.537617	5.218668	5.929821
study	6.5799265	4.1300955	6.4807444
afford	6.5931225	5.0392137	5.749675
service	6.30827	4.7264576	5.8561525
height	5.419648	5.345893	5.7632446
prospect	7.104347	5.6285496	6.311132
pleasant	7.453388	4.0884843	5.0187783
shade	4.420608	3.6956758	3.309051
listen	5.385683	5.466269	4.8623176
mighty	6.295348	5.7533293	7.0321913
country	5.079785	4.503195	5.7602463
title	7.799281	4.406067	6.946339
choose	5.4838457	4.2286067	4.8091516
village	6.015293	4.723974	5.8302364
acquire	8.136753	5.3716927	7.6597037
rank	6.0092683	5.4567175	5.8444214
bow	6.346855	4.1727953	4.997816
doctor	5.279236	4.06256	5.4167485
talent	7.8117967	6.2193766	7.6160817
source	6.56264	4.525159	6.0290036
lead	5.0569267	5.7028723	5.0160437
question	5.8736134	4.057194	5.519298
publish	5.7432384	5.2978067	5.8427525
interest	6.196336	5.0108676	5.7993894
serve	5.4195037	3.6398184	4.381867
divine	7.3801675	4.6271973	7.2266455
put	5.0063105	4.541444	4.320414
shadow	4.254759	3.4330912	3.7111006
practical	6.132526	4.3123865	6.207599
surface	4.9372783	3.13681	4.124752
account	4.9630904	4.9241295	5.3553314
loss	3.129421	5.5230546	3.6426864
indian	4.958052	5.084087	5.467197
vine	6.8784404	3.8247616	5.5515347
certain	5.2013187	5.2565312	5.872488
sin	2.5212893	5.7465463	4.5003986
necessity	4.4349957	5.2010126	5.3254805
lose	4.1620827	5.082725	4.7496495
private	4.271932	4.134834	4.690462
gentleman	6.7575192	4.5011897	5.93648
daughter	5.859049	4.7179904	5.4092937
drive	3.200973	6.6972284	4.4423428
strange	4.252301	5.632006	4.3427978
journey	5.8339267	4.0845833	4.6489425
uncle	6.4737535	3.656342	5.8599715
species	5.4223704	5.253334	4.6533813
think	5.497665	4.6497355	4.845375
bed	5.150956	3.1248062	3.5363557
wind	4.331171	4.600915	3.886254
bless	8.381124	4.488821	6.3866415
destroy	3.3391962	6.4994717	5.258794
author	5.9686255	4.4280863	5.5094395
sustain	5.3529096	5.1386137	5.8545284
black	3.5785198	5.1427236	3.7977803
event	6.5334053	5.48959	6.7317505
liberty	7.677272	5.731073	7.5003595
negro	4.3883533	5.599444	4.9652724
little	4.699494	3.8162808	3.3946068
fortune	6.6010656	5.0496454	6.2082615
touch	5.798335	4.403428	4.528312
kill	3.9066973	6.4735775	5.0175576
feature	5.0254893	4.1248407	5.1708965
happiness	8.305628	5.098647	6.4407005
assume	4.258341	5.1194873	5.0142817
notion	5.4615192	4.143216	4.763069
purchase	6.4782944	4.3701158	5.543264
faithful	6.8126082	4.0343275	6.0519843
soldier	5.002658	5.6617074	6.0112834
father	6.0461154	4.659276	5.9287815
narrow	3.2957215	4.110634	3.7784848
great	5.348253	5.628438	6.0431795
tear	3.0814815	4.638695	2.7637274
honorable	6.224798	5.3279743	6.14648
previous	4.5742836	4.3780966	4.7742524
good	6.993491	4.2431226	6.346071
domestic	4.6989274	3.3940816	4.1785197
glory	7.1466646	5.673239	6.998332
lay	4.362914	4.288066	4.4934216
occasion	4.72671	5.024599	5.197911
guard	4.720132	4.888169	5.738515
whole	5.543208	4.9071355	5.9052124
mouth	4.8566904	4.588872	4.968892
receive	6.7689114	4.798648	5.465481
take	4.623464	4.994966	5.0915365
simple	6.630501	3.9670238	5.4529977
error	2.122057	5.484034	3.7248282
wisdom	6.6449866	4.939762	7.073637
rock	4.7689576	4.91141	5.301404
decide	5.556363	5.0932474	6.453164
exclaim	6.0258	6.3930945	5.772827
assure	7.237212	5.29012	5.9185867
sign	5.2176723	3.8923378	4.8607297
preserve	5.8827715	3.6319308	5.6744876
commerce	6.365207	5.115408	6.8016863
plant	5.275655	4.181517	5.010646
walk	6.202854	3.8712344	3.9722989
difference	4.7094946	4.7377644	4.9199724
hang	4.163865	4.410146	4.009891
following	7.220565	3.9611495	5.8542247
employ	4.319895	4.6851654	5.1331687
