deal	5.573477	4.7835994	5.5415783
study	7.0634274	3.836401	6.2310166
afford	6.218635	5.150162	5.916254
service	7.427615	4.4682407	7.018935
height	5.3972535	5.0439095	5.380611
prospect	8.087248	5.1039844	6.4136286
pleasant	7.701498	3.829977	4.8846965
shade	4.442082	3.450595	3.1660013
listen	5.2338486	5.36532	4.6612754
mighty	5.963842	5.0935955	7.0053635
country	5.7883554	4.236733	5.722234
title	7.3245687	4.5190706	6.60788
choose	5.476161	4.235491	4.6093483
village	6.1235366	4.932532	5.923582
acquire	7.7442956	5.637918	7.6687875
rank	6.3109775	5.1253023	6.096771
bow	5.9900265	3.8940408	4.9459205
doctor	4.7679143	4.1554613	4.538044
talent	7.6937914	5.760965	7.4593735
source	6.724092	4.9110217	6.2515554
lead	4.5451007	5.819225	5.062793
question	5.223955	3.7777712	5.0762343
publish	5.892846	4.7142296	5.878273
interest	6.992482	4.815164	6.260237
serve	5.326553	3.7883403	4.416258
divine	7.2381797	4.499008	6.8280754
put	5.131435	4.883416	4.2849245
shadow	4.400451	3.0104702	3.3743877
practical	6.2519035	3.7833946	6.394386
surface	4.7633033	3.0076618	4.4467254
account	4.652497	5.339769	5.4742937
loss	3.9434407	4.56122	4.1337805
indian	4.6562133	5.5230947	5.347249
vine	6.2471485	3.892002	5.4154973
certain	4.505926	5.7792354	5.421436
sin	3.4158773	4.9112716	4.401092
necessity	3.740629	5.091542	5.068425
lose	4.7014933	5.3737526	5.061723
private	4.6751046	4.8297772	5.230251
gentleman	6.213848	4.2570114	5.2088184
daughter	5.5607176	4.497567	5.2212996
drive	3.0228372	6.311086	4.0272565
strange	4.3562493	5.162484	4.0268335
journey	6.5524626	4.033632	5.278771
uncle	7.4950366	3.785607	5.304283
species	4.35075	6.101864	4.7580833
think	6.343769	4.9115906	5.1817355
bed	5.2019076	2.9181705	3.7030234
wind	4.2851534	4.0827494	4.025513
bless	8.176237	4.2371087	6.4766665
destroy	2.62088	6.7131567	4.9723153
author	5.964138	4.8510494	5.4393497
sustain	5.287199	5.0003414	5.8762245
black	4.2739677	4.2572603	3.8617795
event	6.161583	5.561337	6.3648224
liberty	7.4940033	5.553898	7.4995403
negro	4.560647	5.324153	4.508817
little	4.986094	3.768574	3.3340144
fortune	6.450677	5.283928	5.967502
touch	5.6065826	4.474958	4.952547
kill	3.5990286	6.8174067	5.5137177
feature	5.229962	4.2372384	4.7210627
happiness	8.188029	5.2917576	7.1758113
assume	4.308774	5.047885	4.770652
notion	5.519732	4.079654	4.646377
purchase	6.5245457	4.990836	5.660939
faithful	7.3625994	4.176737	6.570078
soldier	5.27643	5.8748856	6.282818
father	5.353692	4.257258	5.2364655
narrow	4.3675013	4.4519587	4.4002175
great	4.829156	5.1478868	5.7869782
tear	2.8308954	4.5025887	2.6088824
honorable	5.954164	4.902665	6.329541
previous	4.2353354	4.767639	4.4208045
good	6.9791408	4.53045	6.210535
domestic	4.4349794	3.7365196	4.033495
glory	7.921652	4.6688676	6.9223223
lay	4.0826473	4.340878	4.0183268
occasion	4.3493686	5.125364	5.13784
guard	5.1324058	5.485893	5.910837
whole	6.29889	4.6117287	6.1571164
mouth	5.7758403	5.117592	4.951047
receive	6.102974	4.8268824	5.100015
take	4.9355116	4.3938046	3.9256234
simple	6.678234	3.7955241	5.662139
error	2.5295937	5.2036242	3.9695406
wisdom	7.100706	4.753795	7.1462774
rock	4.4546375	4.3651743	5.219571
decide	4.678305	4.33643	5.286646
exclaim	5.77492	6.271567	5.2963
assure	7.154001	5.593957	6.3802705
sign	4.6013746	4.162825	4.2950244
preserve	5.383837	4.661166	5.5058002
commerce	6.101175	5.4414663	6.269518
plant	4.8244634	4.3593493	4.911115
walk	6.395364	4.120826	4.079179
difference	3.850881	4.1881657	3.873757
hang	4.346826	3.7990227	3.5782795
following	5.9432707	3.833309	5.2627354
employ	4.917324	5.2146225	5.359688
