deal	5.405204	6.398186	6.6715794
study	6.360084	4.1007385	6.127279
afford	6.4395866	4.683814	5.926995
service	6.7651796	4.783035	6.2169466
height	5.6795692	4.631609	5.7033167
prospect	8.517072	5.071369	6.9263315
pleasant	7.7956567	4.3410707	5.300587
shade	4.48611	3.2131224	3.085719
listen	4.6705065	5.6021504	4.4645257
mighty	6.225185	5.387219	7.1234527
country	5.4612474	4.417586	5.515382
title	7.2469854	4.127278	7.035164
choose	4.7545924	4.815979	4.426405
village	6.042549	4.8353143	6.0556726
acquire	7.484848	5.6598234	8.184084
rank	5.60312	4.7365513	5.685732
bow	5.572974	4.058442	5.2111
doctor	4.0923576	4.823827	5.341438
talent	8.079559	5.0984507	7.592002
source	6.5382056	4.91357	5.9828005
lead	5.2230506	5.4425745	4.9665966
question	4.5158234	4.3282194	4.6773577
publish	5.8244257	4.719743	5.375686
interest	6.4358053	4.3032756	5.5130506
serve	5.6555543	3.8036697	4.196157
divine	7.0389194	4.549686	7.1144238
put	5.2528934	4.487832	4.6617413
shadow	4.5961995	3.0045311	3.5521836
practical	5.8424263	4.358487	6.3778486
surface	5.221418	3.1397684	4.3858376
account	5.329827	5.4546967	5.421847
loss	4.183231	6.0670033	4.665093
indian	3.4828296	5.3519864	5.206143
vine	7.2759094	2.6761274	5.3999486
certain	5.0433335	5.0239224	5.588693
sin	2.9644887	5.070357	4.417462
necessity	4.509566	5.3091464	6.007365
lose	3.9472523	6.1719284	4.8360043
private	4.429627	4.4425507	4.521618
gentleman	6.47427	4.405884	6.0929365
daughter	6.372748	4.8442407	5.5988503
drive	3.5374858	6.5444813	4.702958
strange	3.9696665	5.441137	3.859212
journey	6.4157414	3.7653992	4.6548204
uncle	6.715583	4.780165	7.051813
species	4.805406	5.156184	4.8739214
think	5.4912157	4.656547	4.6458273
bed	4.2889757	3.1180825	3.151083
wind	5.0416865	5.208663	5.0557456
bless	8.332793	4.446543	6.639359
destroy	2.7974067	6.7592573	4.9099436
author	5.883778	4.594103	5.1846504
sustain	5.607272	5.3040547	6.2416363
black	3.156991	4.9073286	3.1084914
event	6.8297834	5.8789816	7.107691
liberty	7.311365	5.925625	7.302715
negro	4.3276587	5.149913	4.6722927
little	4.5335746	4.1786675	3.8878946
fortune	7.67983	5.3154936	6.569147
touch	5.5073957	4.615223	4.807917
kill	2.7818718	7.014223	4.810216
feature	5.26464	3.7392297	4.9441767
happiness	8.721302	4.8648105	6.71932
assume	4.0772715	4.676169	4.2441273
notion	5.8138866	4.250461	5.617342
purchase	6.3877916	4.866537	5.784388
faithful	6.4735694	4.2310886	5.715702
soldier	4.891625	6.197452	5.8457193
father	6.7454376	4.834196	6.8211837
narrow	3.9859095	4.4747787	4.6917415
great	5.6109953	5.5876393	6.459342
tear	4.330965	4.393195	3.2453227
honorable	6.415327	4.903473	6.2164536
previous	4.426291	4.614093	4.65091
good	6.8531885	5.228793	6.877921
domestic	4.906423	3.1252072	3.062942
glory	7.429181	5.0037127	7.012061
lay	3.9178314	3.9308138	3.8433464
occasion	5.51376	5.6913753	5.6631265
guard	4.626038	5.636289	5.901136
whole	6.368189	4.0394754	5.2981396
mouth	4.580488	4.7993503	4.799409
receive	6.434739	4.6007557	6.076489
take	4.274213	5.617235	5.1907077
simple	6.613367	4.0946503	5.572846
error	3.2443147	4.995413	4.06571
wisdom	7.367134	4.4477534	7.425624
rock	4.7759104	4.612969	5.033122
decide	4.799232	5.1678443	6.0566115
exclaim	5.9685388	6.100321	6.072274
assure	7.2607627	4.986098	6.0777197
sign	4.936099	4.421789	5.391866
preserve	6.0199785	4.4213133	5.615571
commerce	6.437978	5.2190986	6.1890764
plant	5.0415473	3.0658739	4.199044
walk	5.477773	4.679323	4.62085
difference	5.2875233	5.3278666	5.7873473
hang	3.8643646	4.2402773	3.776682
following	7.188753	4.0684156	5.8889947
employ	4.6033454	5.290488	4.6660028
