deal	4.9999847	5.136468	5.171738
study	7.265176	4.5949717	6.293235
afford	5.559512	5.639594	5.576448
service	5.7694826	4.8320956	6.2576637
height	5.569625	4.8067117	5.6560874
prospect	6.974241	5.1550756	6.435806
pleasant	7.230439	3.3098943	4.7821016
shade	3.7760086	3.6422038	2.9512706
listen	4.9757686	5.438065	4.199872
mighty	5.4338446	6.0366507	7.1429243
country	4.8370275	4.568671	5.5025215
title	8.764528	3.9370856	7.637212
choose	5.37266	4.0579453	4.8731475
village	6.81621	4.7981586	5.798209
acquire	9.094099	5.9129124	8.389941
rank	6.225337	5.2668405	6.684799
bow	6.0240135	3.956318	5.098304
doctor	5.961131	3.5552807	5.660597
talent	8.456795	6.692734	8.280435
source	7.0429907	4.6191516	5.9084396
lead	4.6852713	5.805235	5.177058
question	6.044131	4.98526	6.2808
publish	5.89272	5.237489	6.26843
interest	6.6679864	5.2745514	5.657081
serve	4.6035733	3.9691684	4.432683
divine	7.7527018	4.4612017	7.1488028
put	4.730838	5.5250397	4.4996295
shadow	4.018253	3.761352	3.9836464
practical	6.2839427	5.0026927	6.1918573
surface	5.0657415	3.0646346	4.3192325
account	4.803493	4.929884	5.484907
loss	3.9024363	5.4108624	3.9306498
indian	5.5593243	5.2868505	5.145134
vine	6.780352	2.9248269	5.580263
certain	4.950282	5.4072194	5.660927
sin	2.6990027	4.5973854	3.9337244
necessity	4.149523	5.440437	5.20102
lose	5.1123333	5.7381625	4.167715
private	4.54231	4.951699	5.4716916
gentleman	6.1886277	4.0096073	5.9752197
daughter	6.6779294	3.9566233	5.8177133
drive	3.504378	6.4710684	4.456907
strange	4.3163514	5.600069	4.244589
journey	6.0923257	3.226563	4.3273854
uncle	6.955715	4.303816	5.6117873
species	4.9658303	5.654191	5.0467806
think	6.0929923	5.283316	5.4562926
bed	4.755175	2.619119	3.242772
wind	4.9251175	4.7999363	4.933251
bless	8.024463	4.0420704	6.2406178
destroy	3.237558	6.95311	5.2728677
author	6.094557	4.4883513	5.619152
sustain	5.0719123	5.4606185	5.8744903
black	3.6799307	4.9763107	3.480548
event	5.669708	5.765398	6.493188
liberty	7.1981645	5.8060737	6.935972
negro	4.448841	5.0033607	4.8846126
little	5.314726	3.8096697	3.414847
fortune	6.690593	5.2144794	6.5614605
touch	5.4731593	4.6186213	4.613204
kill	4.279878	6.481189	5.316494
feature	5.7262645	4.4128003	5.423603
happiness	8.223735	4.887107	6.515167
assume	4.6328106	5.2374268	5.1146774
notion	5.9940495	4.392945	5.256804
purchase	7.2703276	4.5934896	6.137209
faithful	6.2876353	4.0152826	5.5695205
soldier	4.782737	6.2115893	6.6723623
father	6.242649	4.962853	6.1325574
narrow	3.240405	3.9151714	3.7719893
great	4.8811464	5.970658	5.9892755
tear	4.0142584	5.0670505	3.166358
honorable	6.150052	5.3274875	7.2975063
previous	4.2876425	4.6269083	4.243676
good	6.881714	4.266004	6.3780413
domestic	4.1275644	3.7520099	4.207805
glory	7.379089	5.7501636	7.232476
lay	3.4143748	4.24129	4.044143
occasion	4.212208	4.9738784	5.122843
guard	4.461158	5.144186	5.4306917
whole	5.355571	4.6286983	5.726764
mouth	4.7604895	5.5045857	4.5326366
receive	6.841834	4.859293	5.4897666
take	4.7531247	5.6335716	4.704158
simple	7.142086	3.675786	5.346899
error	2.5450957	5.459523	4.0711393
wisdom	6.9750166	4.8860583	6.7237215
rock	4.9185505	4.691669	5.435919
decide	5.7242446	5.4578657	5.939367
exclaim	6.0457516	5.910775	6.025198
assure	7.201969	5.288949	6.181017
sign	4.94326	4.3680363	4.929935
preserve	5.177091	4.2331057	5.3003793
commerce	5.8928432	5.4629693	6.9193373
plant	4.7807527	3.538898	4.817916
walk	5.5984564	4.060813	4.331822
difference	3.913596	4.3870764	4.2404604
hang	4.0133533	4.3769965	4.1482654
following	6.338668	3.3117566	5.3065495
employ	4.265746	5.363101	5.198727
