deal	4.2818055	4.5248237	5.1942205
study	6.8309813	4.1244144	6.790286
afford	6.8891373	4.8428164	5.9308805
service	6.027421	3.988996	5.9794564
height	5.307988	5.475577	5.774494
prospect	7.5429063	5.3859777	6.8482485
pleasant	7.0416994	3.6329124	4.2617345
shade	4.641442	3.4478207	3.7636929
listen	4.331072	5.9109693	4.6835814
mighty	5.5434465	5.2504735	6.857666
country	6.0760283	3.9000225	5.718181
title	7.488346	4.8455243	6.6456375
choose	5.485112	4.1755686	4.6137605
village	7.07589	4.561759	5.561322
acquire	7.489312	5.374765	7.9920883
rank	5.92968	5.7066407	7.0082345
bow	6.3163176	4.1415873	5.717504
doctor	4.7224193	4.8385797	5.791279
talent	8.673954	5.790911	7.964018
source	7.242467	4.9405675	6.6910176
lead	4.805719	4.9525976	4.945119
question	4.509857	4.774482	5.4158063
publish	6.3665895	4.8948555	5.236598
interest	6.5289574	5.0799026	5.861391
serve	5.072167	3.1178937	4.2985406
divine	7.77829	4.4265914	7.65002
put	5.2936654	4.5416584	4.506103
shadow	4.3524313	3.00596	3.9925017
practical	6.338049	4.159963	6.1519604
surface	4.9561644	3.2446785	4.364537
account	5.2268677	4.982132	5.2054825
loss	4.538403	5.1867647	4.322655
indian	4.7947726	5.694375	4.773844
vine	5.8776836	3.9828758	5.6595263
certain	5.2742953	5.1784263	4.842067
sin	3.7393906	5.210396	4.820322
necessity	4.685836	4.8590484	5.228355
lose	4.6886253	5.2978344	5.063843
private	4.575467	4.302572	4.665066
gentleman	5.9072056	4.3112082	5.091606
daughter	5.62468	4.441759	5.549046
drive	3.4169707	6.2017903	4.610401
strange	3.9027512	5.1228247	3.0163305
journey	5.3343573	3.8362038	3.736715
uncle	5.0059085	3.8066454	4.5278125
species	6.238546	4.9710884	4.9419527
think	5.360422	4.7730856	4.9587307
bed	4.539137	3.4257767	3.4832222
wind	4.409647	4.509581	4.3874145
bless	8.597708	4.533542	7.163171
destroy	3.585199	6.559212	5.027151
author	6.221151	4.7589145	5.33323
sustain	5.7002673	4.933194	5.75296
black	3.5881162	5.31802	3.8592978
event	5.8657084	5.75063	6.547534
liberty	8.348426	6.022771	7.553367
negro	3.9475086	5.0608997	3.7814193
little	5.0659666	3.4289556	3.2038212
fortune	6.3871403	4.381674	5.890913
touch	5.7676415	4.42835	4.5102167
kill	3.8615122	6.398249	4.7898054
feature	5.5602674	3.9520016	5.3113112
happiness	8.66513	4.635312	6.6844273
assume	3.6441765	4.7363667	5.0174627
notion	5.7801194	3.9630237	5.2166004
purchase	7.1498423	4.3124466	5.6535797
faithful	6.644368	4.1290894	6.4071374
soldier	4.029388	6.1270466	6.1162424
father	5.5186563	4.393817	5.327056
narrow	3.3022053	3.7228358	3.264287
great	5.7029634	4.482465	5.838954
tear	3.6575675	4.7956796	3.127751
honorable	6.0223413	4.98197	6.3638167
previous	4.4668283	4.533989	4.601464
good	7.1902037	4.2787404	6.3604956
domestic	5.0448623	3.636162	3.8573084
glory	7.8656306	5.235509	7.917962
lay	4.572114	4.794196	4.6143084
occasion	5.204966	5.3423867	5.196925
guard	5.0201306	5.76836	6.509204
whole	5.236188	4.624212	5.1723223
mouth	5.380004	4.9088	4.7989497
receive	7.0833282	4.903641	6.0131516
take	5.5655646	4.5142393	5.158948
simple	5.7986584	4.186188	5.176503
error	3.4936628	5.222955	4.726982
wisdom	7.4326744	4.424268	7.3540516
rock	5.1475043	4.483526	5.163135
decide	5.4541864	4.933914	5.9641085
exclaim	5.9798245	6.098849	5.9487844
assure	7.545069	5.152999	6.5494986
sign	5.467648	3.9875364	4.567123
preserve	5.891697	3.982551	5.545192
commerce	6.3206663	5.3419065	6.503733
plant	3.9253874	4.688189	4.3249207
walk	5.288497	4.1507115	3.9886947
difference	5.021281	3.8984432	5.076314
hang	4.265788	4.22226	4.5575714
following	5.847897	4.4740686	5.3427978
employ	4.872756	5.003267	5.3343277
