deal	4.762062	4.989454	5.8000493
study	7.074468	4.1187863	6.8921223
afford	5.773817	5.8187423	5.699249
service	7.321366	4.521615	6.3450637
height	5.3278074	5.368167	6.099169
prospect	6.656595	5.2778554	6.2613535
pleasant	7.3279223	3.9860837	4.413404
shade	3.98017	3.856255	3.4534492
listen	5.148404	4.9588513	4.2711263
mighty	5.773021	5.6921206	6.893811
country	5.932207	4.237821	5.334108
title	7.4103127	4.4737716	7.0251007
choose	5.5823665	4.475613	4.915964
village	5.935126	4.9813457	5.4369574
acquire	7.7131987	5.1412416	7.648517
rank	5.952394	4.9946804	6.2102003
bow	6.297471	4.463062	5.2897143
doctor	5.2062182	4.5837116	5.332783
talent	7.8593416	6.124326	7.821394
source	6.6733656	4.9745493	6.0084624
lead	5.7755485	4.9158473	5.025681
question	5.2156363	4.1270165	6.191711
publish	5.449373	5.316805	5.208855
interest	6.1095304	4.926668	5.647259
serve	6.222683	3.540044	4.788512
divine	7.160947	4.3567295	7.3290763
put	5.4422445	3.984674	4.2411838
shadow	4.20087	3.6937022	4.0768785
practical	6.486699	4.478388	6.515546
surface	4.969704	2.9519904	4.0378237
account	5.0879993	4.760909	5.7401886
loss	3.4119992	5.904538	4.1743474
indian	4.794766	5.5734634	5.4424977
vine	7.192026	3.8848445	6.1578984
certain	5.4538994	5.5005608	6.0558076
sin	3.1012414	5.541423	4.3382134
necessity	4.0671415	5.446521	5.424365
lose	3.7380965	4.7938166	4.338598
private	4.455078	4.8380075	4.762807
gentleman	6.4013815	4.574186	5.4804068
daughter	6.6140738	4.5805025	5.712523
drive	3.8132055	6.7423363	4.7634554
strange	4.165583	5.320609	4.199834
journey	6.2679944	4.151388	4.461342
uncle	7.5944386	4.721024	6.9985247
species	5.411924	4.9541097	5.148075
think	5.5024366	5.3560724	5.2479916
bed	4.915545	2.8047125	2.6062427
wind	4.8354692	4.970478	5.167195
bless	8.589352	3.685608	6.227477
destroy	3.1908376	6.4411945	5.0413404
author	5.440131	4.8339896	5.241141
sustain	5.3736854	5.4905515	6.1354203
black	3.1314173	4.6243258	3.6000042
event	6.1885405	5.4425125	6.6800056
liberty	6.483663	6.3207455	7.24049
negro	3.5089505	5.0145187	4.5318446
little	4.753972	4.475381	3.5467055
fortune	6.653946	5.1548386	6.6258116
touch	5.447693	4.49731	4.1274266
kill	3.8090975	6.6136956	5.000732
feature	5.13962	4.2203827	5.092617
happiness	7.4704947	5.2485843	6.1014442
assume	4.1325264	4.631375	4.9088097
notion	5.586404	4.4437876	5.042702
purchase	6.6652484	4.86788	6.0146694
faithful	6.8458605	3.7965024	5.8024654
soldier	4.820736	5.6635833	5.586057
father	6.9361057	4.908432	6.254491
narrow	3.4196682	4.144584	3.543872
great	6.1852646	4.911421	7.099818
tear	3.8374906	4.920967	3.0073526
honorable	6.9472027	5.9746237	6.58305
previous	4.8486	4.50888	4.793179
good	7.0779605	4.3021073	6.849705
domestic	5.18072	3.4526951	4.095157
glory	7.631671	5.5231214	7.0144463
lay	3.7065609	3.746103	3.6799366
occasion	6.219924	5.2002287	5.891127
guard	4.500194	4.206854	5.230671
whole	5.492179	4.832856	5.9064336
mouth	4.830104	4.3932943	4.0352564
receive	6.5679297	4.810699	5.7716146
take	5.190302	5.2487965	5.019132
simple	5.927665	4.176421	5.159366
error	2.6696796	5.0044775	3.9738698
wisdom	7.3841376	4.573188	7.211424
rock	4.4028893	5.0269604	4.9689035
decide	5.217403	4.8650784	6.318468
exclaim	5.3969564	6.1946425	5.372139
assure	7.520532	4.968583	6.0354404
sign	4.747161	4.2078733	5.2145505
preserve	6.4112306	3.3900852	5.2785096
commerce	6.456597	5.493023	6.9703054
plant	5.057872	3.789579	4.7062073
walk	5.277307	4.752312	3.9456873
difference	4.506676	4.190797	5.2043157
hang	4.051449	4.531926	4.2601414
following	6.829494	3.7275765	5.6712008
employ	4.85013	4.702128	5.453837
