deal	4.9003224	5.1452494	5.7677813
study	6.972878	4.7287846	6.752943
afford	7.0446463	5.020788	5.994924
service	6.4211373	4.441464	6.2801337
height	4.9828176	5.0011187	5.6136575
prospect	7.4423857	5.316866	6.333207
pleasant	6.9281206	3.6659088	4.9212284
shade	4.4945025	3.4538865	3.4255085
listen	5.421548	5.6084414	4.2951975
mighty	5.235153	5.6440353	6.734027
country	5.4548216	4.279022	5.426803
title	7.642437	4.844496	6.7136736
choose	5.4992275	4.8500667	5.342015
village	6.5567865	4.9448915	5.9515495
acquire	8.058602	6.304539	8.301224
rank	6.000387	5.7269907	6.0418315
bow	6.0567284	5.0077014	5.2679424
doctor	5.1201506	4.9409666	4.859797
talent	8.653318	5.741793	8.068008
source	6.31753	4.44468	5.745428
lead	4.5135264	5.9891644	5.037349
question	5.144952	5.059756	4.910666
publish	5.478035	5.0025816	5.6353707
interest	6.522707	5.368845	6.04242
serve	5.002431	3.4340167	4.623407
divine	7.3984118	4.351077	7.1366434
put	5.03668	4.3451953	3.9428072
shadow	4.460562	3.384768	4.1828737
practical	6.1007075	4.73315	6.378038
surface	4.7132955	3.3204432	4.1795964
account	5.3003354	4.959388	5.394922
loss	3.5533943	5.480324	4.090819
indian	4.9947524	5.323555	5.2114515
vine	6.6960163	4.0959973	5.530415
certain	5.2566795	5.5305057	5.842866
sin	3.1192274	5.0015683	4.079644
necessity	4.486836	5.71903	5.469151
lose	5.2278323	5.1956263	4.588074
private	3.620771	4.6536984	5.139223
gentleman	5.936944	4.744682	5.331825
daughter	5.891652	4.3790894	5.275641
drive	3.2477417	6.7259398	4.6320367
strange	3.8608055	5.2884727	3.916942
journey	6.6395845	3.789401	4.724832
uncle	7.2483	4.5490074	5.6671853
species	5.8036427	5.557215	5.726554
think	4.3173466	4.2561665	4.3104854
bed	4.2252145	2.4932854	2.5492122
wind	4.1875267	4.900656	4.08615
bless	8.563821	4.312625	6.568852
destroy	3.6033933	6.5104504	5.2903347
author	6.0737886	4.677996	5.5457454
sustain	5.5835166	5.716893	6.224296
black	3.4821906	4.603294	3.651579
event	6.2435713	5.3116736	6.7421684
liberty	6.8812046	6.1068807	6.97762
negro	3.1608996	5.1624317	3.8379555
little	4.156517	3.780816	3.422019
fortune	6.6852474	5.672564	6.255314
touch	6.2756786	4.4590387	4.3155665
kill	3.788129	6.895247	4.744279
feature	5.2154584	3.5546663	4.6926875
happiness	7.4991236	5.580733	5.813442
assume	4.1882534	4.8857636	4.7743225
notion	5.6315193	4.693908	5.0007625
purchase	6.5667777	4.412036	5.3974547
faithful	6.5202	3.8938372	5.7054634
soldier	4.0663533	6.2856736	6.0070643
father	6.418208	4.58509	5.9541755
narrow	2.1708698	4.2173815	3.6771817
great	4.8710337	5.5365934	6.5234632
tear	3.0996826	4.4200788	2.6083202
honorable	6.0292044	5.620447	6.571525
previous	4.5914974	4.40272	4.2334614
good	7.1423464	3.7260742	6.878215
domestic	4.5453796	3.0103047	3.5915315
glory	7.053365	5.0085435	6.9039373
lay	4.553279	4.2175894	4.140177
occasion	4.97667	5.1548367	4.8361917
guard	5.3973646	5.2335434	5.7760315
whole	4.9719543	4.279812	5.360425
mouth	4.7962637	4.0840197	4.1768656
receive	6.969816	4.8750525	5.856601
take	4.6917434	5.2788606	4.9999337
simple	6.328858	3.969811	5.543498
error	2.7225473	5.2112145	4.2996373
wisdom	6.8804045	4.546709	7.0951138
rock	4.7333765	5.0090923	5.328513
decide	5.423267	5.8632407	5.964358
exclaim	6.2256594	6.497544	6.091956
assure	6.8614464	5.3187475	6.2546587
sign	6.3356805	4.1162834	5.34153
preserve	6.4162636	4.073172	5.9311337
commerce	6.7113523	5.0612226	6.539579
plant	4.601993	4.1149335	4.500295
walk	5.4997015	4.55857	4.417703
difference	4.31491	4.6598377	4.6833143
hang	4.120833	4.4427557	4.3101482
following	7.453068	3.6399295	6.188918
employ	5.124925	5.053716	5.532794
