deal	6.1860538	4.990469	5.5831785
study	6.2768292	4.948153	6.4543576
afford	6.851223	4.593063	5.9918385
service	7.2636414	4.735285	6.711027
height	5.334797	4.8729324	5.988649
prospect	7.116712	5.292319	6.1610737
pleasant	7.5603743	4.4042244	4.971417
shade	4.798307	3.9109669	3.7452884
listen	5.1484876	4.9902043	4.7736073
mighty	6.730414	5.311799	7.4429846
country	6.7995796	3.894232	5.715341
title	7.305064	4.0803714	6.5000076
choose	5.6587105	4.2995467	5.0013433
village	5.924205	4.981795	5.0781603
acquire	7.925441	6.3747163	7.819401
rank	6.677721	4.6027956	6.03808
bow	6.227154	4.3029275	5.8111444
doctor	5.046129	3.7989655	5.1170626
talent	8.398777	6.202402	7.8674664
source	6.34968	4.39376	5.083779
lead	5.4587574	5.2421474	4.880508
question	5.8612957	3.9660618	5.602965
publish	5.878125	5.1099315	6.0107718
interest	5.9055414	4.24722	5.405344
serve	6.279602	4.0356297	5.329371
divine	8.075478	3.953544	7.4934244
put	5.540542	4.430784	4.2325253
shadow	4.1627207	3.9457493	4.0478325
practical	6.342552	4.555479	6.4639106
surface	4.626267	3.2573376	4.0760307
account	5.6745043	4.438779	5.493382
loss	3.6773357	5.1842027	3.4711902
indian	4.6202145	5.5488734	5.4289155
vine	6.258386	3.469197	5.381323
certain	5.1711226	5.2947006	5.683261
sin	3.6263695	5.2971587	4.5319915
necessity	4.046276	5.1315613	5.3889823
lose	4.3612685	6.0161223	4.6184874
private	4.8173313	4.6794024	4.778032
gentleman	7.2354345	4.0980806	5.730156
daughter	6.020421	3.9306657	5.2919364
drive	3.9322264	6.6672363	4.410418
strange	3.81975	5.3693814	3.7169406
journey	5.154743	4.383217	4.224023
uncle	6.687256	4.6100073	5.2749534
species	6.0329676	5.196801	5.357968
think	5.615998	4.257743	4.965958
bed	4.4948606	2.8983011	3.2769072
wind	5.032618	5.112113	4.584171
bless	8.838999	4.3366275	6.990554
destroy	3.6220472	6.2888985	4.971833
author	5.709341	4.4718933	5.394389
sustain	5.9380817	4.8838024	6.302775
black	3.6060395	4.1040926	3.4392247
event	5.862013	5.4744363	6.182094
liberty	6.9302454	6.072439	8.190044
negro	3.9378476	5.4223523	4.348121
little	5.0550623	3.5487206	3.6966374
fortune	7.3797274	5.113874	6.326701
touch	5.909481	4.4003763	4.639447
kill	3.8089569	6.5917296	4.3677344
feature	5.900285	3.777581	5.5962043
happiness	8.058489	5.059712	6.8073215
assume	4.894668	4.7734323	5.222479
notion	5.9262104	4.5244026	5.135045
purchase	6.7900734	4.5584817	5.5372186
faithful	6.663276	3.4321597	6.0029554
soldier	4.4661107	5.162554	5.0332656
father	5.9563603	4.7810903	5.3959684
narrow	3.5798726	4.248318	3.6886845
great	7.229883	5.4949512	6.473208
tear	3.943822	4.6343846	3.402546
honorable	6.7568007	5.651539	6.8452773
previous	4.6891737	4.9487534	4.4407544
good	7.4985843	4.157457	6.306376
domestic	4.8651695	3.5046134	4.139065
glory	8.762396	5.3896422	7.7732544
lay	4.2511616	4.229539	4.2428713
occasion	6.1243	4.869055	5.4065113
guard	3.735637	5.078256	5.2184453
whole	5.8367977	4.419549	5.9324203
mouth	4.991095	4.971597	4.6998415
receive	6.953027	4.456169	4.94213
take	5.281551	5.2322025	4.596079
simple	6.059375	4.0167966	5.4483743
error	2.4867265	5.4433956	3.7101774
wisdom	7.1667976	5.05093	7.2658606
rock	4.314718	4.9829407	5.145992
decide	5.7082024	5.494598	6.1881967
exclaim	5.4917917	5.5340147	5.0521564
assure	7.0675445	5.54804	6.072304
sign	4.92726	4.525561	4.6668277
preserve	6.205602	3.9797158	6.263639
commerce	6.5709076	4.8845177	6.6536
plant	4.8802595	3.6029913	4.4749875
walk	6.177602	4.457322	4.474492
difference	4.698316	4.915805	4.996449
hang	4.645235	4.2940063	3.7872462
following	5.8870544	3.4579587	5.168005
employ	4.459516	4.84122	4.704224
