deal	5.95924	4.848799	6.478815
study	6.445994	4.786246	6.306493
afford	6.0415983	4.5497556	5.496875
service	6.474538	4.907808	6.370848
height	4.842015	5.326163	5.864104
prospect	7.692966	4.442746	6.1419706
pleasant	7.8353605	4.3586607	5.348883
shade	4.518125	3.603022	3.7378604
listen	4.665424	5.709179	4.483772
mighty	6.354004	6.195751	7.2063227
country	5.704846	4.988146	5.578962
title	6.403581	3.371798	5.8393188
choose	5.3408146	4.33249	5.217005
village	6.7209864	5.085385	5.898349
acquire	7.362274	5.484812	7.8236575
rank	5.523728	4.533571	5.795032
bow	6.509184	4.8145065	5.6840677
doctor	4.5882645	4.5521135	5.059618
talent	8.104229	6.129526	7.8509088
source	5.878416	4.312276	5.9743185
lead	6.1309	5.8712225	6.323231
question	5.4328213	3.9321828	5.460882
publish	5.722349	4.139678	4.8212385
interest	5.8979726	5.7764244	6.1053
serve	5.002124	4.0608797	5.0316005
divine	7.433657	5.0680013	7.591342
put	4.9483256	4.1123734	4.3070145
shadow	4.499757	3.4932127	4.0584445
practical	6.1026754	4.3422794	6.0136356
surface	4.1436143	3.7228193	4.1062746
account	5.4008074	4.3344693	5.481371
loss	3.9758787	4.3872814	4.197775
indian	5.0147038	4.993632	5.119223
vine	6.515839	3.7169006	4.86009
certain	5.5738955	5.654888	5.997737
sin	3.21711	5.4560857	4.911269
necessity	4.367792	4.7012224	5.129959
lose	4.592377	5.0547476	5.0011296
private	4.595665	4.1543994	4.899289
gentleman	6.209305	5.016015	5.8314466
daughter	5.7849984	4.0189776	5.357272
drive	3.4363704	6.3294525	4.793218
strange	4.2858243	5.6621537	3.9172606
journey	6.248399	4.403771	4.7148814
uncle	7.5688686	3.6174743	6.113758
species	5.58948	6.6690083	4.7868547
think	5.2812815	4.887222	4.970507
bed	4.192756	2.999074	2.8500743
wind	4.8805923	4.8909674	4.587134
bless	8.377201	4.20887	6.2622533
destroy	2.5004005	6.3509116	4.7817383
author	5.707355	4.8526387	5.383608
sustain	5.9295707	4.9942436	6.1320353
black	2.5143764	4.65637	3.0796933
event	6.5665817	5.5571213	6.5521874
liberty	6.936229	5.881967	7.155263
negro	4.0434732	5.4248834	4.7182565
little	5.071066	3.4477673	3.7043314
fortune	7.2095156	4.6947265	6.5860724
touch	5.0786743	4.8697343	4.776314
kill	3.3141804	6.189823	4.549034
feature	5.114851	4.727656	5.3557577
happiness	8.257132	4.618249	6.274276
assume	3.659031	5.2392154	5.2779846
notion	6.0500407	4.8735414	5.920522
purchase	6.4547014	4.8092246	5.797871
faithful	6.639654	3.8713207	6.0392084
soldier	4.9230857	5.934692	6.151497
father	5.987648	4.648452	5.86482
narrow	3.5821655	4.5266924	4.1396527
great	6.549283	5.200978	6.6914024
tear	2.5671031	5.3690987	3.4255157
honorable	6.9791074	5.0153003	6.5112486
previous	4.586037	4.4929304	4.7424784
good	7.2426906	3.691392	6.157042
domestic	5.136621	3.3638558	3.493089
glory	8.320142	4.724077	7.3963814
lay	4.55864	4.3575997	4.163471
occasion	5.9068613	5.60799	5.7182894
guard	4.7524424	5.585525	6.486375
whole	5.020803	4.471738	5.281843
mouth	4.728386	5.4525914	5.0003395
receive	6.909275	5.3442674	6.3319407
take	4.7484255	4.7582912	5.368048
simple	6.348457	4.061387	5.7198534
error	2.9233298	5.0914397	4.4189467
wisdom	7.6250553	4.576567	7.3576393
rock	4.798467	5.291455	5.4073763
decide	6.0412903	4.717304	6.423042
exclaim	5.7969303	6.5059175	5.8633647
assure	7.336917	5.4324694	6.161804
sign	5.3644905	3.8386645	4.6898694
preserve	5.5552645	4.083392	5.492835
commerce	6.834536	5.3355856	6.6043158
plant	4.4637957	4.8270755	4.5499754
walk	5.7093987	4.553785	4.4048405
difference	5.7152586	3.3162832	4.9874053
hang	4.9158835	3.759266	3.9924254
following	6.9823813	3.0403745	5.231966
employ	4.606834	5.26674	5.55041
