deal	5.7419443	5.8756156	6.4670978
study	6.5019484	4.726167	6.507684
afford	6.1784687	4.4213653	5.733795
service	6.5833654	5.1675005	6.9125924
height	5.65866	4.7146	5.667433
prospect	7.8293934	5.3207493	6.840809
pleasant	7.180378	3.9617	4.674296
shade	4.5379386	3.6634252	3.5481696
listen	5.6782503	5.344938	4.8714333
mighty	6.4168863	5.549547	7.22962
country	5.3595204	4.337579	5.799937
title	7.8985376	4.400836	6.657666
choose	5.2618175	4.126741	4.47148
village	6.451165	4.3046093	5.3582253
acquire	7.724434	5.0543814	7.592239
rank	6.6792545	5.6544356	6.4913783
bow	5.681881	4.4806895	4.8197703
doctor	6.0279384	4.4965196	5.8187265
talent	8.4289875	5.3035917	7.8412104
source	6.5935855	4.9517913	6.0796514
lead	4.766386	5.4559956	5.270679
question	6.152053	4.9696126	6.133885
publish	6.0087857	4.5068264	5.892378
interest	5.5361094	5.9184947	6.117173
serve	4.7671194	4.061454	4.7678003
divine	7.169661	4.875502	7.1372337
put	4.3820896	4.6887403	4.4696717
shadow	4.1214333	3.6521616	3.3662803
practical	6.3954563	4.4855456	6.698086
surface	4.7781916	2.9125865	3.7885723
account	5.8216906	5.305559	5.767373
loss	4.1506085	5.371571	3.78268
indian	4.4995294	5.8019753	5.1735706
vine	6.263652	3.6072552	5.170603
certain	4.885454	5.2036757	5.4014554
sin	2.7568023	5.4651523	4.489782
necessity	4.2986307	5.132206	5.4256535
lose	4.07677	4.9700003	4.2918415
private	4.0792565	4.4019938	4.6390514
gentleman	6.6600323	4.307644	5.3476214
daughter	6.068056	4.6235876	5.486884
drive	2.9881654	6.6162043	4.2811255
strange	4.17608	5.7682714	4.068526
journey	5.6878595	4.235989	4.613272
uncle	5.6668916	4.4453664	6.0026064
species	4.6900463	5.3784094	4.673947
think	5.9089828	5.3070197	5.434446
bed	5.927985	2.9199584	3.826639
wind	4.5170436	4.913057	4.201039
bless	8.711691	3.7073977	6.5741043
destroy	2.2462344	6.526267	4.672304
author	5.9887047	5.102592	5.5559826
sustain	4.862602	5.292466	5.644809
black	4.0923467	4.947568	3.6106577
event	5.3775406	6.1224403	6.844009
liberty	6.459264	5.831529	6.556033
negro	3.7632892	6.2016892	4.537494
little	4.3804536	3.6332712	3.7390757
fortune	7.1012096	4.7325616	6.017726
touch	5.305465	4.483283	4.306821
kill	3.6110249	6.930508	4.991644
feature	5.550868	4.139215	5.398838
happiness	7.9649763	4.80954	6.472343
assume	5.036242	5.1933756	4.8325276
notion	5.9382744	4.8507085	5.234513
purchase	6.9482093	4.807352	6.1617775
faithful	6.187585	3.8499966	5.819767
soldier	5.256695	5.916621	6.264553
father	5.5542784	4.717967	6.2277966
narrow	3.4966114	3.623993	4.211506
great	5.9166336	6.1923423	7.1056128
tear	3.288896	5.1732783	3.4669476
honorable	6.321094	5.692323	6.6466603
previous	4.515679	4.6204386	4.6282663
good	7.7172394	4.5241427	6.838963
domestic	3.8024855	3.9758315	3.7725239
glory	7.7205486	5.0669	6.818404
lay	4.8324323	4.4486446	4.3858857
occasion	5.079922	5.7857614	5.5817175
guard	5.2920585	4.7702346	6.035877
whole	5.1331677	5.1540227	5.8148184
mouth	5.765025	4.104925	4.980958
receive	6.6616526	4.5486765	5.7526917
take	4.7555313	5.157212	5.216529
simple	6.569999	4.18377	5.295067
error	2.562324	4.8162136	3.6508098
wisdom	7.0730867	4.2197723	7.086081
rock	4.905384	4.74089	5.1068
decide	5.1812606	5.0815306	6.1674976
exclaim	6.149621	6.2950773	5.9701114
assure	7.0173955	5.022552	5.8485107
sign	5.787957	3.291294	4.6760783
preserve	5.4172688	3.8988824	5.472514
commerce	6.167569	5.452844	6.9435444
plant	4.917436	4.681211	4.5070047
walk	5.695084	4.258726	4.181249
difference	4.829688	5.0382957	4.70846
hang	4.3195543	3.9005127	3.7889917
following	6.929031	3.7609115	5.4547644
employ	5.028959	4.6115484	5.343857
