deal	5.740695	5.19014	6.034603
study	6.7839785	5.068294	6.7888403
afford	6.7113576	5.0878916	5.8941026
service	6.647971	4.89676	6.498318
height	4.9502068	5.061451	5.614276
prospect	7.41583	5.3192754	6.3945045
pleasant	7.786581	4.135971	4.9684267
shade	4.971446	3.633682	3.2327707
listen	5.312191	5.7461658	4.647701
mighty	5.2977266	5.4865346	6.6431103
country	5.2471423	4.7740083	5.2827535
title	7.0905666	4.687907	6.9905663
choose	5.36938	4.237034	4.697538
village	6.3385334	4.5963526	5.648641
acquire	7.905608	6.2641497	8.1898365
rank	5.8213925	5.3314977	5.7533045
bow	6.080985	4.3489203	4.780234
doctor	5.005826	4.157146	5.231813
talent	8.265775	6.124179	7.887704
source	6.7415595	5.297264	6.601563
lead	5.2636757	5.365279	5.3460546
question	5.2931676	4.7871666	5.764112
publish	5.0874376	4.979178	4.805834
interest	5.6008124	5.047034	5.297343
serve	6.143854	4.3452387	5.47963
divine	7.57226	4.2335663	7.173438
put	4.4396152	4.939266	4.538321
shadow	4.7466083	3.7169318	4.190527
practical	5.708832	4.6599894	6.2370625
surface	5.1119637	3.347578	4.1925097
account	5.241515	4.6105413	5.459261
loss	3.4553442	5.1876574	4.1045513
indian	4.6762667	4.864854	5.220037
vine	7.6751537	4.436315	5.971349
certain	5.7566905	5.0709643	5.6464643
sin	3.0801408	5.025716	4.289688
necessity	4.015766	5.2211795	5.213731
lose	4.51522	5.4739714	5.066207
private	4.5890145	4.8887835	4.90639
gentleman	7.010973	4.6035085	5.742342
daughter	5.582891	4.754988	5.363672
drive	3.337621	6.219301	4.047609
strange	3.5589988	5.2310224	3.3684268
journey	5.9869213	4.536174	4.9394875
uncle	6.499349	4.7865705	6.7377567
species	5.455951	4.837094	4.5951786
think	5.1739373	4.5419416	5.043912
bed	4.921728	2.621728	3.511585
wind	4.840661	4.721496	4.6488028
bless	8.485289	4.461162	6.7939997
destroy	3.838262	6.3902273	5.1485353
author	5.2605486	4.682582	5.223418
sustain	4.87882	5.5357428	6.1568847
black	3.8205433	3.8714232	3.2974029
event	6.2219715	4.9208956	6.1444592
liberty	6.758018	6.1152954	6.5429134
negro	4.372872	4.3515854	4.263562
little	4.780587	3.9285314	3.8765025
fortune	6.9060016	5.523248	6.3552427
touch	5.38275	4.070175	4.224743
kill	3.9636679	6.2074046	5.0592875
feature	5.829465	3.5924091	4.921254
happiness	8.437334	5.3313055	6.4916534
assume	4.5431566	5.1582317	5.2407684
notion	5.3331275	4.332737	5.240878
purchase	6.1394567	4.6564155	5.6190715
faithful	6.3587217	3.9254808	5.8541894
soldier	4.330628	6.6993833	6.4041586
father	5.5906734	4.7467318	6.056157
narrow	2.5498965	4.5046196	3.4193816
great	6.3609405	4.7690115	6.161271
tear	3.1188524	4.802902	2.9212346
honorable	6.093928	5.671693	6.1759825
previous	4.2106953	4.6340065	4.7129474
good	7.3384743	3.9239037	5.9250484
domestic	5.4020414	3.3315094	4.048848
glory	7.3795376	5.3654747	7.126793
lay	4.451909	4.3021507	4.3287973
occasion	5.6128216	5.3269434	6.0258145
guard	4.373327	5.281543	6.1241684
whole	5.927646	4.6686535	6.1428814
mouth	5.4845285	4.9071817	5.038471
receive	6.7786136	4.879038	5.534253
take	4.182692	4.6159415	4.309995
simple	5.629951	4.0849595	5.572547
error	1.8995833	5.1784954	4.018121
wisdom	6.8331556	4.717506	7.2729034
rock	4.867393	4.50016	5.221094
decide	5.3877687	5.576599	6.026308
exclaim	6.093425	6.139498	5.705472
assure	7.8710785	5.2999225	6.602049
sign	5.407297	3.1902528	4.4934344
preserve	6.376213	3.5685873	5.3656697
commerce	7.1187263	5.4851837	7.2921634
plant	5.6314154	4.252221	4.542452
walk	5.5406833	4.500276	4.4412766
difference	5.485854	3.5072837	4.9163017
hang	4.392706	4.1886573	4.0557337
following	6.3850718	3.7798648	5.4696097
employ	5.2917747	5.1847353	5.9930315
