deal	6.34595	5.7258987	7.4324183
study	6.9949713	3.7431378	6.582877
afford	7.1444592	5.737945	6.757851
service	6.4339848	4.7315197	6.7661943
height	5.1978006	5.235473	5.694148
prospect	7.495639	5.5153666	6.4358077
pleasant	7.4987307	4.504319	4.696353
shade	4.6797547	4.3743987	3.8410573
listen	5.2709665	6.017957	4.9406314
mighty	6.440094	5.9805336	7.457103
country	4.8922114	4.5634704	5.509335
title	6.735006	3.7337737	6.4828596
choose	5.398718	4.2799263	4.7583957
village	5.9728813	5.1459165	5.3975625
acquire	7.5832205	5.1123557	7.9747734
rank	5.8410034	5.290714	6.323069
bow	6.1811934	4.3297915	4.9357476
doctor	5.1094728	4.4431267	5.216145
talent	8.227093	5.581634	8.076922
source	6.3223505	5.493299	6.324581
lead	5.4469504	6.1089787	5.5048966
question	4.498475	4.558348	5.2921147
publish	6.1056933	4.2288475	5.246219
interest	6.8844724	5.192209	6.8166933
serve	5.4526772	4.4717555	4.845806
divine	7.314701	4.523941	6.692476
put	4.994105	4.5379243	4.3239727
shadow	4.6293864	3.3835871	4.1226287
practical	6.334589	4.129777	6.320062
surface	4.985079	3.689003	4.939481
account	5.7789044	4.814682	5.5256004
loss	4.147906	5.7549024	4.666884
indian	4.728897	5.134157	5.516702
vine	5.783321	4.061187	5.789046
certain	5.080453	5.4966664	5.4192076
sin	3.6729674	5.128076	4.2429695
necessity	4.700409	5.270241	6.0334005
lose	4.4237413	5.20005	4.243112
private	4.002246	4.979365	4.6576934
gentleman	6.70967	4.3421125	5.557104
daughter	5.5057635	4.507381	5.7060347
drive	3.7189727	7.070068	5.0399885
strange	3.7674208	5.630699	3.2423582
journey	6.253932	4.5917535	4.687156
uncle	6.480631	4.3575897	4.3709016
species	5.284226	5.4548416	5.123253
think	5.8319197	4.5255218	4.3796606
bed	4.506441	2.988368	3.4025848
wind	5.109004	5.300367	4.7123504
bless	8.039129	4.4330277	5.9437656
destroy	3.326051	6.6558332	4.9943104
author	5.953218	4.5311356	5.3040695
sustain	5.568099	5.3880515	6.167821
black	2.7124581	5.205167	4.414775
event	6.577013	6.178995	6.4870605
liberty	7.2859592	6.2135787	6.946304
negro	3.6825025	4.800549	3.6283796
little	4.6013107	5.085769	3.8794518
fortune	7.0676374	5.475777	6.6116548
touch	6.1453447	4.6318836	4.8395147
kill	3.580519	6.5156817	5.080724
feature	5.2317247	3.5824933	4.6973495
happiness	8.117018	4.726222	6.6111584
assume	4.1324186	4.68494	5.305398
notion	6.043848	3.986494	5.2179465
purchase	6.8502645	3.9767928	5.14476
faithful	6.357417	4.2555423	6.3503346
soldier	3.5816782	6.336042	5.5441666
father	5.0360346	4.5266833	5.6202416
narrow	2.8215191	4.9729986	3.7424834
great	6.1933208	6.5601087	7.2460127
tear	2.6949992	4.9602494	3.0114655
honorable	6.2155147	5.4951878	6.3876376
previous	4.4907646	4.0880814	4.3258266
good	7.3286595	4.567866	5.9100494
domestic	4.8617315	3.6182551	3.5305886
glory	7.777595	5.7870927	7.2505107
lay	4.990491	4.3240833	4.496432
occasion	5.748605	5.6472535	5.379702
guard	4.9914765	4.974416	5.967139
whole	5.0924263	4.622261	5.732796
mouth	4.677888	4.4220223	4.1572638
receive	6.0979214	5.285219	5.6696124
take	5.10201	5.468541	4.854191
simple	5.6442714	4.0731316	5.3273168
error	2.6318107	5.79034	4.2532535
wisdom	7.22134	4.887663	7.636597
rock	5.3183694	4.6662273	5.2971163
decide	4.960513	5.812376	6.060016
exclaim	6.0221105	5.547262	5.5154076
assure	7.503106	5.2915506	6.5897083
sign	4.8350954	3.4659863	4.458473
preserve	5.806399	4.5098763	5.6172976
commerce	6.7900324	5.290157	6.8313894
plant	3.7136889	4.511828	4.6765046
walk	6.0878143	4.2596855	4.1944876
difference	5.432499	4.7434106	5.579359
hang	3.9727893	4.5060573	3.9449139
following	6.49739	3.3267057	5.4686785
employ	4.4173226	4.949163	4.3226233
