deal	6.1329	5.4641576	5.8653913
study	6.4146276	4.0265217	6.146553
afford	6.2392015	4.8434534	5.718388
service	6.0217676	4.261285	6.106743
height	5.3593574	4.6303196	5.4469748
prospect	7.1657953	4.889822	6.3447757
pleasant	7.726548	4.333636	5.4093623
shade	4.6492786	3.3676643	3.6616166
listen	5.352698	5.317237	4.6159663
mighty	6.4173117	5.223144	7.122094
country	5.8139176	4.6740074	5.8744593
title	7.095667	3.9930995	5.6379104
choose	4.8948455	4.407159	5.0051875
village	6.5230575	4.8725057	5.4049406
acquire	7.4744363	5.7351975	7.6297383
rank	6.4386063	5.033734	6.10499
bow	6.6329703	4.078108	5.1793942
doctor	4.1811614	5.1044946	4.441804
talent	8.616837	5.6463304	7.7026796
source	6.4817715	5.214382	6.1135
lead	4.841785	4.809619	5.420776
question	5.766372	4.2416677	5.1008515
publish	6.255918	4.374624	4.9363375
interest	6.1558886	4.619948	5.670295
serve	5.544784	4.0491414	5.2711234
divine	7.3250475	4.4953594	7.1509542
put	5.3439536	4.5573454	4.9265056
shadow	4.1701035	3.366722	4.048859
practical	6.625535	4.233887	6.3422413
surface	4.232372	3.649133	4.041034
account	4.6621747	5.3757825	5.6275578
loss	2.8363268	5.5009856	3.6434813
indian	4.8735514	5.1553044	4.9016423
vine	6.7585764	3.2508411	5.069193
certain	5.068304	5.8731494	5.9560003
sin	3.093316	4.6430902	4.502387
necessity	3.4324644	5.009823	5.297943
lose	4.782667	5.4563975	4.2523007
private	4.111903	4.288992	4.4667015
gentleman	7.0429993	4.7089357	5.832062
daughter	6.3443213	4.1044607	5.584578
drive	3.247383	5.9140534	4.841652
strange	4.4412365	5.80435	4.078468
journey	5.2955217	4.302283	4.909596
uncle	7.756749	4.70572	5.7908626
species	5.56729	5.696757	5.077564
think	5.6822624	5.2552776	4.89007
bed	4.7640247	2.5447276	3.328437
wind	5.0488687	5.0741863	4.661925
bless	8.460199	4.115245	6.473794
destroy	3.9136806	6.836543	5.1443696
author	5.677273	4.695824	4.772422
sustain	4.416781	5.3885508	5.423913
black	3.258486	4.9431653	4.296837
event	6.292636	5.94191	6.5495944
liberty	6.869357	6.455017	7.0939903
negro	3.9651182	5.270642	4.728222
little	4.952278	3.9264283	3.777135
fortune	6.1290526	5.4079514	6.2095423
touch	5.6450276	4.8830204	4.9274497
kill	4.243918	6.2400784	4.724054
feature	5.5353107	3.7646656	5.4530106
happiness	8.031453	4.9742293	6.2516956
assume	4.5520363	4.633371	5.3584347
notion	5.8598766	4.3891525	4.9378767
purchase	6.5464125	4.3979897	5.8446617
faithful	6.506981	3.899726	5.9372573
soldier	5.0817556	6.093049	5.843286
father	6.645982	4.0773687	5.7348633
narrow	3.354882	4.3093424	3.9576516
great	5.425926	5.244327	6.266861
tear	2.9766302	4.677593	3.2481036
honorable	6.4514704	4.5015497	6.3085403
previous	3.8155527	4.392412	4.5232515
good	7.0077066	4.661518	6.121458
domestic	5.2706227	3.8279428	4.4654064
glory	7.389447	4.9905505	6.8912334
lay	5.2438807	4.5365086	4.4561577
occasion	4.9177423	5.485582	5.279176
guard	4.2236404	5.50996	5.1764374
whole	5.7493906	4.498315	6.2142677
mouth	4.737809	5.103153	4.5467267
receive	7.341457	4.8813167	5.6742167
take	4.830877	4.7574716	4.9846897
simple	6.378438	3.8131883	5.1978374
error	2.2489438	5.2231464	3.9902816
wisdom	7.2918644	4.6149693	7.290554
rock	4.999257	4.7661204	4.5659246
decide	5.443416	5.3692007	6.2087884
exclaim	6.206069	6.317622	5.5746555
assure	7.621791	5.02972	6.2267466
sign	5.023867	4.479717	4.689251
preserve	5.8898764	4.808752	5.524592
commerce	7.3179817	5.225836	7.274645
plant	5.459942	3.833387	4.6555214
walk	6.30643	3.5601215	4.748905
difference	4.2127757	4.402114	4.8098598
hang	4.3444734	4.1471815	3.411017
following	7.115305	3.3721938	5.830478
employ	4.571715	4.86475	5.0593457
