deal	4.9647107	6.2689676	6.4225864
study	6.2991476	4.5083666	6.418334
afford	7.6123676	4.7805486	6.3080673
service	7.3468823	4.4109	6.910894
height	5.588375	4.506833	5.1301613
prospect	6.86758	5.022807	5.99924
pleasant	7.257846	4.2973757	4.953167
shade	4.1642427	3.7795622	3.5874228
listen	5.0482874	5.4876075	4.0651994
mighty	5.955555	6.2693777	7.2260847
country	4.814411	3.7079637	4.8958073
title	7.656708	4.936376	6.9487877
choose	5.2380724	4.568116	4.6490827
village	6.61743	5.117546	5.953518
acquire	7.480118	5.9930243	7.8532057
rank	5.512671	5.3208346	5.8852777
bow	5.690248	4.6367483	5.168556
doctor	5.453388	4.4083996	5.0779567
talent	8.4977865	5.973974	8.072751
source	5.998367	4.3078403	5.534158
lead	4.8989477	5.664752	5.2629
question	4.678466	4.627456	5.002481
publish	6.1473827	5.257433	5.8540616
interest	5.825796	4.955513	5.3155723
serve	5.413739	4.0131044	5.008433
divine	7.2030334	4.079854	7.1291475
put	4.716696	4.378944	3.9337568
shadow	4.291602	3.7309766	4.0040336
practical	7.0176654	4.903729	6.8710437
surface	4.9705195	3.2732391	4.318864
account	5.155782	4.8127985	5.2341413
loss	3.6365361	5.4547496	4.324553
indian	4.7170887	5.319832	5.3452125
vine	6.4366546	3.4051852	5.1764326
certain	5.508273	5.2313166	5.989459
sin	3.1607919	4.3723307	4.4352636
necessity	4.0921526	5.1204815	5.455106
lose	4.171928	5.2696886	4.996959
private	3.8790722	4.197377	4.473808
gentleman	6.50824	4.4190526	5.9231358
daughter	5.009042	4.869889	4.6603456
drive	3.2593002	6.990879	4.9120564
strange	4.1878185	5.7503037	4.166649
journey	5.7721276	4.199712	4.636929
uncle	7.1027603	3.0843182	5.548334
species	5.7819304	4.755416	4.4895935
think	6.100849	4.816058	5.2786055
bed	4.8675275	2.8907118	2.861788
wind	4.184511	5.5566087	4.455548
bless	8.333651	4.508955	6.580925
destroy	3.645053	6.411255	5.1065736
author	5.960405	4.571271	5.6694903
sustain	5.3082786	5.2484064	5.946529
black	3.889412	4.4637966	3.7602532
event	5.598165	5.8969517	6.2760777
liberty	7.051626	5.891215	6.761067
negro	4.331647	4.9820185	4.668962
little	4.7967978	4.2352405	3.7879343
fortune	5.9277368	5.093902	5.9993715
touch	5.9628115	4.246106	4.409439
kill	4.133611	6.545862	5.064342
feature	5.3537564	3.7980657	4.794455
happiness	7.7101417	4.8615475	5.9778585
assume	4.088469	5.4326596	4.758589
notion	6.1623025	4.768834	5.711484
purchase	7.106449	4.5217767	5.5350904
faithful	6.5849066	4.0504913	5.8970404
soldier	4.1542187	6.3595476	5.853512
father	6.2178063	4.7330093	5.844779
narrow	2.6811278	4.386487	4.0669403
great	5.6712747	5.4751225	6.6504307
tear	3.4397068	4.381114	3.059866
honorable	6.312453	5.5998487	6.488446
previous	4.554595	4.7121744	4.536517
good	7.3620076	4.389695	6.7264996
domestic	4.8731694	3.471264	3.989059
glory	7.059624	5.3431587	6.8454843
lay	4.2283087	3.953566	3.583904
occasion	5.6013675	5.396518	5.622666
guard	5.2608166	5.4341717	5.8838754
whole	5.0077085	4.6341186	5.7303147
mouth	5.640098	4.190377	4.691526
receive	7.382389	4.340738	5.651098
take	4.4923067	4.760863	4.084172
simple	6.767968	4.358055	5.9301014
error	2.0002377	4.98913	3.7106657
wisdom	7.579906	4.8995557	7.510701
rock	5.0934	4.754756	5.0252023
decide	4.215231	5.669842	5.4459076
exclaim	6.270628	5.9991126	5.483694
assure	7.306581	5.294758	6.3903866
sign	5.850705	3.6869802	5.1867747
preserve	5.978299	3.7319863	5.174979
commerce	6.389086	5.2916164	6.705103
plant	5.1589694	3.9440894	4.425276
walk	5.0657754	4.905953	4.1884127
difference	4.6215067	4.521783	4.63423
hang	4.4002414	4.7002773	4.161734
following	7.012738	3.7642908	5.6870856
employ	5.0388694	4.164611	5.325348
