deal	5.7732134	5.6105943	6.429997
study	6.9702473	4.207386	6.850693
afford	6.4968214	4.42251	5.62764
service	7.2786236	4.582167	6.384342
height	4.9034553	4.9026504	4.7554746
prospect	7.747406	5.2062	6.154616
pleasant	7.8963566	4.1334324	5.379841
shade	4.4674134	4.7384067	4.1767254
listen	5.179365	4.892091	4.6007833
mighty	6.0026894	5.308268	6.790766
country	5.9570336	4.6434097	5.7652664
title	6.5291843	4.9835343	6.6141686
choose	5.3054857	3.9759388	4.615806
village	6.6914372	4.728508	5.770011
acquire	7.728737	5.2656846	8.266903
rank	6.0871577	5.54028	6.2608337
bow	5.793754	4.348391	5.115983
doctor	5.6564746	3.8432927	4.8672094
talent	7.7212	6.0014234	7.656584
source	5.9352555	5.219813	5.7538657
lead	5.501363	5.702808	5.2827773
question	5.3181753	4.4095955	5.282549
publish	5.4359264	5.2415347	5.5452056
interest	5.7039156	5.0066166	5.4921246
serve	4.4431863	4.4304338	4.396251
divine	7.380498	4.395302	6.8259706
put	4.50431	5.2911153	3.4372463
shadow	4.3495593	4.1359797	4.065284
practical	6.6507287	4.488516	6.812226
surface	4.4786425	3.1434698	4.054036
account	4.9133596	4.732909	4.848147
loss	3.667342	4.5252314	3.4878879
indian	4.1782923	4.8944654	4.770558
vine	6.919921	3.8665156	5.8886824
certain	5.2514687	5.3855386	5.8489165
sin	3.2190704	5.447401	4.3475156
necessity	4.3044915	4.6723104	5.169594
lose	4.5903244	5.116298	4.7354836
private	4.373397	4.863795	5.0425153
gentleman	7.0956116	5.1485753	6.5137453
daughter	5.691554	4.293316	5.2672024
drive	3.218956	6.6118984	4.322014
strange	4.558024	5.4478555	4.4249463
journey	5.266201	4.454665	4.775711
uncle	6.0557556	3.9878225	4.7328625
species	5.2034864	5.8220196	5.2287717
think	6.1648664	4.6141815	4.8127065
bed	5.3912516	3.0682712	2.8786879
wind	4.3942914	3.9918573	3.9708953
bless	8.716644	4.368516	6.621745
destroy	3.2777045	6.744116	4.978229
author	5.822323	5.414524	5.743279
sustain	5.38542	4.940211	5.5531573
black	4.865267	4.351181	5.299779
event	6.287182	5.5512924	6.668012
liberty	7.4128666	5.240998	6.7274323
negro	5.053529	5.5044694	4.9767966
little	5.115778	3.6022158	2.9209945
fortune	6.6379824	5.3601146	6.69376
touch	5.3771334	4.3011785	4.431864
kill	4.2841477	6.359028	4.893388
feature	5.1755905	4.3461857	5.103023
happiness	8.123557	5.059215	6.039709
assume	4.162787	5.5924664	5.532364
notion	5.722681	4.438125	4.8939505
purchase	6.873043	4.8521442	5.8629556
faithful	6.9051075	4.0632553	6.156385
soldier	4.742489	5.2971306	6.067685
father	5.8348083	5.0791802	5.638176
narrow	3.7739868	4.22812	4.024718
great	6.4679546	5.2061167	6.635869
tear	3.5885015	4.6627793	2.5880218
honorable	6.2157345	5.0676513	6.2933407
previous	4.6352916	4.3880434	4.9592986
good	7.4961267	4.4838524	7.29905
domestic	4.7776823	3.5175624	3.9241712
glory	7.2018127	5.433207	6.8574514
lay	4.3123593	4.147319	3.6379225
occasion	5.294027	5.302906	4.9794817
guard	5.0322785	5.0394545	5.5387774
whole	5.504249	4.3598766	5.6358294
mouth	4.568964	5.14931	4.599058
receive	6.726512	4.7873373	5.5892515
take	4.977535	5.518533	4.750006
simple	6.4320784	3.7404273	5.4834414
error	2.4332228	5.360228	3.6403775
wisdom	6.7978587	4.5905886	7.476872
rock	4.6707416	4.8445034	4.66103
decide	5.7029	5.293394	6.5758886
exclaim	5.6352477	6.2296753	5.8541007
assure	7.311678	5.1112757	6.3512154
sign	4.8177605	3.9966393	4.9730635
preserve	6.1393538	4.1655645	5.670825
commerce	6.1201572	5.1404085	6.7442293
plant	5.4633656	4.1975904	4.794095
walk	5.1286125	4.603488	3.98238
difference	5.4433146	4.292806	5.264694
hang	4.2991004	4.603426	3.6712987
following	6.5196543	3.2257984	5.7904825
employ	4.6697683	4.31355	5.49146
