deal	5.0899634	5.1514997	5.9292383
study	6.227886	4.4981837	6.406124
afford	6.2097106	4.619614	5.7106957
service	6.953065	4.4033403	6.26662
height	4.912766	5.5557137	5.7378893
prospect	7.7802515	5.218772	6.402752
pleasant	7.3265944	3.8183033	4.65418
shade	4.6277523	3.6856656	3.8417137
listen	5.1571803	5.441472	4.7564516
mighty	5.897522	5.8325553	6.774045
country	4.357159	4.7534394	5.384706
title	7.283283	4.099656	6.355419
choose	6.065013	4.276665	4.853081
village	5.8693643	4.360753	5.5476055
acquire	7.293006	5.7797422	8.140181
rank	6.237027	5.9965134	6.5603156
bow	6.483597	5.065257	5.2446275
doctor	5.266263	4.6427636	5.065639
talent	8.379803	6.241072	7.8961067
source	6.1187887	4.8825502	6.529949
lead	4.453329	5.1413755	4.9196625
question	5.1692185	4.9411817	5.972157
publish	5.7144885	4.7769737	4.9016056
interest	6.7371473	4.7563667	5.6908855
serve	4.6705446	3.8246694	4.0357294
divine	7.8852816	4.358752	6.665571
put	5.1701536	4.791088	4.334771
shadow	4.7100286	3.8416653	3.957485
practical	6.3033705	4.671228	6.5143094
surface	4.677021	3.4963953	4.1891522
account	4.83328	4.6182923	5.2848682
loss	4.017352	5.5578985	4.6894984
indian	4.4192033	5.1818585	5.2982755
vine	6.642444	3.8718204	5.6081977
certain	5.2500486	5.5281024	5.4453244
sin	3.3360662	5.0718756	3.7747936
necessity	4.342472	5.063155	5.2727437
lose	3.3573132	5.5355177	4.154956
private	4.4913564	4.8210163	5.7885256
gentleman	6.4236917	4.494072	5.3409834
daughter	4.7742333	4.259886	4.9911413
drive	3.3014367	6.8743644	4.396293
strange	4.992108	5.452577	4.0644274
journey	6.0796585	4.3471084	4.3868527
uncle	6.0176954	4.416688	6.6741486
species	5.5000625	5.419878	5.420138
think	6.10829	5.470613	5.00961
bed	4.439169	2.887898	3.0142534
wind	4.3091516	5.377575	4.6416016
bless	8.16124	4.0885787	5.7015176
destroy	3.0350585	6.4407225	4.9559627
author	5.8297687	4.9833455	4.9940805
sustain	5.6338263	4.7803955	5.9959974
black	2.4888	4.713174	3.3074164
event	6.899841	5.1027946	6.6694183
liberty	6.668566	5.75407	7.058667
negro	3.1975493	4.4349456	2.6921482
little	4.182353	4.55271	3.5531373
fortune	7.0356236	5.201518	6.8717656
touch	5.721811	4.4318795	4.546239
kill	4.2073035	6.8664103	5.5803714
feature	5.791833	3.9938917	5.6307387
happiness	8.160221	4.759716	6.152893
assume	4.4737964	4.6585193	5.182905
notion	5.492613	4.8723617	4.661558
purchase	6.692148	4.002535	5.6005473
faithful	6.8028584	3.505595	5.8294725
soldier	4.781991	6.1536884	6.6935225
father	5.079697	5.0195913	5.374192
narrow	3.0757887	4.650526	3.914495
great	5.8708663	6.103433	6.122016
tear	2.7555368	5.146323	2.5892167
honorable	6.6498575	5.4407187	6.7788935
previous	4.712319	4.069468	4.4724846
good	7.15666	4.971777	6.6277637
domestic	4.4474363	3.4899282	3.9594386
glory	7.9443626	5.029895	7.1960382
lay	3.899907	4.562358	4.1323404
occasion	5.303941	5.2910414	5.228795
guard	4.7080464	5.0260916	5.5364995
whole	5.6378207	4.865843	5.512314
mouth	4.3814383	4.8722973	4.895942
receive	6.1887827	5.201388	5.822353
take	4.687012	5.0027566	4.9315166
simple	6.242795	3.85424	5.614449
error	2.413963	5.6166773	4.0800095
wisdom	7.3214693	5.0675793	7.6352816
rock	4.1381526	4.4653125	4.579526
decide	5.4180584	4.6812468	6.325597
exclaim	5.7060704	5.993729	4.792925
assure	6.829438	5.7095833	6.1394124
sign	5.415276	4.261633	5.5094814
preserve	5.474805	4.319997	5.505082
commerce	6.1970286	5.2443123	6.980194
plant	5.125162	4.1891747	4.900703
walk	6.1034255	4.2713327	4.1307354
difference	3.9327176	4.3934774	4.760347
hang	4.308471	5.1759796	4.2849655
following	6.628742	3.9230757	5.7467766
employ	4.0918994	4.583933	5.1481814
