deal	5.1231675	5.9083195	5.906141
study	7.453758	3.691908	6.8044753
afford	6.8059196	5.1400833	5.9046717
service	6.892537	4.8462124	7.063141
height	5.1450853	4.8337264	5.2621093
prospect	7.0665207	6.166525	6.538458
pleasant	6.8914194	4.007947	4.8108926
shade	4.5635896	4.2151737	3.902071
listen	4.8772135	5.73338	4.518984
mighty	5.189473	5.4285536	6.3725586
country	5.767521	4.9700675	5.9186416
title	6.970707	3.6972194	6.5278563
choose	5.931159	4.467237	5.3526974
village	6.59154	5.091008	5.4105844
acquire	8.033477	4.68135	7.7678475
rank	6.517401	5.485826	6.832491
bow	5.9678617	3.6019006	5.4664583
doctor	5.347684	3.7609546	4.751354
talent	8.206273	5.971544	7.5683293
source	7.369071	4.68519	6.359077
lead	4.837598	5.4146214	5.1881695
question	5.416197	4.147744	4.986062
publish	6.595249	5.368553	5.997799
interest	5.3632064	5.67328	5.116713
serve	5.54502	3.9164798	4.616739
divine	7.939053	4.45988	7.7062063
put	4.9951887	5.387342	4.340089
shadow	4.2325945	4.2329907	4.4820905
practical	6.3606644	4.531155	6.276538
surface	4.572247	3.2020555	3.929878
account	4.8555784	5.53599	5.7396593
loss	3.4695625	5.4434047	4.0360622
indian	4.8782115	5.3555565	5.133923
vine	6.057074	3.3685045	4.9926057
certain	5.509973	5.323135	5.692355
sin	2.6400044	5.76108	3.884328
necessity	3.6360679	5.263372	5.611215
lose	4.1976156	5.7561665	4.843709
private	4.1351457	4.3534145	4.97827
gentleman	6.5294123	4.0306444	5.139002
daughter	6.2471027	3.9566417	4.961385
drive	3.3409812	6.79647	5.142575
strange	4.0661163	6.1010237	4.3397593
journey	5.407468	4.1465664	4.4468737
uncle	7.4693856	4.213284	5.9730024
species	5.2116656	6.447401	5.5720243
think	5.7588434	4.9056787	5.4717536
bed	4.550905	3.2963834	2.9161286
wind	4.7740245	4.6099586	4.8989477
bless	7.974555	4.62237	6.1101437
destroy	3.6477976	6.811551	5.0235023
author	6.2889657	4.847928	5.643671
sustain	5.592153	5.3554773	6.2370987
black	3.5439646	5.538967	4.0500016
event	5.837256	5.524134	6.104175
liberty	6.4580135	5.1612005	6.363323
negro	3.5614123	5.6907573	4.2012463
little	4.4892073	4.2245116	3.6837387
fortune	6.0360374	4.969668	5.666212
touch	5.541521	4.7036257	4.221121
kill	3.5448823	6.5324936	4.7159786
feature	6.064405	4.709104	5.612765
happiness	7.6087	5.1662874	6.3704643
assume	4.473966	4.861308	5.5058303
notion	5.260882	4.5077972	4.8291893
purchase	6.5335608	4.3519053	5.5607047
faithful	6.6853876	4.184854	6.337085
soldier	4.623264	5.494185	6.0531015
father	6.1623716	4.097517	5.0932465
narrow	2.5003042	3.8080306	3.0953457
great	4.965215	6.3234906	6.2309484
tear	3.5060086	4.8190866	2.9336753
honorable	6.4905896	4.773065	6.255685
previous	4.440753	4.5562687	4.5519943
good	7.332137	3.6841197	6.1957903
domestic	5.2793126	3.946525	4.6513424
glory	7.581648	5.607211	7.2737436
lay	4.467937	5.1525	4.4043527
occasion	5.343637	5.6372004	5.299556
guard	4.3540483	5.1539197	5.520609
whole	5.4165587	5.6209087	6.0170774
mouth	5.088343	4.4440155	4.8193126
receive	7.054144	5.166575	5.936604
take	5.06315	5.8124995	5.425176
simple	6.5310407	3.3294034	5.35078
error	2.839949	5.6006455	4.0716066
wisdom	7.346294	4.684818	7.107034
rock	4.750764	4.87586	4.9912767
decide	5.6097817	5.2328997	5.760619
exclaim	5.843908	6.1292257	5.588611
assure	7.188863	5.4315586	6.500996
sign	5.8485355	4.325842	5.2101154
preserve	6.1467857	3.8950324	5.8737803
commerce	6.420594	5.99939	6.9972773
plant	5.0161915	4.183011	4.6640835
walk	5.655759	3.6743555	4.026079
difference	5.1374373	4.600569	5.8700457
hang	4.3515215	4.847752	4.3774185
following	6.522941	3.4862604	5.4996533
employ	5.9648027	4.850478	5.948592
