deal	6.0237675	5.531361	6.0868526
study	6.597534	4.7408795	6.7563357
afford	7.2353725	4.384819	5.7250147
service	7.084548	4.471728	6.3880424
height	5.206983	5.2475615	5.847182
prospect	7.4626627	5.0221047	5.9392195
pleasant	7.200774	3.92614	4.6315722
shade	4.6056776	3.5533757	3.4151893
listen	5.7269993	5.0031624	4.597296
mighty	6.6848893	5.371873	7.086566
country	5.615926	4.18097	5.818659
title	7.941638	4.0550313	6.7097645
choose	5.4256563	4.708556	5.342533
village	5.655469	5.319502	5.906593
acquire	7.382395	6.370658	8.815491
rank	6.118194	5.4840474	6.518193
bow	6.8888416	3.9254508	5.2056046
doctor	4.932721	4.288431	4.653437
talent	7.6454053	6.084181	7.693632
source	6.56018	5.0758176	6.2761965
lead	5.443692	5.506845	5.4897356
question	6.4195986	4.5549912	6.212809
publish	6.329089	4.6226816	5.598383
interest	6.488296	4.866176	5.9264197
serve	6.129847	3.4708214	5.086813
divine	6.853163	4.888489	6.5827804
put	5.3100996	4.7614827	4.466141
shadow	4.3992023	3.523581	4.0537515
practical	6.201984	4.4240003	6.360338
surface	4.7202435	3.0915256	4.0940013
account	5.358698	4.8023105	5.349514
loss	4.4567537	5.430798	4.9311876
indian	5.0880733	5.252026	5.811148
vine	5.0747027	4.2060113	4.57306
certain	4.980048	5.398357	5.635213
sin	2.8360248	5.3913097	4.2067256
necessity	4.3105574	5.1375456	5.5338497
lose	4.6872444	5.1742454	5.7809577
private	5.5141163	4.6589704	5.382862
gentleman	6.226323	4.268943	5.537219
daughter	6.034294	4.2807345	5.4291716
drive	2.9430795	6.784806	4.56227
strange	4.2305	5.151806	3.7766688
journey	6.542679	4.336786	5.2370734
uncle	6.9629526	4.136876	5.541457
species	4.4002314	5.3149467	4.2868686
think	6.3225083	4.6936407	5.334752
bed	4.7998877	3.0310054	3.2106583
wind	4.5212197	4.477057	4.1083903
bless	8.502804	3.8300726	6.343277
destroy	3.1533792	6.709888	5.0948877
author	5.83545	4.6041703	5.493842
sustain	5.513955	5.4441724	6.1095185
black	4.2203984	4.3228426	4.221751
event	6.562581	5.0634837	6.669735
liberty	7.436038	5.561741	7.092355
negro	3.4564881	5.7022038	4.0148034
little	5.289756	3.7959929	3.7312016
fortune	7.5144124	5.1722503	6.6326494
touch	5.837952	4.073821	4.4289804
kill	3.8081899	6.6740503	5.3906384
feature	5.5074806	4.0891514	4.924527
happiness	8.1827965	5.0811996	6.5804343
assume	4.5145025	5.3156123	5.372281
notion	5.393873	4.6518865	5.391413
purchase	6.4628224	4.691823	5.42479
faithful	7.231641	3.7094305	5.6762924
soldier	5.7893004	5.6608925	6.7690964
father	5.8872285	4.1001496	5.3952894
narrow	3.7765608	4.1313505	4.117977
great	5.7123957	5.7653313	6.321476
tear	3.0721068	4.4550667	2.4959621
honorable	7.101796	5.1328497	6.610163
previous	4.2905316	4.7232637	4.9096155
good	7.520793	4.7780437	6.3932495
domestic	4.9286437	3.303607	3.526018
glory	8.26395	5.0119495	7.349248
lay	4.2608805	3.784205	4.298627
occasion	4.5752892	5.1372385	4.6504016
guard	5.3465548	4.404502	5.686089
whole	5.422485	5.1214375	5.803458
mouth	5.0643263	5.041488	4.587132
receive	6.571073	4.604836	5.3970857
take	4.755109	4.8963437	5.2442336
simple	6.7559958	4.247967	5.6196814
error	2.4146361	5.2849402	3.8791525
wisdom	7.1399794	4.9121614	7.24984
rock	4.501024	4.2086225	4.8612027
decide	5.184991	5.4132633	6.332939
exclaim	5.511092	5.785733	5.101332
assure	7.602828	4.785231	6.222163
sign	5.2580414	3.7648878	4.699562
preserve	6.6484346	3.692335	5.7052407
commerce	6.335251	4.865184	6.0158005
plant	3.6463797	4.5464926	3.8430402
walk	5.473944	4.2343993	4.183279
difference	4.7002025	4.108446	4.5224113
hang	4.315155	3.6452127	3.4640708
following	6.837226	3.822137	5.3742557
employ	4.5114994	4.791641	5.4219966
