deal	5.00044	5.2999954	5.9781985
study	6.424404	3.9668698	5.967474
afford	7.150593	4.7764587	5.1643996
service	6.6755905	4.6037607	6.2745647
height	4.8884745	4.973444	5.618389
prospect	7.1893864	4.9186563	6.39867
pleasant	7.511037	3.9908051	4.6011233
shade	3.8572326	3.850553	2.602716
listen	5.124284	5.6082754	4.879431
mighty	5.8325815	6.2689595	7.1233907
country	5.5733356	3.9485917	6.318804
title	8.216614	4.4336753	6.759189
choose	5.4670324	4.378088	5.1831484
village	6.070982	4.3447547	5.2472415
acquire	7.8188295	5.1259604	7.552411
rank	5.7052383	5.133929	5.5937114
bow	5.7220817	4.160017	5.2485714
doctor	4.6166067	4.9353223	4.873395
talent	7.8364	5.955405	7.449143
source	5.791269	4.7439013	4.9232197
lead	5.232424	5.105344	4.8828483
question	5.142954	4.6965404	5.6478558
publish	6.542447	5.0229855	6.1474934
interest	6.991419	5.502749	6.6348953
serve	5.1359234	3.945486	4.454717
divine	7.819165	4.6795216	7.395525
put	4.915016	4.086133	4.3902884
shadow	3.332928	3.7577262	3.1345773
practical	6.302498	4.6984963	6.5576715
surface	4.2659993	3.1374404	4.218947
account	5.710305	4.9167204	5.467987
loss	3.5117621	5.6641936	3.5410519
indian	5.1591187	5.161618	5.314807
vine	6.368081	3.30775	5.526073
certain	5.703759	5.4459295	5.940687
sin	3.2826715	5.0793915	4.9338417
necessity	4.229495	5.1530223	5.3490963
lose	3.8905826	5.859256	4.132927
private	5.130946	4.3324385	4.81283
gentleman	5.9851403	4.9133177	5.5604596
daughter	5.802144	4.44704	5.887966
drive	3.6026447	6.0936966	4.0207524
strange	4.1472287	6.0415335	4.3800306
journey	7.359049	4.5140676	5.623133
uncle	6.9264727	3.7769575	5.78632
species	5.202749	5.6921706	5.9543753
think	5.4279733	5.003179	4.5715566
bed	4.7401533	2.737833	3.3393614
wind	4.1379085	4.86512	4.15909
bless	7.9771967	4.5045257	6.7483406
destroy	3.0990777	6.605181	5.2350636
author	5.9990244	5.2583265	5.522235
sustain	5.2838583	5.0866966	6.0808134
black	2.7616346	4.8579893	4.2319813
event	6.2218804	5.7537723	6.144374
liberty	7.843832	5.237834	7.1741905
negro	4.390134	5.29109	4.700139
little	5.2895083	3.632255	3.760721
fortune	6.536064	4.891467	5.5216327
touch	6.288127	4.2092605	4.704501
kill	4.064204	6.3418117	5.0796113
feature	5.257992	3.8826485	5.18875
happiness	7.7340765	4.9839406	5.9073024
assume	4.053797	5.3699284	4.9540844
notion	5.5776834	4.5771146	5.219862
purchase	7.20582	4.8016124	6.088114
faithful	7.149876	3.6924047	6.019973
soldier	4.4428196	5.916178	5.532844
father	5.673048	4.54603	6.1851816
narrow	2.7544835	4.170714	3.4325528
great	6.425436	5.9657283	6.631798
tear	2.3443344	5.053367	2.431099
honorable	6.1509657	5.4025292	6.0789423
previous	4.2530375	4.761056	4.08635
good	7.9819937	4.0299654	6.1179123
domestic	5.47396	3.6918721	3.973802
glory	7.7862053	5.282872	7.3495674
lay	4.1641803	4.559311	4.028923
occasion	5.504127	5.611541	5.276274
guard	4.9128823	5.4026	5.6602597
whole	5.1951594	4.8758903	5.732594
mouth	5.1944504	4.353046	4.6198244
receive	6.7139473	4.5792747	5.480331
take	4.872709	4.675514	4.7928405
simple	6.35382	4.351927	5.263075
error	2.068824	5.116831	3.5291593
wisdom	6.7100644	4.688357	6.600974
rock	4.900185	4.977533	5.344638
decide	5.0866017	5.242449	5.811927
exclaim	6.166326	6.711879	6.558732
assure	6.9726477	5.055873	5.8980365
sign	5.834259	3.4786868	4.957358
preserve	5.8934298	4.1611533	6.0474124
commerce	6.2920237	5.929226	6.987436
plant	5.483859	3.724135	4.734713
walk	6.126669	4.296678	4.020112
difference	5.222886	4.110589	4.2690086
hang	3.3081536	4.4567804	3.22566
following	6.290187	3.6771731	5.121515
employ	5.2799883	4.9790545	5.5224733
