deal	4.8983116	5.610959	5.9242187
study	6.942098	4.018959	6.4161263
afford	6.200549	4.7314243	5.8521204
service	6.0555744	4.660622	5.9406776
height	4.9126987	5.279903	5.3517165
prospect	7.456543	5.015859	6.1428304
pleasant	7.1749907	4.100091	4.816817
shade	4.643405	3.9594376	3.7488894
listen	4.6611986	5.659422	4.3417077
mighty	5.949317	5.6707306	6.839266
country	5.2819653	4.5444326	6.208601
title	7.28569	4.3188725	6.8235908
choose	5.5442467	4.4904785	4.69838
village	6.3349113	4.723054	6.138996
acquire	7.637368	5.625528	7.75776
rank	5.8631206	4.916811	5.818287
bow	6.219553	4.119281	5.1594963
doctor	4.5136395	4.5102253	4.531602
talent	8.055773	5.946367	8.077364
source	5.968689	4.1363754	5.2627625
lead	5.1497254	5.9348416	5.732507
question	5.4312057	4.923833	5.939126
publish	5.5678773	4.7858534	5.654986
interest	6.5291195	4.8815174	5.1658764
serve	5.691344	3.1998234	4.2133665
divine	7.6544976	4.230647	6.515512
put	5.542642	4.4958124	5.043207
shadow	3.9594226	3.4618506	3.6404543
practical	6.344325	4.5223446	6.2155595
surface	4.8233113	3.257241	4.2703676
account	5.1482205	5.157352	5.494611
loss	3.4378488	5.754338	3.9111238
indian	4.811167	5.2342787	5.8040447
vine	6.6343803	4.1487865	5.30173
certain	5.6871896	5.4919634	6.056973
sin	3.1192598	5.20816	4.5450816
necessity	4.4962716	5.223471	5.3293867
lose	4.6467137	5.0292506	4.6553583
private	4.868929	4.997654	5.3440447
gentleman	6.1345525	4.743907	5.5807853
daughter	6.010718	4.239093	5.451542
drive	3.2127311	6.7416563	4.5611005
strange	4.04173	5.9318495	4.086668
journey	6.5341907	3.7664776	4.592083
uncle	7.807195	4.2596545	6.415244
species	4.78548	4.984632	4.8559146
think	5.368414	5.10224	4.639524
bed	5.429722	2.928785	3.6041622
wind	4.4382105	5.0612044	4.209215
bless	8.259025	4.3236866	6.1917043
destroy	3.2221394	6.6365185	5.317769
author	6.0022697	4.6440907	5.5300226
sustain	5.298329	5.4532146	6.1167717
black	2.5168252	5.2079725	4.3478737
event	6.1312714	5.8330574	6.3341336
liberty	7.115853	5.6205387	7.152073
negro	3.5201802	5.9945846	5.6463375
little	5.3147407	4.1131024	3.7264142
fortune	6.967105	4.8833113	6.0469913
touch	5.84817	4.4665084	5.0527735
kill	3.531112	6.5125194	5.1309233
feature	5.30256	3.861271	5.1992116
happiness	8.15691	4.2545958	6.0631404
assume	3.9662132	5.1663194	5.0528655
notion	5.2585483	4.681309	4.8902416
purchase	6.8586264	4.293644	5.9329867
faithful	6.7409515	4.189359	5.968488
soldier	4.543533	6.586962	6.2262363
father	6.66049	4.9820786	6.886677
narrow	3.8662329	4.52839	4.4296846
great	5.997226	5.84131	6.4721794
tear	4.399182	4.4180565	3.0689063
honorable	5.952163	4.962388	6.533353
previous	4.53553	4.1882486	4.5432467
good	6.881484	4.4639072	6.3753896
domestic	4.672702	3.538522	4.529541
glory	7.2065725	4.85357	6.121284
lay	4.587015	4.238351	4.5567975
occasion	5.050178	5.3777523	5.273289
guard	5.4319224	5.765467	6.0363774
whole	5.831239	4.180073	6.103376
mouth	4.9471517	4.506483	5.176771
receive	6.526543	4.5814934	5.6365767
take	5.215705	5.4767494	5.1260037
simple	5.939205	4.179373	5.4080267
error	2.6552317	5.2086124	3.8891788
wisdom	7.163594	4.586917	6.9345293
rock	4.802118	5.1237783	5.3375106
decide	5.69041	5.2517705	6.360982
exclaim	5.5599194	6.362995	5.582056
assure	6.979839	5.3136997	6.2682695
sign	6.306826	3.4641824	5.560563
preserve	5.6910095	3.855449	5.701992
commerce	6.3015	4.7384405	6.7144194
plant	5.4037666	4.369583	5.2796106
walk	5.7772093	4.6020613	4.2092495
difference	4.6759267	4.816455	5.5382195
hang	3.985489	5.0132623	3.840824
following	6.4132285	3.415005	5.630858
employ	4.9981217	4.757892	5.5131664
