deal	5.063713	5.934537	5.615279
study	7.5160246	4.4089465	7.190442
afford	7.2852545	4.200822	5.767787
service	6.707893	4.7206397	5.8893313
height	5.074281	5.5499706	5.898595
prospect	7.78351	5.755887	6.794923
pleasant	6.9757004	4.3773017	4.8949547
shade	4.9818506	4.5576468	4.09344
listen	4.9906287	4.749262	4.4832397
mighty	6.4220266	5.6921387	7.5910244
country	5.2342978	5.240402	5.960082
title	7.7998557	3.2865944	6.333927
choose	4.824121	4.8392143	5.186215
village	6.3005915	4.9337134	5.3188457
acquire	7.776325	5.558889	7.8914156
rank	6.252561	4.895523	6.0195475
bow	6.7222466	3.9420636	5.823238
doctor	4.0663395	4.6769056	4.845556
talent	8.335798	5.8629217	7.9615693
source	6.858714	4.342186	5.722715
lead	5.338318	5.5193095	5.1172066
question	4.7568645	4.5099607	5.5594
publish	5.3747754	4.4910126	5.2260213
interest	6.7794485	4.7548237	5.755917
serve	5.5058	3.7760801	4.6134872
divine	8.111761	4.545365	7.217536
put	5.3018055	4.2106533	3.8642218
shadow	4.4936886	3.7872798	4.3053284
practical	6.197607	4.6357846	6.4301767
surface	4.3908353	3.6892862	4.3719926
account	5.295398	5.200673	5.45688
loss	3.7149396	5.8362308	4.007862
indian	4.561073	5.194033	4.939644
vine	6.4485598	5.213872	6.1231775
certain	4.789137	4.8703914	5.353315
sin	3.4708886	5.31981	4.8869123
necessity	4.413806	5.6142383	5.808027
lose	5.0534086	5.225452	4.946158
private	4.5415444	4.4619093	4.468078
gentleman	5.8658037	4.716776	5.844953
daughter	6.507141	4.194735	5.69385
drive	3.5546489	6.299549	4.126183
strange	3.8880162	5.226557	3.5997257
journey	5.379563	3.9678602	4.1086674
uncle	8.075584	3.5995631	6.096169
species	5.0776873	5.9834557	5.2601385
think	6.3361597	5.0497775	5.5533233
bed	4.4794197	3.6245005	3.4510393
wind	4.7358704	5.0104895	4.548385
bless	8.997609	3.9216275	6.5081415
destroy	3.646779	6.50443	5.234948
author	5.854503	4.952703	5.69907
sustain	5.3768325	5.4070783	6.0984597
black	3.6610355	4.7567954	3.8453395
event	6.1586018	5.3328047	6.036828
liberty	7.2884893	5.9335012	7.4703836
negro	4.146848	5.876762	4.832096
little	4.1671786	3.081948	2.5676033
fortune	7.004367	5.43466	6.7186146
touch	6.302931	4.07036	4.925427
kill	4.2549677	6.313416	4.91155
feature	5.4091625	4.461933	5.298595
happiness	8.545321	5.1573443	6.6986604
assume	4.528715	4.4092827	5.047706
notion	6.5517583	4.418665	5.8991756
purchase	6.588753	4.6410775	5.559801
faithful	6.501977	4.153517	5.482462
soldier	4.586728	6.0003366	5.636169
father	6.778682	4.11438	5.743353
narrow	2.1676779	4.7161283	3.8793979
great	4.8044925	5.6014223	5.734989
tear	4.0352592	4.9941893	3.2441463
honorable	5.7301426	4.998429	6.0368404
previous	4.367689	4.5161724	4.500613
good	6.780589	4.8214283	5.7322865
domestic	5.002251	3.7301044	4.054886
glory	7.7969685	5.527841	7.6319246
lay	4.0920053	4.5107493	4.273299
occasion	4.9587536	5.6691947	5.132721
guard	4.822092	5.0902324	5.6146846
whole	5.4558487	5.0755377	6.0609956
mouth	5.0583305	4.7018604	4.975579
receive	6.8979416	4.189311	4.6992016
take	4.418679	4.829872	3.6534672
simple	6.61135	4.0933747	5.68797
error	3.1890693	5.810009	4.846703
wisdom	6.879099	5.10634	7.1508746
rock	4.260006	5.5584264	5.409933
decide	4.8467984	5.034053	6.2013044
exclaim	5.882349	5.635187	5.0949497
assure	7.8986664	4.8631363	6.4321527
sign	5.853869	3.4236362	5.385372
preserve	5.691345	3.6160398	5.0669065
commerce	6.459234	5.202703	6.687336
plant	5.0783052	4.969695	4.997163
walk	6.287038	4.55957	4.8528895
difference	5.761734	4.6566973	5.3948183
hang	4.3498416	3.9203672	3.803842
following	6.6066666	3.2106893	5.098293
employ	5.1781764	4.941415	5.5549603
