deal	5.161371	4.3398056	5.031643
study	6.6480594	4.8195543	6.891795
afford	5.8206964	5.0506496	5.7680593
service	6.903695	4.754156	6.7023892
height	5.6089272	4.853781	5.730945
prospect	7.068398	5.385753	6.6196933
pleasant	7.355597	4.0679674	4.8699417
shade	4.4360385	3.5385265	3.8012338
listen	5.347372	4.6937895	4.584285
mighty	5.930654	4.9319034	6.455299
country	6.033619	5.0410223	5.578911
title	7.307197	4.614601	7.02636
choose	5.0406604	4.334924	5.086077
village	6.2228346	5.03065	5.4103246
acquire	8.034179	5.206658	7.242561
rank	6.346692	5.1391034	5.9597764
bow	5.8410153	4.7708244	5.140965
doctor	4.5387535	4.156943	4.822362
talent	7.861454	5.63165	7.5679846
source	6.510379	4.669851	5.9826646
lead	5.2757564	5.379523	4.6945405
question	5.660075	4.321251	6.14117
publish	5.329659	5.046831	5.2566175
interest	6.7436323	4.73005	6.1902375
serve	4.758156	4.450664	4.4425206
divine	7.4387536	4.388297	6.9240236
put	5.2064214	4.998634	3.9282398
shadow	4.5576444	3.316982	4.1828246
practical	6.227943	4.377429	6.4969635
surface	4.4212885	3.4144988	4.059364
account	5.399142	4.890192	5.337729
loss	3.3288069	4.901872	3.8683028
indian	5.509985	4.6791644	5.6163435
vine	7.23923	3.5309963	5.9050813
certain	5.156764	5.679733	5.6317606
sin	3.0148976	4.906092	4.0575037
necessity	4.411887	5.181	5.3032303
lose	4.665953	5.5454955	4.607151
private	3.7417328	4.9857574	4.706652
gentleman	6.675494	4.5210447	5.697243
daughter	6.1644335	4.692864	5.4105673
drive	3.5044847	6.575383	4.1403246
strange	4.3293433	5.419744	3.99809
journey	6.6559353	3.9775634	4.879143
uncle	6.8935595	3.894856	6.298517
species	5.8711834	5.560962	5.1445403
think	5.5799565	4.346816	4.8046947
bed	4.5263176	3.1301281	3.331127
wind	4.6071835	4.515386	4.3548536
bless	8.120902	4.667427	6.84782
destroy	3.3769755	6.5120554	5.0265813
author	6.0659113	4.79455	5.597012
sustain	5.493719	4.8707314	5.693365
black	3.5940912	5.539809	4.4017158
event	6.436411	5.8178754	6.6176524
liberty	7.0225463	6.724597	7.4244833
negro	4.386767	5.327989	4.399179
little	4.714944	3.902728	3.9100344
fortune	6.709485	4.683072	5.7884283
touch	5.7872133	4.6611495	4.7477336
kill	3.7409217	6.40091	4.397068
feature	5.766882	4.4056344	5.823133
happiness	8.01408	5.1369457	6.7500496
assume	5.3205967	5.061043	5.4682593
notion	5.711332	4.4594	4.883396
purchase	6.719953	4.943073	5.8677397
faithful	6.4251614	3.707686	6.0395694
soldier	4.640727	5.71721	5.7264132
father	5.9435244	5.355159	5.8694186
narrow	2.9469662	3.3223329	2.8220413
great	5.8036175	5.1142044	5.8719106
tear	2.978653	5.077494	3.1486983
honorable	5.996851	5.5187345	6.4881325
previous	4.5727305	5.0512567	4.552821
good	7.2585554	4.7408533	6.6425724
domestic	4.92087	4.3686056	4.780438
glory	7.354681	4.9902406	6.8330965
lay	4.645786	4.780206	4.463761
occasion	4.9905453	5.798004	4.798303
guard	4.300865	5.1178913	5.2166824
whole	5.3385205	5.074808	5.431614
mouth	5.1873817	4.743128	4.895275
receive	6.6934185	5.096166	5.232905
take	6.075795	5.2798743	5.3030267
simple	6.8142653	3.8257408	5.4853883
error	2.4707317	5.12992	3.8752708
wisdom	7.1186466	4.0427713	7.3594675
rock	4.8213787	4.7764783	5.162159
decide	5.6305904	5.128166	6.453609
exclaim	6.1274567	6.1614776	5.6845074
assure	7.42656	5.1026726	6.412104
sign	4.595343	4.0063043	4.340817
preserve	5.6659794	4.748659	5.5307994
commerce	6.7598524	5.0271406	6.9094443
plant	4.9696836	4.211554	4.4649067
walk	5.4638124	4.0024185	3.9103985
difference	4.493171	5.1045847	4.881679
hang	4.0884843	3.9791012	4.00743
following	7.0315166	4.358759	6.204768
employ	4.8087893	5.524607	5.818222
