deal	4.8364005	5.382285	5.548044
study	6.3790474	4.1208053	6.125803
afford	6.5448885	4.5950775	6.2105265
service	7.412798	4.303426	7.1153164
height	5.190114	5.1322517	5.6313033
prospect	7.71647	4.7991776	7.0530543
pleasant	7.411071	4.198311	5.0338964
shade	4.820801	3.1749759	3.5077133
listen	5.7198076	5.457198	4.503801
mighty	6.821126	5.8335824	7.6671286
country	5.669488	5.190886	6.0677743
title	6.928317	4.1453214	6.8175716
choose	5.94464	4.527197	5.5817
village	5.606531	4.712718	5.3011503
acquire	7.0515532	5.2834496	7.3640647
rank	6.046545	5.6164274	6.8706875
bow	6.9660206	3.9190998	5.816631
doctor	4.267288	4.6825075	4.178708
talent	7.758896	5.9304395	8.012034
source	5.385577	4.7258577	5.2428527
lead	5.701377	5.2271614	5.2345057
question	5.5427294	4.008614	5.187491
publish	5.7195306	5.707369	6.3569536
interest	7.094776	4.8932114	6.557846
serve	6.2170887	3.7149186	5.040338
divine	8.175121	4.1438932	7.3239417
put	5.0149484	4.246156	4.0750346
shadow	4.236301	3.6111956	4.1908293
practical	6.013959	4.5193157	6.3506575
surface	4.614503	3.3577797	4.08459
account	6.020012	4.664027	5.6963983
loss	3.2927694	4.7860007	3.986103
indian	4.368706	5.177017	5.0286827
vine	6.8964744	3.443943	4.950033
certain	5.3547044	5.1763754	5.692794
sin	3.324831	5.318326	4.9632287
necessity	4.6216793	5.338458	5.643123
lose	3.9588408	5.0759273	4.590166
private	5.072198	4.348748	5.7372346
gentleman	6.526975	4.1926546	5.5331945
daughter	5.515075	4.607714	4.981459
drive	3.0661361	6.968239	4.694628
strange	3.8054247	5.321592	3.7234714
journey	6.2795563	4.29683	5.32055
uncle	6.399371	2.6110547	5.0759993
species	5.6628456	5.641925	4.95771
think	5.5887036	4.735364	5.158455
bed	4.3835397	3.1058874	2.9943168
wind	4.2185736	4.571993	3.935972
bless	8.329988	3.834968	6.3221445
destroy	3.8246906	6.2545652	5.100147
author	5.7897434	4.793228	5.838482
sustain	5.6596394	5.0987625	6.26586
black	3.948979	4.5156536	3.5732372
event	6.336238	5.2911344	6.2542343
liberty	6.894724	5.6236434	7.044447
negro	4.3785467	5.009228	4.374606
little	4.1775517	4.3378224	3.3965573
fortune	7.040422	4.320051	6.284199
touch	5.9850616	4.4287915	4.458119
kill	3.7243006	6.3039556	4.664504
feature	5.2345467	4.255762	5.2352133
happiness	8.74102	4.3890357	6.8171473
assume	4.3744516	4.865113	5.040864
notion	5.4393344	4.5968885	5.7578864
purchase	7.072115	4.0278983	6.1248302
faithful	7.0427666	3.574276	5.815679
soldier	5.133353	5.823032	5.5695696
father	5.4911785	4.248218	4.6677384
narrow	2.8407764	4.204157	3.8516374
great	5.7024884	5.871115	6.8455896
tear	3.0549517	5.192377	2.4855082
honorable	6.72329	5.344022	7.120642
previous	4.312965	4.784866	4.627415
good	6.976693	4.48061	6.517084
domestic	5.428849	4.1327934	4.707437
glory	7.9353905	5.3565693	7.8819056
lay	4.116443	4.489562	4.2052345
occasion	5.554876	5.661093	5.852162
guard	4.9715676	5.365521	5.5483913
whole	6.11012	4.7379246	5.6621346
mouth	4.451868	4.1866264	4.1111956
receive	6.405677	4.577471	5.2827096
take	3.625359	5.3233967	4.169948
simple	6.2579384	3.5648923	4.9659758
error	2.4364524	5.86096	4.2180953
wisdom	6.6304855	4.4791307	6.5416126
rock	4.5519104	4.746043	4.8302383
decide	4.720459	5.054642	5.5822773
exclaim	5.9436674	6.371189	5.565234
assure	7.601529	4.865795	6.4386144
sign	4.8850436	3.6752298	5.036163
preserve	6.2905426	3.921023	5.730511
commerce	6.6050587	5.75869	6.7094293
plant	4.8383856	4.5049696	4.50927
walk	6.171588	4.702893	4.565044
difference	4.0348372	4.444753	4.1374297
hang	4.2236266	3.7516797	4.0880766
following	7.456277	3.564939	5.5536284
employ	5.377018	5.272116	5.704479
