deal	4.3645735	5.2720966	5.443363
study	6.9298873	4.2577085	6.896958
afford	6.3077855	5.2982626	5.5405617
service	7.2482157	4.6773458	6.2117815
height	5.110802	4.530442	5.2623863
prospect	6.9003325	5.241627	6.056964
pleasant	6.712199	4.0784693	4.5765853
shade	4.402847	3.6875129	3.455954
listen	4.8728604	5.697694	5.026496
mighty	5.666458	5.7082295	7.405299
country	5.399668	4.454996	6.0729055
title	6.5939016	4.583584	6.693053
choose	6.109827	4.338225	5.6113544
village	6.1534595	4.6306176	5.595057
acquire	7.490144	5.6969023	8.472929
rank	5.6350317	5.212302	5.725391
bow	6.5986524	4.4398584	5.500183
doctor	4.226964	4.4741116	4.3482275
talent	7.8396635	5.635568	7.622213
source	6.430607	4.899301	5.2098308
lead	5.2377024	5.5412807	5.434532
question	4.79846	4.861227	5.773571
publish	5.646508	5.2453437	5.434566
interest	5.9058394	4.7043686	5.9381046
serve	5.123527	4.776263	4.6242375
divine	8.559916	3.8450477	7.043192
put	5.775763	4.5641413	4.8497357
shadow	4.2942224	3.2562017	3.9616408
practical	6.2705007	4.2358513	6.3873835
surface	4.404767	2.9716017	3.8881955
account	5.729041	5.093092	5.500317
loss	4.0073714	5.638975	3.9530191
indian	5.3545437	4.306336	5.1892896
vine	5.0088553	3.067447	4.6264706
certain	4.8657737	5.0579047	5.265484
sin	2.7580194	4.6473775	3.7542815
necessity	4.4936123	4.7613053	5.2471747
lose	5.462509	5.5907755	5.388357
private	4.8802013	5.0960283	5.2832384
gentleman	6.0333652	4.3306828	5.9836206
daughter	5.3263235	5.0090737	5.2534623
drive	2.9146137	6.9989066	4.5375657
strange	4.0723543	5.611435	4.2521625
journey	6.1300654	4.2792573	4.8965344
uncle	6.65719	4.3535566	6.0610676
species	5.487243	4.137034	5.054697
think	6.482724	4.9927077	5.6468143
bed	4.357324	3.190608	2.8613539
wind	4.4233685	5.4311867	4.4797454
bless	8.154302	4.2764792	6.3414893
destroy	3.4894178	6.55079	5.5129647
author	5.675394	4.6787224	5.1648874
sustain	5.626936	4.9106402	6.091962
black	4.300926	4.459861	4.4747133
event	6.1439757	5.959307	7.1614714
liberty	7.4847317	6.341456	7.8379526
negro	3.7348616	5.13838	4.8687043
little	4.0022807	4.5466585	3.2714276
fortune	6.3428783	5.6816955	6.6347756
touch	5.233282	4.0097055	4.049118
kill	3.8737476	5.640986	4.781613
feature	5.6256356	3.710547	5.269187
happiness	8.16563	5.111961	6.401612
assume	3.7626781	4.7713146	4.6429505
notion	5.4718246	4.29024	4.9261312
purchase	6.895509	4.552726	6.409084
faithful	6.619047	4.307948	6.0792227
soldier	4.2872095	6.5423384	6.2054076
father	5.1029468	4.3321743	5.1650968
narrow	2.5292325	4.23203	3.648463
great	4.8434186	5.3880115	4.9496922
tear	3.4916854	4.5947895	2.6146753
honorable	6.236678	5.5111403	6.2558007
previous	4.97936	4.3150725	4.5843387
good	6.7665095	3.6235883	5.9579716
domestic	5.2438936	3.9216814	4.0724096
glory	8.065573	5.4695115	7.724121
lay	4.3611903	4.155585	4.196458
occasion	5.1673326	5.1346035	4.7447047
guard	4.7401667	5.148402	5.476852
whole	5.2057333	4.72982	5.567545
mouth	5.9923034	4.2328806	5.0389185
receive	6.9663477	4.776613	5.140085
take	5.1308966	4.7346563	4.266287
simple	6.617074	4.0161896	5.6991644
error	2.5952415	5.346192	4.046149
wisdom	6.9923134	4.5301795	7.253495
rock	4.807574	4.4078717	5.1041713
decide	5.204181	5.408372	6.498986
exclaim	6.025302	5.5659795	5.893027
assure	7.5089083	4.8602943	6.2988057
sign	5.671354	3.402343	4.343412
preserve	6.713013	4.5270963	6.331324
commerce	6.36662	4.8850837	6.4629307
plant	3.963123	3.541883	4.031262
walk	5.940045	4.001837	4.6866527
difference	4.8441358	4.423047	4.7067127
hang	3.551392	4.6806197	3.7032056
following	6.48746	3.6699734	5.3560214
employ	5.1074667	5.0814323	5.4775963
