deal	4.6821823	4.6475124	5.6514816
study	7.640779	3.6354148	6.371546
afford	6.4954042	5.4355326	5.7581854
service	5.868511	4.90584	6.026611
height	5.1602592	5.5131636	5.4966445
prospect	7.0442734	5.145302	5.635969
pleasant	6.867209	4.5068426	4.661369
shade	4.3628926	4.2291512	3.580711
listen	5.4247646	5.708392	4.8309145
mighty	6.086073	5.2682457	6.4039507
country	4.809732	4.558935	5.510199
title	7.097727	3.9930077	7.1269817
choose	5.2859755	4.6266265	4.8286905
village	5.8751297	4.6907663	5.5357056
acquire	7.6523323	5.265263	8.440014
rank	5.847596	5.3954597	5.9749722
bow	5.9496336	4.608107	5.373483
doctor	4.972909	4.9478726	5.2967224
talent	7.885944	5.8921227	7.8425546
source	6.349478	4.6302786	5.8736887
lead	5.2415643	5.8597255	5.3326263
question	5.325745	4.244503	5.480069
publish	5.646584	4.919912	5.7836185
interest	6.578327	5.205724	5.467611
serve	4.7231402	4.033924	5.0944443
divine	7.711237	4.3384786	6.782921
put	5.029702	4.4950123	3.915588
shadow	4.5210156	3.6823547	4.045391
practical	6.4787393	4.6427655	6.400991
surface	4.2700787	3.3771183	3.96367
account	5.290019	4.7618265	5.478689
loss	3.171483	5.6016345	3.731032
indian	4.422432	5.3823547	5.2175164
vine	6.199512	3.9082925	5.6227965
certain	5.4072633	5.448793	5.4057894
sin	2.9045753	4.7345276	4.1184206
necessity	4.2789288	5.4334574	5.1401415
lose	4.652396	4.541097	4.1305256
private	4.7392764	4.5439568	5.3672495
gentleman	6.072807	4.7285647	5.4842405
daughter	5.95994	4.601839	5.999597
drive	3.0207255	6.8342724	4.5990334
strange	4.5475645	5.7736936	3.9328868
journey	5.699606	4.1001883	4.6238785
uncle	6.552422	4.2658396	5.734431
species	5.2112093	5.0064383	5.056903
think	5.827225	5.286406	4.6028347
bed	5.276044	2.336677	3.1733422
wind	4.6368184	4.9805493	4.6605124
bless	7.8805785	4.354495	6.2610874
destroy	3.3288593	6.1911426	5.0341353
author	5.7591324	4.691654	5.383953
sustain	4.998322	5.473886	5.9436526
black	3.886686	5.005221	4.1495237
event	5.396714	6.346126	6.1855354
liberty	7.236972	5.5186954	6.7770767
negro	3.9844525	5.4519014	4.09656
little	4.917182	4.173525	3.2785835
fortune	6.109005	4.493114	6.453187
touch	5.6807995	4.9868355	4.540171
kill	3.502715	5.5850186	4.331901
feature	5.7086744	4.177574	5.495511
happiness	8.468436	4.747303	6.3946075
assume	4.529118	4.826276	5.4955134
notion	5.861306	4.74729	5.6924095
purchase	7.0263977	3.5651524	5.6943173
faithful	6.421508	3.9847608	5.877089
soldier	4.5925126	5.872875	5.515541
father	4.86471	5.2924123	6.013167
narrow	3.156533	4.2625628	3.3772173
great	5.6901174	5.5474725	5.897006
tear	3.3909073	5.2752504	2.9852107
honorable	6.240906	5.3279424	6.970419
previous	4.506397	4.280359	4.306822
good	6.2675943	4.714052	5.8749447
domestic	4.9732533	4.245463	4.707074
glory	7.664636	4.9841356	7.250078
lay	5.108116	3.9520955	4.228042
occasion	5.010831	5.5935373	4.8672996
guard	4.9283805	5.6352177	6.441124
whole	5.2333393	4.3709493	5.0084047
mouth	5.048908	4.68537	4.5632477
receive	6.653431	5.1251736	5.4490886
take	5.6602435	5.1903844	5.3246827
simple	6.5007415	4.3646855	5.4390044
error	2.7104826	5.7093844	4.171254
wisdom	6.8856883	5.0034394	7.6862564
rock	4.868961	4.557184	4.927542
decide	5.4941273	4.9660645	5.586554
exclaim	5.76196	6.4503446	5.6700125
assure	7.03428	5.414877	6.4331093
sign	4.942354	3.7245188	4.49205
preserve	5.5544853	4.8287086	6.2781725
commerce	6.4754677	5.133219	6.7590957
plant	5.0816336	4.1531987	4.4831214
walk	5.8289165	4.352457	4.3965635
difference	4.8706603	5.0096126	5.0791035
hang	4.5433445	4.723167	4.6309633
following	6.2609596	4.2841187	5.7339506
employ	5.434939	4.2092757	5.799964
