deal	4.9488554	5.631602	5.973916
study	6.8435297	4.4618893	6.4621496
afford	6.990357	3.7585688	5.1352673
service	6.9069285	4.5798826	6.316984
height	4.9095464	5.24592	5.381853
prospect	7.3235173	5.018031	6.277137
pleasant	7.424303	4.185068	4.7920747
shade	5.015779	3.5948555	3.5231447
listen	5.4770346	5.0933757	5.2609563
mighty	5.365819	6.2750983	6.9646196
country	5.3447227	4.559936	5.709462
title	7.057607	3.4789045	6.0507975
choose	5.7399826	4.3229837	5.1945505
village	6.755336	4.6793756	5.0973673
acquire	7.5468607	5.45848	7.8226376
rank	5.527647	4.6484165	5.6190267
bow	6.055433	4.336607	5.3235807
doctor	4.6248236	5.1684995	5.120391
talent	8.016191	5.8778105	7.604759
source	7.1565933	4.4867125	6.0155344
lead	5.5943117	5.560714	5.603973
question	5.0923705	4.205267	5.2068524
publish	5.4694643	4.811805	5.4540386
interest	7.4190598	4.863623	6.372506
serve	5.8418407	3.4455347	5.1518874
divine	7.415253	4.314411	7.1631837
put	5.1677847	4.0074134	4.5195994
shadow	4.452992	3.1874213	3.8108006
practical	5.564252	4.437356	6.111966
surface	5.043354	3.9196017	4.735733
account	4.9930983	5.0228662	5.2952495
loss	4.7026205	5.5599747	4.3246512
indian	5.1173553	4.334961	4.8401337
vine	6.755289	4.122904	5.9018197
certain	5.1427226	4.9721937	5.3832746
sin	3.2807221	5.160878	4.4942064
necessity	4.5024233	4.825246	5.0737634
lose	4.858158	5.644324	5.751734
private	4.867913	4.0334673	5.035822
gentleman	5.8406277	4.322982	5.12263
daughter	6.1213074	4.9477735	5.451167
drive	4.2512445	6.222538	5.1096864
strange	3.9264865	5.1909266	3.8258321
journey	5.9443016	4.0631237	4.9989657
uncle	5.480755	4.228065	5.004797
species	5.3168173	5.3245964	5.270519
think	5.7879767	5.3135004	5.407677
bed	4.6954937	3.3882837	3.1305604
wind	4.077131	4.7499557	4.4768205
bless	8.692679	4.4750595	7.1734986
destroy	3.5523338	6.0681524	4.874663
author	5.7991815	4.7858815	5.3773503
sustain	5.1935515	5.6396236	5.8486056
black	3.3838332	4.9651823	3.9666696
event	7.0489793	5.5062475	7.182905
liberty	7.9438334	5.173414	6.9735823
negro	4.5125957	4.8240857	4.264048
little	4.7997327	4.0489287	3.3515844
fortune	6.5795326	5.0587263	5.720978
touch	6.363904	4.305805	4.8635736
kill	4.265862	6.2969484	4.799932
feature	4.943158	4.90975	4.822732
happiness	8.729683	4.5696607	6.3458023
assume	3.3566837	4.9419336	4.4157934
notion	5.0149074	4.3964386	4.7962923
purchase	6.805993	4.2567925	5.883698
faithful	6.883209	3.8686175	6.102707
soldier	5.084611	6.080554	5.7082815
father	6.388155	4.409625	5.4630065
narrow	3.4249568	4.645686	3.7560692
great	4.9367275	5.224023	6.013651
tear	3.8891227	5.9159846	3.499536
honorable	6.2263227	5.0910454	6.313498
previous	4.190092	4.4712806	4.5369554
good	7.7107444	4.6558323	6.7082996
domestic	5.146496	2.9561918	3.6359863
glory	7.4395094	5.4052877	7.5239677
lay	3.4498549	4.1502447	3.611552
occasion	5.2588115	5.107639	5.49923
guard	5.45247	4.70633	6.0848904
whole	5.660727	4.7741594	5.8377466
mouth	5.102726	5.395579	4.7745743
receive	6.9995418	4.1307483	5.3631496
take	5.838501	4.5594444	5.351372
simple	6.7081904	4.08817	5.116214
error	3.2128456	5.249445	4.5864425
wisdom	6.3360877	4.889552	6.9301996
rock	4.2893095	5.0222044	4.87165
decide	4.914536	5.3285418	5.901325
exclaim	6.037084	6.0285435	5.5531855
assure	7.206195	5.4517746	6.847862
sign	4.8299255	3.7301579	4.066928
preserve	6.7178288	4.10886	6.4504733
commerce	6.2069626	4.9037833	6.8436103
plant	5.333004	4.419012	4.8154125
walk	5.6371098	4.4257984	4.181988
difference	4.3622622	4.1112423	4.940315
hang	3.9663842	4.268383	3.9677823
following	6.9452496	3.2166014	5.50369
employ	4.383103	4.8066583	5.226371
