deal	5.3101454	5.2952724	5.9469404
study	6.8039494	4.066222	6.2438116
afford	7.220851	5.512507	6.1783595
service	6.7729006	4.8762794	6.919654
height	5.1612597	4.7774086	5.193382
prospect	8.01978	5.1344457	6.1645813
pleasant	7.320503	4.5568633	5.132341
shade	4.4980984	3.9743254	3.6803527
listen	4.584562	4.9994173	4.0694947
mighty	6.322523	5.5087824	7.282741
country	5.080893	4.331938	5.7095423
title	7.700341	4.1956244	6.727701
choose	4.9482017	5.1950893	4.9642987
village	7.158738	4.3292246	5.392289
acquire	7.834779	5.6841455	8.000226
rank	5.979247	5.116668	5.963811
bow	6.2514944	4.375384	5.430783
doctor	4.587584	3.9183497	4.6244516
talent	8.184143	5.9949384	7.4284573
source	7.329934	5.1581254	6.345893
lead	4.0632906	5.5802884	5.141649
question	4.5420833	4.9188533	5.172158
publish	5.5568776	5.1691227	5.250651
interest	6.47274	5.13576	5.923175
serve	4.646511	4.810863	5.218709
divine	7.3654003	4.5112453	7.0174456
put	5.0812526	4.7937965	5.06466
shadow	3.9272182	4.234675	4.1441064
practical	6.2325025	4.6092105	6.801465
surface	4.544971	3.6091244	4.1777725
account	5.185909	4.957301	5.4814987
loss	4.7067237	5.917647	4.965258
indian	5.3714914	5.233255	5.255778
vine	6.8373804	3.1130743	5.076378
certain	5.483707	5.2553225	5.9411516
sin	3.231283	4.884639	3.978734
necessity	4.6811132	5.5116687	5.7762833
lose	4.4989023	5.759863	4.919907
private	4.627446	4.850718	5.2025766
gentleman	5.888717	4.3846364	5.356975
daughter	5.497829	4.7692904	5.5979
drive	3.2674105	7.44536	4.6761284
strange	4.2061315	6.186868	4.5653105
journey	5.9654408	4.673119	5.007741
uncle	7.331893	3.1462688	5.642795
species	5.356681	4.6258364	5.296596
think	5.3590326	5.3085923	4.790474
bed	5.3787684	3.0391068	3.58992
wind	4.3083596	5.2861357	4.3698072
bless	8.540307	4.296182	6.0738583
destroy	3.316177	6.941956	4.9321604
author	6.0014553	4.2658195	5.540269
sustain	5.0348706	5.023564	6.3197136
black	4.014398	4.392309	4.243197
event	6.2433214	5.891136	6.5160055
liberty	7.6034565	5.9457955	6.793264
negro	4.3729124	4.704329	3.8646796
little	5.180819	4.4947867	4.0896673
fortune	6.6243334	5.2635956	6.705584
touch	5.7950354	4.3198028	4.238645
kill	4.0738096	6.397066	4.6286154
feature	5.184758	4.155795	5.4349422
happiness	8.537077	4.58379	6.2302446
assume	3.704168	5.2044744	5.373789
notion	5.73204	4.5188713	5.401915
purchase	6.8541827	4.9835515	5.806547
faithful	6.501565	4.174678	6.1832366
soldier	4.280941	5.620014	5.798428
father	5.6804476	4.3744826	5.9356213
narrow	2.6377654	4.0159903	4.139284
great	6.084431	5.8855615	6.490452
tear	3.6852257	4.299892	2.8404121
honorable	6.023862	5.808594	6.5014744
previous	4.9728413	4.469138	4.944875
good	6.477339	5.027577	6.2671576
domestic	4.2438307	4.2613244	3.7162654
glory	7.409507	5.6413584	7.3673496
lay	4.296635	3.9807272	4.230016
occasion	5.178033	4.956523	5.330759
guard	4.047346	4.8809204	5.1392336
whole	5.7342377	4.5887194	5.5861664
mouth	5.4635572	3.4536872	4.766665
receive	7.780098	4.798905	5.5830765
take	4.8721447	5.75224	5.043237
simple	6.9954987	4.12077	6.1439247
error	1.7902749	5.4516144	3.9754682
wisdom	7.2450476	4.6527615	7.3067465
rock	4.7421885	5.358235	5.1646934
decide	4.830468	5.423034	6.045858
exclaim	5.3429203	6.32113	5.4126124
assure	7.340686	5.5436106	6.042158
sign	6.3723373	3.2750757	5.0061927
preserve	5.3982406	4.428934	5.3985534
commerce	5.9911866	4.9257555	6.400408
plant	5.0857253	3.3261395	4.291195
walk	4.90977	4.757132	4.3013506
difference	5.3447447	3.9646478	5.50392
hang	3.3387678	4.718871	3.8647308
following	7.4376254	3.6424286	5.964856
employ	3.8658788	4.806175	4.665238
