deal	5.570118	5.400504	5.722486
study	7.134145	4.267748	6.7725973
afford	6.599024	5.178797	5.935961
service	6.6927423	4.678585	6.4925003
height	5.1865044	5.665252	5.723451
prospect	7.186306	5.1609154	6.5563216
pleasant	7.7124844	3.9715445	5.0652976
shade	3.863242	3.3586113	3.3785205
listen	5.2409444	5.8108544	4.7722845
mighty	6.7140565	5.36911	7.5654306
country	5.575597	4.81334	5.520233
title	7.82399	4.998683	7.371065
choose	5.0017977	3.90524	4.567152
village	6.313159	5.119107	5.7913694
acquire	8.214909	5.621888	8.011229
rank	6.3901987	5.5123186	6.2150993
bow	5.6582327	4.4574637	5.06674
doctor	5.5567055	4.4417753	5.2172065
talent	8.295066	5.5823236	7.8564396
source	6.052018	4.4504957	5.4380693
lead	4.7337723	5.0345526	4.788307
question	5.6402106	3.8545017	5.6181564
publish	6.538897	5.5355234	6.020003
interest	5.9418635	5.2494383	5.8331194
serve	4.824913	4.144344	4.5431848
divine	7.360592	4.372345	7.1888895
put	5.339371	4.715942	4.379344
shadow	3.6432927	3.1860118	3.5359902
practical	6.1972733	4.5330153	6.3536205
surface	4.7052736	3.6187434	4.39016
account	5.2399225	4.790647	5.489097
loss	2.9142852	5.4014874	3.534349
indian	4.386014	5.0840745	5.306245
vine	6.721366	4.635443	6.0241966
certain	5.449031	4.987187	5.6132216
sin	3.0578647	4.790987	4.5320587
necessity	4.4955945	5.054071	5.6208105
lose	4.579072	5.0870137	4.2833624
private	3.7254486	4.5104275	4.874176
gentleman	6.892172	4.1327662	5.554225
daughter	5.1828303	4.4243574	4.6062527
drive	3.3069549	7.428961	4.766602
strange	4.523363	5.720985	4.075059
journey	5.0861325	4.561283	4.3411083
uncle	5.4922585	3.3475976	5.0731907
species	5.5580053	5.570257	5.1595325
think	5.55328	4.7128086	4.8133097
bed	4.822144	3.0039732	2.8460827
wind	4.76728	5.263445	4.4570813
bless	8.088618	4.6230345	6.4101186
destroy	3.3035643	6.157489	4.910641
author	6.6412325	4.842032	6.0400367
sustain	5.7139926	5.013287	6.062295
black	3.624701	5.114973	4.4822702
event	5.8325644	5.9038405	6.550697
liberty	7.440835	6.007929	7.6082163
negro	4.625933	4.5254965	4.6877193
little	4.9170375	4.1821413	3.536437
fortune	6.94546	4.612533	6.2348804
touch	5.417508	4.288065	4.3466854
kill	3.5177984	6.8408704	5.1426916
feature	5.1641526	3.575215	4.965429
happiness	7.4797487	4.851427	6.4925694
assume	4.605813	3.7247405	4.3029284
notion	6.0619984	3.9930005	4.9810066
purchase	6.4720054	4.430546	5.843017
faithful	6.173575	3.7950888	5.403264
soldier	4.7430873	6.0832725	5.836922
father	6.0952053	4.5678334	5.3513465
narrow	3.6392977	3.7017922	3.6322947
great	5.980612	5.923995	6.4300246
tear	4.2418427	5.2303205	3.671884
honorable	6.2016034	5.5366893	7.296502
previous	4.419202	4.632391	4.4128284
good	7.447197	4.24872	7.006876
domestic	4.0249147	3.4450126	3.2718592
glory	7.293889	5.1601286	7.11429
lay	4.353293	4.203324	3.394928
occasion	5.2386026	5.5830865	5.570943
guard	4.2058034	5.250431	5.10825
whole	5.4743176	4.844814	5.9041276
mouth	5.442927	4.2241592	5.1419883
receive	7.1143284	5.529429	5.6252513
take	4.7723026	4.59822	4.6181536
simple	6.0337877	4.051241	5.3552885
error	2.466325	5.6851335	4.1917825
wisdom	7.386161	4.4347734	7.388381
rock	5.0088296	4.8210516	5.1134033
decide	5.363156	5.0438986	6.293317
exclaim	6.310081	5.9000874	5.8554115
assure	7.086994	5.319062	5.980425
sign	5.437299	3.0845459	4.7837777
preserve	5.197741	4.2391276	5.4429555
commerce	6.4335566	5.1012006	6.5652623
plant	5.51877	4.626455	5.262948
walk	5.6668854	4.6321054	4.461741
difference	4.009762	4.382339	4.6048865
hang	3.7553527	4.7003345	3.5244324
following	6.5602117	4.1505957	6.0978193
employ	5.0829782	4.837955	5.4588075
