deal	4.804758	4.460421	5.5035853
study	6.988331	3.903062	6.513798
afford	6.21718	4.3157234	5.5921545
service	6.5604587	3.9979763	6.394437
height	5.470216	5.813075	5.970801
prospect	7.305018	4.9702077	6.5716352
pleasant	6.634242	4.084939	4.7244773
shade	4.234274	3.532421	3.280484
listen	5.2246675	5.597825	4.5249596
mighty	5.93429	5.2926574	6.7719045
country	5.6675353	5.0463953	6.274542
title	7.5855966	3.4946978	6.701767
choose	5.505355	4.9628243	4.840366
village	5.891858	4.9248886	5.414975
acquire	8.075621	5.4138803	8.2737465
rank	6.037624	5.123693	6.099469
bow	6.452632	4.5225344	5.639944
doctor	4.3927603	5.0956645	4.698878
talent	7.955836	5.65833	7.505556
source	6.4021626	4.516855	5.6092663
lead	4.875237	5.836025	5.745905
question	5.8306313	4.557625	5.4581375
publish	6.312215	4.041373	5.639074
interest	6.7528515	4.468582	5.8134766
serve	5.570541	3.577216	4.5763726
divine	7.298422	4.081726	6.9573126
put	4.8007135	4.205786	3.5631204
shadow	4.556857	3.0401154	3.9210088
practical	6.187319	4.2144117	6.3296266
surface	4.962834	3.2064571	4.1247272
account	4.913142	5.2159443	5.5052414
loss	3.9843	5.818789	4.440318
indian	5.0292807	4.9497876	4.8902254
vine	6.5875397	4.095027	5.6447268
certain	5.166771	5.2440987	5.4191914
sin	2.958383	4.6532	3.8274438
necessity	3.627695	5.074082	5.0082564
lose	4.9646344	5.421506	4.793183
private	4.9065266	4.3930416	5.2948627
gentleman	6.3100734	3.7716727	5.286462
daughter	6.4366236	5.094885	5.6714535
drive	3.5775166	6.7956114	5.420429
strange	4.5277805	5.6365085	4.0935445
journey	6.468706	4.257271	5.072613
uncle	7.1106277	3.8127303	5.1009593
species	4.8738027	5.7368784	4.7402644
think	6.0108185	4.9021406	5.156113
bed	4.196898	2.5117745	2.7711694
wind	4.457614	5.5103507	4.7662168
bless	9.004372	4.18174	6.887458
destroy	2.9692812	6.5788727	4.778636
author	5.754386	4.2283936	5.115312
sustain	5.260394	5.6947174	5.922347
black	4.075524	5.071978	4.096161
event	6.333488	5.9703503	6.819417
liberty	7.040718	6.2477837	7.611416
negro	3.4592679	4.627915	3.8518536
little	4.6667047	3.225769	3.6697292
fortune	6.196007	4.948017	5.9790187
touch	5.686902	4.4730296	4.7928085
kill	4.271154	6.5232587	5.3975544
feature	5.410771	4.1016483	5.212814
happiness	7.346198	4.6381927	5.7956247
assume	4.25301	5.2353473	4.873951
notion	5.050881	4.8902097	5.175452
purchase	6.485442	3.847886	5.6849566
faithful	7.2325726	3.3473759	6.4668736
soldier	5.293748	6.400408	6.487526
father	6.158081	4.396619	5.7122974
narrow	3.3014677	3.3974175	3.5646544
great	5.8838005	4.6320543	6.129515
tear	3.234787	4.658044	3.2592442
honorable	6.374235	5.012927	6.2362137
previous	4.1017976	4.4054723	4.244782
good	7.6491904	4.052003	6.538593
domestic	5.3413916	4.085128	4.1684375
glory	7.314408	5.5468907	7.102028
lay	4.688484	3.6351414	3.8447075
occasion	4.5999904	4.9600945	4.826106
guard	5.006675	5.5437083	5.995906
whole	5.6926413	4.340167	5.8585253
mouth	5.1902757	4.234058	4.1475883
receive	6.920413	4.964468	6.432894
take	4.807848	5.035275	4.6655774
simple	6.656586	4.3280926	5.596158
error	2.3554475	5.2264886	4.232192
wisdom	7.034075	4.555563	6.7557344
rock	4.604797	4.749401	4.614936
decide	5.3568783	5.353371	6.1818833
exclaim	5.8574743	5.9063973	5.4819293
assure	7.6236367	5.111136	6.9720707
sign	4.9745035	4.2370157	4.698163
preserve	6.349246	4.4557676	5.4198413
commerce	6.136191	5.5378366	6.550746
plant	5.4252677	3.851883	4.6328645
walk	5.733125	4.1368093	4.172933
difference	4.7390485	4.6836047	5.450729
hang	4.527252	4.381031	4.0538225
following	7.1026306	3.880951	5.9912066
employ	5.073039	4.8771563	5.255694
